"","Date","Absents","Paramset","Infections_or_Exposed_per_day_Patient","Infections_or_Exposed_per_day_HCW","total_infections","nosocomial_proportion","PCR_pooled","LFD_pooled","HCW_symp_test","patient_symp_test","new_hcw_infs","cumulative_hcw_infs","new_pat_infs","cumulative_pats_infs","new_nosocomial_hcw_infs","new_nosocomial_pat_infs"
"1","2020-03-12",1,1,60,176,8276,0.292411793136781,8325,39995,451,1234,93,176,14,34,4,14
"2","2020-03-13",3,1,91,266,8276,0.292411793136781,8325,39995,451,1234,91,267,36,70,10,36
"3","2020-03-14",35,1,99,358,8276,0.292411793136781,8325,39995,451,1234,92,359,18,88,22,18
"4","2020-03-15",52,1,118,451,8276,0.292411793136781,8325,39995,451,1234,93,452,23,111,17,23
"5","2020-03-16",73,1,152,568,8276,0.292411793136781,8325,39995,451,1234,117,569,43,154,36,43
"6","2020-03-17",91,1,190,693,8276,0.292411793136781,8325,39995,451,1234,130,699,50,204,35,50
"7","2020-03-18",121,1,226,813,8276,0.292411793136781,8325,39995,451,1234,128,827,56,260,46,56
"8","2020-03-19",144,1,225,940,8276,0.292411793136781,8325,39995,451,1234,149,976,41,301,58,41
"9","2020-03-20",217,1,230,1040,8276,0.292411793136781,8325,39995,451,1234,132,1108,34,335,50,34
"10","2020-03-21",270,1,214,1138,8276,0.292411793136781,8325,39995,451,1234,141,1249,41,376,71,41
"11","2020-03-22",327,1,206,1216,8276,0.292411793136781,8325,39995,451,1234,121,1370,25,401,48,25
"12","2020-03-23",317,1,186,1322,8276,0.292411793136781,8325,39995,451,1234,147,1517,23,424,78,23
"13","2020-03-24",326,1,174,1423,8276,0.292411793136781,8325,39995,451,1234,181,1698,20,444,100,20
"14","2020-03-25",343,1,185,1456,8276,0.292411793136781,8325,39995,451,1234,124,1822,41,485,59,41
"15","2020-03-26",374,1,182,1497,8276,0.292411793136781,8325,39995,451,1234,161,1983,36,521,79,36
"16","2020-03-27",497,1,180,1505,8276,0.292411793136781,8325,39995,451,1234,127,2110,17,538,52,17
"17","2020-03-28",511,1,171,1537,8276,0.292411793136781,8325,39995,451,1234,132,2242,23,561,53,23
"18","2020-03-29",489,1,164,1581,8276,0.292411793136781,8325,39995,451,1234,158,2400,14,575,79,14
"19","2020-03-30",510,1,157,1587,8276,0.292411793136781,8325,39995,451,1234,140,2540,22,597,64,22
"20","2020-03-31",515,1,169,1578,8276,0.292411793136781,8325,39995,451,1234,118,2658,25,622,62,25
"21","2020-04-01",525,1,154,1575,8276,0.292411793136781,8325,39995,451,1234,122,2780,16,638,50,16
"22","2020-04-02",529,1,154,1575,8276,0.292411793136781,8325,39995,451,1234,125,2905,17,655,60,17
"23","2020-04-03",564,1,163,1575,8276,0.292411793136781,8325,39995,451,1234,128,3033,16,671,68,16
"24","2020-04-04",562,1,187,1549,8276,0.292411793136781,8325,39995,451,1234,111,3144,55,726,48,55
"25","2020-04-05",510,1,200,1542,8276,0.292411793136781,8325,39995,451,1234,128,3272,28,754,55,28
"26","2020-04-06",488,1,189,1512,8276,0.292411793136781,8325,39995,451,1234,114,3386,23,777,46,23
"27","2020-04-07",478,1,185,1508,8276,0.292411793136781,8325,39995,451,1234,127,3513,22,799,57,22
"28","2020-04-08",456,1,174,1492,8276,0.292411793136781,8325,39995,451,1234,113,3626,16,815,48,16
"29","2020-04-09",462,1,161,1471,8276,0.292411793136781,8325,39995,451,1234,107,3733,15,830,35,15
"30","2020-04-10",475,1,166,1436,8276,0.292411793136781,8325,39995,451,1234,96,3829,19,849,42,19
"31","2020-04-11",506,1,215,1436,8276,0.292411793136781,8325,39995,451,1234,99,3928,56,905,30,56
"32","2020-04-12",475,1,206,1398,8276,0.292411793136781,8325,39995,451,1234,98,4026,30,935,30,30
"33","2020-04-13",462,1,218,1371,8276,0.292411793136781,8325,39995,451,1234,100,4126,24,959,34,24
"34","2020-04-14",462,1,248,1336,8276,0.292411793136781,8325,39995,451,1234,85,4211,56,1015,29,56
"35","2020-04-15",476,1,238,1286,8276,0.292411793136781,8325,39995,451,1234,78,4289,35,1050,34,35
"36","2020-04-16",459,1,278,1285,8276,0.292411793136781,8325,39995,451,1234,106,4395,66,1116,39,66
"37","2020-04-17",500,1,266,1265,8276,0.292411793136781,8325,39995,451,1234,95,4490,36,1152,26,36
"38","2020-04-18",450,1,280,1231,8276,0.292411793136781,8325,39995,451,1234,78,4568,50,1202,34,50
"39","2020-04-19",404,1,277,1229,8276,0.292411793136781,8325,39995,451,1234,96,4664,49,1251,29,49
"40","2020-04-20",405,1,294,1182,8276,0.292411793136781,8325,39995,451,1234,76,4740,44,1295,27,44
"41","2020-04-21",382,1,269,1144,8276,0.292411793136781,8325,39995,451,1234,71,4811,33,1328,24,33
"42","2020-04-22",374,1,243,1133,8276,0.292411793136781,8325,39995,451,1234,89,4900,20,1348,28,20
"43","2020-04-23",365,1,229,1110,8276,0.292411793136781,8325,39995,451,1234,75,4975,18,1366,20,18
"44","2020-04-24",352,1,225,1100,8276,0.292411793136781,8325,39995,451,1234,90,5065,30,1396,32,30
"45","2020-04-25",372,1,264,1084,8276,0.292411793136781,8325,39995,451,1234,82,5147,62,1458,21,62
"46","2020-04-26",354,1,297,1062,8276,0.292411793136781,8325,39995,451,1234,76,5223,51,1509,25,51
"47","2020-04-27",331,1,320,1028,8276,0.292411793136781,8325,39995,451,1234,67,5290,56,1565,20,56
"48","2020-04-28",326,1,311,1004,8276,0.292411793136781,8325,39995,451,1234,65,5355,39,1604,12,39
"49","2020-04-29",312,1,271,984,8276,0.292411793136781,8325,39995,451,1234,67,5422,28,1632,22,28
"50","2020-04-30",301,1,251,971,8276,0.292411793136781,8325,39995,451,1234,77,5499,26,1658,19,26
"51","2020-05-01",285,1,281,958,8276,0.292411793136781,8325,39995,451,1234,72,5571,54,1712,17,54
"52","2020-05-02",273,1,275,950,8276,0.292411793136781,8325,39995,451,1234,71,5642,45,1757,26,45
"53","2020-05-03",277,1,267,919,8276,0.292411793136781,8325,39995,451,1234,59,5701,20,1777,16,20
"54","2020-05-04",288,1,285,902,8276,0.292411793136781,8325,39995,451,1234,54,5755,47,1824,19,47
"55","2020-05-05",288,1,333,872,8276,0.292411793136781,8325,39995,451,1234,54,5809,66,1890,17,66
"56","2020-05-06",286,1,300,837,8276,0.292411793136781,8325,39995,451,1234,44,5853,30,1920,8,30
"57","2020-05-07",293,1,287,812,8276,0.292411793136781,8325,39995,451,1234,53,5906,27,1947,11,27
"58","2020-05-08",285,1,256,766,8276,0.292411793136781,8325,39995,451,1234,49,5955,21,1968,12,21
"59","2020-05-09",278,1,216,740,8276,0.292411793136781,8325,39995,451,1234,51,6006,19,1987,13,19
"60","2020-05-10",263,1,201,703,8276,0.292411793136781,8325,39995,451,1234,35,6041,17,2004,8,17
"61","2020-05-11",239,1,254,687,8276,0.292411793136781,8325,39995,451,1234,40,6081,55,2059,10,55
"62","2020-05-12",224,1,253,659,8276,0.292411793136781,8325,39995,451,1234,48,6129,41,2100,12,41
"63","2020-05-13",221,1,313,632,8276,0.292411793136781,8325,39995,451,1234,36,6165,62,2162,9,62
"64","2020-05-14",209,1,305,616,8276,0.292411793136781,8325,39995,451,1234,48,6213,43,2205,10,43
"65","2020-05-15",212,1,288,587,8276,0.292411793136781,8325,39995,451,1234,31,6244,29,2234,4,29
"66","2020-05-16",206,1,271,561,8276,0.292411793136781,8325,39995,451,1234,27,6271,27,2261,5,27
"67","2020-05-17",170,1,250,543,8276,0.292411793136781,8325,39995,451,1234,36,6307,23,2284,9,23
"68","2020-05-18",174,1,257,522,8276,0.292411793136781,8325,39995,451,1234,32,6339,48,2332,3,48
"69","2020-05-19",172,1,247,502,8276,0.292411793136781,8325,39995,451,1234,33,6372,25,2357,12,25
"70","2020-05-20",163,1,235,475,8276,0.292411793136781,8325,39995,451,1234,30,6402,28,2385,7,28
"71","2020-05-21",159,1,224,457,8276,0.292411793136781,8325,39995,451,1234,25,6427,19,2404,6,19
"72","2020-05-22",144,1,200,429,8276,0.292411793136781,8325,39995,451,1234,19,6446,20,2424,7,20
"73","2020-05-23",152,1,192,411,8276,0.292411793136781,8325,39995,451,1234,23,6469,16,2440,2,16
"74","2020-05-24",147,1,226,392,8276,0.292411793136781,8325,39995,451,1234,29,6498,51,2491,8,51
"75","2020-05-25",130,1,220,375,8276,0.292411793136781,8325,39995,451,1234,27,6525,36,2527,2,36
"76","2020-05-26",122,1,224,358,8276,0.292411793136781,8325,39995,451,1234,27,6552,31,2558,7,31
"77","2020-05-27",120,1,213,328,8276,0.292411793136781,8325,39995,451,1234,21,6573,32,2590,5,32
"78","2020-05-28",116,1,226,313,8276,0.292411793136781,8325,39995,451,1234,18,6591,40,2630,9,40
"79","2020-05-29",107,1,215,286,8276,0.292411793136781,8325,39995,451,1234,13,6604,25,2655,2,25
"80","2020-05-30",103,1,222,274,8276,0.292411793136781,8325,39995,451,1234,14,6618,22,2677,1,22
"81","2020-05-31",102,1,232,258,8276,0.292411793136781,8325,39995,451,1234,11,6629,47,2724,2,47
"82","2020-06-01",101,1,252,254,8276,0.292411793136781,8325,39995,451,1234,16,6645,50,2774,4,50
"83","2020-06-02",92,1,266,237,8276,0.292411793136781,8325,39995,451,1234,8,6653,47,2821,1,47
"84","2020-06-03",93,1,270,217,8276,0.292411793136781,8325,39995,451,1234,12,6665,42,2863,5,42
"85","2020-06-04",87,1,251,199,8276,0.292411793136781,8325,39995,451,1234,9,6674,30,2893,2,30
"86","2020-06-05",84,1,250,194,8276,0.292411793136781,8325,39995,451,1234,16,6690,27,2920,2,27
"87","2020-06-06",78,1,216,189,8276,0.292411793136781,8325,39995,451,1234,15,6705,21,2941,3,21
"88","2020-06-07",68,1,210,180,8276,0.292411793136781,8325,39995,451,1234,14,6719,28,2969,3,28
"89","2020-03-13",1,2,48,149,7176,0.600613154960981,8385,35871,378,913,76,195,30,61,8,30
"90","2020-03-14",4,2,81,210,7176,0.600613154960981,8385,35871,378,913,78,273,19,80,8,19
"91","2020-03-15",16,2,121,285,7176,0.600613154960981,8385,35871,378,913,94,367,13,93,17,13
"92","2020-03-16",35,2,116,373,7176,0.600613154960981,8385,35871,378,913,88,455,36,129,24,36
"93","2020-03-17",45,2,118,455,7176,0.600613154960981,8385,35871,378,913,113,568,51,180,36,51
"94","2020-03-18",58,2,103,546,7176,0.600613154960981,8385,35871,378,913,113,681,23,203,46,23
"95","2020-03-19",81,2,116,646,7176,0.600613154960981,8385,35871,378,913,123,804,49,252,60,49
"96","2020-03-20",128,2,143,732,7176,0.600613154960981,8385,35871,378,913,118,922,44,296,61,44
"97","2020-03-21",176,2,132,825,7176,0.600613154960981,8385,35871,378,913,129,1051,35,331,74,35
"98","2020-03-22",264,2,154,926,7176,0.600613154960981,8385,35871,378,913,115,1166,49,380,62,49
"99","2020-03-23",269,2,184,1034,7176,0.600613154960981,8385,35871,378,913,140,1306,44,424,83,44
"100","2020-03-24",277,2,205,1135,7176,0.600613154960981,8385,35871,378,913,144,1450,50,474,79,50
"101","2020-03-25",300,2,206,1208,7176,0.600613154960981,8385,35871,378,913,141,1591,41,515,75,41
"102","2020-03-26",325,2,195,1303,7176,0.600613154960981,8385,35871,378,913,121,1712,25,540,59,25
"103","2020-03-27",437,2,184,1386,7176,0.600613154960981,8385,35871,378,913,134,1846,27,567,84,27
"104","2020-03-28",453,2,179,1497,7176,0.600613154960981,8385,35871,378,913,129,1975,22,589,72,22
"105","2020-03-29",404,2,187,1572,7176,0.600613154960981,8385,35871,378,913,145,2120,27,616,90,27
"106","2020-03-30",417,2,169,1648,7176,0.600613154960981,8385,35871,378,913,141,2261,52,668,79,52
"107","2020-03-31",442,2,150,1665,7176,0.600613154960981,8385,35871,378,913,171,2432,29,697,103,29
"108","2020-04-01",484,2,175,1740,7176,0.600613154960981,8385,35871,378,913,142,2574,57,754,71,57
"109","2020-04-02",503,2,199,1822,7176,0.600613154960981,8385,35871,378,913,147,2721,47,801,80,47
"110","2020-04-03",580,2,218,1869,7176,0.600613154960981,8385,35871,378,913,146,2867,71,872,88,71
"111","2020-04-04",624,2,205,1894,7176,0.600613154960981,8385,35871,378,913,144,3011,39,911,68,39
"112","2020-04-05",601,2,189,1935,7176,0.600613154960981,8385,35871,378,913,130,3141,26,937,68,26
"113","2020-04-06",610,2,219,1933,7176,0.600613154960981,8385,35871,378,913,136,3277,30,967,80,30
"114","2020-04-07",609,2,216,1957,7176,0.600613154960981,8385,35871,378,913,128,3405,23,990,58,23
"115","2020-04-08",609,2,195,1955,7176,0.600613154960981,8385,35871,378,913,145,3550,10,1000,91,10
"116","2020-04-09",621,2,195,1919,7176,0.600613154960981,8385,35871,378,913,98,3648,34,1034,56,34
"117","2020-04-10",681,2,226,1867,7176,0.600613154960981,8385,35871,378,913,121,3769,26,1060,60,26
"118","2020-04-11",665,2,208,1797,7176,0.600613154960981,8385,35871,378,913,104,3873,38,1098,53,38
"119","2020-04-12",628,2,181,1760,7176,0.600613154960981,8385,35871,378,913,95,3968,27,1125,47,27
"120","2020-04-13",623,2,160,1714,7176,0.600613154960981,8385,35871,378,913,108,4076,21,1146,68,21
"121","2020-04-14",625,2,143,1648,7176,0.600613154960981,8385,35871,378,913,120,4196,27,1173,70,27
"122","2020-04-15",603,2,140,1596,7176,0.600613154960981,8385,35871,378,913,110,4306,26,1199,54,26
"123","2020-04-16",585,2,172,1510,7176,0.600613154960981,8385,35871,378,913,78,4384,26,1225,43,26
"124","2020-04-17",561,2,215,1458,7176,0.600613154960981,8385,35871,378,913,79,4463,39,1264,31,39
"125","2020-04-18",560,2,222,1374,7176,0.600613154960981,8385,35871,378,913,81,4544,26,1290,43,26
"126","2020-04-19",509,2,242,1314,7176,0.600613154960981,8385,35871,378,913,96,4640,20,1310,39,20
"127","2020-04-20",477,2,286,1235,7176,0.600613154960981,8385,35871,378,913,66,4706,40,1350,24,40
"128","2020-04-21",455,2,265,1180,7176,0.600613154960981,8385,35871,378,913,77,4783,38,1388,26,38
"129","2020-04-22",434,2,218,1106,7176,0.600613154960981,8385,35871,378,913,87,4870,21,1409,30,21
"130","2020-04-23",406,2,196,1055,7176,0.600613154960981,8385,35871,378,913,61,4931,23,1432,28,23
"131","2020-04-24",383,2,183,997,7176,0.600613154960981,8385,35871,378,913,64,4995,20,1452,22,20
"132","2020-04-25",354,2,165,919,7176,0.600613154960981,8385,35871,378,913,75,5070,20,1472,26,20
"133","2020-04-26",326,2,150,866,7176,0.600613154960981,8385,35871,378,913,68,5138,60,1532,22,60
"134","2020-04-27",313,2,195,822,7176,0.600613154960981,8385,35871,378,913,63,5201,48,1580,25,48
"135","2020-04-28",294,2,238,775,7176,0.600613154960981,8385,35871,378,913,71,5272,53,1633,16,53
"136","2020-04-29",273,2,222,741,7176,0.600613154960981,8385,35871,378,913,48,5320,32,1665,14,32
"137","2020-04-30",259,2,213,687,7176,0.600613154960981,8385,35871,378,913,60,5380,41,1706,21,41
"138","2020-05-01",214,2,260,641,7176,0.600613154960981,8385,35871,378,913,55,5435,43,1749,19,43
"139","2020-05-02",217,2,288,612,7176,0.600613154960981,8385,35871,378,913,55,5490,44,1793,15,44
"140","2020-05-03",197,2,282,577,7176,0.600613154960981,8385,35871,378,913,60,5550,39,1832,25,39
"141","2020-05-04",188,2,274,556,7176,0.600613154960981,8385,35871,378,913,46,5596,36,1868,16,36
"142","2020-05-05",178,2,258,529,7176,0.600613154960981,8385,35871,378,913,48,5644,32,1900,15,32
"143","2020-05-06",188,2,241,502,7176,0.600613154960981,8385,35871,378,913,47,5691,31,1931,19,31
"144","2020-05-07",186,2,245,485,7176,0.600613154960981,8385,35871,378,913,49,5740,15,1946,15,15
"145","2020-05-08",202,2,242,476,7176,0.600613154960981,8385,35871,378,913,49,5789,23,1969,10,23
"146","2020-05-09",186,2,256,442,7176,0.600613154960981,8385,35871,378,913,54,5843,19,1988,20,19
"147","2020-05-10",162,2,268,425,7176,0.600613154960981,8385,35871,378,913,32,5875,13,2001,11,13
"148","2020-05-11",158,2,288,427,7176,0.600613154960981,8385,35871,378,913,45,5920,23,2024,11,23
"149","2020-05-12",150,2,308,407,7176,0.600613154960981,8385,35871,378,913,27,5947,29,2053,8,29
"150","2020-05-13",143,2,273,402,7176,0.600613154960981,8385,35871,378,913,35,5982,38,2091,8,38
"151","2020-05-14",142,2,258,392,7176,0.600613154960981,8385,35871,378,913,36,6018,54,2145,7,54
"152","2020-05-15",126,2,263,375,7176,0.600613154960981,8385,35871,378,913,36,6054,39,2184,10,39
"153","2020-05-16",116,2,234,352,7176,0.600613154960981,8385,35871,378,913,26,6080,30,2214,7,30
"154","2020-05-17",109,2,200,328,7176,0.600613154960981,8385,35871,378,913,34,6114,23,2237,7,23
"155","2020-05-18",110,2,188,296,7176,0.600613154960981,8385,35871,378,913,37,6151,31,2268,4,31
"156","2020-05-19",104,2,213,280,7176,0.600613154960981,8385,35871,378,913,32,6183,32,2300,9,32
"157","2020-05-20",96,2,232,264,7176,0.600613154960981,8385,35871,378,913,28,6211,54,2354,8,54
"158","2020-05-21",90,2,221,250,7176,0.600613154960981,8385,35871,378,913,23,6234,41,2395,9,41
"159","2020-05-22",78,2,214,239,7176,0.600613154960981,8385,35871,378,913,21,6255,36,2431,3,36
"160","2020-05-23",79,2,215,226,7176,0.600613154960981,8385,35871,378,913,16,6271,37,2468,3,37
"161","2020-05-24",76,2,258,224,7176,0.600613154960981,8385,35871,378,913,21,6292,36,2504,9,36
"162","2020-05-25",68,2,270,224,7176,0.600613154960981,8385,35871,378,913,26,6318,53,2557,6,53
"163","2020-05-26",69,2,256,210,7176,0.600613154960981,8385,35871,378,913,21,6339,53,2610,1,53
"164","2020-05-27",70,2,258,207,7176,0.600613154960981,8385,35871,378,913,14,6353,34,2644,3,34
"165","2020-05-28",69,2,238,200,7176,0.600613154960981,8385,35871,378,913,22,6375,42,2686,7,42
"166","2020-05-29",79,2,238,182,7176,0.600613154960981,8385,35871,378,913,19,6394,40,2726,4,40
"167","2020-05-30",78,2,223,174,7176,0.600613154960981,8385,35871,378,913,13,6407,30,2756,4,30
"168","2020-05-31",69,2,204,173,7176,0.600613154960981,8385,35871,378,913,8,6415,41,2797,2,41
"169","2020-06-01",61,2,189,164,7176,0.600613154960981,8385,35871,378,913,11,6426,33,2830,3,33
"170","2020-06-02",57,2,172,151,7176,0.600613154960981,8385,35871,378,913,10,6436,38,2868,2,38
"171","2020-06-03",51,2,173,143,7176,0.600613154960981,8385,35871,378,913,15,6451,38,2906,2,38
"172","2020-06-04",51,2,160,140,7176,0.600613154960981,8385,35871,378,913,10,6461,24,2930,1,24
"173","2020-06-05",48,2,142,129,7176,0.600613154960981,8385,35871,378,913,13,6474,35,2965,4,35
"174","2020-06-06",50,2,142,120,7176,0.600613154960981,8385,35871,378,913,16,6490,24,2989,1,24
"175","2020-06-07",47,2,177,116,7176,0.600613154960981,8385,35871,378,913,9,6499,37,3026,3,37
"176","2020-03-13",4,3,235,229,8371,0.420618803010393,8355,37922,515,2642,33,109,6,33,15,6
"177","2020-03-14",19,3,302,346,8371,0.420618803010393,8355,37922,515,2642,43,152,10,43,21,10
"178","2020-03-15",53,3,363,446,8371,0.420618803010393,8355,37922,515,2642,52,204,10,53,24,10
"179","2020-03-16",67,3,333,583,8371,0.420618803010393,8355,37922,515,2642,77,281,11,64,56,11
"180","2020-03-17",85,3,322,705,8371,0.420618803010393,8355,37922,515,2642,78,359,31,95,50,31
"181","2020-03-18",113,3,322,815,8371,0.420618803010393,8355,37922,515,2642,82,441,26,121,56,26
"182","2020-03-19",144,3,296,949,8371,0.420618803010393,8355,37922,515,2642,115,556,46,167,89,46
"183","2020-03-20",221,3,285,1102,8371,0.420618803010393,8355,37922,515,2642,102,658,39,206,84,39
"184","2020-03-21",331,3,306,1213,8371,0.420618803010393,8355,37922,515,2642,110,768,63,269,84,63
"185","2020-03-22",340,3,292,1352,8371,0.420618803010393,8355,37922,515,2642,114,882,33,302,98,33
"186","2020-03-23",344,3,273,1435,8371,0.420618803010393,8355,37922,515,2642,140,1022,37,339,118,37
"187","2020-03-24",362,3,281,1568,8371,0.420618803010393,8355,37922,515,2642,156,1178,42,381,135,42
"188","2020-03-25",384,3,264,1643,8371,0.420618803010393,8355,37922,515,2642,161,1339,49,430,144,49
"189","2020-03-26",419,3,259,1734,8371,0.420618803010393,8355,37922,515,2642,196,1535,58,488,170,58
"190","2020-03-27",591,3,278,1784,8371,0.420618803010393,8355,37922,515,2642,148,1683,29,517,133,29
"191","2020-03-28",573,3,299,1841,8371,0.420618803010393,8355,37922,515,2642,160,1843,24,541,142,24
"192","2020-03-29",554,3,288,1884,8371,0.420618803010393,8355,37922,515,2642,211,2054,34,575,191,34
"193","2020-03-30",558,3,291,1909,8371,0.420618803010393,8355,37922,515,2642,193,2247,29,604,173,29
"194","2020-03-31",578,3,270,1953,8371,0.420618803010393,8355,37922,515,2642,189,2436,49,653,166,49
"195","2020-04-01",602,3,276,1982,8371,0.420618803010393,8355,37922,515,2642,163,2599,51,704,148,51
"196","2020-04-02",615,3,320,1974,8371,0.420618803010393,8355,37922,515,2642,214,2813,42,746,195,42
"197","2020-04-03",685,3,308,1950,8371,0.420618803010393,8355,37922,515,2642,211,3024,30,776,186,30
"198","2020-04-04",687,3,309,1942,8371,0.420618803010393,8355,37922,515,2642,233,3257,39,815,216,39
"199","2020-04-05",645,3,270,1911,8371,0.420618803010393,8355,37922,515,2642,240,3497,45,860,225,45
"200","2020-04-06",640,3,298,1894,8371,0.420618803010393,8355,37922,515,2642,147,3644,52,912,131,52
"201","2020-04-07",635,3,287,1867,8371,0.420618803010393,8355,37922,515,2642,198,3842,42,954,181,42
"202","2020-04-08",627,3,286,1807,8371,0.420618803010393,8355,37922,515,2642,144,3986,26,980,124,26
"203","2020-04-09",615,3,281,1766,8371,0.420618803010393,8355,37922,515,2642,219,4205,37,1017,201,37
"204","2020-04-10",617,3,274,1704,8371,0.420618803010393,8355,37922,515,2642,140,4345,39,1056,130,39
"205","2020-04-11",613,3,304,1645,8371,0.420618803010393,8355,37922,515,2642,165,4510,24,1080,141,24
"206","2020-04-12",551,3,323,1612,8371,0.420618803010393,8355,37922,515,2642,139,4649,18,1098,122,18
"207","2020-04-13",543,3,319,1558,8371,0.420618803010393,8355,37922,515,2642,128,4777,20,1118,114,20
"208","2020-04-14",526,3,319,1531,8371,0.420618803010393,8355,37922,515,2642,121,4898,42,1160,101,42
"209","2020-04-15",507,3,294,1480,8371,0.420618803010393,8355,37922,515,2642,108,5006,39,1199,91,39
"210","2020-04-16",484,3,293,1451,8371,0.420618803010393,8355,37922,515,2642,134,5140,27,1226,116,27
"211","2020-04-17",487,3,292,1392,8371,0.420618803010393,8355,37922,515,2642,78,5218,26,1252,63,26
"212","2020-04-18",487,3,309,1334,8371,0.420618803010393,8355,37922,515,2642,90,5308,20,1272,77,20
"213","2020-04-19",447,3,355,1279,8371,0.420618803010393,8355,37922,515,2642,94,5402,17,1289,85,17
"214","2020-04-20",426,3,325,1233,8371,0.420618803010393,8355,37922,515,2642,91,5493,30,1319,76,30
"215","2020-04-21",410,3,327,1205,8371,0.420618803010393,8355,37922,515,2642,65,5558,28,1347,53,28
"216","2020-04-22",411,3,290,1165,8371,0.420618803010393,8355,37922,515,2642,73,5631,22,1369,61,22
"217","2020-04-23",409,3,307,1119,8371,0.420618803010393,8355,37922,515,2642,56,5687,20,1389,49,20
"218","2020-04-24",369,3,326,1050,8371,0.420618803010393,8355,37922,515,2642,60,5747,25,1414,49,25
"219","2020-04-25",373,3,320,1007,8371,0.420618803010393,8355,37922,515,2642,50,5797,27,1441,41,27
"220","2020-04-26",353,3,339,959,8371,0.420618803010393,8355,37922,515,2642,51,5848,58,1499,42,58
"221","2020-04-27",341,3,382,914,8371,0.420618803010393,8355,37922,515,2642,45,5893,58,1557,35,58
"222","2020-04-28",319,3,374,868,8371,0.420618803010393,8355,37922,515,2642,35,5928,45,1602,29,45
"223","2020-04-29",298,3,344,825,8371,0.420618803010393,8355,37922,515,2642,35,5963,27,1629,27,27
"224","2020-04-30",290,3,345,789,8371,0.420618803010393,8355,37922,515,2642,26,5989,22,1651,26,22
"225","2020-05-01",282,3,327,763,8371,0.420618803010393,8355,37922,515,2642,30,6019,43,1694,23,43
"226","2020-05-02",247,3,359,738,8371,0.420618803010393,8355,37922,515,2642,35,6054,35,1729,26,35
"227","2020-05-03",228,3,350,705,8371,0.420618803010393,8355,37922,515,2642,32,6086,23,1752,22,23
"228","2020-05-04",225,3,335,669,8371,0.420618803010393,8355,37922,515,2642,41,6127,31,1783,24,31
"229","2020-05-05",218,3,323,652,8371,0.420618803010393,8355,37922,515,2642,28,6155,54,1837,24,54
"230","2020-05-06",209,3,298,647,8371,0.420618803010393,8355,37922,515,2642,23,6178,41,1878,17,41
"231","2020-05-07",194,3,301,625,8371,0.420618803010393,8355,37922,515,2642,17,6195,40,1918,12,40
"232","2020-05-08",198,3,301,591,8371,0.420618803010393,8355,37922,515,2642,24,6219,40,1958,18,40
"233","2020-05-09",198,3,300,564,8371,0.420618803010393,8355,37922,515,2642,17,6236,28,1986,11,28
"234","2020-05-10",179,3,331,531,8371,0.420618803010393,8355,37922,515,2642,34,6270,25,2011,21,25
"235","2020-05-11",171,3,329,526,8371,0.420618803010393,8355,37922,515,2642,16,6286,37,2048,9,37
"236","2020-05-12",170,3,325,504,8371,0.420618803010393,8355,37922,515,2642,19,6305,27,2075,16,27
"237","2020-05-13",173,3,285,481,8371,0.420618803010393,8355,37922,515,2642,25,6330,29,2104,11,29
"238","2020-05-14",169,3,284,457,8371,0.420618803010393,8355,37922,515,2642,14,6344,27,2131,8,27
"239","2020-05-15",144,3,306,442,8371,0.420618803010393,8355,37922,515,2642,10,6354,47,2178,7,47
"240","2020-05-16",142,3,337,442,8371,0.420618803010393,8355,37922,515,2642,16,6370,33,2211,14,33
"241","2020-05-17",130,3,369,422,8371,0.420618803010393,8355,37922,515,2642,19,6389,31,2242,14,31
"242","2020-05-18",125,3,345,395,8371,0.420618803010393,8355,37922,515,2642,13,6402,25,2267,12,25
"243","2020-05-19",116,3,356,370,8371,0.420618803010393,8355,37922,515,2642,4,6406,41,2308,2,41
"244","2020-05-20",108,3,342,349,8371,0.420618803010393,8355,37922,515,2642,17,6423,23,2331,11,23
"245","2020-05-21",104,3,332,327,8371,0.420618803010393,8355,37922,515,2642,12,6435,39,2370,8,39
"246","2020-05-22",104,3,331,325,8371,0.420618803010393,8355,37922,515,2642,19,6454,28,2398,14,28
"247","2020-05-23",102,3,335,307,8371,0.420618803010393,8355,37922,515,2642,12,6466,35,2433,8,35
"248","2020-05-24",113,3,353,289,8371,0.420618803010393,8355,37922,515,2642,13,6479,25,2458,9,25
"249","2020-05-25",107,3,344,272,8371,0.420618803010393,8355,37922,515,2642,10,6489,22,2480,5,22
"250","2020-05-26",99,3,327,247,8371,0.420618803010393,8355,37922,515,2642,10,6499,21,2501,4,21
"251","2020-05-27",93,3,336,243,8371,0.420618803010393,8355,37922,515,2642,9,6508,49,2550,6,49
"252","2020-05-28",89,3,332,226,8371,0.420618803010393,8355,37922,515,2642,14,6522,36,2586,8,36
"253","2020-05-29",85,3,317,203,8371,0.420618803010393,8355,37922,515,2642,6,6528,35,2621,2,35
"254","2020-05-30",75,3,319,193,8371,0.420618803010393,8355,37922,515,2642,7,6535,36,2657,3,36
"255","2020-05-31",58,3,280,179,8371,0.420618803010393,8355,37922,515,2642,16,6551,28,2685,10,28
"256","2020-06-01",63,3,272,170,8371,0.420618803010393,8355,37922,515,2642,9,6560,30,2715,5,30
"257","2020-06-02",55,3,279,161,8371,0.420618803010393,8355,37922,515,2642,6,6566,25,2740,4,25
"258","2020-06-03",53,3,292,154,8371,0.420618803010393,8355,37922,515,2642,11,6577,30,2770,8,30
"259","2020-06-04",50,3,339,137,8371,0.420618803010393,8355,37922,515,2642,7,6584,25,2795,3,25
"260","2020-06-05",50,3,338,131,8371,0.420618803010393,8355,37922,515,2642,6,6590,29,2824,4,29
"261","2020-06-06",46,3,333,124,8371,0.420618803010393,8355,37922,515,2642,8,6598,43,2867,6,43
"262","2020-06-07",42,3,318,114,8371,0.420618803010393,8355,37922,515,2642,5,6603,35,2902,4,35
"263","2020-03-13",3,4,178,125,6754,0.627628072253479,8280,36826,349,1132,117,338,21,154,44,21
"264","2020-03-14",12,4,198,176,6754,0.627628072253479,8280,36826,349,1132,119,457,22,176,43,22
"265","2020-03-15",26,4,191,240,6754,0.627628072253479,8280,36826,349,1132,119,576,22,198,42,22
"266","2020-03-16",32,4,167,303,6754,0.627628072253479,8280,36826,349,1132,142,718,19,217,57,19
"267","2020-03-17",38,4,146,364,6754,0.627628072253479,8280,36826,349,1132,154,872,55,272,90,55
"268","2020-03-18",53,4,149,442,6754,0.627628072253479,8280,36826,349,1132,172,1044,29,301,84,29
"269","2020-03-19",64,4,182,526,6754,0.627628072253479,8280,36826,349,1132,151,1195,18,319,92,18
"270","2020-03-20",95,4,223,612,6754,0.627628072253479,8280,36826,349,1132,155,1350,17,336,86,17
"271","2020-03-21",125,4,265,703,6754,0.627628072253479,8280,36826,349,1132,146,1496,32,368,76,32
"272","2020-03-22",158,4,278,788,6754,0.627628072253479,8280,36826,349,1132,152,1648,21,389,80,21
"273","2020-03-23",168,4,247,895,6754,0.627628072253479,8280,36826,349,1132,160,1808,47,436,97,47
"274","2020-03-24",174,4,216,976,6754,0.627628072253479,8280,36826,349,1132,159,1967,87,523,94,87
"275","2020-03-25",195,4,219,1057,6754,0.627628072253479,8280,36826,349,1132,147,2114,75,598,98,75
"276","2020-03-26",235,4,212,1121,6754,0.627628072253479,8280,36826,349,1132,133,2247,28,626,76,28
"277","2020-03-27",330,4,192,1203,6754,0.627628072253479,8280,36826,349,1132,184,2431,15,641,112,15
"278","2020-03-28",418,4,179,1264,6754,0.627628072253479,8280,36826,349,1132,136,2567,16,657,77,16
"279","2020-03-29",398,4,221,1338,6754,0.627628072253479,8280,36826,349,1132,145,2712,17,674,80,17
"280","2020-03-30",400,4,233,1414,6754,0.627628072253479,8280,36826,349,1132,146,2858,23,697,88,23
"281","2020-03-31",428,4,211,1461,6754,0.627628072253479,8280,36826,349,1132,132,2990,54,751,64,54
"282","2020-04-01",437,4,175,1495,6754,0.627628072253479,8280,36826,349,1132,151,3141,47,798,80,47
"283","2020-04-02",439,4,156,1545,6754,0.627628072253479,8280,36826,349,1132,127,3268,88,886,68,88
"284","2020-04-03",540,4,141,1539,6754,0.627628072253479,8280,36826,349,1132,145,3413,50,936,81,50
"285","2020-04-04",542,4,132,1524,6754,0.627628072253479,8280,36826,349,1132,135,3548,30,966,71,30
"286","2020-04-05",511,4,125,1508,6754,0.627628072253479,8280,36826,349,1132,133,3681,9,975,74,9
"287","2020-04-06",503,4,111,1489,6754,0.627628072253479,8280,36826,349,1132,109,3790,31,1006,58,31
"288","2020-04-07",494,4,97,1463,6754,0.627628072253479,8280,36826,349,1132,111,3901,7,1013,54,7
"289","2020-04-08",504,4,94,1442,6754,0.627628072253479,8280,36826,349,1132,108,4009,16,1029,57,16
"290","2020-04-09",496,4,86,1437,6754,0.627628072253479,8280,36826,349,1132,124,4133,14,1043,63,14
"291","2020-04-10",529,4,86,1425,6754,0.627628072253479,8280,36826,349,1132,102,4235,30,1073,46,30
"292","2020-04-11",504,4,84,1399,6754,0.627628072253479,8280,36826,349,1132,108,4343,23,1096,53,23
"293","2020-04-12",462,4,82,1354,6754,0.627628072253479,8280,36826,349,1132,110,4453,56,1152,49,56
"294","2020-04-13",440,4,81,1362,6754,0.627628072253479,8280,36826,349,1132,112,4565,31,1183,55,31
"295","2020-04-14",443,4,121,1359,6754,0.627628072253479,8280,36826,349,1132,104,4669,17,1200,48,17
"296","2020-04-15",438,4,192,1330,6754,0.627628072253479,8280,36826,349,1132,111,4780,20,1220,49,20
"297","2020-04-16",432,4,199,1296,6754,0.627628072253479,8280,36826,349,1132,93,4873,28,1248,43,28
"298","2020-04-17",422,4,284,1281,6754,0.627628072253479,8280,36826,349,1132,101,4974,44,1292,49,44
"299","2020-04-18",431,4,330,1259,6754,0.627628072253479,8280,36826,349,1132,95,5069,20,1312,62,20
"300","2020-04-19",407,4,298,1229,6754,0.627628072253479,8280,36826,349,1132,80,5149,18,1330,39,18
"301","2020-04-20",405,4,266,1195,6754,0.627628072253479,8280,36826,349,1132,87,5236,22,1352,29,22
"302","2020-04-21",379,4,245,1182,6754,0.627628072253479,8280,36826,349,1132,100,5336,8,1360,41,8
"303","2020-04-22",366,4,227,1177,6754,0.627628072253479,8280,36826,349,1132,74,5410,28,1388,36,28
"304","2020-04-23",366,4,199,1154,6754,0.627628072253479,8280,36826,349,1132,83,5493,13,1401,37,13
"305","2020-04-24",379,4,217,1121,6754,0.627628072253479,8280,36826,349,1132,80,5573,18,1419,33,18
"306","2020-04-25",369,4,245,1080,6754,0.627628072253479,8280,36826,349,1132,79,5652,15,1434,35,15
"307","2020-04-26",339,4,296,1050,6754,0.627628072253479,8280,36826,349,1132,57,5709,12,1446,19,12
"308","2020-04-27",326,4,307,1023,6754,0.627628072253479,8280,36826,349,1132,71,5780,12,1458,27,12
"309","2020-04-28",327,4,271,969,6754,0.627628072253479,8280,36826,349,1132,61,5841,7,1465,30,7
"310","2020-04-29",315,4,258,911,6754,0.627628072253479,8280,36826,349,1132,52,5893,17,1482,23,17
"311","2020-04-30",315,4,283,881,6754,0.627628072253479,8280,36826,349,1132,50,5943,19,1501,13,19
"312","2020-05-01",299,4,263,846,6754,0.627628072253479,8280,36826,349,1132,63,6006,53,1554,24,53
"313","2020-05-02",273,4,286,812,6754,0.627628072253479,8280,36826,349,1132,59,6065,38,1592,26,38
"314","2020-05-03",249,4,267,769,6754,0.627628072253479,8280,36826,349,1132,45,6110,21,1613,20,21
"315","2020-05-04",252,4,255,720,6754,0.627628072253479,8280,36826,349,1132,47,6157,29,1642,16,29
"316","2020-05-05",257,4,260,686,6754,0.627628072253479,8280,36826,349,1132,38,6195,35,1677,17,35
"317","2020-05-06",252,4,239,666,6754,0.627628072253479,8280,36826,349,1132,49,6244,52,1729,21,52
"318","2020-05-07",232,4,243,629,6754,0.627628072253479,8280,36826,349,1132,47,6291,40,1769,20,40
"319","2020-05-08",217,4,256,605,6754,0.627628072253479,8280,36826,349,1132,47,6338,30,1799,22,30
"320","2020-05-09",221,4,287,577,6754,0.627628072253479,8280,36826,349,1132,44,6382,50,1849,16,50
"321","2020-05-10",208,4,281,555,6754,0.627628072253479,8280,36826,349,1132,37,6419,63,1912,13,63
"322","2020-05-11",200,4,227,511,6754,0.627628072253479,8280,36826,349,1132,31,6450,30,1942,10,30
"323","2020-05-12",184,4,210,491,6754,0.627628072253479,8280,36826,349,1132,42,6492,15,1957,16,15
"324","2020-05-13",183,4,180,467,6754,0.627628072253479,8280,36826,349,1132,23,6515,16,1973,12,16
"325","2020-05-14",181,4,227,450,6754,0.627628072253479,8280,36826,349,1132,26,6541,54,2027,11,54
"326","2020-05-15",166,4,257,436,6754,0.627628072253479,8280,36826,349,1132,36,6577,41,2068,11,41
"327","2020-05-16",172,4,287,403,6754,0.627628072253479,8280,36826,349,1132,35,6612,26,2094,11,26
"328","2020-05-17",148,4,280,378,6754,0.627628072253479,8280,36826,349,1132,23,6635,22,2116,8,22
"329","2020-05-18",137,4,274,377,6754,0.627628072253479,8280,36826,349,1132,32,6667,18,2134,9,18
"330","2020-05-19",129,4,278,364,6754,0.627628072253479,8280,36826,349,1132,25,6692,18,2152,13,18
"331","2020-05-20",126,4,259,341,6754,0.627628072253479,8280,36826,349,1132,27,6719,9,2161,9,9
"332","2020-05-21",124,4,286,332,6754,0.627628072253479,8280,36826,349,1132,24,6743,8,2169,6,8
"333","2020-05-22",132,4,272,309,6754,0.627628072253479,8280,36826,349,1132,19,6762,13,2182,4,13
"334","2020-05-23",122,4,268,289,6754,0.627628072253479,8280,36826,349,1132,19,6781,53,2235,5,53
"335","2020-05-24",119,4,279,276,6754,0.627628072253479,8280,36826,349,1132,20,6801,64,2299,7,64
"336","2020-05-25",108,4,299,275,6754,0.627628072253479,8280,36826,349,1132,33,6834,20,2319,12,20
"337","2020-05-26",98,4,263,259,6754,0.627628072253479,8280,36826,349,1132,13,6847,80,2399,7,80
"338","2020-05-27",93,4,234,237,6754,0.627628072253479,8280,36826,349,1132,21,6868,59,2458,9,59
"339","2020-05-28",89,4,220,220,6754,0.627628072253479,8280,36826,349,1132,22,6890,27,2485,9,27
"340","2020-05-29",79,4,257,216,6754,0.627628072253479,8280,36826,349,1132,15,6905,20,2505,5,20
"341","2020-05-30",72,4,286,206,6754,0.627628072253479,8280,36826,349,1132,21,6926,12,2517,7,12
"342","2020-05-31",66,4,285,202,6754,0.627628072253479,8280,36826,349,1132,14,6940,16,2533,5,16
"343","2020-06-01",64,4,273,192,6754,0.627628072253479,8280,36826,349,1132,21,6961,75,2608,5,75
"344","2020-06-02",68,4,244,178,6754,0.627628072253479,8280,36826,349,1132,17,6978,38,2646,5,38
"345","2020-06-03",65,4,231,170,6754,0.627628072253479,8280,36826,349,1132,19,6997,22,2668,8,22
"346","2020-06-04",63,4,219,172,6754,0.627628072253479,8280,36826,349,1132,15,7012,31,2699,7,31
"347","2020-06-05",60,4,205,161,6754,0.627628072253479,8280,36826,349,1132,5,7017,29,2728,5,29
"348","2020-06-06",62,4,207,162,6754,0.627628072253479,8280,36826,349,1132,9,7026,60,2788,2,60
"349","2020-06-07",58,4,201,150,6754,0.627628072253479,8280,36826,349,1132,12,7038,37,2825,2,37
"350","2020-03-13",1,5,53,135,7102,0.526893832723177,8310,36306,448,810,38,97,36,70,11,36
"351","2020-03-14",2,5,88,193,7102,0.526893832723177,8310,36306,448,810,39,136,44,114,17,44
"352","2020-03-15",13,5,92,280,7102,0.526893832723177,8310,36306,448,810,59,195,22,136,30,22
"353","2020-03-16",25,5,88,359,7102,0.526893832723177,8310,36306,448,810,62,257,42,178,36,42
"354","2020-03-17",34,5,88,451,7102,0.526893832723177,8310,36306,448,810,83,340,24,202,53,24
"355","2020-03-18",57,5,89,541,7102,0.526893832723177,8310,36306,448,810,80,420,23,225,55,23
"356","2020-03-19",77,5,122,660,7102,0.526893832723177,8310,36306,448,810,82,502,27,252,59,27
"357","2020-03-20",118,5,151,775,7102,0.526893832723177,8310,36306,448,810,127,629,43,295,98,43
"358","2020-03-21",206,5,160,851,7102,0.526893832723177,8310,36306,448,810,105,734,27,322,87,27
"359","2020-03-22",240,5,167,934,7102,0.526893832723177,8310,36306,448,810,125,859,19,341,103,19
"360","2020-03-23",239,5,170,1054,7102,0.526893832723177,8310,36306,448,810,137,996,22,363,114,22
"361","2020-03-24",246,5,167,1168,7102,0.526893832723177,8310,36306,448,810,165,1161,31,394,145,31
"362","2020-03-25",266,5,176,1262,7102,0.526893832723177,8310,36306,448,810,188,1349,45,439,162,45
"363","2020-03-26",286,5,164,1357,7102,0.526893832723177,8310,36306,448,810,180,1529,37,476,150,37
"364","2020-03-27",418,5,172,1407,7102,0.526893832723177,8310,36306,448,810,192,1721,25,501,170,25
"365","2020-03-28",439,5,178,1469,7102,0.526893832723177,8310,36306,448,810,228,1949,41,542,199,41
"366","2020-03-29",458,5,175,1534,7102,0.526893832723177,8310,36306,448,810,150,2099,60,602,133,60
"367","2020-03-30",472,5,172,1599,7102,0.526893832723177,8310,36306,448,810,191,2290,37,639,169,37
"368","2020-03-31",491,5,191,1635,7102,0.526893832723177,8310,36306,448,810,199,2489,51,690,173,51
"369","2020-04-01",511,5,221,1664,7102,0.526893832723177,8310,36306,448,810,201,2690,47,737,185,47
"370","2020-04-02",531,5,220,1685,7102,0.526893832723177,8310,36306,448,810,176,2866,33,770,157,33
"371","2020-04-03",604,5,220,1721,7102,0.526893832723177,8310,36306,448,810,244,3110,58,828,217,58
"372","2020-04-04",580,5,232,1753,7102,0.526893832723177,8310,36306,448,810,184,3294,46,874,168,46
"373","2020-04-05",560,5,237,1735,7102,0.526893832723177,8310,36306,448,810,169,3463,40,914,156,40
"374","2020-04-06",567,5,221,1731,7102,0.526893832723177,8310,36306,448,810,200,3663,21,935,186,21
"375","2020-04-07",561,5,235,1710,7102,0.526893832723177,8310,36306,448,810,182,3845,27,962,167,27
"376","2020-04-08",555,5,202,1670,7102,0.526893832723177,8310,36306,448,810,137,3982,35,997,122,35
"377","2020-04-09",550,5,189,1650,7102,0.526893832723177,8310,36306,448,810,154,4136,38,1035,136,38
"378","2020-04-10",628,5,180,1604,7102,0.526893832723177,8310,36306,448,810,219,4355,35,1070,204,35
"379","2020-04-11",627,5,179,1578,7102,0.526893832723177,8310,36306,448,810,112,4467,33,1103,93,33
"380","2020-04-12",543,5,190,1569,7102,0.526893832723177,8310,36306,448,810,137,4604,23,1126,118,23
"381","2020-04-13",520,5,184,1519,7102,0.526893832723177,8310,36306,448,810,136,4740,21,1147,120,21
"382","2020-04-14",513,5,230,1460,7102,0.526893832723177,8310,36306,448,810,145,4885,18,1165,125,18
"383","2020-04-15",497,5,257,1407,7102,0.526893832723177,8310,36306,448,810,126,5011,17,1182,114,17
"384","2020-04-16",504,5,261,1365,7102,0.526893832723177,8310,36306,448,810,93,5104,41,1223,77,41
"385","2020-04-17",465,5,253,1299,7102,0.526893832723177,8310,36306,448,810,108,5212,36,1259,92,36
"386","2020-04-18",448,5,233,1252,7102,0.526893832723177,8310,36306,448,810,85,5297,30,1289,72,30
"387","2020-04-19",408,5,226,1213,7102,0.526893832723177,8310,36306,448,810,74,5371,26,1315,63,26
"388","2020-04-20",388,5,224,1142,7102,0.526893832723177,8310,36306,448,810,86,5457,24,1339,68,24
"389","2020-04-21",369,5,194,1089,7102,0.526893832723177,8310,36306,448,810,69,5526,20,1359,62,20
"390","2020-04-22",372,5,174,1062,7102,0.526893832723177,8310,36306,448,810,71,5597,23,1382,53,23
"391","2020-04-23",339,5,199,1002,7102,0.526893832723177,8310,36306,448,810,69,5666,19,1401,58,19
"392","2020-04-24",327,5,201,972,7102,0.526893832723177,8310,36306,448,810,65,5731,19,1420,48,19
"393","2020-04-25",331,5,179,926,7102,0.526893832723177,8310,36306,448,810,58,5789,17,1437,49,17
"394","2020-04-26",303,5,171,887,7102,0.526893832723177,8310,36306,448,810,44,5833,20,1457,34,20
"395","2020-04-27",311,5,215,838,7102,0.526893832723177,8310,36306,448,810,41,5874,29,1486,32,29
"396","2020-04-28",297,5,223,823,7102,0.526893832723177,8310,36306,448,810,52,5926,56,1542,42,56
"397","2020-04-29",276,5,207,788,7102,0.526893832723177,8310,36306,448,810,41,5967,40,1582,33,40
"398","2020-04-30",274,5,197,749,7102,0.526893832723177,8310,36306,448,810,28,5995,25,1607,14,25
"399","2020-05-01",267,5,210,730,7102,0.526893832723177,8310,36306,448,810,32,6027,24,1631,23,24
"400","2020-05-02",265,5,191,712,7102,0.526893832723177,8310,36306,448,810,30,6057,34,1665,24,34
"401","2020-05-03",240,5,188,693,7102,0.526893832723177,8310,36306,448,810,33,6090,52,1717,21,52
"402","2020-05-04",222,5,218,677,7102,0.526893832723177,8310,36306,448,810,25,6115,34,1751,15,34
"403","2020-05-05",214,5,236,638,7102,0.526893832723177,8310,36306,448,810,16,6131,32,1783,9,32
"404","2020-05-06",216,5,263,618,7102,0.526893832723177,8310,36306,448,810,20,6151,21,1804,14,21
"405","2020-05-07",217,5,223,594,7102,0.526893832723177,8310,36306,448,810,23,6174,23,1827,12,23
"406","2020-05-08",212,5,184,568,7102,0.526893832723177,8310,36306,448,810,20,6194,23,1850,11,23
"407","2020-05-09",202,5,173,539,7102,0.526893832723177,8310,36306,448,810,21,6215,41,1891,11,41
"408","2020-05-10",188,5,159,517,7102,0.526893832723177,8310,36306,448,810,22,6237,22,1913,10,22
"409","2020-05-11",191,5,140,510,7102,0.526893832723177,8310,36306,448,810,21,6258,25,1938,6,25
"410","2020-05-12",190,5,142,485,7102,0.526893832723177,8310,36306,448,810,11,6269,16,1954,6,16
"411","2020-05-13",179,5,163,468,7102,0.526893832723177,8310,36306,448,810,17,6286,23,1977,9,23
"412","2020-05-14",165,5,209,435,7102,0.526893832723177,8310,36306,448,810,13,6299,16,1993,8,16
"413","2020-05-15",156,5,235,414,7102,0.526893832723177,8310,36306,448,810,15,6314,13,2006,9,13
"414","2020-05-16",149,5,275,386,7102,0.526893832723177,8310,36306,448,810,13,6327,19,2025,8,19
"415","2020-05-17",130,5,298,367,7102,0.526893832723177,8310,36306,448,810,11,6338,22,2047,6,22
"416","2020-05-18",125,5,314,337,7102,0.526893832723177,8310,36306,448,810,13,6351,35,2082,5,35
"417","2020-05-19",118,5,321,320,7102,0.526893832723177,8310,36306,448,810,6,6357,21,2103,2,21
"418","2020-05-20",114,5,276,304,7102,0.526893832723177,8310,36306,448,810,7,6364,29,2132,4,29
"419","2020-05-21",107,5,252,296,7102,0.526893832723177,8310,36306,448,810,10,6374,18,2150,6,18
"420","2020-05-22",101,5,239,290,7102,0.526893832723177,8310,36306,448,810,11,6385,32,2182,4,32
"421","2020-05-23",98,5,234,274,7102,0.526893832723177,8310,36306,448,810,9,6394,22,2204,2,22
"422","2020-05-24",91,5,238,269,7102,0.526893832723177,8310,36306,448,810,3,6397,18,2222,2,18
"423","2020-05-25",88,5,226,255,7102,0.526893832723177,8310,36306,448,810,13,6410,18,2240,4,18
"424","2020-05-26",80,5,205,249,7102,0.526893832723177,8310,36306,448,810,10,6420,21,2261,4,21
"425","2020-05-27",80,5,210,243,7102,0.526893832723177,8310,36306,448,810,11,6431,33,2294,6,33
"426","2020-05-28",87,5,192,230,7102,0.526893832723177,8310,36306,448,810,10,6441,51,2345,5,51
"427","2020-05-29",80,5,196,216,7102,0.526893832723177,8310,36306,448,810,7,6448,72,2417,1,72
"428","2020-05-30",85,5,200,204,7102,0.526893832723177,8310,36306,448,810,12,6460,32,2449,5,32
"429","2020-05-31",78,5,180,197,7102,0.526893832723177,8310,36306,448,810,8,6468,30,2479,1,30
"430","2020-06-01",71,5,161,183,7102,0.526893832723177,8310,36306,448,810,5,6473,21,2500,4,21
"431","2020-06-02",69,5,166,183,7102,0.526893832723177,8310,36306,448,810,11,6484,16,2516,4,16
"432","2020-06-03",62,5,181,177,7102,0.526893832723177,8310,36306,448,810,11,6495,25,2541,2,25
"433","2020-06-04",56,5,188,171,7102,0.526893832723177,8310,36306,448,810,8,6503,20,2561,5,20
"434","2020-06-05",55,5,205,162,7102,0.526893832723177,8310,36306,448,810,7,6510,26,2587,4,26
"435","2020-06-06",50,5,217,141,7102,0.526893832723177,8310,36306,448,810,6,6516,20,2607,4,20
"436","2020-06-07",47,5,202,132,7102,0.526893832723177,8310,36306,448,810,5,6521,19,2626,5,19
"437","2020-03-07",1,6,0,0,7066,0.634446645909992,8280,37726,369,1729,NA,NA,NA,NA,NA,NA
"438","2020-03-08",1,6,0,0,7066,0.634446645909992,8280,37726,369,1729,NA,NA,NA,NA,NA,NA
"439","2020-03-09",0,6,0,0,7066,0.634446645909992,8280,37726,369,1729,NA,NA,NA,NA,NA,NA
"440","2020-03-10",0,6,0,0,7066,0.634446645909992,8280,37726,369,1729,NA,NA,14,14,NA,14
"441","2020-03-11",0,6,0,0,7066,0.634446645909992,8280,37726,369,1729,49,49,44,58,NA,44
"442","2020-03-12",0,6,0,0,7066,0.634446645909992,8280,37726,369,1729,48,97,23,81,3,23
"443","2020-03-13",5,6,152,145,7066,0.634446645909992,8280,37726,369,1729,44,141,22,103,9,22
"444","2020-03-14",12,6,232,229,7066,0.634446645909992,8280,37726,369,1729,73,214,7,110,20,7
"445","2020-03-15",21,6,265,325,7066,0.634446645909992,8280,37726,369,1729,79,293,13,123,24,13
"446","2020-03-16",30,6,254,423,7066,0.634446645909992,8280,37726,369,1729,86,379,37,160,32,37
"447","2020-03-17",41,6,229,534,7066,0.634446645909992,8280,37726,369,1729,102,481,24,184,45,24
"448","2020-03-18",58,6,222,630,7066,0.634446645909992,8280,37726,369,1729,97,578,14,198,47,14
"449","2020-03-19",88,6,213,714,7066,0.634446645909992,8280,37726,369,1729,122,700,17,215,63,17
"450","2020-03-20",157,6,189,824,7066,0.634446645909992,8280,37726,369,1729,129,829,40,255,84,40
"451","2020-03-21",202,6,192,916,7066,0.634446645909992,8280,37726,369,1729,130,959,22,277,84,22
"452","2020-03-22",254,6,169,1039,7066,0.634446645909992,8280,37726,369,1729,135,1094,25,302,91,25
"453","2020-03-23",275,6,223,1134,7066,0.634446645909992,8280,37726,369,1729,161,1255,22,324,117,22
"454","2020-03-24",286,6,219,1236,7066,0.634446645909992,8280,37726,369,1729,139,1394,35,359,96,35
"455","2020-03-25",314,6,218,1296,7066,0.634446645909992,8280,37726,369,1729,173,1567,64,423,127,64
"456","2020-03-26",333,6,222,1364,7066,0.634446645909992,8280,37726,369,1729,153,1720,52,475,115,52
"457","2020-03-27",428,6,246,1402,7066,0.634446645909992,8280,37726,369,1729,156,1876,16,491,111,16
"458","2020-03-28",476,6,246,1462,7066,0.634446645909992,8280,37726,369,1729,183,2059,32,523,130,32
"459","2020-03-29",467,6,217,1501,7066,0.634446645909992,8280,37726,369,1729,201,2260,54,577,148,54
"460","2020-03-30",478,6,224,1568,7066,0.634446645909992,8280,37726,369,1729,186,2446,68,645,128,68
"461","2020-03-31",493,6,236,1584,7066,0.634446645909992,8280,37726,369,1729,175,2621,60,705,130,60
"462","2020-04-01",496,6,260,1608,7066,0.634446645909992,8280,37726,369,1729,173,2794,36,741,121,36
"463","2020-04-02",509,6,243,1623,7066,0.634446645909992,8280,37726,369,1729,172,2966,37,778,122,37
"464","2020-04-03",598,6,279,1665,7066,0.634446645909992,8280,37726,369,1729,174,3140,48,826,118,48
"465","2020-04-04",590,6,274,1645,7066,0.634446645909992,8280,37726,369,1729,166,3306,40,866,124,40
"466","2020-04-05",516,6,262,1661,7066,0.634446645909992,8280,37726,369,1729,177,3483,36,902,138,36
"467","2020-04-06",511,6,252,1628,7066,0.634446645909992,8280,37726,369,1729,167,3650,27,929,131,27
"468","2020-04-07",513,6,227,1575,7066,0.634446645909992,8280,37726,369,1729,144,3794,25,954,99,25
"469","2020-04-08",510,6,238,1564,7066,0.634446645909992,8280,37726,369,1729,126,3920,18,972,93,18
"470","2020-04-09",500,6,243,1571,7066,0.634446645909992,8280,37726,369,1729,148,4068,40,1012,107,40
"471","2020-04-10",525,6,267,1544,7066,0.634446645909992,8280,37726,369,1729,130,4198,25,1037,85,25
"472","2020-04-11",522,6,241,1542,7066,0.634446645909992,8280,37726,369,1729,129,4327,23,1060,89,23
"473","2020-04-12",484,6,234,1489,7066,0.634446645909992,8280,37726,369,1729,117,4444,19,1079,81,19
"474","2020-04-13",464,6,243,1437,7066,0.634446645909992,8280,37726,369,1729,94,4538,27,1106,57,27
"475","2020-04-14",453,6,231,1388,7066,0.634446645909992,8280,37726,369,1729,100,4638,61,1167,66,61
"476","2020-04-15",467,6,220,1354,7066,0.634446645909992,8280,37726,369,1729,109,4747,41,1208,63,41
"477","2020-04-16",466,6,218,1299,7066,0.634446645909992,8280,37726,369,1729,78,4825,30,1238,46,30
"478","2020-04-17",429,6,220,1261,7066,0.634446645909992,8280,37726,369,1729,93,4918,13,1251,52,13
"479","2020-04-18",422,6,195,1217,7066,0.634446645909992,8280,37726,369,1729,88,5006,20,1271,65,20
"480","2020-04-19",415,6,191,1157,7066,0.634446645909992,8280,37726,369,1729,70,5076,19,1290,44,19
"481","2020-04-20",401,6,233,1117,7066,0.634446645909992,8280,37726,369,1729,60,5136,32,1322,34,32
"482","2020-04-21",381,6,242,1081,7066,0.634446645909992,8280,37726,369,1729,59,5195,21,1343,28,21
"483","2020-04-22",358,6,236,1032,7066,0.634446645909992,8280,37726,369,1729,76,5271,27,1370,53,27
"484","2020-04-23",339,6,247,985,7066,0.634446645909992,8280,37726,369,1729,69,5340,13,1383,35,13
"485","2020-04-24",342,6,257,921,7066,0.634446645909992,8280,37726,369,1729,47,5387,25,1408,25,25
"486","2020-04-25",340,6,256,903,7066,0.634446645909992,8280,37726,369,1729,64,5451,22,1430,31,22
"487","2020-04-26",298,6,236,862,7066,0.634446645909992,8280,37726,369,1729,57,5508,16,1446,30,16
"488","2020-04-27",292,6,217,816,7066,0.634446645909992,8280,37726,369,1729,41,5549,18,1464,16,18
"489","2020-04-28",288,6,217,791,7066,0.634446645909992,8280,37726,369,1729,47,5596,22,1486,28,22
"490","2020-04-29",279,6,214,764,7066,0.634446645909992,8280,37726,369,1729,49,5645,60,1546,29,60
"491","2020-04-30",282,6,197,740,7066,0.634446645909992,8280,37726,369,1729,44,5689,39,1585,23,39
"492","2020-05-01",257,6,182,724,7066,0.634446645909992,8280,37726,369,1729,46,5735,23,1608,16,23
"493","2020-05-02",243,6,178,686,7066,0.634446645909992,8280,37726,369,1729,43,5778,21,1629,24,21
"494","2020-05-03",229,6,253,647,7066,0.634446645909992,8280,37726,369,1729,41,5819,18,1647,17,18
"495","2020-05-04",222,6,263,618,7066,0.634446645909992,8280,37726,369,1729,43,5862,11,1658,13,11
"496","2020-05-05",215,6,254,612,7066,0.634446645909992,8280,37726,369,1729,19,5881,12,1670,11,12
"497","2020-05-06",215,6,227,602,7066,0.634446645909992,8280,37726,369,1729,26,5907,30,1700,10,30
"498","2020-05-07",202,6,248,591,7066,0.634446645909992,8280,37726,369,1729,34,5941,16,1716,17,16
"499","2020-05-08",210,6,246,561,7066,0.634446645909992,8280,37726,369,1729,16,5957,17,1733,4,17
"500","2020-05-09",218,6,220,534,7066,0.634446645909992,8280,37726,369,1729,27,5984,42,1775,10,42
"501","2020-05-10",203,6,245,524,7066,0.634446645909992,8280,37726,369,1729,23,6007,13,1788,5,13
"502","2020-05-11",191,6,214,498,7066,0.634446645909992,8280,37726,369,1729,31,6038,9,1797,6,9
"503","2020-05-12",187,6,198,488,7066,0.634446645909992,8280,37726,369,1729,19,6057,24,1821,7,24
"504","2020-05-13",180,6,182,473,7066,0.634446645909992,8280,37726,369,1729,18,6075,12,1833,7,12
"505","2020-05-14",170,6,182,435,7066,0.634446645909992,8280,37726,369,1729,17,6092,58,1891,3,58
"506","2020-05-15",166,6,194,409,7066,0.634446645909992,8280,37726,369,1729,28,6120,54,1945,10,54
"507","2020-05-16",154,6,232,380,7066,0.634446645909992,8280,37726,369,1729,22,6142,50,1995,7,50
"508","2020-05-17",137,6,233,364,7066,0.634446645909992,8280,37726,369,1729,20,6162,62,2057,6,62
"509","2020-05-18",130,6,262,361,7066,0.634446645909992,8280,37726,369,1729,19,6181,33,2090,4,33
"510","2020-05-19",125,6,247,350,7066,0.634446645909992,8280,37726,369,1729,18,6199,13,2103,5,13
"511","2020-05-20",116,6,225,345,7066,0.634446645909992,8280,37726,369,1729,17,6216,7,2110,8,7
"512","2020-05-21",115,6,200,336,7066,0.634446645909992,8280,37726,369,1729,25,6241,9,2119,6,9
"513","2020-05-22",107,6,185,322,7066,0.634446645909992,8280,37726,369,1729,16,6257,11,2130,4,11
"514","2020-05-23",108,6,172,302,7066,0.634446645909992,8280,37726,369,1729,12,6269,9,2139,1,9
"515","2020-05-24",101,6,169,295,7066,0.634446645909992,8280,37726,369,1729,17,6286,39,2178,4,39
"516","2020-05-25",99,6,166,285,7066,0.634446645909992,8280,37726,369,1729,22,6308,62,2240,5,62
"517","2020-05-26",96,6,195,269,7066,0.634446645909992,8280,37726,369,1729,18,6326,28,2268,5,28
"518","2020-05-27",94,6,202,270,7066,0.634446645909992,8280,37726,369,1729,15,6341,17,2285,3,17
"519","2020-05-28",91,6,192,256,7066,0.634446645909992,8280,37726,369,1729,19,6360,23,2308,6,23
"520","2020-05-29",91,6,191,255,7066,0.634446645909992,8280,37726,369,1729,17,6377,35,2343,4,35
"521","2020-05-30",87,6,230,241,7066,0.634446645909992,8280,37726,369,1729,11,6388,25,2368,4,25
"522","2020-05-31",88,6,229,231,7066,0.634446645909992,8280,37726,369,1729,12,6400,27,2395,6,27
"523","2020-06-01",86,6,217,222,7066,0.634446645909992,8280,37726,369,1729,11,6411,13,2408,5,13
"524","2020-06-02",81,6,229,212,7066,0.634446645909992,8280,37726,369,1729,10,6421,11,2419,6,11
"525","2020-06-03",78,6,216,200,7066,0.634446645909992,8280,37726,369,1729,11,6432,19,2438,5,19
"526","2020-06-04",75,6,187,194,7066,0.634446645909992,8280,37726,369,1729,9,6441,7,2445,2,7
"527","2020-06-05",70,6,194,184,7066,0.634446645909992,8280,37726,369,1729,21,6462,10,2455,8,10
"528","2020-06-06",67,6,180,181,7066,0.634446645909992,8280,37726,369,1729,13,6475,18,2473,5,18
"529","2020-06-07",68,6,172,173,7066,0.634446645909992,8280,37726,369,1729,10,6485,32,2505,3,32
"530","2020-03-12",3,7,72,161,8228,0.285002430724356,8295,40081,458,825,27,55,62,99,5,62
"531","2020-03-13",14,7,74,263,8228,0.285002430724356,8295,40081,458,825,39,94,64,163,11,64
"532","2020-03-14",25,7,83,374,8228,0.285002430724356,8295,40081,458,825,45,139,37,200,27,37
"533","2020-03-15",61,7,113,462,8228,0.285002430724356,8295,40081,458,825,59,198,52,252,34,52
"534","2020-03-16",73,7,117,572,8228,0.285002430724356,8295,40081,458,825,60,258,70,322,40,70
"535","2020-03-17",83,7,130,696,8228,0.285002430724356,8295,40081,458,825,79,337,32,354,54,32
"536","2020-03-18",106,7,127,831,8228,0.285002430724356,8295,40081,458,825,68,405,25,379,44,25
"537","2020-03-19",135,7,111,936,8228,0.285002430724356,8295,40081,458,825,105,510,27,406,80,27
"538","2020-03-20",227,7,106,1038,8228,0.285002430724356,8295,40081,458,825,89,599,15,421,59,15
"539","2020-03-21",343,7,108,1133,8228,0.285002430724356,8295,40081,458,825,115,714,15,436,93,15
"540","2020-03-22",347,7,140,1236,8228,0.285002430724356,8295,40081,458,825,94,808,31,467,77,31
"541","2020-03-23",361,7,162,1320,8228,0.285002430724356,8295,40081,458,825,119,927,18,485,96,18
"542","2020-03-24",382,7,144,1387,8228,0.285002430724356,8295,40081,458,825,129,1056,14,499,102,14
"543","2020-03-25",411,7,135,1416,8228,0.285002430724356,8295,40081,458,825,129,1185,8,507,106,8
"544","2020-03-26",427,7,155,1462,8228,0.285002430724356,8295,40081,458,825,148,1333,6,513,121,6
"545","2020-03-27",536,7,175,1517,8228,0.285002430724356,8295,40081,458,825,166,1499,31,544,145,31
"546","2020-03-28",502,7,182,1543,8228,0.285002430724356,8295,40081,458,825,168,1667,51,595,134,51
"547","2020-03-29",452,7,207,1602,8228,0.285002430724356,8295,40081,458,825,150,1817,49,644,130,49
"548","2020-03-30",453,7,215,1610,8228,0.285002430724356,8295,40081,458,825,181,1998,28,672,163,28
"549","2020-03-31",459,7,205,1637,8228,0.285002430724356,8295,40081,458,825,199,2197,9,681,174,9
"550","2020-04-01",463,7,225,1645,8228,0.285002430724356,8295,40081,458,825,159,2356,6,687,137,6
"551","2020-04-02",468,7,211,1662,8228,0.285002430724356,8295,40081,458,825,188,2544,9,696,165,9
"552","2020-04-03",496,7,195,1649,8228,0.285002430724356,8295,40081,458,825,174,2718,5,701,157,5
"553","2020-04-04",513,7,189,1630,8228,0.285002430724356,8295,40081,458,825,195,2913,6,707,175,6
"554","2020-04-05",510,7,198,1639,8228,0.285002430724356,8295,40081,458,825,170,3083,1,708,146,1
"555","2020-04-06",501,7,196,1602,8228,0.285002430724356,8295,40081,458,825,181,3264,4,712,160,4
"556","2020-04-07",505,7,193,1570,8228,0.285002430724356,8295,40081,458,825,171,3435,18,730,143,18
"557","2020-04-08",502,7,193,1559,8228,0.285002430724356,8295,40081,458,825,137,3572,23,753,122,23
"558","2020-04-09",510,7,178,1530,8228,0.285002430724356,8295,40081,458,825,175,3747,10,763,154,10
"559","2020-04-10",566,7,149,1534,8228,0.285002430724356,8295,40081,458,825,166,3913,19,782,141,19
"560","2020-04-11",531,7,150,1515,8228,0.285002430724356,8295,40081,458,825,142,4055,27,809,118,27
"561","2020-04-12",503,7,180,1473,8228,0.285002430724356,8295,40081,458,825,117,4172,24,833,93,24
"562","2020-04-13",506,7,203,1444,8228,0.285002430724356,8295,40081,458,825,109,4281,16,849,91,16
"563","2020-04-14",489,7,217,1427,8228,0.285002430724356,8295,40081,458,825,111,4392,17,866,92,17
"564","2020-04-15",493,7,211,1396,8228,0.285002430724356,8295,40081,458,825,116,4508,19,885,105,19
"565","2020-04-16",471,7,204,1352,8228,0.285002430724356,8295,40081,458,825,123,4631,47,932,98,47
"566","2020-04-17",464,7,190,1323,8228,0.285002430724356,8295,40081,458,825,93,4724,20,952,75,20
"567","2020-04-18",493,7,221,1292,8228,0.285002430724356,8295,40081,458,825,90,4814,20,972,79,20
"568","2020-04-19",454,7,211,1248,8228,0.285002430724356,8295,40081,458,825,100,4914,43,1015,86,43
"569","2020-04-20",430,7,209,1226,8228,0.285002430724356,8295,40081,458,825,99,5013,33,1048,88,33
"570","2020-04-21",405,7,242,1206,8228,0.285002430724356,8295,40081,458,825,84,5097,26,1074,62,26
"571","2020-04-22",394,7,229,1189,8228,0.285002430724356,8295,40081,458,825,49,5146,37,1111,36,37
"572","2020-04-23",391,7,206,1169,8228,0.285002430724356,8295,40081,458,825,67,5213,29,1140,48,29
"573","2020-04-24",382,7,180,1123,8228,0.285002430724356,8295,40081,458,825,72,5285,44,1184,61,44
"574","2020-04-25",364,7,159,1094,8228,0.285002430724356,8295,40081,458,825,54,5339,18,1202,38,18
"575","2020-04-26",339,7,165,1056,8228,0.285002430724356,8295,40081,458,825,44,5383,13,1215,30,13
"576","2020-04-27",335,7,189,1020,8228,0.285002430724356,8295,40081,458,825,57,5440,11,1226,45,11
"577","2020-04-28",328,7,217,989,8228,0.285002430724356,8295,40081,458,825,46,5486,18,1244,34,18
"578","2020-04-29",316,7,234,959,8228,0.285002430724356,8295,40081,458,825,47,5533,20,1264,30,20
"579","2020-04-30",309,7,243,939,8228,0.285002430724356,8295,40081,458,825,47,5580,14,1278,36,14
"580","2020-05-01",305,7,216,881,8228,0.285002430724356,8295,40081,458,825,41,5621,14,1292,24,14
"581","2020-05-02",293,7,195,858,8228,0.285002430724356,8295,40081,458,825,35,5656,27,1319,17,27
"582","2020-05-03",276,7,195,819,8228,0.285002430724356,8295,40081,458,825,36,5692,21,1340,25,21
"583","2020-05-04",265,7,180,798,8228,0.285002430724356,8295,40081,458,825,25,5717,11,1351,14,11
"584","2020-05-05",258,7,204,773,8228,0.285002430724356,8295,40081,458,825,38,5755,44,1395,24,44
"585","2020-05-06",243,7,249,749,8228,0.285002430724356,8295,40081,458,825,33,5788,27,1422,22,27
"586","2020-05-07",234,7,240,719,8228,0.285002430724356,8295,40081,458,825,41,5829,17,1439,25,17
"587","2020-05-08",226,7,256,718,8228,0.285002430724356,8295,40081,458,825,22,5851,11,1450,14,11
"588","2020-05-09",236,7,247,694,8228,0.285002430724356,8295,40081,458,825,18,5869,6,1456,12,6
"589","2020-05-10",215,7,224,681,8228,0.285002430724356,8295,40081,458,825,31,5900,4,1460,21,4
"590","2020-05-11",197,7,205,646,8228,0.285002430724356,8295,40081,458,825,23,5923,32,1492,13,32
"591","2020-05-12",187,7,184,621,8228,0.285002430724356,8295,40081,458,825,28,5951,20,1512,17,20
"592","2020-05-13",187,7,201,601,8228,0.285002430724356,8295,40081,458,825,21,5972,28,1540,9,28
"593","2020-05-14",189,7,202,584,8228,0.285002430724356,8295,40081,458,825,19,5991,47,1587,11,47
"594","2020-05-15",194,7,194,556,8228,0.285002430724356,8295,40081,458,825,20,6011,30,1617,10,30
"595","2020-05-16",183,7,187,530,8228,0.285002430724356,8295,40081,458,825,19,6030,22,1639,11,22
"596","2020-05-17",164,7,190,498,8228,0.285002430724356,8295,40081,458,825,13,6043,20,1659,7,20
"597","2020-05-18",159,7,213,471,8228,0.285002430724356,8295,40081,458,825,20,6063,47,1706,11,47
"598","2020-05-19",157,7,196,450,8228,0.285002430724356,8295,40081,458,825,19,6082,52,1758,13,52
"599","2020-05-20",154,7,207,411,8228,0.285002430724356,8295,40081,458,825,15,6097,37,1795,4,37
"600","2020-05-21",141,7,199,395,8228,0.285002430724356,8295,40081,458,825,11,6108,31,1826,7,31
"601","2020-05-22",120,7,199,376,8228,0.285002430724356,8295,40081,458,825,23,6131,20,1846,11,20
"602","2020-05-23",119,7,211,353,8228,0.285002430724356,8295,40081,458,825,9,6140,11,1857,3,11
"603","2020-05-24",100,7,223,341,8228,0.285002430724356,8295,40081,458,825,7,6147,7,1864,5,7
"604","2020-05-25",99,7,225,326,8228,0.285002430724356,8295,40081,458,825,15,6162,9,1873,5,9
"605","2020-05-26",100,7,217,315,8228,0.285002430724356,8295,40081,458,825,9,6171,10,1883,4,10
"606","2020-05-27",94,7,218,301,8228,0.285002430724356,8295,40081,458,825,14,6185,10,1893,7,10
"607","2020-05-28",103,7,193,293,8228,0.285002430724356,8295,40081,458,825,10,6195,20,1913,7,20
"608","2020-05-29",106,7,172,288,8228,0.285002430724356,8295,40081,458,825,11,6206,41,1954,6,41
"609","2020-05-30",101,7,161,271,8228,0.285002430724356,8295,40081,458,825,9,6215,23,1977,2,23
"610","2020-05-31",97,7,169,250,8228,0.285002430724356,8295,40081,458,825,2,6217,46,2023,2,46
"611","2020-06-01",91,7,176,234,8228,0.285002430724356,8295,40081,458,825,14,6231,53,2076,5,53
"612","2020-06-02",83,7,178,234,8228,0.285002430724356,8295,40081,458,825,10,6241,64,2140,5,64
"613","2020-06-03",81,7,191,217,8228,0.285002430724356,8295,40081,458,825,5,6246,24,2164,3,24
"614","2020-06-04",71,7,178,207,8228,0.285002430724356,8295,40081,458,825,7,6253,13,2177,3,13
"615","2020-06-05",67,7,168,181,8228,0.285002430724356,8295,40081,458,825,7,6260,21,2198,3,21
"616","2020-06-06",59,7,165,173,8228,0.285002430724356,8295,40081,458,825,4,6264,19,2217,2,19
"617","2020-06-07",50,7,169,164,8228,0.285002430724356,8295,40081,458,825,10,6274,12,2229,3,12
"618","2020-03-12",2,8,162,128,7844,0.486104028556859,8310,38329,477,2151,63,107,16,35,1,16
"619","2020-03-13",7,8,176,199,7844,0.486104028556859,8310,38329,477,2151,59,166,37,72,4,37
"620","2020-03-14",27,8,218,277,7844,0.486104028556859,8310,38329,477,2151,64,230,19,91,17,19
"621","2020-03-15",41,8,272,378,7844,0.486104028556859,8310,38329,477,2151,59,289,8,99,17,8
"622","2020-03-16",46,8,275,489,7844,0.486104028556859,8310,38329,477,2151,62,351,6,105,28,6
"623","2020-03-17",55,8,269,622,7844,0.486104028556859,8310,38329,477,2151,77,428,7,112,38,7
"624","2020-03-18",81,8,289,748,7844,0.486104028556859,8310,38329,477,2151,82,510,39,151,35,39
"625","2020-03-19",103,8,331,862,7844,0.486104028556859,8310,38329,477,2151,68,578,41,192,33,41
"626","2020-03-20",165,8,341,977,7844,0.486104028556859,8310,38329,477,2151,102,680,35,227,62,35
"627","2020-03-21",194,8,352,1100,7844,0.486104028556859,8310,38329,477,2151,92,772,28,255,43,28
"628","2020-03-22",268,8,320,1223,7844,0.486104028556859,8310,38329,477,2151,76,848,9,264,40,9
"629","2020-03-23",304,8,283,1303,7844,0.486104028556859,8310,38329,477,2151,109,957,20,284,54,20
"630","2020-03-24",322,8,297,1428,7844,0.486104028556859,8310,38329,477,2151,110,1067,15,299,62,15
"631","2020-03-25",343,8,289,1510,7844,0.486104028556859,8310,38329,477,2151,105,1172,12,311,51,12
"632","2020-03-26",369,8,297,1578,7844,0.486104028556859,8310,38329,477,2151,108,1280,49,360,67,49
"633","2020-03-27",500,8,302,1659,7844,0.486104028556859,8310,38329,477,2151,108,1388,62,422,59,62
"634","2020-03-28",537,8,277,1702,7844,0.486104028556859,8310,38329,477,2151,113,1501,60,482,69,60
"635","2020-03-29",483,8,272,1742,7844,0.486104028556859,8310,38329,477,2151,101,1602,39,521,64,39
"636","2020-03-30",492,8,248,1758,7844,0.486104028556859,8310,38329,477,2151,92,1694,28,549,51,28
"637","2020-03-31",500,8,241,1796,7844,0.486104028556859,8310,38329,477,2151,123,1817,48,597,75,48
"638","2020-04-01",509,8,246,1822,7844,0.486104028556859,8310,38329,477,2151,123,1940,48,645,71,48
"639","2020-04-02",521,8,238,1799,7844,0.486104028556859,8310,38329,477,2151,128,2068,64,709,77,64
"640","2020-04-03",590,8,234,1799,7844,0.486104028556859,8310,38329,477,2151,108,2176,24,733,57,24
"641","2020-04-04",601,8,243,1825,7844,0.486104028556859,8310,38329,477,2151,105,2281,15,748,62,15
"642","2020-04-05",574,8,282,1855,7844,0.486104028556859,8310,38329,477,2151,102,2383,59,807,55,59
"643","2020-04-06",559,8,326,1856,7844,0.486104028556859,8310,38329,477,2151,111,2494,31,838,61,31
"644","2020-04-07",558,8,328,1841,7844,0.486104028556859,8310,38329,477,2151,108,2602,43,881,66,43
"645","2020-04-08",584,8,313,1832,7844,0.486104028556859,8310,38329,477,2151,87,2689,36,917,44,36
"646","2020-04-09",590,8,314,1773,7844,0.486104028556859,8310,38329,477,2151,114,2803,27,944,62,27
"647","2020-04-10",626,8,321,1712,7844,0.486104028556859,8310,38329,477,2151,103,2906,16,960,43,16
"648","2020-04-11",604,8,322,1653,7844,0.486104028556859,8310,38329,477,2151,105,3011,11,971,48,11
"649","2020-04-12",547,8,306,1614,7844,0.486104028556859,8310,38329,477,2151,93,3104,12,983,50,12
"650","2020-04-13",552,8,329,1563,7844,0.486104028556859,8310,38329,477,2151,104,3208,13,996,58,13
"651","2020-04-14",543,8,328,1532,7844,0.486104028556859,8310,38329,477,2151,98,3306,18,1014,54,18
"652","2020-04-15",514,8,320,1496,7844,0.486104028556859,8310,38329,477,2151,119,3425,21,1035,72,21
"653","2020-04-16",476,8,340,1435,7844,0.486104028556859,8310,38329,477,2151,87,3512,24,1059,45,24
"654","2020-04-17",478,8,342,1406,7844,0.486104028556859,8310,38329,477,2151,85,3597,22,1081,48,22
"655","2020-04-18",465,8,318,1305,7844,0.486104028556859,8310,38329,477,2151,69,3666,12,1093,42,12
"656","2020-04-19",423,8,313,1244,7844,0.486104028556859,8310,38329,477,2151,99,3765,22,1115,58,22
"657","2020-04-20",404,8,305,1208,7844,0.486104028556859,8310,38329,477,2151,101,3866,38,1153,48,38
"658","2020-04-21",397,8,287,1196,7844,0.486104028556859,8310,38329,477,2151,88,3954,43,1196,42,43
"659","2020-04-22",385,8,298,1143,7844,0.486104028556859,8310,38329,477,2151,92,4046,38,1234,40,38
"660","2020-04-23",388,8,314,1093,7844,0.486104028556859,8310,38329,477,2151,90,4136,49,1283,48,49
"661","2020-04-24",369,8,316,1051,7844,0.486104028556859,8310,38329,477,2151,87,4223,67,1350,41,67
"662","2020-04-25",383,8,292,992,7844,0.486104028556859,8310,38329,477,2151,82,4305,56,1406,39,56
"663","2020-04-26",370,8,284,930,7844,0.486104028556859,8310,38329,477,2151,65,4370,37,1443,37,37
"664","2020-04-27",358,8,288,892,7844,0.486104028556859,8310,38329,477,2151,76,4446,20,1463,46,20
"665","2020-04-28",329,8,306,846,7844,0.486104028556859,8310,38329,477,2151,67,4513,12,1475,29,12
"666","2020-04-29",320,8,304,806,7844,0.486104028556859,8310,38329,477,2151,51,4564,60,1535,25,60
"667","2020-04-30",321,8,295,768,7844,0.486104028556859,8310,38329,477,2151,61,4625,31,1566,25,31
"668","2020-05-01",287,8,284,724,7844,0.486104028556859,8310,38329,477,2151,65,4690,43,1609,31,43
"669","2020-05-02",267,8,265,678,7844,0.486104028556859,8310,38329,477,2151,62,4752,65,1674,24,65
"670","2020-05-03",256,8,266,653,7844,0.486104028556859,8310,38329,477,2151,46,4798,28,1702,14,28
"671","2020-05-04",240,8,291,621,7844,0.486104028556859,8310,38329,477,2151,48,4846,18,1720,24,18
"672","2020-05-05",234,8,315,596,7844,0.486104028556859,8310,38329,477,2151,56,4902,16,1736,28,16
"673","2020-05-06",215,8,335,565,7844,0.486104028556859,8310,38329,477,2151,48,4950,9,1745,19,9
"674","2020-05-07",200,8,339,548,7844,0.486104028556859,8310,38329,477,2151,57,5007,16,1761,19,16
"675","2020-05-08",190,8,308,529,7844,0.486104028556859,8310,38329,477,2151,33,5040,14,1775,7,14
"676","2020-05-09",190,8,328,510,7844,0.486104028556859,8310,38329,477,2151,43,5083,6,1781,13,6
"677","2020-05-10",157,8,327,484,7844,0.486104028556859,8310,38329,477,2151,43,5126,12,1793,16,12
"678","2020-05-11",144,8,299,455,7844,0.486104028556859,8310,38329,477,2151,32,5158,7,1800,14,7
"679","2020-05-12",148,8,298,444,7844,0.486104028556859,8310,38329,477,2151,34,5192,11,1811,13,11
"680","2020-05-13",156,8,327,440,7844,0.486104028556859,8310,38329,477,2151,37,5229,28,1839,10,28
"681","2020-05-14",152,8,370,443,7844,0.486104028556859,8310,38329,477,2151,27,5256,32,1871,7,32
"682","2020-05-15",149,8,344,422,7844,0.486104028556859,8310,38329,477,2151,35,5291,43,1914,11,43
"683","2020-05-16",152,8,338,400,7844,0.486104028556859,8310,38329,477,2151,38,5329,29,1943,13,29
"684","2020-05-17",154,8,306,390,7844,0.486104028556859,8310,38329,477,2151,40,5369,22,1965,7,22
"685","2020-05-18",152,8,301,378,7844,0.486104028556859,8310,38329,477,2151,24,5393,49,2014,9,49
"686","2020-05-19",135,8,305,379,7844,0.486104028556859,8310,38329,477,2151,22,5415,34,2048,9,34
"687","2020-05-20",124,8,281,368,7844,0.486104028556859,8310,38329,477,2151,21,5436,47,2095,4,47
"688","2020-05-21",124,8,269,352,7844,0.486104028556859,8310,38329,477,2151,37,5473,60,2155,16,60
"689","2020-05-22",129,8,272,341,7844,0.486104028556859,8310,38329,477,2151,27,5500,44,2199,9,44
"690","2020-05-23",123,8,293,331,7844,0.486104028556859,8310,38329,477,2151,29,5529,31,2230,12,31
"691","2020-05-24",110,8,281,319,7844,0.486104028556859,8310,38329,477,2151,27,5556,56,2286,9,56
"692","2020-05-25",99,8,305,312,7844,0.486104028556859,8310,38329,477,2151,30,5586,34,2320,5,34
"693","2020-05-26",96,8,316,292,7844,0.486104028556859,8310,38329,477,2151,20,5606,45,2365,4,45
"694","2020-05-27",94,8,340,271,7844,0.486104028556859,8310,38329,477,2151,21,5627,30,2395,5,30
"695","2020-05-28",89,8,319,264,7844,0.486104028556859,8310,38329,477,2151,24,5651,31,2426,9,31
"696","2020-05-29",77,8,334,256,7844,0.486104028556859,8310,38329,477,2151,32,5683,34,2460,12,34
"697","2020-05-30",85,8,329,239,7844,0.486104028556859,8310,38329,477,2151,18,5701,26,2486,7,26
"698","2020-05-31",78,8,333,210,7844,0.486104028556859,8310,38329,477,2151,20,5721,18,2504,9,18
"699","2020-06-01",76,8,319,202,7844,0.486104028556859,8310,38329,477,2151,20,5741,46,2550,6,46
"700","2020-06-02",76,8,317,189,7844,0.486104028556859,8310,38329,477,2151,18,5759,43,2593,5,43
"701","2020-06-03",72,8,343,181,7844,0.486104028556859,8310,38329,477,2151,18,5777,33,2626,5,33
"702","2020-06-04",74,8,344,169,7844,0.486104028556859,8310,38329,477,2151,24,5801,18,2644,10,18
"703","2020-06-05",72,8,364,165,7844,0.486104028556859,8310,38329,477,2151,9,5810,14,2658,3,14
"704","2020-06-06",64,8,322,150,7844,0.486104028556859,8310,38329,477,2151,10,5820,20,2678,4,20
"705","2020-06-07",57,8,319,140,7844,0.486104028556859,8310,38329,477,2151,16,5836,43,2721,2,43
"706","2020-03-08",1,9,0,0,6672,0.894934052757794,8295,33891,369,1551,NA,NA,NA,NA,NA,NA
"707","2020-03-09",1,9,0,0,6672,0.894934052757794,8295,33891,369,1551,NA,NA,NA,NA,NA,NA
"708","2020-03-10",0,9,0,0,6672,0.894934052757794,8295,33891,369,1551,1,1,8,8,1,8
"709","2020-03-11",0,9,0,0,6672,0.894934052757794,8295,33891,369,1551,15,16,19,27,2,19
"710","2020-03-12",0,9,0,0,6672,0.894934052757794,8295,33891,369,1551,19,35,30,57,3,30
"711","2020-03-13",1,9,140,70,6672,0.894934052757794,8295,33891,369,1551,23,58,42,99,9,42
"712","2020-03-14",4,9,164,104,6672,0.894934052757794,8295,33891,369,1551,22,80,15,114,10,15
"713","2020-03-15",8,9,171,146,6672,0.894934052757794,8295,33891,369,1551,18,98,8,122,13,8
"714","2020-03-16",10,9,161,197,6672,0.894934052757794,8295,33891,369,1551,44,142,9,131,32,9
"715","2020-03-17",15,9,185,255,6672,0.894934052757794,8295,33891,369,1551,39,181,10,141,27,10
"716","2020-03-18",25,9,185,327,6672,0.894934052757794,8295,33891,369,1551,48,229,8,149,37,8
"717","2020-03-19",36,9,173,417,6672,0.894934052757794,8295,33891,369,1551,53,282,7,156,47,7
"718","2020-03-20",51,9,202,509,6672,0.894934052757794,8295,33891,369,1551,60,342,13,169,51,13
"719","2020-03-21",86,9,199,612,6672,0.894934052757794,8295,33891,369,1551,75,417,68,237,59,68
"720","2020-03-22",141,9,225,703,6672,0.894934052757794,8295,33891,369,1551,74,491,36,273,69,36
"721","2020-03-23",156,9,210,810,6672,0.894934052757794,8295,33891,369,1551,87,578,54,327,79,54
"722","2020-03-24",163,9,190,927,6672,0.894934052757794,8295,33891,369,1551,106,684,24,351,99,24
"723","2020-03-25",191,9,183,1022,6672,0.894934052757794,8295,33891,369,1551,85,769,27,378,75,27
"724","2020-03-26",222,9,177,1146,6672,0.894934052757794,8295,33891,369,1551,128,897,21,399,116,21
"725","2020-03-27",335,9,193,1239,6672,0.894934052757794,8295,33891,369,1551,132,1029,33,432,119,33
"726","2020-03-28",382,9,226,1328,6672,0.894934052757794,8295,33891,369,1551,128,1157,22,454,119,22
"727","2020-03-29",386,9,222,1400,6672,0.894934052757794,8295,33891,369,1551,150,1307,20,474,140,20
"728","2020-03-30",413,9,216,1473,6672,0.894934052757794,8295,33891,369,1551,162,1469,17,491,153,17
"729","2020-03-31",430,9,192,1547,6672,0.894934052757794,8295,33891,369,1551,131,1600,13,504,125,13
"730","2020-04-01",448,9,192,1613,6672,0.894934052757794,8295,33891,369,1551,148,1748,19,523,143,19
"731","2020-04-02",460,9,186,1677,6672,0.894934052757794,8295,33891,369,1551,161,1909,29,552,152,29
"732","2020-04-03",563,9,208,1760,6672,0.894934052757794,8295,33891,369,1551,192,2101,38,590,184,38
"733","2020-04-04",556,9,247,1806,6672,0.894934052757794,8295,33891,369,1551,181,2282,27,617,170,27
"734","2020-04-05",535,9,237,1855,6672,0.894934052757794,8295,33891,369,1551,194,2476,10,627,185,10
"735","2020-04-06",530,9,241,1879,6672,0.894934052757794,8295,33891,369,1551,139,2615,13,640,127,13
"736","2020-04-07",512,9,218,1908,6672,0.894934052757794,8295,33891,369,1551,216,2831,29,669,203,29
"737","2020-04-08",540,9,206,1906,6672,0.894934052757794,8295,33891,369,1551,152,2983,37,706,139,37
"738","2020-04-09",570,9,202,1914,6672,0.894934052757794,8295,33891,369,1551,172,3155,9,715,160,9
"739","2020-04-10",668,9,221,1949,6672,0.894934052757794,8295,33891,369,1551,126,3281,29,744,120,29
"740","2020-04-11",682,9,219,1903,6672,0.894934052757794,8295,33891,369,1551,185,3466,20,764,179,20
"741","2020-04-12",611,9,210,1878,6672,0.894934052757794,8295,33891,369,1551,159,3625,7,771,150,7
"742","2020-04-13",621,9,186,1857,6672,0.894934052757794,8295,33891,369,1551,176,3801,12,783,172,12
"743","2020-04-14",644,9,178,1819,6672,0.894934052757794,8295,33891,369,1551,165,3966,34,817,154,34
"744","2020-04-15",622,9,182,1749,6672,0.894934052757794,8295,33891,369,1551,101,4067,48,865,89,48
"745","2020-04-16",619,9,203,1723,6672,0.894934052757794,8295,33891,369,1551,141,4208,71,936,130,71
"746","2020-04-17",620,9,222,1626,6672,0.894934052757794,8295,33891,369,1551,147,4355,53,989,138,53
"747","2020-04-18",604,9,221,1542,6672,0.894934052757794,8295,33891,369,1551,127,4482,55,1044,117,55
"748","2020-04-19",574,9,283,1436,6672,0.894934052757794,8295,33891,369,1551,114,4596,46,1090,110,46
"749","2020-04-20",561,9,330,1371,6672,0.894934052757794,8295,33891,369,1551,112,4708,27,1117,101,27
"750","2020-04-21",521,9,288,1304,6672,0.894934052757794,8295,33891,369,1551,91,4799,29,1146,80,29
"751","2020-04-22",498,9,285,1228,6672,0.894934052757794,8295,33891,369,1551,89,4888,14,1160,85,14
"752","2020-04-23",454,9,291,1151,6672,0.894934052757794,8295,33891,369,1551,87,4975,16,1176,83,16
"753","2020-04-24",409,9,252,1074,6672,0.894934052757794,8295,33891,369,1551,83,5058,23,1199,76,23
"754","2020-04-25",417,9,226,1003,6672,0.894934052757794,8295,33891,369,1551,69,5127,23,1222,65,23
"755","2020-04-26",375,9,197,921,6672,0.894934052757794,8295,33891,369,1551,60,5187,10,1232,54,10
"756","2020-04-27",344,9,197,878,6672,0.894934052757794,8295,33891,369,1551,67,5254,28,1260,62,28
"757","2020-04-28",336,9,170,809,6672,0.894934052757794,8295,33891,369,1551,57,5311,15,1275,50,15
"758","2020-04-29",321,9,243,763,6672,0.894934052757794,8295,33891,369,1551,64,5375,23,1298,61,23
"759","2020-04-30",312,9,272,699,6672,0.894934052757794,8295,33891,369,1551,55,5430,55,1353,49,55
"760","2020-05-01",285,9,250,665,6672,0.894934052757794,8295,33891,369,1551,54,5484,36,1389,49,36
"761","2020-05-02",249,9,243,630,6672,0.894934052757794,8295,33891,369,1551,56,5540,28,1417,45,28
"762","2020-05-03",221,9,236,585,6672,0.894934052757794,8295,33891,369,1551,43,5583,55,1472,40,55
"763","2020-05-04",207,9,242,551,6672,0.894934052757794,8295,33891,369,1551,45,5628,38,1510,39,38
"764","2020-05-05",189,9,317,523,6672,0.894934052757794,8295,33891,369,1551,39,5667,25,1535,37,25
"765","2020-05-06",187,9,293,498,6672,0.894934052757794,8295,33891,369,1551,38,5705,77,1612,34,77
"766","2020-05-07",172,9,259,473,6672,0.894934052757794,8295,33891,369,1551,37,5742,71,1683,29,71
"767","2020-05-08",163,9,248,432,6672,0.894934052757794,8295,33891,369,1551,34,5776,30,1713,28,30
"768","2020-05-09",156,9,278,401,6672,0.894934052757794,8295,33891,369,1551,34,5810,20,1733,29,20
"769","2020-05-10",150,9,266,374,6672,0.894934052757794,8295,33891,369,1551,24,5834,18,1751,20,18
"770","2020-05-11",151,9,271,351,6672,0.894934052757794,8295,33891,369,1551,11,5845,8,1759,9,8
"771","2020-05-12",139,9,316,323,6672,0.894934052757794,8295,33891,369,1551,18,5863,6,1765,15,6
"772","2020-05-13",127,9,295,301,6672,0.894934052757794,8295,33891,369,1551,25,5888,4,1769,22,4
"773","2020-05-14",122,9,254,286,6672,0.894934052757794,8295,33891,369,1551,22,5910,5,1774,16,5
"774","2020-05-15",109,9,240,278,6672,0.894934052757794,8295,33891,369,1551,16,5926,3,1777,12,3
"775","2020-05-16",106,9,221,259,6672,0.894934052757794,8295,33891,369,1551,18,5944,9,1786,12,9
"776","2020-05-17",87,9,203,240,6672,0.894934052757794,8295,33891,369,1551,14,5958,20,1806,12,20
"777","2020-05-18",80,9,231,219,6672,0.894934052757794,8295,33891,369,1551,11,5969,63,1869,7,63
"778","2020-05-19",77,9,246,210,6672,0.894934052757794,8295,33891,369,1551,17,5986,37,1906,12,37
"779","2020-05-20",72,9,236,203,6672,0.894934052757794,8295,33891,369,1551,16,6002,50,1956,10,50
"780","2020-05-21",71,9,212,191,6672,0.894934052757794,8295,33891,369,1551,12,6014,60,2016,9,60
"781","2020-05-22",62,9,193,174,6672,0.894934052757794,8295,33891,369,1551,17,6031,56,2072,13,56
"782","2020-05-23",56,9,192,171,6672,0.894934052757794,8295,33891,369,1551,19,6050,36,2108,12,36
"783","2020-05-24",57,9,167,159,6672,0.894934052757794,8295,33891,369,1551,15,6065,11,2119,13,11
"784","2020-05-25",55,9,162,150,6672,0.894934052757794,8295,33891,369,1551,13,6078,21,2140,11,21
"785","2020-05-26",53,9,162,150,6672,0.894934052757794,8295,33891,369,1551,10,6088,8,2148,7,8
"786","2020-05-27",49,9,192,135,6672,0.894934052757794,8295,33891,369,1551,11,6099,54,2202,10,54
"787","2020-05-28",49,9,204,132,6672,0.894934052757794,8295,33891,369,1551,10,6109,43,2245,7,43
"788","2020-05-29",52,9,241,130,6672,0.894934052757794,8295,33891,369,1551,8,6117,38,2283,4,38
"789","2020-05-30",48,9,232,124,6672,0.894934052757794,8295,33891,369,1551,9,6126,20,2303,8,20
"790","2020-05-31",38,9,221,114,6672,0.894934052757794,8295,33891,369,1551,9,6135,11,2314,9,11
"791","2020-06-01",34,9,216,113,6672,0.894934052757794,8295,33891,369,1551,7,6142,19,2333,5,19
"792","2020-06-02",29,9,206,107,6672,0.894934052757794,8295,33891,369,1551,5,6147,48,2381,4,48
"793","2020-06-03",29,9,190,102,6672,0.894934052757794,8295,33891,369,1551,10,6157,32,2413,9,32
"794","2020-06-04",26,9,168,101,6672,0.894934052757794,8295,33891,369,1551,7,6164,57,2470,3,57
"795","2020-06-05",30,9,155,99,6672,0.894934052757794,8295,33891,369,1551,9,6173,33,2503,8,33
"796","2020-06-06",30,9,131,104,6672,0.894934052757794,8295,33891,369,1551,11,6184,60,2563,6,60
"797","2020-06-07",30,9,124,99,6672,0.894934052757794,8295,33891,369,1551,11,6195,29,2592,8,29
"798","2020-03-13",1,10,153,61,6382,0.841899091193983,8355,31944,321,1680,59,149,11,38,10,11
"799","2020-03-14",3,10,185,87,6382,0.841899091193983,8355,31944,321,1680,61,210,25,63,19,25
"800","2020-03-15",7,10,211,107,6382,0.841899091193983,8355,31944,321,1680,75,285,41,104,27,41
"801","2020-03-16",14,10,210,142,6382,0.841899091193983,8355,31944,321,1680,88,373,14,118,41,14
"802","2020-03-17",19,10,195,180,6382,0.841899091193983,8355,31944,321,1680,82,455,23,141,52,23
"803","2020-03-18",25,10,223,229,6382,0.841899091193983,8355,31944,321,1680,99,554,10,151,60,10
"804","2020-03-19",32,10,256,280,6382,0.841899091193983,8355,31944,321,1680,110,664,25,176,76,25
"805","2020-03-20",45,10,269,341,6382,0.841899091193983,8355,31944,321,1680,106,770,40,216,72,40
"806","2020-03-21",75,10,227,405,6382,0.841899091193983,8355,31944,321,1680,125,895,18,234,91,18
"807","2020-03-22",92,10,199,487,6382,0.841899091193983,8355,31944,321,1680,127,1022,40,274,89,40
"808","2020-03-23",95,10,176,565,6382,0.841899091193983,8355,31944,321,1680,136,1158,57,331,94,57
"809","2020-03-24",107,10,169,653,6382,0.841899091193983,8355,31944,321,1680,144,1302,54,385,116,54
"810","2020-03-25",123,10,165,727,6382,0.841899091193983,8355,31944,321,1680,150,1452,34,419,107,34
"811","2020-03-26",143,10,161,815,6382,0.841899091193983,8355,31944,321,1680,167,1619,22,441,128,22
"812","2020-03-27",204,10,185,913,6382,0.841899091193983,8355,31944,321,1680,155,1774,22,463,116,22
"813","2020-03-28",258,10,191,1018,6382,0.841899091193983,8355,31944,321,1680,179,1953,21,484,137,21
"814","2020-03-29",269,10,170,1139,6382,0.841899091193983,8355,31944,321,1680,169,2122,48,532,128,48
"815","2020-03-30",282,10,162,1256,6382,0.841899091193983,8355,31944,321,1680,187,2309,16,548,143,16
"816","2020-03-31",301,10,156,1360,6382,0.841899091193983,8355,31944,321,1680,143,2452,18,566,115,18
"817","2020-04-01",339,10,212,1458,6382,0.841899091193983,8355,31944,321,1680,194,2646,44,610,148,44
"818","2020-04-02",361,10,206,1558,6382,0.841899091193983,8355,31944,321,1680,213,2859,39,649,179,39
"819","2020-04-03",462,10,201,1668,6382,0.841899091193983,8355,31944,321,1680,175,3034,46,695,141,46
"820","2020-04-04",513,10,205,1761,6382,0.841899091193983,8355,31944,321,1680,168,3202,31,726,121,31
"821","2020-04-05",560,10,184,1825,6382,0.841899091193983,8355,31944,321,1680,173,3375,21,747,138,21
"822","2020-04-06",556,10,169,1867,6382,0.841899091193983,8355,31944,321,1680,162,3537,51,798,123,51
"823","2020-04-07",561,10,152,1900,6382,0.841899091193983,8355,31944,321,1680,176,3713,34,832,139,34
"824","2020-04-08",585,10,164,1950,6382,0.841899091193983,8355,31944,321,1680,147,3860,20,852,115,20
"825","2020-04-09",614,10,193,1956,6382,0.841899091193983,8355,31944,321,1680,142,4002,40,892,108,40
"826","2020-04-10",767,10,247,2019,6382,0.841899091193983,8355,31944,321,1680,135,4137,43,935,106,43
"827","2020-04-11",756,10,257,2045,6382,0.841899091193983,8355,31944,321,1680,115,4252,23,958,84,23
"828","2020-04-12",648,10,249,2064,6382,0.841899091193983,8355,31944,321,1680,115,4367,20,978,82,20
"829","2020-04-13",663,10,245,2038,6382,0.841899091193983,8355,31944,321,1680,114,4481,16,994,81,16
"830","2020-04-14",673,10,242,2003,6382,0.841899091193983,8355,31944,321,1680,101,4582,10,1004,70,10
"831","2020-04-15",654,10,263,1957,6382,0.841899091193983,8355,31944,321,1680,101,4683,14,1018,70,14
"832","2020-04-16",642,10,247,1916,6382,0.841899091193983,8355,31944,321,1680,84,4767,40,1058,57,40
"833","2020-04-17",667,10,207,1888,6382,0.841899091193983,8355,31944,321,1680,108,4875,67,1125,70,67
"834","2020-04-18",642,10,192,1789,6382,0.841899091193983,8355,31944,321,1680,82,4957,47,1172,56,47
"835","2020-04-19",603,10,203,1697,6382,0.841899091193983,8355,31944,321,1680,89,5046,47,1219,58,47
"836","2020-04-20",595,10,191,1605,6382,0.841899091193983,8355,31944,321,1680,66,5112,60,1279,45,60
"837","2020-04-21",571,10,212,1517,6382,0.841899091193983,8355,31944,321,1680,77,5189,26,1305,54,26
"838","2020-04-22",566,10,220,1406,6382,0.841899091193983,8355,31944,321,1680,68,5257,16,1321,40,16
"839","2020-04-23",549,10,183,1324,6382,0.841899091193983,8355,31944,321,1680,67,5324,18,1339,45,18
"840","2020-04-24",496,10,190,1228,6382,0.841899091193983,8355,31944,321,1680,67,5391,16,1355,41,16
"841","2020-04-25",476,10,184,1152,6382,0.841899091193983,8355,31944,321,1680,30,5421,14,1369,13,14
"842","2020-04-26",445,10,182,1034,6382,0.841899091193983,8355,31944,321,1680,49,5470,19,1388,23,19
"843","2020-04-27",408,10,189,949,6382,0.841899091193983,8355,31944,321,1680,59,5529,53,1441,34,53
"844","2020-04-28",380,10,229,855,6382,0.841899091193983,8355,31944,321,1680,51,5580,67,1508,31,67
"845","2020-04-29",347,10,234,791,6382,0.841899091193983,8355,31944,321,1680,44,5624,28,1536,27,28
"846","2020-04-30",328,10,218,708,6382,0.841899091193983,8355,31944,321,1680,41,5665,31,1567,21,31
"847","2020-05-01",288,10,196,650,6382,0.841899091193983,8355,31944,321,1680,40,5705,72,1639,20,72
"848","2020-05-02",267,10,211,582,6382,0.841899091193983,8355,31944,321,1680,41,5746,65,1704,21,65
"849","2020-05-03",228,10,205,534,6382,0.841899091193983,8355,31944,321,1680,36,5782,31,1735,18,31
"850","2020-05-04",216,10,265,500,6382,0.841899091193983,8355,31944,321,1680,40,5822,41,1776,14,41
"851","2020-05-05",198,10,296,451,6382,0.841899091193983,8355,31944,321,1680,32,5854,31,1807,23,31
"852","2020-05-06",184,10,285,403,6382,0.841899091193983,8355,31944,321,1680,37,5891,26,1833,13,26
"853","2020-05-07",167,10,250,358,6382,0.841899091193983,8355,31944,321,1680,37,5928,46,1879,13,46
"854","2020-05-08",143,10,221,345,6382,0.841899091193983,8355,31944,321,1680,33,5961,30,1909,14,30
"855","2020-05-09",148,10,222,313,6382,0.841899091193983,8355,31944,321,1680,33,5994,57,1966,11,57
"856","2020-05-10",129,10,226,290,6382,0.841899091193983,8355,31944,321,1680,24,6018,50,2016,5,50
"857","2020-05-11",111,10,205,263,6382,0.841899091193983,8355,31944,321,1680,35,6053,48,2064,12,48
"858","2020-05-12",102,10,218,244,6382,0.841899091193983,8355,31944,321,1680,25,6078,52,2116,13,52
"859","2020-05-13",102,10,221,232,6382,0.841899091193983,8355,31944,321,1680,29,6107,33,2149,13,33
"860","2020-05-14",98,10,214,225,6382,0.841899091193983,8355,31944,321,1680,25,6132,35,2184,10,35
"861","2020-05-15",84,10,227,208,6382,0.841899091193983,8355,31944,321,1680,19,6151,53,2237,6,53
"862","2020-05-16",84,10,263,191,6382,0.841899091193983,8355,31944,321,1680,23,6174,19,2256,11,19
"863","2020-05-17",74,10,262,188,6382,0.841899091193983,8355,31944,321,1680,15,6189,14,2270,10,14
"864","2020-05-18",73,10,249,176,6382,0.841899091193983,8355,31944,321,1680,11,6200,20,2290,3,20
"865","2020-05-19",78,10,278,177,6382,0.841899091193983,8355,31944,321,1680,20,6220,46,2336,8,46
"866","2020-05-20",72,10,259,168,6382,0.841899091193983,8355,31944,321,1680,18,6238,53,2389,8,53
"867","2020-05-21",69,10,240,161,6382,0.841899091193983,8355,31944,321,1680,14,6252,29,2418,8,29
"868","2020-05-22",69,10,245,146,6382,0.841899091193983,8355,31944,321,1680,22,6274,21,2439,8,21
"869","2020-05-23",57,10,230,145,6382,0.841899091193983,8355,31944,321,1680,15,6289,27,2466,5,27
"870","2020-05-24",50,10,200,137,6382,0.841899091193983,8355,31944,321,1680,17,6306,71,2537,4,71
"871","2020-05-25",46,10,184,125,6382,0.841899091193983,8355,31944,321,1680,16,6322,41,2578,9,41
"872","2020-05-26",37,10,172,114,6382,0.841899091193983,8355,31944,321,1680,13,6335,28,2606,5,28
"873","2020-05-27",34,10,157,104,6382,0.841899091193983,8355,31944,321,1680,17,6352,38,2644,9,38
"874","2020-05-28",32,10,150,98,6382,0.841899091193983,8355,31944,321,1680,12,6364,23,2667,7,23
"875","2020-05-29",29,10,148,92,6382,0.841899091193983,8355,31944,321,1680,7,6371,38,2705,2,38
"876","2020-05-30",39,10,186,84,6382,0.841899091193983,8355,31944,321,1680,10,6381,18,2723,6,18
"877","2020-05-31",40,10,183,71,6382,0.841899091193983,8355,31944,321,1680,14,6395,20,2743,5,20
"878","2020-06-01",35,10,189,65,6382,0.841899091193983,8355,31944,321,1680,9,6404,17,2760,NA,17
"879","2020-06-02",32,10,196,57,6382,0.841899091193983,8355,31944,321,1680,7,6411,18,2778,2,18
"880","2020-06-03",32,10,191,55,6382,0.841899091193983,8355,31944,321,1680,9,6420,21,2799,4,21
"881","2020-06-04",32,10,189,57,6382,0.841899091193983,8355,31944,321,1680,13,6433,12,2811,7,12
"882","2020-06-05",35,10,165,55,6382,0.841899091193983,8355,31944,321,1680,9,6442,8,2819,NA,8
"883","2020-06-06",27,10,179,51,6382,0.841899091193983,8355,31944,321,1680,8,6450,12,2831,1,12
"884","2020-06-07",24,10,181,45,6382,0.841899091193983,8355,31944,321,1680,9,6459,42,2873,5,42
"885","2020-03-13",3,11,112,185,7843,0.599897998214969,8325,35116,424,1446,88,230,54,184,15,54
"886","2020-03-14",24,11,164,263,7843,0.599897998214969,8325,35116,424,1446,118,348,80,264,30,80
"887","2020-03-15",37,11,157,358,7843,0.599897998214969,8325,35116,424,1446,100,448,86,350,29,86
"888","2020-03-16",48,11,160,468,7843,0.599897998214969,8325,35116,424,1446,137,585,50,400,65,50
"889","2020-03-17",58,11,161,607,7843,0.599897998214969,8325,35116,424,1446,126,711,38,438,49,38
"890","2020-03-18",76,11,170,718,7843,0.599897998214969,8325,35116,424,1446,121,832,46,484,64,46
"891","2020-03-19",105,11,196,871,7843,0.599897998214969,8325,35116,424,1446,145,977,44,528,70,44
"892","2020-03-20",163,11,189,1033,7843,0.599897998214969,8325,35116,424,1446,183,1160,32,560,108,32
"893","2020-03-21",260,11,184,1154,7843,0.599897998214969,8325,35116,424,1446,152,1312,44,604,85,44
"894","2020-03-22",293,11,222,1318,7843,0.599897998214969,8325,35116,424,1446,182,1494,33,637,104,33
"895","2020-03-23",291,11,259,1497,7843,0.599897998214969,8325,35116,424,1446,149,1643,30,667,96,30
"896","2020-03-24",336,11,314,1602,7843,0.599897998214969,8325,35116,424,1446,208,1851,44,711,128,44
"897","2020-03-25",381,11,330,1736,7843,0.599897998214969,8325,35116,424,1446,169,2020,38,749,103,38
"898","2020-03-26",406,11,297,1857,7843,0.599897998214969,8325,35116,424,1446,180,2200,33,782,120,33
"899","2020-03-27",593,11,281,1969,7843,0.599897998214969,8325,35116,424,1446,182,2382,47,829,114,47
"900","2020-03-28",581,11,261,2093,7843,0.599897998214969,8325,35116,424,1446,192,2574,48,877,123,48
"901","2020-03-29",595,11,224,2177,7843,0.599897998214969,8325,35116,424,1446,156,2730,36,913,98,36
"902","2020-03-30",644,11,196,2299,7843,0.599897998214969,8325,35116,424,1446,171,2901,31,944,106,31
"903","2020-03-31",645,11,177,2290,7843,0.599897998214969,8325,35116,424,1446,184,3085,26,970,121,26
"904","2020-04-01",654,11,166,2345,7843,0.599897998214969,8325,35116,424,1446,168,3253,32,1002,110,32
"905","2020-04-02",685,11,165,2367,7843,0.599897998214969,8325,35116,424,1446,145,3398,54,1056,95,54
"906","2020-04-03",816,11,213,2375,7843,0.599897998214969,8325,35116,424,1446,152,3550,39,1095,102,39
"907","2020-04-04",841,11,256,2352,7843,0.599897998214969,8325,35116,424,1446,152,3702,29,1124,90,29
"908","2020-04-05",777,11,247,2331,7843,0.599897998214969,8325,35116,424,1446,133,3835,20,1144,81,20
"909","2020-04-06",767,11,225,2259,7843,0.599897998214969,8325,35116,424,1446,140,3975,46,1190,82,46
"910","2020-04-07",758,11,219,2208,7843,0.599897998214969,8325,35116,424,1446,132,4107,37,1227,77,37
"911","2020-04-08",774,11,282,2142,7843,0.599897998214969,8325,35116,424,1446,122,4229,40,1267,66,40
"912","2020-04-09",768,11,317,2056,7843,0.599897998214969,8325,35116,424,1446,128,4357,39,1306,82,39
"913","2020-04-10",770,11,307,1951,7843,0.599897998214969,8325,35116,424,1446,128,4485,34,1340,70,34
"914","2020-04-11",752,11,282,1880,7843,0.599897998214969,8325,35116,424,1446,98,4583,61,1401,58,61
"915","2020-04-12",664,11,259,1774,7843,0.599897998214969,8325,35116,424,1446,116,4699,48,1449,70,48
"916","2020-04-13",643,11,279,1656,7843,0.599897998214969,8325,35116,424,1446,109,4808,33,1482,57,33
"917","2020-04-14",622,11,306,1573,7843,0.599897998214969,8325,35116,424,1446,116,4924,35,1517,58,35
"918","2020-04-15",580,11,315,1492,7843,0.599897998214969,8325,35116,424,1446,95,5019,19,1536,41,19
"919","2020-04-16",540,11,281,1418,7843,0.599897998214969,8325,35116,424,1446,106,5125,36,1572,55,36
"920","2020-04-17",452,11,244,1311,7843,0.599897998214969,8325,35116,424,1446,79,5204,33,1605,37,33
"921","2020-04-18",425,11,224,1239,7843,0.599897998214969,8325,35116,424,1446,85,5289,50,1655,37,50
"922","2020-04-19",393,11,233,1175,7843,0.599897998214969,8325,35116,424,1446,81,5370,52,1707,37,52
"923","2020-04-20",370,11,223,1105,7843,0.599897998214969,8325,35116,424,1446,67,5437,37,1744,31,37
"924","2020-04-21",357,11,230,1024,7843,0.599897998214969,8325,35116,424,1446,91,5528,35,1779,40,35
"925","2020-04-22",342,11,224,968,7843,0.599897998214969,8325,35116,424,1446,85,5613,34,1813,36,34
"926","2020-04-23",336,11,262,921,7843,0.599897998214969,8325,35116,424,1446,62,5675,34,1847,30,34
"927","2020-04-24",317,11,301,845,7843,0.599897998214969,8325,35116,424,1446,58,5733,29,1876,19,29
"928","2020-04-25",308,11,288,795,7843,0.599897998214969,8325,35116,424,1446,51,5784,36,1912,20,36
"929","2020-04-26",282,11,251,758,7843,0.599897998214969,8325,35116,424,1446,56,5840,40,1952,25,40
"930","2020-04-27",263,11,223,692,7843,0.599897998214969,8325,35116,424,1446,50,5890,60,2012,20,60
"931","2020-04-28",251,11,251,649,7843,0.599897998214969,8325,35116,424,1446,50,5940,44,2056,18,44
"932","2020-04-29",240,11,283,602,7843,0.599897998214969,8325,35116,424,1446,51,5991,28,2084,17,28
"933","2020-04-30",226,11,280,562,7843,0.599897998214969,8325,35116,424,1446,59,6050,37,2121,17,37
"934","2020-05-01",207,11,257,537,7843,0.599897998214969,8325,35116,424,1446,52,6102,29,2150,20,29
"935","2020-05-02",202,11,235,506,7843,0.599897998214969,8325,35116,424,1446,50,6152,42,2192,13,42
"936","2020-05-03",195,11,246,491,7843,0.599897998214969,8325,35116,424,1446,47,6199,34,2226,14,34
"937","2020-05-04",172,11,250,462,7843,0.599897998214969,8325,35116,424,1446,46,6245,37,2263,16,37
"938","2020-05-05",167,11,244,446,7843,0.599897998214969,8325,35116,424,1446,37,6282,34,2297,12,34
"939","2020-05-06",167,11,215,435,7843,0.599897998214969,8325,35116,424,1446,55,6337,28,2325,22,28
"940","2020-05-07",159,11,202,425,7843,0.599897998214969,8325,35116,424,1446,27,6364,38,2363,8,38
"941","2020-05-08",153,11,186,399,7843,0.599897998214969,8325,35116,424,1446,31,6395,26,2389,9,26
"942","2020-05-09",147,11,189,378,7843,0.599897998214969,8325,35116,424,1446,40,6435,32,2421,10,32
"943","2020-05-10",131,11,187,361,7843,0.599897998214969,8325,35116,424,1446,30,6465,43,2464,7,43
"944","2020-05-11",135,11,220,347,7843,0.599897998214969,8325,35116,424,1446,36,6501,45,2509,6,45
"945","2020-05-12",122,11,212,330,7843,0.599897998214969,8325,35116,424,1446,31,6532,38,2547,8,38
"946","2020-05-13",111,11,250,306,7843,0.599897998214969,8325,35116,424,1446,30,6562,23,2570,5,23
"947","2020-05-14",110,11,281,288,7843,0.599897998214969,8325,35116,424,1446,31,6593,24,2594,7,24
"948","2020-05-15",93,11,269,275,7843,0.599897998214969,8325,35116,424,1446,23,6616,35,2629,3,35
"949","2020-05-16",85,11,263,261,7843,0.599897998214969,8325,35116,424,1446,37,6653,56,2685,7,56
"950","2020-05-17",86,11,258,248,7843,0.599897998214969,8325,35116,424,1446,29,6682,43,2728,11,43
"951","2020-05-18",77,11,296,225,7843,0.599897998214969,8325,35116,424,1446,33,6715,46,2774,9,46
"952","2020-05-19",74,11,272,213,7843,0.599897998214969,8325,35116,424,1446,15,6730,39,2813,5,39
"953","2020-05-20",75,11,258,205,7843,0.599897998214969,8325,35116,424,1446,17,6747,40,2853,4,40
"954","2020-05-21",73,11,234,193,7843,0.599897998214969,8325,35116,424,1446,14,6761,40,2893,3,40
"955","2020-05-22",78,11,242,186,7843,0.599897998214969,8325,35116,424,1446,22,6783,35,2928,9,35
"956","2020-05-23",82,11,226,184,7843,0.599897998214969,8325,35116,424,1446,21,6804,41,2969,4,41
"957","2020-05-24",63,11,206,179,7843,0.599897998214969,8325,35116,424,1446,11,6815,51,3020,3,51
"958","2020-05-25",58,11,214,175,7843,0.599897998214969,8325,35116,424,1446,15,6830,43,3063,6,43
"959","2020-05-26",55,11,239,171,7843,0.599897998214969,8325,35116,424,1446,12,6842,44,3107,3,44
"960","2020-05-27",52,11,225,164,7843,0.599897998214969,8325,35116,424,1446,20,6862,50,3157,4,50
"961","2020-05-28",50,11,211,156,7843,0.599897998214969,8325,35116,424,1446,11,6873,42,3199,1,42
"962","2020-05-29",48,11,201,150,7843,0.599897998214969,8325,35116,424,1446,10,6883,30,3229,1,30
"963","2020-05-30",55,11,177,146,7843,0.599897998214969,8325,35116,424,1446,6,6889,37,3266,NA,37
"964","2020-05-31",54,11,190,135,7843,0.599897998214969,8325,35116,424,1446,13,6902,30,3296,2,30
"965","2020-06-01",51,11,214,135,7843,0.599897998214969,8325,35116,424,1446,9,6911,26,3322,2,26
"966","2020-06-02",49,11,261,127,7843,0.599897998214969,8325,35116,424,1446,11,6922,33,3355,2,33
"967","2020-06-03",48,11,291,120,7843,0.599897998214969,8325,35116,424,1446,11,6933,39,3394,1,39
"968","2020-06-04",46,11,286,109,7843,0.599897998214969,8325,35116,424,1446,3,6936,64,3458,1,64
"969","2020-06-05",41,11,260,101,7843,0.599897998214969,8325,35116,424,1446,9,6945,47,3505,2,47
"970","2020-06-06",27,11,231,92,7843,0.599897998214969,8325,35116,424,1446,9,6954,52,3557,1,52
"971","2020-06-07",30,11,218,78,7843,0.599897998214969,8325,35116,424,1446,11,6965,43,3600,3,43
"972","2020-03-13",2,12,82,195,7617,0.375738479716424,8280,38327,471,1199,47,126,65,144,16,65
"973","2020-03-14",14,12,89,272,7617,0.375738479716424,8280,38327,471,1199,51,177,45,189,19,45
"974","2020-03-15",47,12,96,366,7617,0.375738479716424,8280,38327,471,1199,64,241,34,223,30,34
"975","2020-03-16",51,12,128,454,7617,0.375738479716424,8280,38327,471,1199,65,306,20,243,35,20
"976","2020-03-17",59,12,159,563,7617,0.375738479716424,8280,38327,471,1199,62,368,15,258,27,15
"977","2020-03-18",76,12,163,670,7617,0.375738479716424,8280,38327,471,1199,82,450,17,275,48,17
"978","2020-03-19",104,12,196,774,7617,0.375738479716424,8280,38327,471,1199,88,538,53,328,60,53
"979","2020-03-20",165,12,211,868,7617,0.375738479716424,8280,38327,471,1199,100,638,58,386,61,58
"980","2020-03-21",263,12,215,965,7617,0.375738479716424,8280,38327,471,1199,110,748,77,463,85,77
"981","2020-03-22",259,12,216,1048,7617,0.375738479716424,8280,38327,471,1199,109,857,60,523,80,60
"982","2020-03-23",263,12,232,1141,7617,0.375738479716424,8280,38327,471,1199,137,994,26,549,102,26
"983","2020-03-24",283,12,246,1229,7617,0.375738479716424,8280,38327,471,1199,130,1124,15,564,94,15
"984","2020-03-25",322,12,246,1291,7617,0.375738479716424,8280,38327,471,1199,137,1261,48,612,94,48
"985","2020-03-26",347,12,228,1332,7617,0.375738479716424,8280,38327,471,1199,135,1396,30,642,105,30
"986","2020-03-27",443,12,210,1367,7617,0.375738479716424,8280,38327,471,1199,143,1539,11,653,106,11
"987","2020-03-28",423,12,196,1395,7617,0.375738479716424,8280,38327,471,1199,143,1682,23,676,108,23
"988","2020-03-29",448,12,185,1442,7617,0.375738479716424,8280,38327,471,1199,144,1826,59,735,108,59
"989","2020-03-30",450,12,206,1480,7617,0.375738479716424,8280,38327,471,1199,168,1994,45,780,141,45
"990","2020-03-31",456,12,201,1518,7617,0.375738479716424,8280,38327,471,1199,129,2123,23,803,104,23
"991","2020-04-01",453,12,240,1522,7617,0.375738479716424,8280,38327,471,1199,125,2248,15,818,103,15
"992","2020-04-02",455,12,250,1570,7617,0.375738479716424,8280,38327,471,1199,165,2413,13,831,130,13
"993","2020-04-03",531,12,286,1597,7617,0.375738479716424,8280,38327,471,1199,134,2547,11,842,101,11
"994","2020-04-04",552,12,275,1619,7617,0.375738479716424,8280,38327,471,1199,111,2658,14,856,87,14
"995","2020-04-05",507,12,254,1617,7617,0.375738479716424,8280,38327,471,1199,118,2776,8,864,94,8
"996","2020-04-06",510,12,239,1642,7617,0.375738479716424,8280,38327,471,1199,110,2886,6,870,83,6
"997","2020-04-07",516,12,202,1625,7617,0.375738479716424,8280,38327,471,1199,119,3005,1,871,88,1
"998","2020-04-08",510,12,179,1605,7617,0.375738479716424,8280,38327,471,1199,111,3116,2,873,80,2
"999","2020-04-09",513,12,195,1584,7617,0.375738479716424,8280,38327,471,1199,123,3239,4,877,93,4
"1000","2020-04-10",559,12,194,1572,7617,0.375738479716424,8280,38327,471,1199,129,3368,1,878,93,1
"1001","2020-04-11",551,12,199,1541,7617,0.375738479716424,8280,38327,471,1199,110,3478,6,884,77,6
"1002","2020-04-12",502,12,190,1502,7617,0.375738479716424,8280,38327,471,1199,100,3578,4,888,80,4
"1003","2020-04-13",503,12,181,1466,7617,0.375738479716424,8280,38327,471,1199,131,3709,7,895,93,7
"1004","2020-04-14",485,12,192,1445,7617,0.375738479716424,8280,38327,471,1199,127,3836,26,921,95,26
"1005","2020-04-15",488,12,193,1413,7617,0.375738479716424,8280,38327,471,1199,96,3932,74,995,65,74
"1006","2020-04-16",471,12,186,1361,7617,0.375738479716424,8280,38327,471,1199,87,4019,21,1016,58,21
"1007","2020-04-17",449,12,209,1312,7617,0.375738479716424,8280,38327,471,1199,108,4127,96,1112,75,96
"1008","2020-04-18",444,12,217,1256,7617,0.375738479716424,8280,38327,471,1199,92,4219,80,1192,64,80
"1009","2020-04-19",436,12,205,1219,7617,0.375738479716424,8280,38327,471,1199,93,4312,35,1227,69,35
"1010","2020-04-20",399,12,216,1188,7617,0.375738479716424,8280,38327,471,1199,93,4405,23,1250,60,23
"1011","2020-04-21",386,12,235,1136,7617,0.375738479716424,8280,38327,471,1199,96,4501,21,1271,64,21
"1012","2020-04-22",376,12,218,1110,7617,0.375738479716424,8280,38327,471,1199,101,4602,26,1297,69,26
"1013","2020-04-23",370,12,205,1076,7617,0.375738479716424,8280,38327,471,1199,88,4690,13,1310,63,13
"1014","2020-04-24",360,12,193,1028,7617,0.375738479716424,8280,38327,471,1199,71,4761,27,1337,45,27
"1015","2020-04-25",376,12,194,1000,7617,0.375738479716424,8280,38327,471,1199,67,4828,44,1381,49,44
"1016","2020-04-26",335,12,246,977,7617,0.375738479716424,8280,38327,471,1199,90,4918,61,1442,59,61
"1017","2020-04-27",326,12,266,942,7617,0.375738479716424,8280,38327,471,1199,72,4990,56,1498,52,56
"1018","2020-04-28",327,12,278,912,7617,0.375738479716424,8280,38327,471,1199,52,5042,29,1527,35,29
"1019","2020-04-29",311,12,265,874,7617,0.375738479716424,8280,38327,471,1199,48,5090,29,1556,37,29
"1020","2020-04-30",302,12,268,865,7617,0.375738479716424,8280,38327,471,1199,71,5161,64,1620,48,64
"1021","2020-05-01",298,12,281,849,7617,0.375738479716424,8280,38327,471,1199,67,5228,27,1647,39,27
"1022","2020-05-02",276,12,292,825,7617,0.375738479716424,8280,38327,471,1199,52,5280,56,1703,24,56
"1023","2020-05-03",258,12,285,813,7617,0.375738479716424,8280,38327,471,1199,59,5339,28,1731,44,28
"1024","2020-05-04",260,12,270,777,7617,0.375738479716424,8280,38327,471,1199,39,5378,34,1765,22,34
"1025","2020-05-05",244,12,268,756,7617,0.375738479716424,8280,38327,471,1199,47,5425,34,1799,26,34
"1026","2020-05-06",237,12,263,728,7617,0.375738479716424,8280,38327,471,1199,40,5465,26,1825,21,26
"1027","2020-05-07",233,12,249,710,7617,0.375738479716424,8280,38327,471,1199,41,5506,27,1852,21,27
"1028","2020-05-08",225,12,235,693,7617,0.375738479716424,8280,38327,471,1199,38,5544,48,1900,23,48
"1029","2020-05-09",223,12,226,669,7617,0.375738479716424,8280,38327,471,1199,35,5579,58,1958,20,58
"1030","2020-05-10",201,12,214,617,7617,0.375738479716424,8280,38327,471,1199,41,5620,31,1989,25,31
"1031","2020-05-11",197,12,206,582,7617,0.375738479716424,8280,38327,471,1199,25,5645,10,1999,9,10
"1032","2020-05-12",190,12,216,552,7617,0.375738479716424,8280,38327,471,1199,40,5685,12,2011,18,12
"1033","2020-05-13",185,12,222,544,7617,0.375738479716424,8280,38327,471,1199,23,5708,14,2025,12,14
"1034","2020-05-14",177,12,256,522,7617,0.375738479716424,8280,38327,471,1199,31,5739,54,2079,18,54
"1035","2020-05-15",189,12,245,511,7617,0.375738479716424,8280,38327,471,1199,34,5773,58,2137,16,58
"1036","2020-05-16",177,12,248,478,7617,0.375738479716424,8280,38327,471,1199,20,5793,59,2196,9,59
"1037","2020-05-17",155,12,234,460,7617,0.375738479716424,8280,38327,471,1199,19,5812,51,2247,11,51
"1038","2020-05-18",145,12,231,454,7617,0.375738479716424,8280,38327,471,1199,28,5840,36,2283,13,36
"1039","2020-05-19",134,12,248,433,7617,0.375738479716424,8280,38327,471,1199,31,5871,42,2325,16,42
"1040","2020-05-20",133,12,268,425,7617,0.375738479716424,8280,38327,471,1199,21,5892,31,2356,11,31
"1041","2020-05-21",132,12,282,401,7617,0.375738479716424,8280,38327,471,1199,16,5908,63,2419,7,63
"1042","2020-05-22",120,12,265,376,7617,0.375738479716424,8280,38327,471,1199,23,5931,35,2454,13,35
"1043","2020-05-23",127,12,247,358,7617,0.375738479716424,8280,38327,471,1199,18,5949,31,2485,9,31
"1044","2020-05-24",117,12,263,330,7617,0.375738479716424,8280,38327,471,1199,18,5967,50,2535,11,50
"1045","2020-05-25",108,12,286,314,7617,0.375738479716424,8280,38327,471,1199,28,5995,69,2604,15,69
"1046","2020-05-26",104,12,283,305,7617,0.375738479716424,8280,38327,471,1199,16,6011,34,2638,8,34
"1047","2020-05-27",102,12,280,282,7617,0.375738479716424,8280,38327,471,1199,7,6018,15,2653,7,15
"1048","2020-05-28",101,12,287,274,7617,0.375738479716424,8280,38327,471,1199,15,6033,12,2665,7,12
"1049","2020-05-29",95,12,298,265,7617,0.375738479716424,8280,38327,471,1199,19,6052,61,2726,6,61
"1050","2020-05-30",92,12,283,251,7617,0.375738479716424,8280,38327,471,1199,13,6065,60,2786,6,60
"1051","2020-05-31",86,12,275,236,7617,0.375738479716424,8280,38327,471,1199,18,6083,36,2822,11,36
"1052","2020-06-01",86,12,264,212,7617,0.375738479716424,8280,38327,471,1199,13,6096,47,2869,6,47
"1053","2020-06-02",85,12,265,198,7617,0.375738479716424,8280,38327,471,1199,15,6111,27,2896,7,27
"1054","2020-06-03",82,12,248,197,7617,0.375738479716424,8280,38327,471,1199,11,6122,24,2920,4,24
"1055","2020-06-04",75,12,231,181,7617,0.375738479716424,8280,38327,471,1199,15,6137,17,2937,10,17
"1056","2020-06-05",67,12,221,169,7617,0.375738479716424,8280,38327,471,1199,12,6149,21,2958,3,21
"1057","2020-06-06",60,12,202,175,7617,0.375738479716424,8280,38327,471,1199,15,6164,39,2997,5,39
"1058","2020-06-07",61,12,217,160,7617,0.375738479716424,8280,38327,471,1199,7,6171,22,3019,4,22
"1059","2020-03-13",2,13,97,70,6622,0.791452733313198,8370,33262,407,1143,48,135,12,35,6,12
"1060","2020-03-14",4,13,145,101,6622,0.791452733313198,8370,33262,407,1143,58,193,28,63,15,28
"1061","2020-03-15",5,13,155,150,6622,0.791452733313198,8370,33262,407,1143,87,280,20,83,33,20
"1062","2020-03-16",10,13,141,196,6622,0.791452733313198,8370,33262,407,1143,81,361,8,91,33,8
"1063","2020-03-17",16,13,186,260,6622,0.791452733313198,8370,33262,407,1143,93,454,8,99,48,8
"1064","2020-03-18",28,13,222,340,6622,0.791452733313198,8370,33262,407,1143,95,549,13,112,50,13
"1065","2020-03-19",41,13,234,420,6622,0.791452733313198,8370,33262,407,1143,138,687,34,146,70,34
"1066","2020-03-20",60,13,274,493,6622,0.791452733313198,8370,33262,407,1143,137,824,43,189,79,43
"1067","2020-03-21",116,13,275,569,6622,0.791452733313198,8370,33262,407,1143,101,925,22,211,68,22
"1068","2020-03-22",137,13,268,656,6622,0.791452733313198,8370,33262,407,1143,118,1043,35,246,70,35
"1069","2020-03-23",136,13,249,716,6622,0.791452733313198,8370,33262,407,1143,154,1197,30,276,100,30
"1070","2020-03-24",159,13,255,799,6622,0.791452733313198,8370,33262,407,1143,159,1356,28,304,113,28
"1071","2020-03-25",176,13,266,887,6622,0.791452733313198,8370,33262,407,1143,158,1514,35,339,117,35
"1072","2020-03-26",190,13,262,987,6622,0.791452733313198,8370,33262,407,1143,160,1674,19,358,117,19
"1073","2020-03-27",291,13,278,1101,6622,0.791452733313198,8370,33262,407,1143,129,1803,38,396,78,38
"1074","2020-03-28",292,13,261,1197,6622,0.791452733313198,8370,33262,407,1143,173,1976,34,430,120,34
"1075","2020-03-29",332,13,242,1272,6622,0.791452733313198,8370,33262,407,1143,160,2136,28,458,111,28
"1076","2020-03-30",349,13,257,1354,6622,0.791452733313198,8370,33262,407,1143,163,2299,26,484,117,26
"1077","2020-03-31",358,13,245,1459,6622,0.791452733313198,8370,33262,407,1143,162,2461,40,524,123,40
"1078","2020-04-01",388,13,251,1551,6622,0.791452733313198,8370,33262,407,1143,157,2618,56,580,110,56
"1079","2020-04-02",414,13,263,1592,6622,0.791452733313198,8370,33262,407,1143,153,2771,39,619,115,39
"1080","2020-04-03",497,13,252,1694,6622,0.791452733313198,8370,33262,407,1143,149,2920,42,661,107,42
"1081","2020-04-04",582,13,247,1762,6622,0.791452733313198,8370,33262,407,1143,161,3081,51,712,121,51
"1082","2020-04-05",543,13,242,1815,6622,0.791452733313198,8370,33262,407,1143,137,3218,41,753,86,41
"1083","2020-04-06",567,13,242,1888,6622,0.791452733313198,8370,33262,407,1143,144,3362,36,789,99,36
"1084","2020-04-07",565,13,234,1938,6622,0.791452733313198,8370,33262,407,1143,140,3502,51,840,95,51
"1085","2020-04-08",582,13,237,1992,6622,0.791452733313198,8370,33262,407,1143,113,3615,17,857,72,17
"1086","2020-04-09",596,13,244,2005,6622,0.791452733313198,8370,33262,407,1143,138,3753,20,877,101,20
"1087","2020-04-10",720,13,242,2013,6622,0.791452733313198,8370,33262,407,1143,128,3881,19,896,86,19
"1088","2020-04-11",693,13,232,2048,6622,0.791452733313198,8370,33262,407,1143,124,4005,32,928,72,32
"1089","2020-04-12",657,13,228,2055,6622,0.791452733313198,8370,33262,407,1143,120,4125,32,960,81,32
"1090","2020-04-13",637,13,229,2005,6622,0.791452733313198,8370,33262,407,1143,90,4215,34,994,60,34
"1091","2020-04-14",650,13,243,1970,6622,0.791452733313198,8370,33262,407,1143,103,4318,53,1047,74,53
"1092","2020-04-15",650,13,224,1924,6622,0.791452733313198,8370,33262,407,1143,81,4399,57,1104,44,57
"1093","2020-04-16",652,13,229,1825,6622,0.791452733313198,8370,33262,407,1143,89,4488,49,1153,59,49
"1094","2020-04-17",647,13,242,1755,6622,0.791452733313198,8370,33262,407,1143,96,4584,25,1178,57,25
"1095","2020-04-18",634,13,276,1666,6622,0.791452733313198,8370,33262,407,1143,92,4676,27,1205,51,27
"1096","2020-04-19",582,13,289,1579,6622,0.791452733313198,8370,33262,407,1143,89,4765,33,1238,53,33
"1097","2020-04-20",566,13,312,1479,6622,0.791452733313198,8370,33262,407,1143,63,4828,21,1259,37,21
"1098","2020-04-21",564,13,295,1384,6622,0.791452733313198,8370,33262,407,1143,66,4894,12,1271,37,12
"1099","2020-04-22",537,13,288,1292,6622,0.791452733313198,8370,33262,407,1143,80,4974,20,1291,44,20
"1100","2020-04-23",510,13,269,1212,6622,0.791452733313198,8370,33262,407,1143,62,5036,33,1324,36,33
"1101","2020-04-24",481,13,262,1125,6622,0.791452733313198,8370,33262,407,1143,63,5099,24,1348,23,24
"1102","2020-04-25",458,13,279,1060,6622,0.791452733313198,8370,33262,407,1143,61,5160,22,1370,31,22
"1103","2020-04-26",404,13,255,988,6622,0.791452733313198,8370,33262,407,1143,74,5234,20,1390,30,20
"1104","2020-04-27",378,13,261,910,6622,0.791452733313198,8370,33262,407,1143,48,5282,48,1438,21,48
"1105","2020-04-28",332,13,244,861,6622,0.791452733313198,8370,33262,407,1143,58,5340,33,1471,32,33
"1106","2020-04-29",326,13,251,782,6622,0.791452733313198,8370,33262,407,1143,70,5410,27,1498,33,27
"1107","2020-04-30",309,13,249,722,6622,0.791452733313198,8370,33262,407,1143,39,5449,18,1516,19,18
"1108","2020-05-01",284,13,241,665,6622,0.791452733313198,8370,33262,407,1143,49,5498,37,1553,18,37
"1109","2020-05-02",276,13,227,620,6622,0.791452733313198,8370,33262,407,1143,50,5548,23,1576,28,23
"1110","2020-05-03",252,13,231,577,6622,0.791452733313198,8370,33262,407,1143,44,5592,23,1599,21,23
"1111","2020-05-04",243,13,250,528,6622,0.791452733313198,8370,33262,407,1143,50,5642,44,1643,19,44
"1112","2020-05-05",235,13,281,488,6622,0.791452733313198,8370,33262,407,1143,32,5674,46,1689,16,46
"1113","2020-05-06",208,13,313,456,6622,0.791452733313198,8370,33262,407,1143,39,5713,42,1731,22,42
"1114","2020-05-07",199,13,345,419,6622,0.791452733313198,8370,33262,407,1143,36,5749,20,1751,13,20
"1115","2020-05-08",158,13,349,410,6622,0.791452733313198,8370,33262,407,1143,37,5786,14,1765,16,14
"1116","2020-05-09",140,13,372,388,6622,0.791452733313198,8370,33262,407,1143,30,5816,9,1774,13,9
"1117","2020-05-10",131,13,383,345,6622,0.791452733313198,8370,33262,407,1143,37,5853,6,1780,16,6
"1118","2020-05-11",122,13,360,317,6622,0.791452733313198,8370,33262,407,1143,36,5889,9,1789,20,9
"1119","2020-05-12",108,13,349,295,6622,0.791452733313198,8370,33262,407,1143,23,5912,15,1804,11,15
"1120","2020-05-13",99,13,338,273,6622,0.791452733313198,8370,33262,407,1143,39,5951,32,1836,20,32
"1121","2020-05-14",93,13,311,263,6622,0.791452733313198,8370,33262,407,1143,25,5976,53,1889,8,53
"1122","2020-05-15",85,13,331,249,6622,0.791452733313198,8370,33262,407,1143,22,5998,54,1943,8,54
"1123","2020-05-16",84,13,320,231,6622,0.791452733313198,8370,33262,407,1143,27,6025,62,2005,6,62
"1124","2020-05-17",72,13,315,216,6622,0.791452733313198,8370,33262,407,1143,21,6046,56,2061,10,56
"1125","2020-05-18",64,13,308,201,6622,0.791452733313198,8370,33262,407,1143,24,6070,50,2111,8,50
"1126","2020-05-19",64,13,313,197,6622,0.791452733313198,8370,33262,407,1143,28,6098,53,2164,9,53
"1127","2020-05-20",63,13,337,192,6622,0.791452733313198,8370,33262,407,1143,18,6116,25,2189,7,25
"1128","2020-05-21",62,13,311,182,6622,0.791452733313198,8370,33262,407,1143,23,6139,25,2214,8,25
"1129","2020-05-22",59,13,338,177,6622,0.791452733313198,8370,33262,407,1143,24,6163,33,2247,9,33
"1130","2020-05-23",58,13,342,171,6622,0.791452733313198,8370,33262,407,1143,15,6178,35,2282,4,35
"1131","2020-05-24",52,13,318,167,6622,0.791452733313198,8370,33262,407,1143,23,6201,38,2320,8,38
"1132","2020-05-25",53,13,327,156,6622,0.791452733313198,8370,33262,407,1143,15,6216,30,2350,3,30
"1133","2020-05-26",49,13,314,146,6622,0.791452733313198,8370,33262,407,1143,14,6230,24,2374,6,24
"1134","2020-05-27",46,13,336,134,6622,0.791452733313198,8370,33262,407,1143,16,6246,32,2406,4,32
"1135","2020-05-28",38,13,323,120,6622,0.791452733313198,8370,33262,407,1143,16,6262,24,2430,9,24
"1136","2020-05-29",42,13,312,117,6622,0.791452733313198,8370,33262,407,1143,15,6277,28,2458,5,28
"1137","2020-05-30",41,13,313,113,6622,0.791452733313198,8370,33262,407,1143,12,6289,24,2482,6,24
"1138","2020-05-31",44,13,320,106,6622,0.791452733313198,8370,33262,407,1143,16,6305,26,2508,7,26
"1139","2020-06-01",41,13,327,102,6622,0.791452733313198,8370,33262,407,1143,12,6317,18,2526,2,18
"1140","2020-06-02",36,13,326,96,6622,0.791452733313198,8370,33262,407,1143,19,6336,19,2545,7,19
"1141","2020-06-03",35,13,327,91,6622,0.791452733313198,8370,33262,407,1143,8,6344,36,2581,2,36
"1142","2020-06-04",38,13,315,87,6622,0.791452733313198,8370,33262,407,1143,10,6354,28,2609,4,28
"1143","2020-06-05",37,13,299,83,6622,0.791452733313198,8370,33262,407,1143,11,6365,40,2649,3,40
"1144","2020-06-06",39,13,301,81,6622,0.791452733313198,8370,33262,407,1143,5,6370,36,2685,2,36
"1145","2020-06-07",28,13,307,75,6622,0.791452733313198,8370,33262,407,1143,10,6380,25,2710,5,25
"1146","2020-03-14",3,14,66,151,7106,0.795665634674923,8340,33931,371,1455,84,229,72,178,40,72
"1147","2020-03-15",8,14,76,202,7106,0.795665634674923,8340,33931,371,1455,96,325,54,232,62,54
"1148","2020-03-16",17,14,93,279,7106,0.795665634674923,8340,33931,371,1455,98,423,26,258,63,26
"1149","2020-03-17",28,14,126,355,7106,0.795665634674923,8340,33931,371,1455,115,538,19,277,71,19
"1150","2020-03-18",41,14,135,432,7106,0.795665634674923,8340,33931,371,1455,101,639,16,293,61,16
"1151","2020-03-19",56,14,166,533,7106,0.795665634674923,8340,33931,371,1455,97,736,22,315,63,22
"1152","2020-03-20",78,14,197,617,7106,0.795665634674923,8340,33931,371,1455,130,866,15,330,98,15
"1153","2020-03-21",100,14,228,711,7106,0.795665634674923,8340,33931,371,1455,111,977,22,352,71,22
"1154","2020-03-22",174,14,221,804,7106,0.795665634674923,8340,33931,371,1455,157,1134,15,367,102,15
"1155","2020-03-23",187,14,217,914,7106,0.795665634674923,8340,33931,371,1455,137,1271,60,427,102,60
"1156","2020-03-24",191,14,230,1020,7106,0.795665634674923,8340,33931,371,1455,157,1428,28,455,129,28
"1157","2020-03-25",223,14,251,1136,7106,0.795665634674923,8340,33931,371,1455,126,1554,13,468,98,13
"1158","2020-03-26",248,14,275,1278,7106,0.795665634674923,8340,33931,371,1455,158,1712,45,513,126,45
"1159","2020-03-27",350,14,246,1349,7106,0.795665634674923,8340,33931,371,1455,137,1849,55,568,97,55
"1160","2020-03-28",443,14,219,1424,7106,0.795665634674923,8340,33931,371,1455,141,1990,32,600,109,32
"1161","2020-03-29",404,14,246,1552,7106,0.795665634674923,8340,33931,371,1455,136,2126,14,614,99,14
"1162","2020-03-30",422,14,229,1658,7106,0.795665634674923,8340,33931,371,1455,174,2300,32,646,127,32
"1163","2020-03-31",463,14,247,1738,7106,0.795665634674923,8340,33931,371,1455,126,2426,34,680,94,34
"1164","2020-04-01",464,14,276,1796,7106,0.795665634674923,8340,33931,371,1455,166,2592,45,725,132,45
"1165","2020-04-02",483,14,281,1878,7106,0.795665634674923,8340,33931,371,1455,125,2717,21,746,90,21
"1166","2020-04-03",634,14,261,1958,7106,0.795665634674923,8340,33931,371,1455,170,2887,51,797,127,51
"1167","2020-04-04",648,14,269,2038,7106,0.795665634674923,8340,33931,371,1455,136,3023,44,841,101,44
"1168","2020-04-05",611,14,283,2109,7106,0.795665634674923,8340,33931,371,1455,159,3182,27,868,121,27
"1169","2020-04-06",615,14,287,2089,7106,0.795665634674923,8340,33931,371,1455,127,3309,15,883,98,15
"1170","2020-04-07",620,14,281,2098,7106,0.795665634674923,8340,33931,371,1455,108,3417,13,896,74,13
"1171","2020-04-08",651,14,270,2074,7106,0.795665634674923,8340,33931,371,1455,121,3538,31,927,84,31
"1172","2020-04-09",664,14,281,2129,7106,0.795665634674923,8340,33931,371,1455,143,3681,24,951,105,24
"1173","2020-04-10",704,14,291,2122,7106,0.795665634674923,8340,33931,371,1455,110,3791,57,1008,87,57
"1174","2020-04-11",686,14,265,2079,7106,0.795665634674923,8340,33931,371,1455,127,3918,18,1026,100,18
"1175","2020-04-12",635,14,241,2019,7106,0.795665634674923,8340,33931,371,1455,100,4018,16,1042,77,16
"1176","2020-04-13",622,14,201,1954,7106,0.795665634674923,8340,33931,371,1455,89,4107,44,1086,66,44
"1177","2020-04-14",618,14,239,1890,7106,0.795665634674923,8340,33931,371,1455,94,4201,15,1101,66,15
"1178","2020-04-15",607,14,253,1798,7106,0.795665634674923,8340,33931,371,1455,100,4301,14,1115,74,14
"1179","2020-04-16",600,14,242,1735,7106,0.795665634674923,8340,33931,371,1455,84,4385,20,1135,61,20
"1180","2020-04-17",602,14,225,1602,7106,0.795665634674923,8340,33931,371,1455,96,4481,16,1151,68,16
"1181","2020-04-18",584,14,213,1537,7106,0.795665634674923,8340,33931,371,1455,70,4551,3,1154,49,3
"1182","2020-04-19",539,14,224,1461,7106,0.795665634674923,8340,33931,371,1455,85,4636,9,1163,60,9
"1183","2020-04-20",522,14,245,1376,7106,0.795665634674923,8340,33931,371,1455,74,4710,37,1200,52,37
"1184","2020-04-21",492,14,236,1284,7106,0.795665634674923,8340,33931,371,1455,71,4781,37,1237,55,37
"1185","2020-04-22",477,14,233,1195,7106,0.795665634674923,8340,33931,371,1455,68,4849,24,1261,48,24
"1186","2020-04-23",444,14,218,1085,7106,0.795665634674923,8340,33931,371,1455,71,4920,39,1300,48,39
"1187","2020-04-24",417,14,208,1010,7106,0.795665634674923,8340,33931,371,1455,52,4972,25,1325,36,25
"1188","2020-04-25",403,14,221,940,7106,0.795665634674923,8340,33931,371,1455,70,5042,28,1353,39,28
"1189","2020-04-26",368,14,276,890,7106,0.795665634674923,8340,33931,371,1455,56,5098,8,1361,30,8
"1190","2020-04-27",341,14,319,843,7106,0.795665634674923,8340,33931,371,1455,60,5158,8,1369,35,8
"1191","2020-04-28",329,14,310,766,7106,0.795665634674923,8340,33931,371,1455,57,5215,17,1386,33,17
"1192","2020-04-29",302,14,300,707,7106,0.795665634674923,8340,33931,371,1455,50,5265,6,1392,29,6
"1193","2020-04-30",293,14,271,629,7106,0.795665634674923,8340,33931,371,1455,47,5312,7,1399,36,7
"1194","2020-05-01",242,14,282,588,7106,0.795665634674923,8340,33931,371,1455,48,5360,5,1404,29,5
"1195","2020-05-02",230,14,283,545,7106,0.795665634674923,8340,33931,371,1455,51,5411,8,1412,36,8
"1196","2020-05-03",202,14,266,501,7106,0.795665634674923,8340,33931,371,1455,44,5455,57,1469,25,57
"1197","2020-05-04",188,14,276,477,7106,0.795665634674923,8340,33931,371,1455,31,5486,45,1514,16,45
"1198","2020-05-05",172,14,304,447,7106,0.795665634674923,8340,33931,371,1455,52,5538,14,1528,31,14
"1199","2020-05-06",164,14,320,416,7106,0.795665634674923,8340,33931,371,1455,39,5577,15,1543,25,15
"1200","2020-05-07",158,14,316,384,7106,0.795665634674923,8340,33931,371,1455,48,5625,23,1566,25,23
"1201","2020-05-08",143,14,322,368,7106,0.795665634674923,8340,33931,371,1455,41,5666,27,1593,26,27
"1202","2020-05-09",144,14,292,340,7106,0.795665634674923,8340,33931,371,1455,37,5703,13,1606,18,13
"1203","2020-05-10",135,14,289,329,7106,0.795665634674923,8340,33931,371,1455,30,5733,16,1622,11,16
"1204","2020-05-11",121,14,302,304,7106,0.795665634674923,8340,33931,371,1455,35,5768,6,1628,22,6
"1205","2020-05-12",118,14,291,280,7106,0.795665634674923,8340,33931,371,1455,31,5799,7,1635,17,7
"1206","2020-05-13",111,14,278,285,7106,0.795665634674923,8340,33931,371,1455,26,5825,7,1642,17,7
"1207","2020-05-14",104,14,257,271,7106,0.795665634674923,8340,33931,371,1455,25,5850,21,1663,11,21
"1208","2020-05-15",96,14,279,256,7106,0.795665634674923,8340,33931,371,1455,23,5873,11,1674,15,11
"1209","2020-05-16",85,14,267,236,7106,0.795665634674923,8340,33931,371,1455,31,5904,48,1722,17,48
"1210","2020-05-17",76,14,260,228,7106,0.795665634674923,8340,33931,371,1455,24,5928,27,1749,9,27
"1211","2020-05-18",77,14,232,217,7106,0.795665634674923,8340,33931,371,1455,32,5960,43,1792,21,43
"1212","2020-05-19",73,14,240,199,7106,0.795665634674923,8340,33931,371,1455,26,5986,20,1812,16,20
"1213","2020-05-20",70,14,240,190,7106,0.795665634674923,8340,33931,371,1455,32,6018,14,1826,19,14
"1214","2020-05-21",68,14,256,173,7106,0.795665634674923,8340,33931,371,1455,28,6046,11,1837,13,11
"1215","2020-05-22",62,14,252,162,7106,0.795665634674923,8340,33931,371,1455,19,6065,5,1842,13,5
"1216","2020-05-23",63,14,258,157,7106,0.795665634674923,8340,33931,371,1455,19,6084,2,1844,8,2
"1217","2020-05-24",62,14,253,154,7106,0.795665634674923,8340,33931,371,1455,25,6109,10,1854,15,10
"1218","2020-05-25",54,14,222,146,7106,0.795665634674923,8340,33931,371,1455,16,6125,20,1874,9,20
"1219","2020-05-26",47,14,230,141,7106,0.795665634674923,8340,33931,371,1455,12,6137,38,1912,6,38
"1220","2020-05-27",48,14,246,141,7106,0.795665634674923,8340,33931,371,1455,26,6163,38,1950,16,38
"1221","2020-05-28",47,14,255,142,7106,0.795665634674923,8340,33931,371,1455,18,6181,20,1970,7,20
"1222","2020-05-29",48,14,265,128,7106,0.795665634674923,8340,33931,371,1455,22,6203,13,1983,11,13
"1223","2020-05-30",43,14,268,116,7106,0.795665634674923,8340,33931,371,1455,19,6222,50,2033,9,50
"1224","2020-05-31",37,14,251,117,7106,0.795665634674923,8340,33931,371,1455,18,6240,23,2056,13,23
"1225","2020-06-01",36,14,253,119,7106,0.795665634674923,8340,33931,371,1455,10,6250,16,2072,6,16
"1226","2020-06-02",39,14,242,116,7106,0.795665634674923,8340,33931,371,1455,12,6262,36,2108,7,36
"1227","2020-06-03",37,14,231,119,7106,0.795665634674923,8340,33931,371,1455,16,6278,22,2130,13,22
"1228","2020-06-04",34,14,228,112,7106,0.795665634674923,8340,33931,371,1455,10,6288,13,2143,4,13
"1229","2020-06-05",30,14,224,103,7106,0.795665634674923,8340,33931,371,1455,13,6301,17,2160,9,17
"1230","2020-06-06",35,14,234,100,7106,0.795665634674923,8340,33931,371,1455,13,6314,17,2177,4,17
"1231","2020-06-07",36,14,243,97,7106,0.795665634674923,8340,33931,371,1455,12,6326,14,2191,6,14
"1232","2020-03-12",1,15,190,221,8697,0.412556053811659,8310,41173,502,2448,69,161,17,47,1,17
"1233","2020-03-13",11,15,189,338,8697,0.412556053811659,8310,41173,502,2448,102,263,15,62,15,15
"1234","2020-03-14",50,15,188,457,8697,0.412556053811659,8310,41173,502,2448,112,375,19,81,21,19
"1235","2020-03-15",60,15,185,576,8697,0.412556053811659,8310,41173,502,2448,88,463,45,126,22,45
"1236","2020-03-16",68,15,181,716,8697,0.412556053811659,8310,41173,502,2448,113,576,18,144,25,18
"1237","2020-03-17",91,15,231,869,8697,0.412556053811659,8310,41173,502,2448,129,705,33,177,44,33
"1238","2020-03-18",126,15,227,1029,8697,0.412556053811659,8310,41173,502,2448,147,852,20,197,51,20
"1239","2020-03-19",161,15,202,1157,8697,0.412556053811659,8310,41173,502,2448,126,978,15,212,52,15
"1240","2020-03-20",239,15,178,1271,8697,0.412556053811659,8310,41173,502,2448,131,1109,14,226,48,14
"1241","2020-03-21",323,15,200,1363,8697,0.412556053811659,8310,41173,502,2448,138,1247,18,244,67,18
"1242","2020-03-22",390,15,190,1459,8697,0.412556053811659,8310,41173,502,2448,140,1387,34,278,71,34
"1243","2020-03-23",405,15,217,1546,8697,0.412556053811659,8310,41173,502,2448,143,1530,40,318,51,40
"1244","2020-03-24",420,15,294,1613,8697,0.412556053811659,8310,41173,502,2448,142,1672,14,332,55,14
"1245","2020-03-25",448,15,327,1650,8697,0.412556053811659,8310,41173,502,2448,131,1803,17,349,63,17
"1246","2020-03-26",467,15,296,1657,8697,0.412556053811659,8310,41173,502,2448,150,1953,39,388,75,39
"1247","2020-03-27",581,15,258,1699,8697,0.412556053811659,8310,41173,502,2448,144,2097,45,433,62,45
"1248","2020-03-28",587,15,227,1698,8697,0.412556053811659,8310,41173,502,2448,137,2234,32,465,63,32
"1249","2020-03-29",541,15,211,1720,8697,0.412556053811659,8310,41173,502,2448,175,2409,46,511,104,46
"1250","2020-03-30",545,15,201,1713,8697,0.412556053811659,8310,41173,502,2448,145,2554,51,562,71,51
"1251","2020-03-31",556,15,259,1721,8697,0.412556053811659,8310,41173,502,2448,161,2715,27,589,74,27
"1252","2020-04-01",556,15,271,1724,8697,0.412556053811659,8310,41173,502,2448,132,2847,45,634,53,45
"1253","2020-04-02",565,15,324,1719,8697,0.412556053811659,8310,41173,502,2448,148,2995,31,665,67,31
"1254","2020-04-03",599,15,335,1707,8697,0.412556053811659,8310,41173,502,2448,124,3119,16,681,56,16
"1255","2020-04-04",554,15,309,1685,8697,0.412556053811659,8310,41173,502,2448,128,3247,23,704,57,23
"1256","2020-04-05",518,15,270,1677,8697,0.412556053811659,8310,41173,502,2448,138,3385,28,732,67,28
"1257","2020-04-06",505,15,260,1622,8697,0.412556053811659,8310,41173,502,2448,105,3490,27,759,45,27
"1258","2020-04-07",493,15,235,1581,8697,0.412556053811659,8310,41173,502,2448,105,3595,51,810,47,51
"1259","2020-04-08",485,15,224,1556,8697,0.412556053811659,8310,41173,502,2448,130,3725,25,835,52,25
"1260","2020-04-09",477,15,210,1547,8697,0.412556053811659,8310,41173,502,2448,107,3832,23,858,38,23
"1261","2020-04-10",520,15,230,1507,8697,0.412556053811659,8310,41173,502,2448,128,3960,8,866,59,8
"1262","2020-04-11",539,15,232,1493,8697,0.412556053811659,8310,41173,502,2448,115,4075,10,876,45,10
"1263","2020-04-12",491,15,282,1467,8697,0.412556053811659,8310,41173,502,2448,91,4166,46,922,26,46
"1264","2020-04-13",476,15,273,1456,8697,0.412556053811659,8310,41173,502,2448,104,4270,49,971,33,49
"1265","2020-04-14",473,15,257,1434,8697,0.412556053811659,8310,41173,502,2448,101,4371,29,1000,31,29
"1266","2020-04-15",454,15,255,1426,8697,0.412556053811659,8310,41173,502,2448,103,4474,41,1041,37,41
"1267","2020-04-16",457,15,259,1406,8697,0.412556053811659,8310,41173,502,2448,79,4553,20,1061,19,20
"1268","2020-04-17",483,15,283,1382,8697,0.412556053811659,8310,41173,502,2448,93,4646,22,1083,35,22
"1269","2020-04-18",463,15,264,1360,8697,0.412556053811659,8310,41173,502,2448,86,4732,49,1132,30,49
"1270","2020-04-19",442,15,249,1329,8697,0.412556053811659,8310,41173,502,2448,90,4822,21,1153,34,21
"1271","2020-04-20",444,15,248,1274,8697,0.412556053811659,8310,41173,502,2448,92,4914,16,1169,30,16
"1272","2020-04-21",424,15,225,1258,8697,0.412556053811659,8310,41173,502,2448,98,5012,52,1221,28,52
"1273","2020-04-22",426,15,222,1218,8697,0.412556053811659,8310,41173,502,2448,86,5098,28,1249,29,28
"1274","2020-04-23",400,15,228,1209,8697,0.412556053811659,8310,41173,502,2448,78,5176,11,1260,30,11
"1275","2020-04-24",373,15,207,1181,8697,0.412556053811659,8310,41173,502,2448,76,5252,13,1273,29,13
"1276","2020-04-25",390,15,218,1141,8697,0.412556053811659,8310,41173,502,2448,70,5322,11,1284,14,11
"1277","2020-04-26",354,15,208,1105,8697,0.412556053811659,8310,41173,502,2448,69,5391,22,1306,15,22
"1278","2020-04-27",343,15,212,1062,8697,0.412556053811659,8310,41173,502,2448,65,5456,47,1353,27,47
"1279","2020-04-28",335,15,202,1032,8697,0.412556053811659,8310,41173,502,2448,70,5526,40,1393,20,40
"1280","2020-04-29",319,15,186,973,8697,0.412556053811659,8310,41173,502,2448,60,5586,53,1446,17,53
"1281","2020-04-30",314,15,202,949,8697,0.412556053811659,8310,41173,502,2448,57,5643,42,1488,16,42
"1282","2020-05-01",311,15,244,921,8697,0.412556053811659,8310,41173,502,2448,32,5675,21,1509,8,21
"1283","2020-05-02",295,15,274,889,8697,0.412556053811659,8310,41173,502,2448,69,5744,14,1523,18,14
"1284","2020-05-03",295,15,284,837,8697,0.412556053811659,8310,41173,502,2448,50,5794,18,1541,11,18
"1285","2020-05-04",284,15,274,807,8697,0.412556053811659,8310,41173,502,2448,47,5841,14,1555,6,14
"1286","2020-05-05",267,15,284,769,8697,0.412556053811659,8310,41173,502,2448,53,5894,45,1600,13,45
"1287","2020-05-06",270,15,320,742,8697,0.412556053811659,8310,41173,502,2448,46,5940,52,1652,9,52
"1288","2020-05-07",264,15,329,708,8697,0.412556053811659,8310,41173,502,2448,52,5992,54,1706,9,54
"1289","2020-05-08",265,15,315,686,8697,0.412556053811659,8310,41173,502,2448,49,6041,56,1762,11,56
"1290","2020-05-09",256,15,326,674,8697,0.412556053811659,8310,41173,502,2448,50,6091,37,1799,8,37
"1291","2020-05-10",218,15,367,637,8697,0.412556053811659,8310,41173,502,2448,49,6140,22,1821,8,22
"1292","2020-05-11",206,15,333,619,8697,0.412556053811659,8310,41173,502,2448,29,6169,19,1840,9,19
"1293","2020-05-12",205,15,292,609,8697,0.412556053811659,8310,41173,502,2448,40,6209,8,1848,7,8
"1294","2020-05-13",207,15,270,568,8697,0.412556053811659,8310,41173,502,2448,36,6245,36,1884,5,36
"1295","2020-05-14",204,15,299,533,8697,0.412556053811659,8310,41173,502,2448,42,6287,32,1916,10,32
"1296","2020-05-15",172,15,311,513,8697,0.412556053811659,8310,41173,502,2448,28,6315,19,1935,7,19
"1297","2020-05-16",176,15,281,497,8697,0.412556053811659,8310,41173,502,2448,33,6348,23,1958,9,23
"1298","2020-05-17",164,15,271,474,8697,0.412556053811659,8310,41173,502,2448,33,6381,31,1989,5,31
"1299","2020-05-18",152,15,241,451,8697,0.412556053811659,8310,41173,502,2448,25,6406,42,2031,5,42
"1300","2020-05-19",147,15,216,428,8697,0.412556053811659,8310,41173,502,2448,25,6431,32,2063,1,32
"1301","2020-05-20",131,15,199,413,8697,0.412556053811659,8310,41173,502,2448,26,6457,44,2107,2,44
"1302","2020-05-21",131,15,203,404,8697,0.412556053811659,8310,41173,502,2448,26,6483,18,2125,4,18
"1303","2020-05-22",128,15,193,384,8697,0.412556053811659,8310,41173,502,2448,22,6505,40,2165,3,40
"1304","2020-05-23",142,15,248,357,8697,0.412556053811659,8310,41173,502,2448,17,6522,39,2204,6,39
"1305","2020-05-24",126,15,294,337,8697,0.412556053811659,8310,41173,502,2448,22,6544,48,2252,5,48
"1306","2020-05-25",111,15,279,332,8697,0.412556053811659,8310,41173,502,2448,18,6562,32,2284,2,32
"1307","2020-05-26",108,15,316,303,8697,0.412556053811659,8310,41173,502,2448,23,6585,27,2311,4,27
"1308","2020-05-27",103,15,322,291,8697,0.412556053811659,8310,41173,502,2448,24,6609,29,2340,5,29
"1309","2020-05-28",95,15,289,282,8697,0.412556053811659,8310,41173,502,2448,28,6637,15,2355,6,15
"1310","2020-05-29",104,15,262,265,8697,0.412556053811659,8310,41173,502,2448,10,6647,9,2364,2,9
"1311","2020-05-30",83,15,229,257,8697,0.412556053811659,8310,41173,502,2448,11,6658,20,2384,2,20
"1312","2020-05-31",75,15,225,250,8697,0.412556053811659,8310,41173,502,2448,15,6673,35,2419,3,35
"1313","2020-06-01",80,15,272,238,8697,0.412556053811659,8310,41173,502,2448,12,6685,35,2454,3,35
"1314","2020-06-02",77,15,269,227,8697,0.412556053811659,8310,41173,502,2448,15,6700,21,2475,1,21
"1315","2020-06-03",79,15,256,226,8697,0.412556053811659,8310,41173,502,2448,12,6712,26,2501,1,26
"1316","2020-06-04",77,15,244,209,8697,0.412556053811659,8310,41173,502,2448,12,6724,21,2522,2,21
"1317","2020-06-05",86,15,235,193,8697,0.412556053811659,8310,41173,502,2448,7,6731,18,2540,2,18
"1318","2020-06-06",85,15,266,184,8697,0.412556053811659,8310,41173,502,2448,11,6742,22,2562,2,22
"1319","2020-06-07",73,15,281,177,8697,0.412556053811659,8310,41173,502,2448,12,6754,22,2584,2,22
"1320","2020-03-08",2,16,0,0,6952,0.765822784810127,8250,33629,384,1569,NA,NA,NA,NA,NA,NA
"1321","2020-03-09",2,16,0,0,6952,0.765822784810127,8250,33629,384,1569,NA,NA,NA,NA,NA,NA
"1322","2020-03-10",0,16,0,0,6952,0.765822784810127,8250,33629,384,1569,NA,NA,3,3,NA,3
"1323","2020-03-11",0,16,0,0,6952,0.765822784810127,8250,33629,384,1569,53,53,33,36,1,33
"1324","2020-03-12",0,16,0,0,6952,0.765822784810127,8250,33629,384,1569,75,128,69,105,9,69
"1325","2020-03-13",4,16,121,97,6952,0.765822784810127,8250,33629,384,1569,71,199,34,139,10,34
"1326","2020-03-14",5,16,156,136,6952,0.765822784810127,8250,33629,384,1569,78,277,54,193,18,54
"1327","2020-03-15",16,16,141,195,6952,0.765822784810127,8250,33629,384,1569,101,378,66,259,27,66
"1328","2020-03-16",24,16,175,257,6952,0.765822784810127,8250,33629,384,1569,111,489,48,307,42,48
"1329","2020-03-17",30,16,167,340,6952,0.765822784810127,8250,33629,384,1569,134,623,45,352,63,45
"1330","2020-03-18",47,16,164,417,6952,0.765822784810127,8250,33629,384,1569,129,752,60,412,67,60
"1331","2020-03-19",62,16,164,492,6952,0.765822784810127,8250,33629,384,1569,131,883,67,479,77,67
"1332","2020-03-20",85,16,188,608,6952,0.765822784810127,8250,33629,384,1569,146,1029,67,546,90,67
"1333","2020-03-21",149,16,207,695,6952,0.765822784810127,8250,33629,384,1569,156,1185,55,601,106,55
"1334","2020-03-22",171,16,203,797,6952,0.765822784810127,8250,33629,384,1569,157,1342,30,631,111,30
"1335","2020-03-23",181,16,192,903,6952,0.765822784810127,8250,33629,384,1569,139,1481,35,666,89,35
"1336","2020-03-24",208,16,192,1036,6952,0.765822784810127,8250,33629,384,1569,205,1686,46,712,159,46
"1337","2020-03-25",233,16,226,1168,6952,0.765822784810127,8250,33629,384,1569,163,1849,33,745,130,33
"1338","2020-03-26",259,16,234,1294,6952,0.765822784810127,8250,33629,384,1569,169,2018,41,786,118,41
"1339","2020-03-27",390,16,220,1408,6952,0.765822784810127,8250,33629,384,1569,180,2198,41,827,125,41
"1340","2020-03-28",396,16,240,1562,6952,0.765822784810127,8250,33629,384,1569,159,2357,43,870,108,43
"1341","2020-03-29",473,16,279,1619,6952,0.765822784810127,8250,33629,384,1569,163,2520,28,898,114,28
"1342","2020-03-30",501,16,266,1729,6952,0.765822784810127,8250,33629,384,1569,161,2681,28,926,110,28
"1343","2020-03-31",497,16,288,1828,6952,0.765822784810127,8250,33629,384,1569,172,2853,28,954,121,28
"1344","2020-04-01",519,16,296,1898,6952,0.765822784810127,8250,33629,384,1569,149,3002,39,993,99,39
"1345","2020-04-02",538,16,282,1966,6952,0.765822784810127,8250,33629,384,1569,136,3138,22,1015,98,22
"1346","2020-04-03",681,16,300,2064,6952,0.765822784810127,8250,33629,384,1569,154,3292,33,1048,102,33
"1347","2020-04-04",724,16,311,2107,6952,0.765822784810127,8250,33629,384,1569,172,3464,33,1081,129,33
"1348","2020-04-05",634,16,303,2117,6952,0.765822784810127,8250,33629,384,1569,174,3638,52,1133,124,52
"1349","2020-04-06",653,16,276,2140,6952,0.765822784810127,8250,33629,384,1569,143,3781,60,1193,93,60
"1350","2020-04-07",652,16,269,2143,6952,0.765822784810127,8250,33629,384,1569,148,3929,33,1226,104,33
"1351","2020-04-08",675,16,258,2099,6952,0.765822784810127,8250,33629,384,1569,145,4074,26,1252,89,26
"1352","2020-04-09",699,16,262,2065,6952,0.765822784810127,8250,33629,384,1569,111,4185,52,1304,61,52
"1353","2020-04-10",744,16,284,2090,6952,0.765822784810127,8250,33629,384,1569,102,4287,38,1342,75,38
"1354","2020-04-11",735,16,259,1985,6952,0.765822784810127,8250,33629,384,1569,117,4404,42,1384,85,42
"1355","2020-04-12",684,16,255,1952,6952,0.765822784810127,8250,33629,384,1569,106,4510,32,1416,56,32
"1356","2020-04-13",666,16,232,1894,6952,0.765822784810127,8250,33629,384,1569,97,4607,49,1465,50,49
"1357","2020-04-14",659,16,211,1830,6952,0.765822784810127,8250,33629,384,1569,121,4728,30,1495,69,30
"1358","2020-04-15",642,16,221,1766,6952,0.765822784810127,8250,33629,384,1569,110,4838,39,1534,72,39
"1359","2020-04-16",623,16,256,1667,6952,0.765822784810127,8250,33629,384,1569,93,4931,46,1580,55,46
"1360","2020-04-17",633,16,252,1610,6952,0.765822784810127,8250,33629,384,1569,107,5038,47,1627,58,47
"1361","2020-04-18",602,16,249,1534,6952,0.765822784810127,8250,33629,384,1569,72,5110,40,1667,39,40
"1362","2020-04-19",551,16,253,1404,6952,0.765822784810127,8250,33629,384,1569,81,5191,32,1699,51,32
"1363","2020-04-20",528,16,237,1355,6952,0.765822784810127,8250,33629,384,1569,88,5279,27,1726,43,27
"1364","2020-04-21",517,16,232,1296,6952,0.765822784810127,8250,33629,384,1569,66,5345,19,1745,23,19
"1365","2020-04-22",482,16,241,1197,6952,0.765822784810127,8250,33629,384,1569,62,5407,42,1787,30,42
"1366","2020-04-23",468,16,228,1126,6952,0.765822784810127,8250,33629,384,1569,61,5468,41,1828,33,41
"1367","2020-04-24",399,16,233,1026,6952,0.765822784810127,8250,33629,384,1569,65,5533,35,1863,29,35
"1368","2020-04-25",404,16,234,972,6952,0.765822784810127,8250,33629,384,1569,50,5583,33,1896,18,33
"1369","2020-04-26",363,16,218,884,6952,0.765822784810127,8250,33629,384,1569,53,5636,26,1922,23,26
"1370","2020-04-27",339,16,219,818,6952,0.765822784810127,8250,33629,384,1569,55,5691,30,1952,25,30
"1371","2020-04-28",317,16,273,760,6952,0.765822784810127,8250,33629,384,1569,48,5739,39,1991,17,39
"1372","2020-04-29",307,16,279,706,6952,0.765822784810127,8250,33629,384,1569,42,5781,41,2032,16,41
"1373","2020-04-30",286,16,275,653,6952,0.765822784810127,8250,33629,384,1569,51,5832,25,2057,11,25
"1374","2020-05-01",255,16,265,609,6952,0.765822784810127,8250,33629,384,1569,39,5871,37,2094,14,37
"1375","2020-05-02",225,16,292,557,6952,0.765822784810127,8250,33629,384,1569,41,5912,24,2118,20,24
"1376","2020-05-03",218,16,314,540,6952,0.765822784810127,8250,33629,384,1569,47,5959,32,2150,13,32
"1377","2020-05-04",212,16,315,497,6952,0.765822784810127,8250,33629,384,1569,35,5994,38,2188,14,38
"1378","2020-05-05",198,16,301,438,6952,0.765822784810127,8250,33629,384,1569,38,6032,46,2234,8,46
"1379","2020-05-06",187,16,269,399,6952,0.765822784810127,8250,33629,384,1569,25,6057,47,2281,8,47
"1380","2020-05-07",176,16,250,369,6952,0.765822784810127,8250,33629,384,1569,43,6100,40,2321,18,40
"1381","2020-05-08",157,16,253,347,6952,0.765822784810127,8250,33629,384,1569,36,6136,33,2354,7,33
"1382","2020-05-09",146,16,264,333,6952,0.765822784810127,8250,33629,384,1569,39,6175,45,2399,12,45
"1383","2020-05-10",127,16,250,312,6952,0.765822784810127,8250,33629,384,1569,34,6209,44,2443,12,44
"1384","2020-05-11",117,16,261,287,6952,0.765822784810127,8250,33629,384,1569,23,6232,23,2466,8,23
"1385","2020-05-12",104,16,249,256,6952,0.765822784810127,8250,33629,384,1569,32,6264,27,2493,10,27
"1386","2020-05-13",101,16,244,246,6952,0.765822784810127,8250,33629,384,1569,30,6294,49,2542,14,49
"1387","2020-05-14",93,16,226,235,6952,0.765822784810127,8250,33629,384,1569,35,6329,66,2608,14,66
"1388","2020-05-15",87,16,207,219,6952,0.765822784810127,8250,33629,384,1569,27,6356,39,2647,6,39
"1389","2020-05-16",93,16,202,208,6952,0.765822784810127,8250,33629,384,1569,26,6382,38,2685,9,38
"1390","2020-05-17",87,16,211,188,6952,0.765822784810127,8250,33629,384,1569,32,6414,23,2708,8,23
"1391","2020-05-18",77,16,223,182,6952,0.765822784810127,8250,33629,384,1569,28,6442,29,2737,5,29
"1392","2020-05-19",75,16,210,171,6952,0.765822784810127,8250,33629,384,1569,32,6474,34,2771,11,34
"1393","2020-05-20",74,16,219,157,6952,0.765822784810127,8250,33629,384,1569,33,6507,22,2793,13,22
"1394","2020-05-21",71,16,219,156,6952,0.765822784810127,8250,33629,384,1569,17,6524,25,2818,6,25
"1395","2020-05-22",69,16,243,149,6952,0.765822784810127,8250,33629,384,1569,30,6554,33,2851,11,33
"1396","2020-05-23",64,16,244,137,6952,0.765822784810127,8250,33629,384,1569,16,6570,43,2894,6,43
"1397","2020-05-24",52,16,227,121,6952,0.765822784810127,8250,33629,384,1569,21,6591,30,2924,8,30
"1398","2020-05-25",49,16,216,118,6952,0.765822784810127,8250,33629,384,1569,15,6606,51,2975,6,51
"1399","2020-05-26",48,16,207,109,6952,0.765822784810127,8250,33629,384,1569,17,6623,49,3024,4,49
"1400","2020-05-27",44,16,230,109,6952,0.765822784810127,8250,33629,384,1569,16,6639,66,3090,4,66
"1401","2020-05-28",36,16,259,104,6952,0.765822784810127,8250,33629,384,1569,19,6658,33,3123,4,33
"1402","2020-05-29",35,16,303,102,6952,0.765822784810127,8250,33629,384,1569,19,6677,38,3161,11,38
"1403","2020-05-30",40,16,302,104,6952,0.765822784810127,8250,33629,384,1569,12,6689,35,3196,4,35
"1404","2020-05-31",40,16,281,101,6952,0.765822784810127,8250,33629,384,1569,9,6698,51,3247,2,51
"1405","2020-06-01",38,16,248,101,6952,0.765822784810127,8250,33629,384,1569,13,6711,36,3283,6,36
"1406","2020-06-02",33,16,243,103,6952,0.765822784810127,8250,33629,384,1569,8,6719,41,3324,2,41
"1407","2020-06-03",29,16,239,106,6952,0.765822784810127,8250,33629,384,1569,10,6729,57,3381,7,57
"1408","2020-06-04",33,16,236,102,6952,0.765822784810127,8250,33629,384,1569,9,6738,51,3432,3,51
"1409","2020-06-05",35,16,229,99,6952,0.765822784810127,8250,33629,384,1569,15,6753,66,3498,2,66
"1410","2020-06-06",29,16,213,100,6952,0.765822784810127,8250,33629,384,1569,8,6761,35,3533,NA,35
"1411","2020-06-07",29,16,204,98,6952,0.765822784810127,8250,33629,384,1569,5,6766,38,3571,2,38
"1412","2020-03-12",1,17,110,97,7326,0.534534534534535,8400,36018,433,1608,25,40,42,93,15,42
"1413","2020-03-13",6,17,125,141,7326,0.534534534534535,8400,36018,433,1608,30,70,17,110,17,17
"1414","2020-03-14",19,17,120,214,7326,0.534534534534535,8400,36018,433,1608,34,104,40,150,26,40
"1415","2020-03-15",29,17,124,293,7326,0.534534534534535,8400,36018,433,1608,42,146,27,177,33,27
"1416","2020-03-16",35,17,143,379,7326,0.534534534534535,8400,36018,433,1608,53,199,18,195,45,18
"1417","2020-03-17",50,17,152,480,7326,0.534534534534535,8400,36018,433,1608,59,258,44,239,48,44
"1418","2020-03-18",70,17,143,566,7326,0.534534534534535,8400,36018,433,1608,74,332,29,268,67,29
"1419","2020-03-19",89,17,139,674,7326,0.534534534534535,8400,36018,433,1608,98,430,17,285,92,17
"1420","2020-03-20",141,17,163,783,7326,0.534534534534535,8400,36018,433,1608,106,536,46,331,93,46
"1421","2020-03-21",185,17,157,891,7326,0.534534534534535,8400,36018,433,1608,115,651,27,358,107,27
"1422","2020-03-22",243,17,161,1003,7326,0.534534534534535,8400,36018,433,1608,110,761,61,419,99,61
"1423","2020-03-23",254,17,172,1119,7326,0.534534534534535,8400,36018,433,1608,127,888,25,444,119,25
"1424","2020-03-24",278,17,186,1214,7326,0.534534534534535,8400,36018,433,1608,143,1031,17,461,132,17
"1425","2020-03-25",291,17,234,1318,7326,0.534534534534535,8400,36018,433,1608,140,1171,13,474,125,13
"1426","2020-03-26",318,17,270,1388,7326,0.534534534534535,8400,36018,433,1608,165,1336,17,491,147,17
"1427","2020-03-27",455,17,239,1458,7326,0.534534534534535,8400,36018,433,1608,163,1499,48,539,151,48
"1428","2020-03-28",510,17,226,1540,7326,0.534534534534535,8400,36018,433,1608,163,1662,46,585,151,46
"1429","2020-03-29",462,17,275,1650,7326,0.534534534534535,8400,36018,433,1608,148,1810,26,611,135,26
"1430","2020-03-30",478,17,301,1709,7326,0.534534534534535,8400,36018,433,1608,146,1956,22,633,137,22
"1431","2020-03-31",485,17,334,1758,7326,0.534534534534535,8400,36018,433,1608,167,2123,21,654,152,21
"1432","2020-04-01",523,17,304,1811,7326,0.534534534534535,8400,36018,433,1608,173,2296,21,675,162,21
"1433","2020-04-02",530,17,307,1845,7326,0.534534534534535,8400,36018,433,1608,181,2477,17,692,176,17
"1434","2020-04-03",645,17,292,1900,7326,0.534534534534535,8400,36018,433,1608,214,2691,45,737,203,45
"1435","2020-04-04",640,17,290,1920,7326,0.534534534534535,8400,36018,433,1608,188,2879,58,795,183,58
"1436","2020-04-05",588,17,271,1934,7326,0.534534534534535,8400,36018,433,1608,193,3072,37,832,184,37
"1437","2020-04-06",599,17,253,1925,7326,0.534534534534535,8400,36018,433,1608,170,3242,27,859,166,27
"1438","2020-04-07",605,17,249,1924,7326,0.534534534534535,8400,36018,433,1608,184,3426,28,887,175,28
"1439","2020-04-08",599,17,225,1898,7326,0.534534534534535,8400,36018,433,1608,163,3589,11,898,153,11
"1440","2020-04-09",628,17,259,1867,7326,0.534534534534535,8400,36018,433,1608,155,3744,24,922,148,24
"1441","2020-04-10",646,17,248,1811,7326,0.534534534534535,8400,36018,433,1608,210,3954,39,961,199,39
"1442","2020-04-11",640,17,241,1773,7326,0.534534534534535,8400,36018,433,1608,152,4106,31,992,147,31
"1443","2020-04-12",603,17,225,1718,7326,0.534534534534535,8400,36018,433,1608,156,4262,19,1011,151,19
"1444","2020-04-13",571,17,228,1628,7326,0.534534534534535,8400,36018,433,1608,131,4393,12,1023,124,12
"1445","2020-04-14",563,17,279,1589,7326,0.534534534534535,8400,36018,433,1608,129,4522,10,1033,117,10
"1446","2020-04-15",551,17,271,1508,7326,0.534534534534535,8400,36018,433,1608,99,4621,22,1055,89,22
"1447","2020-04-16",526,17,266,1459,7326,0.534534534534535,8400,36018,433,1608,145,4766,26,1081,139,26
"1448","2020-04-17",504,17,249,1382,7326,0.534534534534535,8400,36018,433,1608,98,4864,42,1123,94,42
"1449","2020-04-18",513,17,238,1326,7326,0.534534534534535,8400,36018,433,1608,107,4971,40,1163,101,40
"1450","2020-04-19",471,17,227,1279,7326,0.534534534534535,8400,36018,433,1608,79,5050,77,1240,71,77
"1451","2020-04-20",454,17,239,1212,7326,0.534534534534535,8400,36018,433,1608,73,5123,82,1322,67,82
"1452","2020-04-21",438,17,215,1143,7326,0.534534534534535,8400,36018,433,1608,88,5211,30,1352,83,30
"1453","2020-04-22",429,17,217,1081,7326,0.534534534534535,8400,36018,433,1608,62,5273,31,1383,59,31
"1454","2020-04-23",409,17,227,1045,7326,0.534534534534535,8400,36018,433,1608,78,5351,43,1426,65,43
"1455","2020-04-24",386,17,221,981,7326,0.534534534534535,8400,36018,433,1608,68,5419,24,1450,66,24
"1456","2020-04-25",359,17,230,919,7326,0.534534534534535,8400,36018,433,1608,66,5485,16,1466,58,16
"1457","2020-04-26",363,17,226,897,7326,0.534534534534535,8400,36018,433,1608,56,5541,9,1475,47,9
"1458","2020-04-27",351,17,199,836,7326,0.534534534534535,8400,36018,433,1608,56,5597,13,1488,51,13
"1459","2020-04-28",330,17,206,795,7326,0.534534534534535,8400,36018,433,1608,42,5639,21,1509,35,21
"1460","2020-04-29",312,17,266,756,7326,0.534534534534535,8400,36018,433,1608,52,5691,59,1568,45,59
"1461","2020-04-30",307,17,269,718,7326,0.534534534534535,8400,36018,433,1608,38,5729,57,1625,34,57
"1462","2020-05-01",275,17,250,696,7326,0.534534534534535,8400,36018,433,1608,46,5775,28,1653,40,28
"1463","2020-05-02",266,17,249,671,7326,0.534534534534535,8400,36018,433,1608,37,5812,18,1671,29,18
"1464","2020-05-03",232,17,244,639,7326,0.534534534534535,8400,36018,433,1608,34,5846,24,1695,34,24
"1465","2020-05-04",219,17,212,612,7326,0.534534534534535,8400,36018,433,1608,32,5878,40,1735,30,40
"1466","2020-05-05",205,17,206,571,7326,0.534534534534535,8400,36018,433,1608,36,5914,77,1812,31,77
"1467","2020-05-06",206,17,211,528,7326,0.534534534534535,8400,36018,433,1608,29,5943,30,1842,28,30
"1468","2020-05-07",185,17,209,500,7326,0.534534534534535,8400,36018,433,1608,24,5967,18,1860,21,18
"1469","2020-05-08",168,17,194,471,7326,0.534534534534535,8400,36018,433,1608,28,5995,30,1890,24,30
"1470","2020-05-09",166,17,215,433,7326,0.534534534534535,8400,36018,433,1608,30,6025,48,1938,25,48
"1471","2020-05-10",168,17,191,405,7326,0.534534534534535,8400,36018,433,1608,23,6048,28,1966,21,28
"1472","2020-05-11",160,17,199,380,7326,0.534534534534535,8400,36018,433,1608,17,6065,50,2016,13,50
"1473","2020-05-12",168,17,195,361,7326,0.534534534534535,8400,36018,433,1608,20,6085,61,2077,18,61
"1474","2020-05-13",151,17,187,343,7326,0.534534534534535,8400,36018,433,1608,15,6100,40,2117,14,40
"1475","2020-05-14",150,17,242,323,7326,0.534534534534535,8400,36018,433,1608,17,6117,12,2129,17,12
"1476","2020-05-15",128,17,280,315,7326,0.534534534534535,8400,36018,433,1608,21,6138,20,2149,16,20
"1477","2020-05-16",125,17,288,302,7326,0.534534534534535,8400,36018,433,1608,24,6162,14,2163,19,14
"1478","2020-05-17",99,17,321,293,7326,0.534534534534535,8400,36018,433,1608,14,6176,12,2175,12,12
"1479","2020-05-18",89,17,293,287,7326,0.534534534534535,8400,36018,433,1608,11,6187,53,2228,8,53
"1480","2020-05-19",69,17,263,283,7326,0.534534534534535,8400,36018,433,1608,19,6206,34,2262,12,34
"1481","2020-05-20",70,17,215,270,7326,0.534534534534535,8400,36018,433,1608,15,6221,33,2295,11,33
"1482","2020-05-21",70,17,183,263,7326,0.534534534534535,8400,36018,433,1608,13,6234,14,2309,9,14
"1483","2020-05-22",75,17,182,249,7326,0.534534534534535,8400,36018,433,1608,9,6243,16,2325,5,16
"1484","2020-05-23",68,17,171,233,7326,0.534534534534535,8400,36018,433,1608,12,6255,19,2344,10,19
"1485","2020-05-24",62,17,192,213,7326,0.534534534534535,8400,36018,433,1608,9,6264,6,2350,7,6
"1486","2020-05-25",66,17,226,218,7326,0.534534534534535,8400,36018,433,1608,11,6275,10,2360,8,10
"1487","2020-05-26",65,17,213,209,7326,0.534534534534535,8400,36018,433,1608,8,6283,11,2371,7,11
"1488","2020-05-27",63,17,193,212,7326,0.534534534534535,8400,36018,433,1608,8,6291,48,2419,8,48
"1489","2020-05-28",59,17,186,213,7326,0.534534534534535,8400,36018,433,1608,12,6303,33,2452,9,33
"1490","2020-05-29",56,17,203,209,7326,0.534534534534535,8400,36018,433,1608,12,6315,65,2517,6,65
"1491","2020-05-30",69,17,206,194,7326,0.534534534534535,8400,36018,433,1608,11,6326,36,2553,8,36
"1492","2020-05-31",66,17,205,186,7326,0.534534534534535,8400,36018,433,1608,11,6337,28,2581,9,28
"1493","2020-06-01",56,17,183,185,7326,0.534534534534535,8400,36018,433,1608,8,6345,25,2606,7,25
"1494","2020-06-02",58,17,156,180,7326,0.534534534534535,8400,36018,433,1608,11,6356,20,2626,11,20
"1495","2020-06-03",57,17,157,168,7326,0.534534534534535,8400,36018,433,1608,7,6363,19,2645,6,19
"1496","2020-06-04",59,17,156,151,7326,0.534534534534535,8400,36018,433,1608,7,6370,13,2658,6,13
"1497","2020-06-05",61,17,139,159,7326,0.534534534534535,8400,36018,433,1608,8,6378,12,2670,8,12
"1498","2020-06-06",52,17,137,154,7326,0.534534534534535,8400,36018,433,1608,13,6391,6,2676,11,6
"1499","2020-06-07",52,17,165,149,7326,0.534534534534535,8400,36018,433,1608,4,6395,10,2686,3,10
"1500","2020-03-08",1,18,0,0,6654,0.746618575293057,8370,33812,424,2073,NA,NA,NA,NA,NA,NA
"1501","2020-03-09",1,18,0,0,6654,0.746618575293057,8370,33812,424,2073,NA,NA,NA,NA,NA,NA
"1502","2020-03-10",0,18,0,0,6654,0.746618575293057,8370,33812,424,2073,NA,NA,8,8,NA,8
"1503","2020-03-11",0,18,0,0,6654,0.746618575293057,8370,33812,424,2073,15,15,32,40,NA,32
"1504","2020-03-12",0,18,0,0,6654,0.746618575293057,8370,33812,424,2073,23,38,51,91,2,51
"1505","2020-03-13",1,18,224,94,6654,0.746618575293057,8370,33812,424,2073,23,61,22,113,7,22
"1506","2020-03-14",5,18,239,139,6654,0.746618575293057,8370,33812,424,2073,26,87,42,155,12,42
"1507","2020-03-15",16,18,257,198,6654,0.746618575293057,8370,33812,424,2073,20,107,49,204,10,49
"1508","2020-03-16",22,18,280,258,6654,0.746618575293057,8370,33812,424,2073,36,143,36,240,22,36
"1509","2020-03-17",21,18,265,335,6654,0.746618575293057,8370,33812,424,2073,40,183,23,263,29,23
"1510","2020-03-18",34,18,262,399,6654,0.746618575293057,8370,33812,424,2073,52,235,35,298,31,35
"1511","2020-03-19",51,18,245,494,6654,0.746618575293057,8370,33812,424,2073,57,292,59,357,39,59
"1512","2020-03-20",86,18,232,571,6654,0.746618575293057,8370,33812,424,2073,64,356,47,404,48,47
"1513","2020-03-21",121,18,215,674,6654,0.746618575293057,8370,33812,424,2073,78,434,26,430,64,26
"1514","2020-03-22",178,18,208,750,6654,0.746618575293057,8370,33812,424,2073,93,527,19,449,79,19
"1515","2020-03-23",197,18,204,835,6654,0.746618575293057,8370,33812,424,2073,90,617,8,457,70,8
"1516","2020-03-24",207,18,180,921,6654,0.746618575293057,8370,33812,424,2073,119,736,24,481,107,24
"1517","2020-03-25",224,18,170,1004,6654,0.746618575293057,8370,33812,424,2073,105,841,14,495,91,14
"1518","2020-03-26",235,18,150,1087,6654,0.746618575293057,8370,33812,424,2073,126,967,24,519,110,24
"1519","2020-03-27",334,18,186,1181,6654,0.746618575293057,8370,33812,424,2073,135,1102,36,555,119,36
"1520","2020-03-28",354,18,222,1287,6654,0.746618575293057,8370,33812,424,2073,146,1248,26,581,136,26
"1521","2020-03-29",350,18,249,1372,6654,0.746618575293057,8370,33812,424,2073,171,1419,13,594,153,13
"1522","2020-03-30",350,18,230,1473,6654,0.746618575293057,8370,33812,424,2073,182,1601,12,606,169,12
"1523","2020-03-31",371,18,191,1575,6654,0.746618575293057,8370,33812,424,2073,185,1786,15,621,164,15
"1524","2020-04-01",408,18,181,1646,6654,0.746618575293057,8370,33812,424,2073,166,1952,50,671,152,50
"1525","2020-04-02",434,18,165,1731,6654,0.746618575293057,8370,33812,424,2073,176,2128,29,700,163,29
"1526","2020-04-03",508,18,155,1783,6654,0.746618575293057,8370,33812,424,2073,210,2338,20,720,199,20
"1527","2020-04-04",560,18,144,1825,6654,0.746618575293057,8370,33812,424,2073,199,2537,24,744,186,24
"1528","2020-04-05",528,18,142,1839,6654,0.746618575293057,8370,33812,424,2073,184,2721,20,764,165,20
"1529","2020-04-06",553,18,133,1883,6654,0.746618575293057,8370,33812,424,2073,173,2894,9,773,161,9
"1530","2020-04-07",550,18,170,1899,6654,0.746618575293057,8370,33812,424,2073,184,3078,13,786,167,13
"1531","2020-04-08",560,18,182,1878,6654,0.746618575293057,8370,33812,424,2073,199,3277,18,804,180,18
"1532","2020-04-09",578,18,181,1895,6654,0.746618575293057,8370,33812,424,2073,151,3428,27,831,141,27
"1533","2020-04-10",672,18,189,1896,6654,0.746618575293057,8370,33812,424,2073,225,3653,54,885,214,54
"1534","2020-04-11",637,18,210,1880,6654,0.746618575293057,8370,33812,424,2073,204,3857,45,930,190,45
"1535","2020-04-12",617,18,214,1819,6654,0.746618575293057,8370,33812,424,2073,188,4045,26,956,178,26
"1536","2020-04-13",610,18,207,1734,6654,0.746618575293057,8370,33812,424,2073,165,4210,24,980,154,24
"1537","2020-04-14",593,18,206,1693,6654,0.746618575293057,8370,33812,424,2073,146,4356,17,997,142,17
"1538","2020-04-15",581,18,207,1634,6654,0.746618575293057,8370,33812,424,2073,134,4490,47,1044,127,47
"1539","2020-04-16",569,18,243,1593,6654,0.746618575293057,8370,33812,424,2073,152,4642,17,1061,137,17
"1540","2020-04-17",573,18,236,1491,6654,0.746618575293057,8370,33812,424,2073,136,4778,11,1072,122,11
"1541","2020-04-18",574,18,233,1408,6654,0.746618575293057,8370,33812,424,2073,106,4884,12,1084,102,12
"1542","2020-04-19",509,18,271,1356,6654,0.746618575293057,8370,33812,424,2073,101,4985,26,1110,93,26
"1543","2020-04-20",481,18,263,1325,6654,0.746618575293057,8370,33812,424,2073,83,5068,13,1123,80,13
"1544","2020-04-21",481,18,249,1242,6654,0.746618575293057,8370,33812,424,2073,96,5164,37,1160,86,37
"1545","2020-04-22",462,18,286,1153,6654,0.746618575293057,8370,33812,424,2073,77,5241,22,1182,70,22
"1546","2020-04-23",445,18,276,1061,6654,0.746618575293057,8370,33812,424,2073,80,5321,15,1197,71,15
"1547","2020-04-24",394,18,293,1012,6654,0.746618575293057,8370,33812,424,2073,64,5385,22,1219,60,22
"1548","2020-04-25",379,18,280,963,6654,0.746618575293057,8370,33812,424,2073,69,5454,13,1232,61,13
"1549","2020-04-26",352,18,251,894,6654,0.746618575293057,8370,33812,424,2073,39,5493,11,1243,35,11
"1550","2020-04-27",338,18,222,843,6654,0.746618575293057,8370,33812,424,2073,55,5548,7,1250,47,7
"1551","2020-04-28",314,18,237,797,6654,0.746618575293057,8370,33812,424,2073,39,5587,45,1295,34,45
"1552","2020-04-29",297,18,222,761,6654,0.746618575293057,8370,33812,424,2073,43,5630,34,1329,32,34
"1553","2020-04-30",289,18,214,727,6654,0.746618575293057,8370,33812,424,2073,27,5657,16,1345,22,16
"1554","2020-05-01",280,18,212,676,6654,0.746618575293057,8370,33812,424,2073,28,5685,11,1356,23,11
"1555","2020-05-02",278,18,209,627,6654,0.746618575293057,8370,33812,424,2073,32,5717,12,1368,28,12
"1556","2020-05-03",242,18,216,594,6654,0.746618575293057,8370,33812,424,2073,32,5749,29,1397,22,29
"1557","2020-05-04",237,18,208,554,6654,0.746618575293057,8370,33812,424,2073,39,5788,49,1446,31,49
"1558","2020-05-05",215,18,248,518,6654,0.746618575293057,8370,33812,424,2073,15,5803,57,1503,11,57
"1559","2020-05-06",201,18,238,482,6654,0.746618575293057,8370,33812,424,2073,24,5827,38,1541,18,38
"1560","2020-05-07",187,18,228,463,6654,0.746618575293057,8370,33812,424,2073,20,5847,23,1564,14,23
"1561","2020-05-08",155,18,219,423,6654,0.746618575293057,8370,33812,424,2073,23,5870,17,1581,19,17
"1562","2020-05-09",143,18,212,391,6654,0.746618575293057,8370,33812,424,2073,20,5890,12,1593,16,12
"1563","2020-05-10",143,18,202,379,6654,0.746618575293057,8370,33812,424,2073,17,5907,8,1601,9,8
"1564","2020-05-11",134,18,242,359,6654,0.746618575293057,8370,33812,424,2073,14,5921,1,1602,10,1
"1565","2020-05-12",139,18,246,351,6654,0.746618575293057,8370,33812,424,2073,15,5936,28,1630,8,28
"1566","2020-05-13",135,18,241,336,6654,0.746618575293057,8370,33812,424,2073,17,5953,42,1672,10,42
"1567","2020-05-14",121,18,268,313,6654,0.746618575293057,8370,33812,424,2073,12,5965,13,1685,9,13
"1568","2020-05-15",122,18,267,301,6654,0.746618575293057,8370,33812,424,2073,8,5973,18,1703,5,18
"1569","2020-05-16",125,18,254,289,6654,0.746618575293057,8370,33812,424,2073,15,5988,57,1760,13,57
"1570","2020-05-17",105,18,253,274,6654,0.746618575293057,8370,33812,424,2073,17,6005,41,1801,8,41
"1571","2020-05-18",97,18,274,255,6654,0.746618575293057,8370,33812,424,2073,15,6020,25,1826,6,25
"1572","2020-05-19",90,18,308,245,6654,0.746618575293057,8370,33812,424,2073,14,6034,48,1874,11,48
"1573","2020-05-20",88,18,296,220,6654,0.746618575293057,8370,33812,424,2073,13,6047,23,1897,7,23
"1574","2020-05-21",89,18,278,204,6654,0.746618575293057,8370,33812,424,2073,7,6054,23,1920,1,23
"1575","2020-05-22",85,18,253,205,6654,0.746618575293057,8370,33812,424,2073,6,6060,35,1955,5,35
"1576","2020-05-23",78,18,221,192,6654,0.746618575293057,8370,33812,424,2073,11,6071,22,1977,7,22
"1577","2020-05-24",75,18,186,180,6654,0.746618575293057,8370,33812,424,2073,8,6079,9,1986,4,9
"1578","2020-05-25",73,18,160,171,6654,0.746618575293057,8370,33812,424,2073,11,6090,6,1992,9,6
"1579","2020-05-26",70,18,153,162,6654,0.746618575293057,8370,33812,424,2073,7,6097,11,2003,2,11
"1580","2020-05-27",67,18,154,155,6654,0.746618575293057,8370,33812,424,2073,4,6101,7,2010,3,7
"1581","2020-05-28",65,18,171,150,6654,0.746618575293057,8370,33812,424,2073,6,6107,6,2016,3,6
"1582","2020-05-29",58,18,203,146,6654,0.746618575293057,8370,33812,424,2073,2,6109,8,2024,1,8
"1583","2020-05-30",57,18,212,140,6654,0.746618575293057,8370,33812,424,2073,7,6116,47,2071,3,47
"1584","2020-05-31",51,18,237,127,6654,0.746618575293057,8370,33812,424,2073,2,6118,17,2088,1,17
"1585","2020-06-01",44,18,276,120,6654,0.746618575293057,8370,33812,424,2073,4,6122,31,2119,2,31
"1586","2020-06-02",36,18,309,111,6654,0.746618575293057,8370,33812,424,2073,4,6126,32,2151,1,32
"1587","2020-06-03",35,18,265,106,6654,0.746618575293057,8370,33812,424,2073,4,6130,25,2176,2,25
"1588","2020-06-04",36,18,235,103,6654,0.746618575293057,8370,33812,424,2073,6,6136,20,2196,1,20
"1589","2020-06-05",38,18,209,93,6654,0.746618575293057,8370,33812,424,2073,5,6141,11,2207,1,11
"1590","2020-06-06",37,18,211,93,6654,0.746618575293057,8370,33812,424,2073,3,6144,26,2233,2,26
"1591","2020-06-07",45,18,161,95,6654,0.746618575293057,8370,33812,424,2073,3,6147,19,2252,NA,19
"1592","2020-03-12",1,19,55,107,6535,0.426778882938026,8400,37053,377,1215,73,126,42,63,7,42
"1593","2020-03-13",3,19,99,166,6535,0.426778882938026,8400,37053,377,1215,59,185,28,91,12,28
"1594","2020-03-14",21,19,103,230,6535,0.426778882938026,8400,37053,377,1215,78,263,46,137,29,46
"1595","2020-03-15",26,19,89,289,6535,0.426778882938026,8400,37053,377,1215,96,359,21,158,44,21
"1596","2020-03-16",30,19,88,351,6535,0.426778882938026,8400,37053,377,1215,111,470,21,179,55,21
"1597","2020-03-17",46,19,80,425,6535,0.426778882938026,8400,37053,377,1215,143,613,21,200,80,21
"1598","2020-03-18",62,19,121,502,6535,0.426778882938026,8400,37053,377,1215,120,733,17,217,60,17
"1599","2020-03-19",89,19,150,549,6535,0.426778882938026,8400,37053,377,1215,169,902,48,265,112,48
"1600","2020-03-20",138,19,163,628,6535,0.426778882938026,8400,37053,377,1215,189,1091,24,289,123,24
"1601","2020-03-21",197,19,153,700,6535,0.426778882938026,8400,37053,377,1215,151,1242,30,319,105,30
"1602","2020-03-22",219,19,129,742,6535,0.426778882938026,8400,37053,377,1215,209,1451,66,385,168,66
"1603","2020-03-23",221,19,115,819,6535,0.426778882938026,8400,37053,377,1215,234,1685,57,442,189,57
"1604","2020-03-24",235,19,120,886,6535,0.426778882938026,8400,37053,377,1215,177,1862,76,518,129,76
"1605","2020-03-25",254,19,125,935,6535,0.426778882938026,8400,37053,377,1215,210,2072,75,593,165,75
"1606","2020-03-26",259,19,175,984,6535,0.426778882938026,8400,37053,377,1215,226,2298,43,636,179,43
"1607","2020-03-27",326,19,224,1013,6535,0.426778882938026,8400,37053,377,1215,219,2517,25,661,177,25
"1608","2020-03-28",306,19,257,1064,6535,0.426778882938026,8400,37053,377,1215,249,2766,30,691,207,30
"1609","2020-03-29",317,19,236,1080,6535,0.426778882938026,8400,37053,377,1215,218,2984,14,705,174,14
"1610","2020-03-30",322,19,220,1101,6535,0.426778882938026,8400,37053,377,1215,270,3254,12,717,241,12
"1611","2020-03-31",319,19,235,1132,6535,0.426778882938026,8400,37053,377,1215,150,3404,13,730,119,13
"1612","2020-04-01",327,19,273,1164,6535,0.426778882938026,8400,37053,377,1215,234,3638,12,742,199,12
"1613","2020-04-02",346,19,289,1207,6535,0.426778882938026,8400,37053,377,1215,182,3820,27,769,152,27
"1614","2020-04-03",368,19,256,1211,6535,0.426778882938026,8400,37053,377,1215,185,4005,54,823,150,54
"1615","2020-04-04",385,19,225,1211,6535,0.426778882938026,8400,37053,377,1215,200,4205,59,882,151,59
"1616","2020-04-05",416,19,253,1232,6535,0.426778882938026,8400,37053,377,1215,186,4391,24,906,144,24
"1617","2020-04-06",430,19,244,1225,6535,0.426778882938026,8400,37053,377,1215,152,4543,20,926,121,20
"1618","2020-04-07",412,19,228,1236,6535,0.426778882938026,8400,37053,377,1215,156,4699,22,948,125,22
"1619","2020-04-08",412,19,234,1219,6535,0.426778882938026,8400,37053,377,1215,129,4828,81,1029,106,81
"1620","2020-04-09",408,19,211,1241,6535,0.426778882938026,8400,37053,377,1215,129,4957,65,1094,92,65
"1621","2020-04-10",459,19,198,1233,6535,0.426778882938026,8400,37053,377,1215,103,5060,35,1129,82,35
"1622","2020-04-11",478,19,185,1222,6535,0.426778882938026,8400,37053,377,1215,133,5193,23,1152,97,23
"1623","2020-04-12",407,19,166,1207,6535,0.426778882938026,8400,37053,377,1215,88,5281,17,1169,51,17
"1624","2020-04-13",383,19,165,1214,6535,0.426778882938026,8400,37053,377,1215,104,5385,43,1212,67,43
"1625","2020-04-14",373,19,172,1197,6535,0.426778882938026,8400,37053,377,1215,96,5481,43,1255,66,43
"1626","2020-04-15",361,19,182,1207,6535,0.426778882938026,8400,37053,377,1215,91,5572,66,1321,63,66
"1627","2020-04-16",364,19,171,1188,6535,0.426778882938026,8400,37053,377,1215,88,5660,30,1351,51,30
"1628","2020-04-17",371,19,176,1161,6535,0.426778882938026,8400,37053,377,1215,71,5731,15,1366,47,15
"1629","2020-04-18",378,19,156,1138,6535,0.426778882938026,8400,37053,377,1215,71,5802,15,1381,48,15
"1630","2020-04-19",361,19,161,1121,6535,0.426778882938026,8400,37053,377,1215,70,5872,44,1425,45,44
"1631","2020-04-20",354,19,186,1117,6535,0.426778882938026,8400,37053,377,1215,61,5933,24,1449,34,24
"1632","2020-04-21",352,19,213,1109,6535,0.426778882938026,8400,37053,377,1215,57,5990,29,1478,29,29
"1633","2020-04-22",361,19,214,1102,6535,0.426778882938026,8400,37053,377,1215,39,6029,22,1500,27,22
"1634","2020-04-23",351,19,250,1101,6535,0.426778882938026,8400,37053,377,1215,54,6083,57,1557,36,57
"1635","2020-04-24",377,19,307,1083,6535,0.426778882938026,8400,37053,377,1215,48,6131,67,1624,23,67
"1636","2020-04-25",361,19,313,1076,6535,0.426778882938026,8400,37053,377,1215,48,6179,47,1671,28,47
"1637","2020-04-26",332,19,302,1036,6535,0.426778882938026,8400,37053,377,1215,47,6226,12,1683,24,12
"1638","2020-04-27",335,19,276,992,6535,0.426778882938026,8400,37053,377,1215,36,6262,10,1693,19,10
"1639","2020-04-28",332,19,237,974,6535,0.426778882938026,8400,37053,377,1215,31,6293,43,1736,14,43
"1640","2020-04-29",326,19,272,927,6535,0.426778882938026,8400,37053,377,1215,29,6322,57,1793,10,57
"1641","2020-04-30",330,19,261,901,6535,0.426778882938026,8400,37053,377,1215,37,6359,38,1831,21,38
"1642","2020-05-01",313,19,291,868,6535,0.426778882938026,8400,37053,377,1215,28,6387,24,1855,9,24
"1643","2020-05-02",308,19,308,847,6535,0.426778882938026,8400,37053,377,1215,33,6420,17,1872,15,17
"1644","2020-05-03",300,19,295,795,6535,0.426778882938026,8400,37053,377,1215,32,6452,27,1899,12,27
"1645","2020-05-04",279,19,247,753,6535,0.426778882938026,8400,37053,377,1215,32,6484,40,1939,8,40
"1646","2020-05-05",279,19,215,724,6535,0.426778882938026,8400,37053,377,1215,34,6518,16,1955,14,16
"1647","2020-05-06",269,19,201,686,6535,0.426778882938026,8400,37053,377,1215,26,6544,11,1966,11,11
"1648","2020-05-07",253,19,188,677,6535,0.426778882938026,8400,37053,377,1215,34,6578,13,1979,14,13
"1649","2020-05-08",255,19,180,633,6535,0.426778882938026,8400,37053,377,1215,19,6597,10,1989,5,10
"1650","2020-05-09",243,19,166,609,6535,0.426778882938026,8400,37053,377,1215,29,6626,15,2004,12,15
"1651","2020-05-10",210,19,150,584,6535,0.426778882938026,8400,37053,377,1215,20,6646,20,2024,8,20
"1652","2020-05-11",202,19,141,556,6535,0.426778882938026,8400,37053,377,1215,18,6664,45,2069,6,45
"1653","2020-05-12",187,19,137,541,6535,0.426778882938026,8400,37053,377,1215,18,6682,23,2092,3,23
"1654","2020-05-13",182,19,160,523,6535,0.426778882938026,8400,37053,377,1215,12,6694,61,2153,4,61
"1655","2020-05-14",172,19,185,497,6535,0.426778882938026,8400,37053,377,1215,18,6712,63,2216,6,63
"1656","2020-05-15",155,19,203,481,6535,0.426778882938026,8400,37053,377,1215,21,6733,29,2245,7,29
"1657","2020-05-16",169,19,192,472,6535,0.426778882938026,8400,37053,377,1215,14,6747,42,2287,6,42
"1658","2020-05-17",164,19,199,462,6535,0.426778882938026,8400,37053,377,1215,18,6765,23,2310,2,23
"1659","2020-05-18",154,19,232,436,6535,0.426778882938026,8400,37053,377,1215,13,6778,68,2378,6,68
"1660","2020-05-19",153,19,251,411,6535,0.426778882938026,8400,37053,377,1215,17,6795,42,2420,7,42
"1661","2020-05-20",148,19,256,379,6535,0.426778882938026,8400,37053,377,1215,15,6810,24,2444,8,24
"1662","2020-05-21",146,19,264,383,6535,0.426778882938026,8400,37053,377,1215,11,6821,19,2463,2,19
"1663","2020-05-22",143,19,274,367,6535,0.426778882938026,8400,37053,377,1215,19,6840,33,2496,4,33
"1664","2020-05-23",129,19,262,362,6535,0.426778882938026,8400,37053,377,1215,12,6852,25,2521,5,25
"1665","2020-05-24",124,19,265,348,6535,0.426778882938026,8400,37053,377,1215,16,6868,16,2537,7,16
"1666","2020-05-25",132,19,262,351,6535,0.426778882938026,8400,37053,377,1215,11,6879,23,2560,4,23
"1667","2020-05-26",122,19,275,336,6535,0.426778882938026,8400,37053,377,1215,10,6889,39,2599,NA,39
"1668","2020-05-27",119,19,250,326,6535,0.426778882938026,8400,37053,377,1215,9,6898,29,2628,1,29
"1669","2020-05-28",118,19,238,315,6535,0.426778882938026,8400,37053,377,1215,10,6908,26,2654,NA,26
"1670","2020-05-29",106,19,234,315,6535,0.426778882938026,8400,37053,377,1215,10,6918,21,2675,5,21
"1671","2020-05-30",113,19,213,306,6535,0.426778882938026,8400,37053,377,1215,11,6929,11,2686,2,11
"1672","2020-05-31",105,19,198,297,6535,0.426778882938026,8400,37053,377,1215,9,6938,39,2725,1,39
"1673","2020-06-01",93,19,213,293,6535,0.426778882938026,8400,37053,377,1215,9,6947,52,2777,3,52
"1674","2020-06-02",88,19,239,287,6535,0.426778882938026,8400,37053,377,1215,9,6956,64,2841,2,64
"1675","2020-06-03",81,19,224,276,6535,0.426778882938026,8400,37053,377,1215,6,6962,62,2903,2,62
"1676","2020-06-04",76,19,191,272,6535,0.426778882938026,8400,37053,377,1215,6,6968,36,2939,1,36
"1677","2020-06-05",74,19,167,243,6535,0.426778882938026,8400,37053,377,1215,2,6970,29,2968,NA,29
"1678","2020-06-06",71,19,167,224,6535,0.426778882938026,8400,37053,377,1215,4,6974,23,2991,NA,23
"1679","2020-06-07",73,19,189,204,6535,0.426778882938026,8400,37053,377,1215,2,6976,17,3008,1,17
"1680","2020-03-14",7,20,134,80,6412,0.884435433562071,8400,33926,365,1676,31,101,50,119,10,50
"1681","2020-03-15",9,20,108,98,6412,0.884435433562071,8400,33926,365,1676,49,150,36,155,21,36
"1682","2020-03-16",14,20,108,142,6412,0.884435433562071,8400,33926,365,1676,47,197,22,177,23,22
"1683","2020-03-17",20,20,102,180,6412,0.884435433562071,8400,33926,365,1676,67,264,55,232,49,55
"1684","2020-03-18",27,20,96,225,6412,0.884435433562071,8400,33926,365,1676,82,346,58,290,60,58
"1685","2020-03-19",33,20,92,274,6412,0.884435433562071,8400,33926,365,1676,85,431,46,336,63,46
"1686","2020-03-20",45,20,109,330,6412,0.884435433562071,8400,33926,365,1676,79,510,68,404,61,68
"1687","2020-03-21",60,20,170,394,6412,0.884435433562071,8400,33926,365,1676,91,601,65,469,71,65
"1688","2020-03-22",74,20,203,458,6412,0.884435433562071,8400,33926,365,1676,103,704,44,513,89,44
"1689","2020-03-23",85,20,233,526,6412,0.884435433562071,8400,33926,365,1676,90,794,39,552,74,39
"1690","2020-03-24",90,20,222,606,6412,0.884435433562071,8400,33926,365,1676,116,910,45,597,100,45
"1691","2020-03-25",103,20,197,668,6412,0.884435433562071,8400,33926,365,1676,125,1035,46,643,105,46
"1692","2020-03-26",130,20,187,765,6412,0.884435433562071,8400,33926,365,1676,143,1178,52,695,125,52
"1693","2020-03-27",180,20,195,858,6412,0.884435433562071,8400,33926,365,1676,156,1334,46,741,141,46
"1694","2020-03-28",223,20,195,944,6412,0.884435433562071,8400,33926,365,1676,161,1495,38,779,145,38
"1695","2020-03-29",265,20,181,1043,6412,0.884435433562071,8400,33926,365,1676,146,1641,33,812,132,33
"1696","2020-03-30",277,20,178,1155,6412,0.884435433562071,8400,33926,365,1676,170,1811,43,855,155,43
"1697","2020-03-31",306,20,172,1222,6412,0.884435433562071,8400,33926,365,1676,177,1988,48,903,159,48
"1698","2020-04-01",325,20,165,1297,6412,0.884435433562071,8400,33926,365,1676,200,2188,45,948,188,45
"1699","2020-04-02",335,20,166,1376,6412,0.884435433562071,8400,33926,365,1676,163,2351,45,993,145,45
"1700","2020-04-03",444,20,204,1476,6412,0.884435433562071,8400,33926,365,1676,203,2554,50,1043,187,50
"1701","2020-04-04",505,20,217,1570,6412,0.884435433562071,8400,33926,365,1676,184,2738,43,1086,162,43
"1702","2020-04-05",510,20,187,1665,6412,0.884435433562071,8400,33926,365,1676,162,2900,39,1125,147,39
"1703","2020-04-06",513,20,172,1666,6412,0.884435433562071,8400,33926,365,1676,194,3094,33,1158,174,33
"1704","2020-04-07",504,20,185,1756,6412,0.884435433562071,8400,33926,365,1676,192,3286,36,1194,172,36
"1705","2020-04-08",534,20,206,1760,6412,0.884435433562071,8400,33926,365,1676,204,3490,34,1228,189,34
"1706","2020-04-09",574,20,186,1789,6412,0.884435433562071,8400,33926,365,1676,181,3671,43,1271,163,43
"1707","2020-04-10",636,20,187,1780,6412,0.884435433562071,8400,33926,365,1676,182,3853,41,1312,160,41
"1708","2020-04-11",653,20,172,1829,6412,0.884435433562071,8400,33926,365,1676,175,4028,33,1345,157,33
"1709","2020-04-12",607,20,159,1859,6412,0.884435433562071,8400,33926,365,1676,168,4196,31,1376,151,31
"1710","2020-04-13",596,20,162,1854,6412,0.884435433562071,8400,33926,365,1676,130,4326,32,1408,111,32
"1711","2020-04-14",597,20,188,1843,6412,0.884435433562071,8400,33926,365,1676,147,4473,42,1450,126,42
"1712","2020-04-15",601,20,232,1789,6412,0.884435433562071,8400,33926,365,1676,134,4607,24,1474,122,24
"1713","2020-04-16",577,20,291,1743,6412,0.884435433562071,8400,33926,365,1676,98,4705,29,1503,81,29
"1714","2020-04-17",639,20,305,1716,6412,0.884435433562071,8400,33926,365,1676,131,4836,50,1553,119,50
"1715","2020-04-18",587,20,323,1696,6412,0.884435433562071,8400,33926,365,1676,116,4952,48,1601,99,48
"1716","2020-04-19",588,20,319,1618,6412,0.884435433562071,8400,33926,365,1676,94,5046,43,1644,82,43
"1717","2020-04-20",591,20,286,1579,6412,0.884435433562071,8400,33926,365,1676,82,5128,60,1704,67,60
"1718","2020-04-21",564,20,269,1492,6412,0.884435433562071,8400,33926,365,1676,87,5215,48,1752,75,48
"1719","2020-04-22",541,20,256,1423,6412,0.884435433562071,8400,33926,365,1676,70,5285,33,1785,61,33
"1720","2020-04-23",540,20,244,1379,6412,0.884435433562071,8400,33926,365,1676,61,5346,28,1813,49,28
"1721","2020-04-24",522,20,235,1301,6412,0.884435433562071,8400,33926,365,1676,72,5418,20,1833,54,20
"1722","2020-04-25",516,20,218,1209,6412,0.884435433562071,8400,33926,365,1676,59,5477,41,1874,54,41
"1723","2020-04-26",458,20,212,1137,6412,0.884435433562071,8400,33926,365,1676,59,5536,26,1900,51,26
"1724","2020-04-27",424,20,222,1071,6412,0.884435433562071,8400,33926,365,1676,48,5584,33,1933,39,33
"1725","2020-04-28",423,20,210,997,6412,0.884435433562071,8400,33926,365,1676,44,5628,31,1964,35,31
"1726","2020-04-29",416,20,211,940,6412,0.884435433562071,8400,33926,365,1676,44,5672,44,2008,27,44
"1727","2020-04-30",371,20,246,882,6412,0.884435433562071,8400,33926,365,1676,37,5709,35,2043,27,35
"1728","2020-05-01",327,20,231,833,6412,0.884435433562071,8400,33926,365,1676,39,5748,36,2079,32,36
"1729","2020-05-02",317,20,240,784,6412,0.884435433562071,8400,33926,365,1676,41,5789,20,2099,30,20
"1730","2020-05-03",278,20,281,735,6412,0.884435433562071,8400,33926,365,1676,37,5826,34,2133,33,34
"1731","2020-05-04",272,20,282,689,6412,0.884435433562071,8400,33926,365,1676,19,5845,33,2166,8,33
"1732","2020-05-05",236,20,276,647,6412,0.884435433562071,8400,33926,365,1676,28,5873,58,2224,21,58
"1733","2020-05-06",218,20,329,599,6412,0.884435433562071,8400,33926,365,1676,28,5901,60,2284,21,60
"1734","2020-05-07",224,20,354,570,6412,0.884435433562071,8400,33926,365,1676,22,5923,76,2360,16,76
"1735","2020-05-08",210,20,340,529,6412,0.884435433562071,8400,33926,365,1676,34,5957,62,2422,20,62
"1736","2020-05-09",194,20,314,489,6412,0.884435433562071,8400,33926,365,1676,21,5978,70,2492,13,70
"1737","2020-05-10",162,20,287,449,6412,0.884435433562071,8400,33926,365,1676,14,5992,65,2557,7,65
"1738","2020-05-11",148,20,232,409,6412,0.884435433562071,8400,33926,365,1676,16,6008,51,2608,12,51
"1739","2020-05-12",140,20,207,370,6412,0.884435433562071,8400,33926,365,1676,18,6026,37,2645,9,37
"1740","2020-05-13",130,20,180,343,6412,0.884435433562071,8400,33926,365,1676,15,6041,56,2701,12,56
"1741","2020-05-14",121,20,168,313,6412,0.884435433562071,8400,33926,365,1676,20,6061,33,2734,12,33
"1742","2020-05-15",108,20,154,294,6412,0.884435433562071,8400,33926,365,1676,22,6083,55,2789,12,55
"1743","2020-05-16",106,20,151,268,6412,0.884435433562071,8400,33926,365,1676,13,6096,39,2828,10,39
"1744","2020-05-17",94,20,173,240,6412,0.884435433562071,8400,33926,365,1676,10,6106,49,2877,6,49
"1745","2020-05-18",83,20,227,225,6412,0.884435433562071,8400,33926,365,1676,19,6125,44,2921,9,44
"1746","2020-05-19",80,20,245,213,6412,0.884435433562071,8400,33926,365,1676,13,6138,37,2958,6,37
"1747","2020-05-20",72,20,277,203,6412,0.884435433562071,8400,33926,365,1676,17,6155,46,3004,8,46
"1748","2020-05-21",74,20,299,193,6412,0.884435433562071,8400,33926,365,1676,12,6167,34,3038,6,34
"1749","2020-05-22",66,20,315,187,6412,0.884435433562071,8400,33926,365,1676,14,6181,67,3105,8,67
"1750","2020-05-23",65,20,301,188,6412,0.884435433562071,8400,33926,365,1676,7,6188,62,3167,3,62
"1751","2020-05-24",56,20,278,177,6412,0.884435433562071,8400,33926,365,1676,9,6197,42,3209,8,42
"1752","2020-05-25",55,20,256,173,6412,0.884435433562071,8400,33926,365,1676,17,6214,52,3261,10,52
"1753","2020-05-26",57,20,234,164,6412,0.884435433562071,8400,33926,365,1676,8,6222,40,3301,2,40
"1754","2020-05-27",60,20,260,163,6412,0.884435433562071,8400,33926,365,1676,10,6232,56,3357,2,56
"1755","2020-05-28",54,20,280,148,6412,0.884435433562071,8400,33926,365,1676,3,6235,52,3409,1,52
"1756","2020-05-29",53,20,267,139,6412,0.884435433562071,8400,33926,365,1676,12,6247,33,3442,5,33
"1757","2020-05-30",53,20,243,137,6412,0.884435433562071,8400,33926,365,1676,8,6255,54,3496,5,54
"1758","2020-05-31",58,20,207,132,6412,0.884435433562071,8400,33926,365,1676,6,6261,45,3541,3,45
"1759","2020-06-01",57,20,197,127,6412,0.884435433562071,8400,33926,365,1676,7,6268,51,3592,5,51
"1760","2020-06-02",48,20,226,117,6412,0.884435433562071,8400,33926,365,1676,5,6273,52,3644,1,52
"1761","2020-06-03",43,20,225,113,6412,0.884435433562071,8400,33926,365,1676,3,6276,55,3699,1,55
"1762","2020-06-04",42,20,251,106,6412,0.884435433562071,8400,33926,365,1676,5,6281,43,3742,4,43
"1763","2020-06-05",40,20,251,96,6412,0.884435433562071,8400,33926,365,1676,9,6290,40,3782,5,40
"1764","2020-06-06",40,20,257,98,6412,0.884435433562071,8400,33926,365,1676,5,6295,45,3827,2,45
"1765","2020-06-07",31,20,242,98,6412,0.884435433562071,8400,33926,365,1676,6,6301,48,3875,3,48
