"","Date","Absents","Paramset","Infections_or_Exposed_per_day_Patient","Infections_or_Exposed_per_day_HCW","total_infections","nosocomial_proportion","PCR_pooled","LFD_pooled","HCW_symp_test","patient_symp_test","new_hcw_infs","cumulative_hcw_infs","new_pat_infs","cumulative_pats_infs","new_nosocomial_hcw_infs","new_nosocomial_pat_infs"
"1","2020-03-13",2,1,21,36,2409,0.528019925280199,1980,4775,290,234,14,36,10,16,1,10
"2","2020-03-14",6,1,29,54,2409,0.528019925280199,1980,4775,290,234,18,54,9,25,2,9
"3","2020-03-15",8,1,29,65,2409,0.528019925280199,1980,4775,290,234,11,65,3,28,4,3
"4","2020-03-16",10,1,28,90,2409,0.528019925280199,1980,4775,290,234,25,90,2,30,6,2
"5","2020-03-17",13,1,28,99,2409,0.528019925280199,1980,4775,290,234,9,99,6,36,4,6
"6","2020-03-18",15,1,33,112,2409,0.528019925280199,1980,4775,290,234,13,112,12,48,4,12
"7","2020-03-19",20,1,34,132,2409,0.528019925280199,1980,4775,290,234,25,137,8,56,11,8
"8","2020-03-20",31,1,36,142,2409,0.528019925280199,1980,4775,290,234,15,152,6,62,10,6
"9","2020-03-21",38,1,40,166,2409,0.528019925280199,1980,4775,290,234,32,184,9,71,12,9
"10","2020-03-22",47,1,44,178,2409,0.528019925280199,1980,4775,290,234,22,206,9,80,10,9
"11","2020-03-23",43,1,45,198,2409,0.528019925280199,1980,4775,290,234,26,232,7,87,13,7
"12","2020-03-24",48,1,38,211,2409,0.528019925280199,1980,4775,290,234,24,256,3,90,10,3
"13","2020-03-25",53,1,34,225,2409,0.528019925280199,1980,4775,290,234,24,280,5,95,12,5
"14","2020-03-26",60,1,31,229,2409,0.528019925280199,1980,4775,290,234,13,293,3,98,5,3
"15","2020-03-27",62,1,34,229,2409,0.528019925280199,1980,4775,290,234,19,312,6,104,12,6
"16","2020-03-28",75,1,30,242,2409,0.528019925280199,1980,4775,290,234,32,344,4,108,18,4
"17","2020-03-29",73,1,25,251,2409,0.528019925280199,1980,4775,290,234,27,371,5,113,18,5
"18","2020-03-30",79,1,22,249,2409,0.528019925280199,1980,4775,290,234,25,396,4,117,13,4
"19","2020-03-31",76,1,25,261,2409,0.528019925280199,1980,4775,290,234,32,428,5,122,16,5
"20","2020-04-01",81,1,22,257,2409,0.528019925280199,1980,4775,290,234,20,448,6,128,9,6
"21","2020-04-02",80,1,27,267,2409,0.528019925280199,1980,4775,290,234,26,474,6,134,15,6
"22","2020-04-03",82,1,31,278,2409,0.528019925280199,1980,4775,290,234,29,503,5,139,13,5
"23","2020-04-04",80,1,33,272,2409,0.528019925280199,1980,4775,290,234,23,526,10,149,14,10
"24","2020-04-05",89,1,38,280,2409,0.528019925280199,1980,4775,290,234,30,556,4,153,17,4
"25","2020-04-06",86,1,36,296,2409,0.528019925280199,1980,4775,290,234,36,592,8,161,16,8
"26","2020-04-07",87,1,36,302,2409,0.528019925280199,1980,4775,290,234,25,617,4,165,7,4
"27","2020-04-08",90,1,35,313,2409,0.528019925280199,1980,4775,290,234,34,651,4,169,21,4
"28","2020-04-09",93,1,35,322,2409,0.528019925280199,1980,4775,290,234,34,685,8,177,17,8
"29","2020-04-10",98,1,31,320,2409,0.528019925280199,1980,4775,290,234,30,715,3,180,13,3
"30","2020-04-11",101,1,41,343,2409,0.528019925280199,1980,4775,290,234,47,762,13,193,22,13
"31","2020-04-12",107,1,38,342,2409,0.528019925280199,1980,4775,290,234,26,788,4,197,12,4
"32","2020-04-13",113,1,44,340,2409,0.528019925280199,1980,4775,290,234,25,813,10,207,15,10
"33","2020-04-14",111,1,47,348,2409,0.528019925280199,1980,4775,290,234,36,849,12,219,20,12
"34","2020-04-15",110,1,53,346,2409,0.528019925280199,1980,4775,290,234,28,877,9,228,18,9
"35","2020-04-16",116,1,41,359,2409,0.528019925280199,1980,4775,290,234,39,916,2,230,23,2
"36","2020-04-17",123,1,36,356,2409,0.528019925280199,1980,4775,290,234,33,949,4,234,14,4
"37","2020-04-18",137,1,41,376,2409,0.528019925280199,1980,4775,290,234,52,1001,8,242,33,8
"38","2020-04-19",125,1,27,372,2409,0.528019925280199,1980,4775,290,234,32,1033,2,244,17,2
"39","2020-04-20",119,1,27,371,2409,0.528019925280199,1980,4775,290,234,34,1067,1,245,16,1
"40","2020-04-21",114,1,23,375,2409,0.528019925280199,1980,4775,290,234,34,1101,2,247,13,2
"41","2020-04-22",109,1,24,380,2409,0.528019925280199,1980,4775,290,234,36,1137,2,249,23,2
"42","2020-04-23",105,1,21,384,2409,0.528019925280199,1980,4775,290,234,41,1178,5,254,31,5
"43","2020-04-24",116,1,23,391,2409,0.528019925280199,1980,4775,290,234,42,1220,3,257,22,3
"44","2020-04-25",101,1,25,409,2409,0.528019925280199,1980,4775,290,234,46,1266,4,261,27,4
"45","2020-04-26",140,1,40,413,2409,0.528019925280199,1980,4775,290,234,43,1309,12,273,20,12
"46","2020-04-27",139,1,47,425,2409,0.528019925280199,1980,4775,290,234,31,1340,11,284,21,11
"47","2020-04-28",135,1,59,423,2409,0.528019925280199,1980,4775,290,234,27,1367,16,300,14,16
"48","2020-04-29",144,1,53,405,2409,0.528019925280199,1980,4775,290,234,26,1393,9,309,12,9
"49","2020-04-30",146,1,55,403,2409,0.528019925280199,1980,4775,290,234,29,1422,12,321,16,12
"50","2020-05-01",162,1,62,387,2409,0.528019925280199,1980,4775,290,234,28,1450,16,337,10,16
"51","2020-05-02",171,1,60,369,2409,0.528019925280199,1980,4775,290,234,26,1476,10,347,9,10
"52","2020-05-03",131,1,67,354,2409,0.528019925280199,1980,4775,290,234,29,1505,13,360,15,13
"53","2020-05-04",129,1,58,347,2409,0.528019925280199,1980,4775,290,234,29,1534,6,366,17,6
"54","2020-05-05",124,1,50,335,2409,0.528019925280199,1980,4775,290,234,25,1559,7,373,14,7
"55","2020-05-06",121,1,54,337,2409,0.528019925280199,1980,4775,290,234,40,1599,7,380,27,7
"56","2020-05-07",109,1,58,343,2409,0.528019925280199,1980,4775,290,234,39,1638,13,393,21,13
"57","2020-05-08",105,1,53,331,2409,0.528019925280199,1980,4775,290,234,29,1667,10,403,18,10
"58","2020-05-09",99,1,61,333,2409,0.528019925280199,1980,4775,290,234,40,1707,16,419,21,16
"59","2020-05-10",97,1,55,331,2409,0.528019925280199,1980,4775,290,234,26,1733,13,432,11,13
"60","2020-05-11",93,1,46,339,2409,0.528019925280199,1980,4775,290,234,32,1765,6,438,19,6
"61","2020-05-12",96,1,52,350,2409,0.528019925280199,1980,4775,290,234,37,1802,14,452,23,14
"62","2020-05-13",97,1,60,360,2409,0.528019925280199,1980,4775,290,234,34,1836,15,467,17,15
"63","2020-05-14",110,1,65,369,2409,0.528019925280199,1980,4775,290,234,35,1871,16,483,22,16
"64","2020-05-15",109,1,65,369,2409,0.528019925280199,1980,4775,290,234,32,1903,16,499,24,16
"65","2020-05-16",116,1,70,362,2409,0.528019925280199,1980,4775,290,234,26,1929,13,512,18,13
"66","2020-05-17",106,1,81,351,2409,0.528019925280199,1980,4775,290,234,24,1953,14,526,17,14
"67","2020-05-18",112,1,81,347,2409,0.528019925280199,1980,4775,290,234,27,1980,17,543,18,17
"68","2020-05-19",109,1,72,351,2409,0.528019925280199,1980,4775,290,234,33,2013,13,556,23,13
"69","2020-05-20",107,1,70,340,2409,0.528019925280199,1980,4775,290,234,30,2043,12,568,17,12
"70","2020-05-21",106,1,66,350,2409,0.528019925280199,1980,4775,290,234,37,2080,11,579,23,11
"71","2020-05-22",107,1,67,339,2409,0.528019925280199,1980,4775,290,234,23,2103,10,589,16,10
"72","2020-05-23",114,1,65,314,2409,0.528019925280199,1980,4775,290,234,19,2122,8,597,13,8
"73","2020-05-24",118,1,55,310,2409,0.528019925280199,1980,4775,290,234,19,2141,7,604,14,7
"74","2020-05-25",106,1,47,294,2409,0.528019925280199,1980,4775,290,234,23,2164,3,607,17,3
"75","2020-05-26",105,1,50,276,2409,0.528019925280199,1980,4775,290,234,21,2185,11,618,12,11
"76","2020-05-27",97,1,49,257,2409,0.528019925280199,1980,4775,290,234,14,2199,10,628,7,10
"77","2020-05-28",95,1,54,235,2409,0.528019925280199,1980,4775,290,234,12,2211,14,642,6,14
"78","2020-05-29",98,1,58,229,2409,0.528019925280199,1980,4775,290,234,19,2230,12,654,10,12
"79","2020-05-30",89,1,55,221,2409,0.528019925280199,1980,4775,290,234,17,2247,9,663,14,9
"80","2020-05-31",87,1,54,222,2409,0.528019925280199,1980,4775,290,234,21,2268,11,674,11,11
"81","2020-06-01",86,1,56,209,2409,0.528019925280199,1980,4775,290,234,15,2283,11,685,10,11
"82","2020-06-02",71,1,56,205,2409,0.528019925280199,1980,4775,290,234,15,2298,9,694,8,9
"83","2020-06-03",74,1,48,192,2409,0.528019925280199,1980,4775,290,234,12,2310,1,695,3,1
"84","2020-06-04",64,1,41,181,2409,0.528019925280199,1980,4775,290,234,12,2322,8,703,10,8
"85","2020-06-05",61,1,37,169,2409,0.528019925280199,1980,4775,290,234,10,2332,5,708,8,5
"86","2020-06-06",56,1,44,164,2409,0.528019925280199,1980,4775,290,234,12,2344,12,720,7,12
"87","2020-06-07",51,1,36,152,2409,0.528019925280199,1980,4775,290,234,12,2356,2,722,6,2
"88","2020-03-13",1,2,5,23,3934,0.876715810879512,2115,6620,368,178,11,34,4,6,1,4
"89","2020-03-14",3,2,13,32,3934,0.876715810879512,2115,6620,368,178,8,42,9,15,3,9
"90","2020-03-15",3,2,16,40,3934,0.876715810879512,2115,6620,368,178,13,55,3,18,1,3
"91","2020-03-16",5,2,19,59,3934,0.876715810879512,2115,6620,368,178,16,71,9,27,8,9
"92","2020-03-17",7,2,18,72,3934,0.876715810879512,2115,6620,368,178,10,81,9,36,4,9
"93","2020-03-18",8,2,20,90,3934,0.876715810879512,2115,6620,368,178,14,95,7,43,6,7
"94","2020-03-19",12,2,22,107,3934,0.876715810879512,2115,6620,368,178,12,107,6,49,6,6
"95","2020-03-20",17,2,27,125,3934,0.876715810879512,2115,6620,368,178,21,128,4,53,8,4
"96","2020-03-21",17,2,27,140,3934,0.876715810879512,2115,6620,368,178,33,161,7,60,12,7
"97","2020-03-22",25,2,35,163,3934,0.876715810879512,2115,6620,368,178,22,183,8,68,11,8
"98","2020-03-23",29,2,31,183,3934,0.876715810879512,2115,6620,368,178,27,210,13,81,11,13
"99","2020-03-24",36,2,30,192,3934,0.876715810879512,2115,6620,368,178,33,243,7,88,21,7
"100","2020-03-25",43,2,25,213,3934,0.876715810879512,2115,6620,368,178,23,266,13,101,14,13
"101","2020-03-26",48,2,26,227,3934,0.876715810879512,2115,6620,368,178,26,292,6,107,21,6
"102","2020-03-27",56,2,31,246,3934,0.876715810879512,2115,6620,368,178,29,321,17,124,20,17
"103","2020-03-28",75,2,39,281,3934,0.876715810879512,2115,6620,368,178,30,351,13,137,16,13
"104","2020-03-29",76,2,37,316,3934,0.876715810879512,2115,6620,368,178,41,392,12,149,33,12
"105","2020-03-30",76,2,32,342,3934,0.876715810879512,2115,6620,368,178,45,437,13,162,35,13
"106","2020-03-31",76,2,32,366,3934,0.876715810879512,2115,6620,368,178,37,474,13,175,27,13
"107","2020-04-01",84,2,38,398,3934,0.876715810879512,2115,6620,368,178,44,518,12,187,32,12
"108","2020-04-02",92,2,31,419,3934,0.876715810879512,2115,6620,368,178,41,559,7,194,28,7
"109","2020-04-03",116,2,33,460,3934,0.876715810879512,2115,6620,368,178,40,599,7,201,30,7
"110","2020-04-04",137,2,31,486,3934,0.876715810879512,2115,6620,368,178,35,634,7,208,22,7
"111","2020-04-05",158,2,26,500,3934,0.876715810879512,2115,6620,368,178,53,687,6,214,36,6
"112","2020-04-06",157,2,27,541,3934,0.876715810879512,2115,6620,368,178,46,733,3,217,29,3
"113","2020-04-07",153,2,33,547,3934,0.876715810879512,2115,6620,368,178,40,773,9,226,28,9
"114","2020-04-08",153,2,38,585,3934,0.876715810879512,2115,6620,368,178,54,827,13,239,44,13
"115","2020-04-09",160,2,43,607,3934,0.876715810879512,2115,6620,368,178,43,870,11,250,31,11
"116","2020-04-10",206,2,54,631,3934,0.876715810879512,2115,6620,368,178,62,932,15,265,46,15
"117","2020-04-11",224,2,64,637,3934,0.876715810879512,2115,6620,368,178,44,976,10,275,36,10
"118","2020-04-12",215,2,67,670,3934,0.876715810879512,2115,6620,368,178,42,1018,13,288,30,13
"119","2020-04-13",210,2,66,677,3934,0.876715810879512,2115,6620,368,178,49,1067,6,294,39,6
"120","2020-04-14",211,2,56,671,3934,0.876715810879512,2115,6620,368,178,36,1103,4,298,25,4
"121","2020-04-15",223,2,51,676,3934,0.876715810879512,2115,6620,368,178,49,1152,8,306,35,8
"122","2020-04-16",217,2,55,686,3934,0.876715810879512,2115,6620,368,178,48,1200,7,313,32,7
"123","2020-04-17",239,2,44,695,3934,0.876715810879512,2115,6620,368,178,44,1244,8,321,33,8
"124","2020-04-18",239,2,51,690,3934,0.876715810879512,2115,6620,368,178,43,1287,11,332,31,11
"125","2020-04-19",214,2,59,693,3934,0.876715810879512,2115,6620,368,178,41,1328,8,340,27,8
"126","2020-04-20",219,2,58,701,3934,0.876715810879512,2115,6620,368,178,30,1358,18,358,18,18
"127","2020-04-21",226,2,53,699,3934,0.876715810879512,2115,6620,368,178,53,1411,12,370,39,12
"128","2020-04-22",221,2,46,701,3934,0.876715810879512,2115,6620,368,178,41,1452,15,385,36,15
"129","2020-04-23",227,2,38,696,3934,0.876715810879512,2115,6620,368,178,35,1487,17,402,23,17
"130","2020-04-24",242,2,34,681,3934,0.876715810879512,2115,6620,368,178,43,1530,4,406,35,4
"131","2020-04-25",235,2,35,682,3934,0.876715810879512,2115,6620,368,178,44,1574,9,415,35,9
"132","2020-04-26",236,2,40,702,3934,0.876715810879512,2115,6620,368,178,39,1613,17,432,29,17
"133","2020-04-27",229,2,30,722,3934,0.876715810879512,2115,6620,368,178,33,1646,13,445,20,13
"134","2020-04-28",229,2,26,705,3934,0.876715810879512,2115,6620,368,178,34,1680,10,455,23,10
"135","2020-04-29",230,2,29,723,3934,0.876715810879512,2115,6620,368,178,36,1716,7,462,29,7
"136","2020-04-30",237,2,36,718,3934,0.876715810879512,2115,6620,368,178,36,1752,9,471,26,9
"137","2020-05-01",251,2,35,697,3934,0.876715810879512,2115,6620,368,178,45,1797,16,487,40,16
"138","2020-05-02",260,2,28,705,3934,0.876715810879512,2115,6620,368,178,46,1843,22,509,21,22
"139","2020-05-03",236,2,28,674,3934,0.876715810879512,2115,6620,368,178,33,1876,20,529,20,20
"140","2020-05-04",232,2,36,669,3934,0.876715810879512,2115,6620,368,178,37,1913,15,544,26,15
"141","2020-05-05",214,2,50,659,3934,0.876715810879512,2115,6620,368,178,40,1953,13,557,31,13
"142","2020-05-06",214,2,55,649,3934,0.876715810879512,2115,6620,368,178,25,1978,16,573,16,16
"143","2020-05-07",204,2,57,617,3934,0.876715810879512,2115,6620,368,178,38,2016,14,587,30,14
"144","2020-05-08",217,2,64,608,3934,0.876715810879512,2115,6620,368,178,28,2044,12,599,21,12
"145","2020-05-09",215,2,60,604,3934,0.876715810879512,2115,6620,368,178,23,2067,12,611,18,12
"146","2020-05-10",196,2,52,596,3934,0.876715810879512,2115,6620,368,178,36,2103,11,622,27,11
"147","2020-05-11",185,2,52,586,3934,0.876715810879512,2115,6620,368,178,25,2128,7,629,19,7
"148","2020-05-12",194,2,45,587,3934,0.876715810879512,2115,6620,368,178,39,2167,10,639,29,10
"149","2020-05-13",194,2,56,583,3934,0.876715810879512,2115,6620,368,178,26,2193,13,652,20,13
"150","2020-05-14",195,2,53,567,3934,0.876715810879512,2115,6620,368,178,29,2222,4,656,18,4
"151","2020-05-15",199,2,61,561,3934,0.876715810879512,2115,6620,368,178,20,2242,8,664,17,8
"152","2020-05-16",198,2,58,571,3934,0.876715810879512,2115,6620,368,178,46,2288,11,675,35,11
"153","2020-05-17",194,2,52,572,3934,0.876715810879512,2115,6620,368,178,23,2311,13,688,19,13
"154","2020-05-18",200,2,49,545,3934,0.876715810879512,2115,6620,368,178,27,2338,22,710,22,22
"155","2020-05-19",185,2,49,525,3934,0.876715810879512,2115,6620,368,178,22,2360,16,726,16,16
"156","2020-05-20",178,2,48,508,3934,0.876715810879512,2115,6620,368,178,29,2389,5,731,25,5
"157","2020-05-21",168,2,46,501,3934,0.876715810879512,2115,6620,368,178,22,2411,14,745,17,14
"158","2020-05-22",168,2,52,488,3934,0.876715810879512,2115,6620,368,178,22,2433,9,754,13,9
"159","2020-05-23",163,2,53,470,3934,0.876715810879512,2115,6620,368,178,23,2456,10,764,14,10
"160","2020-05-24",157,2,50,450,3934,0.876715810879512,2115,6620,368,178,16,2472,14,778,11,14
"161","2020-05-25",155,2,54,429,3934,0.876715810879512,2115,6620,368,178,13,2485,6,784,9,6
"162","2020-05-26",149,2,45,417,3934,0.876715810879512,2115,6620,368,178,13,2498,11,795,11,11
"163","2020-05-27",151,2,49,413,3934,0.876715810879512,2115,6620,368,178,9,2507,7,802,3,7
"164","2020-05-28",153,2,56,390,3934,0.876715810879512,2115,6620,368,178,3,2510,9,811,2,9
"165","2020-05-29",154,2,56,383,3934,0.876715810879512,2115,6620,368,178,16,2526,7,818,10,7
"166","2020-05-30",146,2,59,375,3934,0.876715810879512,2115,6620,368,178,5,2531,11,829,4,11
"167","2020-05-31",142,2,57,352,3934,0.876715810879512,2115,6620,368,178,11,2542,12,841,8,12
"168","2020-06-01",133,2,55,330,3934,0.876715810879512,2115,6620,368,178,7,2549,13,854,5,13
"169","2020-06-02",124,2,53,308,3934,0.876715810879512,2115,6620,368,178,5,2554,6,860,2,6
"170","2020-06-03",116,2,54,289,3934,0.876715810879512,2115,6620,368,178,6,2560,12,872,2,12
"171","2020-06-04",112,2,60,260,3934,0.876715810879512,2115,6620,368,178,11,2571,17,889,5,17
"172","2020-06-05",104,2,63,251,3934,0.876715810879512,2115,6620,368,178,13,2584,13,902,8,13
"173","2020-06-06",100,2,61,253,3934,0.876715810879512,2115,6620,368,178,8,2592,14,916,5,14
"174","2020-06-07",84,2,49,237,3934,0.876715810879512,2115,6620,368,178,9,2601,19,935,6,19
"175","2020-03-07",1,3,0,0,3570,0.743977591036415,2040,6103,378,578,NA,NA,NA,NA,NA,NA
"176","2020-03-08",1,3,0,0,3570,0.743977591036415,2040,6103,378,578,NA,NA,NA,NA,NA,NA
"177","2020-03-09",0,3,0,0,3570,0.743977591036415,2040,6103,378,578,NA,NA,NA,NA,NA,NA
"178","2020-03-10",0,3,0,0,3570,0.743977591036415,2040,6103,378,578,NA,NA,NA,NA,NA,NA
"179","2020-03-11",0,3,0,0,3570,0.743977591036415,2040,6103,378,578,3,3,1,1,NA,1
"180","2020-03-12",0,3,0,0,3570,0.743977591036415,2040,6103,378,578,3,6,4,5,2,4
"181","2020-03-13",1,3,35,38,3570,0.743977591036415,2040,6103,378,578,5,11,NA,NA,NA,NA
"182","2020-03-14",2,3,57,57,3570,0.743977591036415,2040,6103,378,578,6,17,2,7,3,2
"183","2020-03-15",4,3,59,70,3570,0.743977591036415,2040,6103,378,578,7,24,5,12,5,5
"184","2020-03-16",9,3,60,86,3570,0.743977591036415,2040,6103,378,578,8,32,2,14,6,2
"185","2020-03-17",13,3,58,98,3570,0.743977591036415,2040,6103,378,578,10,42,7,21,7,7
"186","2020-03-18",17,3,59,111,3570,0.743977591036415,2040,6103,378,578,8,50,6,27,8,6
"187","2020-03-19",22,3,53,122,3570,0.743977591036415,2040,6103,378,578,9,59,5,32,7,5
"188","2020-03-20",33,3,65,148,3570,0.743977591036415,2040,6103,378,578,12,71,7,39,11,7
"189","2020-03-21",48,3,75,167,3570,0.743977591036415,2040,6103,378,578,20,91,3,42,17,3
"190","2020-03-22",49,3,78,186,3570,0.743977591036415,2040,6103,378,578,20,111,5,47,19,5
"191","2020-03-23",43,3,78,215,3570,0.743977591036415,2040,6103,378,578,18,129,8,55,15,8
"192","2020-03-24",45,3,82,227,3570,0.743977591036415,2040,6103,378,578,30,159,7,62,28,7
"193","2020-03-25",49,3,96,242,3570,0.743977591036415,2040,6103,378,578,25,184,8,70,21,8
"194","2020-03-26",49,3,100,260,3570,0.743977591036415,2040,6103,378,578,32,216,6,76,29,6
"195","2020-03-27",63,3,118,285,3570,0.743977591036415,2040,6103,378,578,44,260,13,89,39,13
"196","2020-03-28",70,3,98,304,3570,0.743977591036415,2040,6103,378,578,41,301,8,97,38,8
"197","2020-03-29",82,3,109,319,3570,0.743977591036415,2040,6103,378,578,45,346,13,110,45,13
"198","2020-03-30",85,3,126,355,3570,0.743977591036415,2040,6103,378,578,42,388,15,125,40,15
"199","2020-03-31",92,3,114,393,3570,0.743977591036415,2040,6103,378,578,57,445,12,137,51,12
"200","2020-04-01",91,3,116,406,3570,0.743977591036415,2040,6103,378,578,71,516,11,148,67,11
"201","2020-04-02",100,3,129,435,3570,0.743977591036415,2040,6103,378,578,53,569,11,159,51,11
"202","2020-04-03",115,3,135,467,3570,0.743977591036415,2040,6103,378,578,56,625,9,168,50,9
"203","2020-04-04",138,3,139,513,3570,0.743977591036415,2040,6103,378,578,62,687,5,173,59,5
"204","2020-04-05",137,3,148,544,3570,0.743977591036415,2040,6103,378,578,75,762,8,181,73,8
"205","2020-04-06",148,3,136,568,3570,0.743977591036415,2040,6103,378,578,72,834,10,191,70,10
"206","2020-04-07",147,3,131,591,3570,0.743977591036415,2040,6103,378,578,62,896,15,206,59,15
"207","2020-04-08",160,3,125,625,3570,0.743977591036415,2040,6103,378,578,86,982,11,217,82,11
"208","2020-04-09",164,3,127,642,3570,0.743977591036415,2040,6103,378,578,80,1062,12,229,75,12
"209","2020-04-10",196,3,134,654,3570,0.743977591036415,2040,6103,378,578,89,1151,17,246,82,17
"210","2020-04-11",206,3,143,667,3570,0.743977591036415,2040,6103,378,578,91,1242,17,263,88,17
"211","2020-04-12",201,3,141,686,3570,0.743977591036415,2040,6103,378,578,92,1334,24,287,89,24
"212","2020-04-13",205,3,147,688,3570,0.743977591036415,2040,6103,378,578,108,1442,11,298,106,11
"213","2020-04-14",223,3,154,686,3570,0.743977591036415,2040,6103,378,578,77,1519,18,316,75,18
"214","2020-04-15",230,3,138,698,3570,0.743977591036415,2040,6103,378,578,92,1611,19,335,90,19
"215","2020-04-16",236,3,143,701,3570,0.743977591036415,2040,6103,378,578,104,1715,16,351,101,16
"216","2020-04-17",260,3,165,721,3570,0.743977591036415,2040,6103,378,578,90,1805,22,373,87,22
"217","2020-04-18",252,3,187,717,3570,0.743977591036415,2040,6103,378,578,93,1898,21,394,91,21
"218","2020-04-19",268,3,183,711,3570,0.743977591036415,2040,6103,378,578,96,1994,27,421,94,27
"219","2020-04-20",250,3,198,699,3570,0.743977591036415,2040,6103,378,578,84,2078,26,447,80,26
"220","2020-04-21",238,3,180,704,3570,0.743977591036415,2040,6103,378,578,114,2192,12,459,112,12
"221","2020-04-22",232,3,159,699,3570,0.743977591036415,2040,6103,378,578,156,2348,20,479,150,20
"222","2020-04-23",242,3,159,683,3570,0.743977591036415,2040,6103,378,578,100,2448,18,497,93,18
"223","2020-04-24",245,3,156,689,3570,0.743977591036415,2040,6103,378,578,95,2543,28,525,93,28
"224","2020-04-25",249,3,139,661,3570,0.743977591036415,2040,6103,378,578,99,2642,15,540,96,15
"225","2020-04-26",234,3,144,667,3570,0.743977591036415,2040,6103,378,578,99,2741,26,566,91,26
"226","2020-04-27",233,3,134,665,3570,0.743977591036415,2040,6103,378,578,114,2855,14,580,112,14
"227","2020-04-28",232,3,131,661,3570,0.743977591036415,2040,6103,378,578,95,2950,11,591,92,11
"228","2020-04-29",237,3,139,657,3570,0.743977591036415,2040,6103,378,578,107,3057,15,606,104,15
"229","2020-04-30",226,3,151,643,3570,0.743977591036415,2040,6103,378,578,86,3143,21,627,80,21
"230","2020-05-01",218,3,165,617,3570,0.743977591036415,2040,6103,378,578,81,3224,12,639,76,12
"231","2020-05-02",214,3,157,614,3570,0.743977591036415,2040,6103,378,578,81,3305,16,655,76,16
"232","2020-05-03",227,3,136,595,3570,0.743977591036415,2040,6103,378,578,80,3385,7,662,76,7
"233","2020-05-04",219,3,121,576,3570,0.743977591036415,2040,6103,378,578,94,3479,12,674,92,12
"234","2020-05-05",191,3,116,564,3570,0.743977591036415,2040,6103,378,578,74,3553,22,696,68,22
"235","2020-05-06",192,3,119,540,3570,0.743977591036415,2040,6103,378,578,87,3640,15,711,84,15
"236","2020-05-07",185,3,145,527,3570,0.743977591036415,2040,6103,378,578,66,3706,15,726,63,15
"237","2020-05-08",193,3,152,507,3570,0.743977591036415,2040,6103,378,578,57,3763,16,742,56,16
"238","2020-05-09",196,3,153,487,3570,0.743977591036415,2040,6103,378,578,62,3825,18,760,60,18
"239","2020-05-10",165,3,155,486,3570,0.743977591036415,2040,6103,378,578,74,3899,18,778,71,18
"240","2020-05-11",174,3,171,467,3570,0.743977591036415,2040,6103,378,578,54,3953,20,798,52,20
"241","2020-05-12",168,3,172,447,3570,0.743977591036415,2040,6103,378,578,62,4015,9,807,62,9
"242","2020-05-13",161,3,176,437,3570,0.743977591036415,2040,6103,378,578,47,4062,8,815,45,8
"243","2020-05-14",159,3,184,419,3570,0.743977591036415,2040,6103,378,578,56,4118,19,834,50,19
"244","2020-05-15",160,3,215,403,3570,0.743977591036415,2040,6103,378,578,45,4163,16,850,44,16
"245","2020-05-16",149,3,222,402,3570,0.743977591036415,2040,6103,378,578,41,4204,10,860,39,10
"246","2020-05-17",143,3,234,387,3570,0.743977591036415,2040,6103,378,578,44,4248,16,876,44,16
"247","2020-05-18",137,3,221,369,3570,0.743977591036415,2040,6103,378,578,48,4296,12,888,47,12
"248","2020-05-19",133,3,212,374,3570,0.743977591036415,2040,6103,378,578,37,4333,12,900,37,12
"249","2020-05-20",127,3,206,358,3570,0.743977591036415,2040,6103,378,578,40,4373,8,908,37,8
"250","2020-05-21",124,3,203,356,3570,0.743977591036415,2040,6103,378,578,39,4412,5,913,39,5
"251","2020-05-22",126,3,187,337,3570,0.743977591036415,2040,6103,378,578,41,4453,10,923,37,10
"252","2020-05-23",127,3,167,329,3570,0.743977591036415,2040,6103,378,578,30,4483,8,931,30,8
"253","2020-05-24",131,3,168,317,3570,0.743977591036415,2040,6103,378,578,34,4517,7,938,34,7
"254","2020-05-25",121,3,176,304,3570,0.743977591036415,2040,6103,378,578,25,4542,2,940,23,2
"255","2020-05-26",120,3,170,300,3570,0.743977591036415,2040,6103,378,578,35,4577,10,950,34,10
"256","2020-05-27",117,3,159,290,3570,0.743977591036415,2040,6103,378,578,23,4600,4,954,23,4
"257","2020-05-28",113,3,166,284,3570,0.743977591036415,2040,6103,378,578,23,4623,6,960,20,6
"258","2020-05-29",112,3,149,267,3570,0.743977591036415,2040,6103,378,578,32,4655,7,967,32,7
"259","2020-05-30",118,3,147,252,3570,0.743977591036415,2040,6103,378,578,20,4675,5,972,20,5
"260","2020-05-31",104,3,145,245,3570,0.743977591036415,2040,6103,378,578,17,4692,11,983,16,11
"261","2020-06-01",105,3,145,237,3570,0.743977591036415,2040,6103,378,578,23,4715,7,990,22,7
"262","2020-06-02",90,3,147,237,3570,0.743977591036415,2040,6103,378,578,16,4731,9,999,16,9
"263","2020-06-03",88,3,137,223,3570,0.743977591036415,2040,6103,378,578,20,4751,9,1008,19,9
"264","2020-06-04",86,3,133,212,3570,0.743977591036415,2040,6103,378,578,14,4765,11,1019,13,11
"265","2020-06-05",83,3,137,202,3570,0.743977591036415,2040,6103,378,578,15,4780,12,1031,14,12
"266","2020-06-06",75,3,136,188,3570,0.743977591036415,2040,6103,378,578,14,4794,5,1036,13,5
"267","2020-06-07",65,3,141,172,3570,0.743977591036415,2040,6103,378,578,14,4808,7,1043,14,7
"268","2020-03-14",3,4,20,23,3039,0.861138532411978,2025,5532,282,153,14,45,10,23,5,10
"269","2020-03-15",4,4,22,28,3039,0.861138532411978,2025,5532,282,153,19,64,18,41,7,18
"270","2020-03-16",3,4,31,31,3039,0.861138532411978,2025,5532,282,153,18,82,7,48,9,7
"271","2020-03-17",5,4,37,37,3039,0.861138532411978,2025,5532,282,153,20,102,6,54,10,6
"272","2020-03-18",6,4,39,48,3039,0.861138532411978,2025,5532,282,153,42,144,11,65,27,11
"273","2020-03-19",7,4,41,59,3039,0.861138532411978,2025,5532,282,153,23,167,8,73,14,8
"274","2020-03-20",12,4,37,75,3039,0.861138532411978,2025,5532,282,153,27,194,9,82,14,9
"275","2020-03-21",12,4,45,81,3039,0.861138532411978,2025,5532,282,153,25,219,15,97,17,15
"276","2020-03-22",14,4,42,94,3039,0.861138532411978,2025,5532,282,153,31,250,7,104,21,7
"277","2020-03-23",16,4,47,101,3039,0.861138532411978,2025,5532,282,153,24,274,25,129,19,25
"278","2020-03-24",18,4,43,116,3039,0.861138532411978,2025,5532,282,153,23,297,17,146,11,17
"279","2020-03-25",21,4,42,130,3039,0.861138532411978,2025,5532,282,153,37,334,6,152,26,6
"280","2020-03-26",25,4,38,148,3039,0.861138532411978,2025,5532,282,153,35,369,10,162,25,10
"281","2020-03-27",29,4,40,153,3039,0.861138532411978,2025,5532,282,153,39,408,10,172,30,10
"282","2020-03-28",42,4,36,171,3039,0.861138532411978,2025,5532,282,153,29,437,14,186,19,14
"283","2020-03-29",48,4,41,186,3039,0.861138532411978,2025,5532,282,153,30,467,10,196,19,10
"284","2020-03-30",44,4,36,201,3039,0.861138532411978,2025,5532,282,153,44,511,8,204,26,8
"285","2020-03-31",51,4,25,211,3039,0.861138532411978,2025,5532,282,153,35,546,17,221,28,17
"286","2020-04-01",54,4,20,238,3039,0.861138532411978,2025,5532,282,153,33,579,7,228,23,7
"287","2020-04-02",59,4,33,252,3039,0.861138532411978,2025,5532,282,153,43,622,4,232,21,4
"288","2020-04-03",60,4,40,258,3039,0.861138532411978,2025,5532,282,153,37,659,7,239,23,7
"289","2020-04-04",76,4,46,283,3039,0.861138532411978,2025,5532,282,153,40,699,6,245,27,6
"290","2020-04-05",77,4,45,290,3039,0.861138532411978,2025,5532,282,153,29,728,10,255,18,10
"291","2020-04-06",81,4,41,300,3039,0.861138532411978,2025,5532,282,153,40,768,3,258,26,3
"292","2020-04-07",81,4,40,312,3039,0.861138532411978,2025,5532,282,153,32,800,4,262,26,4
"293","2020-04-08",86,4,39,323,3039,0.861138532411978,2025,5532,282,153,24,824,8,270,16,8
"294","2020-04-09",89,4,41,339,3039,0.861138532411978,2025,5532,282,153,38,862,8,278,22,8
"295","2020-04-10",110,4,42,350,3039,0.861138532411978,2025,5532,282,153,48,910,4,282,30,4
"296","2020-04-11",110,4,47,372,3039,0.861138532411978,2025,5532,282,153,41,951,25,307,24,25
"297","2020-04-12",115,4,60,390,3039,0.861138532411978,2025,5532,282,153,43,994,5,312,32,5
"298","2020-04-13",121,4,65,399,3039,0.861138532411978,2025,5532,282,153,52,1046,10,322,36,10
"299","2020-04-14",120,4,65,416,3039,0.861138532411978,2025,5532,282,153,43,1089,20,342,32,20
"300","2020-04-15",123,4,57,425,3039,0.861138532411978,2025,5532,282,153,49,1138,20,362,30,20
"301","2020-04-16",126,4,58,427,3039,0.861138532411978,2025,5532,282,153,48,1186,22,384,30,22
"302","2020-04-17",144,4,61,418,3039,0.861138532411978,2025,5532,282,153,56,1242,18,402,38,18
"303","2020-04-18",139,4,54,419,3039,0.861138532411978,2025,5532,282,153,48,1290,17,419,33,17
"304","2020-04-19",141,4,52,426,3039,0.861138532411978,2025,5532,282,153,44,1334,20,439,29,20
"305","2020-04-20",139,4,46,430,3039,0.861138532411978,2025,5532,282,153,55,1389,32,471,35,32
"306","2020-04-21",132,4,48,451,3039,0.861138532411978,2025,5532,282,153,48,1437,26,497,35,26
"307","2020-04-22",131,4,43,456,3039,0.861138532411978,2025,5532,282,153,61,1498,17,514,41,17
"308","2020-04-23",139,4,42,473,3039,0.861138532411978,2025,5532,282,153,34,1532,10,524,21,10
"309","2020-04-24",157,4,38,490,3039,0.861138532411978,2025,5532,282,153,49,1581,9,533,39,9
"310","2020-04-25",180,4,33,512,3039,0.861138532411978,2025,5532,282,153,39,1620,40,573,30,40
"311","2020-04-26",167,4,30,525,3039,0.861138532411978,2025,5532,282,153,53,1673,27,600,32,27
"312","2020-04-27",164,4,18,532,3039,0.861138532411978,2025,5532,282,153,38,1711,48,648,26,48
"313","2020-04-28",168,4,24,535,3039,0.861138532411978,2025,5532,282,153,46,1757,41,689,36,41
"314","2020-04-29",177,4,21,547,3039,0.861138532411978,2025,5532,282,153,51,1808,35,724,28,35
"315","2020-04-30",170,4,19,547,3039,0.861138532411978,2025,5532,282,153,41,1849,35,759,27,35
"316","2020-05-01",181,4,35,557,3039,0.861138532411978,2025,5532,282,153,38,1887,39,798,32,39
"317","2020-05-02",169,4,32,570,3039,0.861138532411978,2025,5532,282,153,48,1935,29,827,30,29
"318","2020-05-03",170,4,29,569,3039,0.861138532411978,2025,5532,282,153,48,1983,24,851,36,24
"319","2020-05-04",168,4,26,588,3039,0.861138532411978,2025,5532,282,153,43,2026,41,892,36,41
"320","2020-05-05",164,4,28,569,3039,0.861138532411978,2025,5532,282,153,52,2078,42,934,39,42
"321","2020-05-06",164,4,29,578,3039,0.861138532411978,2025,5532,282,153,37,2115,38,972,27,38
"322","2020-05-07",161,4,33,588,3039,0.861138532411978,2025,5532,282,153,45,2160,31,1003,33,31
"323","2020-05-08",189,4,34,594,3039,0.861138532411978,2025,5532,282,153,32,2192,16,1019,20,16
"324","2020-05-09",190,4,34,598,3039,0.861138532411978,2025,5532,282,153,53,2245,12,1031,39,12
"325","2020-05-10",177,4,29,593,3039,0.861138532411978,2025,5532,282,153,38,2283,8,1039,28,8
"326","2020-05-11",184,4,29,590,3039,0.861138532411978,2025,5532,282,153,39,2322,30,1069,32,30
"327","2020-05-12",182,4,32,594,3039,0.861138532411978,2025,5532,282,153,31,2353,9,1078,22,9
"328","2020-05-13",186,4,33,599,3039,0.861138532411978,2025,5532,282,153,31,2384,11,1089,25,11
"329","2020-05-14",196,4,30,591,3039,0.861138532411978,2025,5532,282,153,40,2424,12,1101,25,12
"330","2020-05-15",203,4,34,576,3039,0.861138532411978,2025,5532,282,153,31,2455,19,1120,24,19
"331","2020-05-16",216,4,26,561,3039,0.861138532411978,2025,5532,282,153,36,2491,11,1131,27,11
"332","2020-05-17",212,4,31,535,3039,0.861138532411978,2025,5532,282,153,24,2515,2,1133,20,2
"333","2020-05-18",208,4,44,517,3039,0.861138532411978,2025,5532,282,153,32,2547,28,1161,20,28
"334","2020-05-19",208,4,49,504,3039,0.861138532411978,2025,5532,282,153,35,2582,9,1170,23,9
"335","2020-05-20",194,4,47,487,3039,0.861138532411978,2025,5532,282,153,27,2609,34,1204,17,34
"336","2020-05-21",183,4,49,463,3039,0.861138532411978,2025,5532,282,153,30,2639,12,1216,22,12
"337","2020-05-22",187,4,54,450,3039,0.861138532411978,2025,5532,282,153,33,2672,16,1232,19,16
"338","2020-05-23",195,4,46,427,3039,0.861138532411978,2025,5532,282,153,27,2699,30,1262,16,30
"339","2020-05-24",170,4,41,405,3039,0.861138532411978,2025,5532,282,153,16,2715,30,1292,13,30
"340","2020-05-25",150,4,45,391,3039,0.861138532411978,2025,5532,282,153,33,2748,32,1324,22,32
"341","2020-05-26",136,4,48,374,3039,0.861138532411978,2025,5532,282,153,22,2770,25,1349,16,25
"342","2020-05-27",146,4,46,383,3039,0.861138532411978,2025,5532,282,153,17,2787,28,1377,13,28
"343","2020-05-28",150,4,42,375,3039,0.861138532411978,2025,5532,282,153,23,2810,19,1396,16,19
"344","2020-05-29",151,4,40,361,3039,0.861138532411978,2025,5532,282,153,18,2828,16,1412,12,16
"345","2020-05-30",142,4,33,356,3039,0.861138532411978,2025,5532,282,153,25,2853,12,1424,19,12
"346","2020-05-31",132,4,30,323,3039,0.861138532411978,2025,5532,282,153,19,2872,25,1449,14,25
"347","2020-06-01",125,4,29,311,3039,0.861138532411978,2025,5532,282,153,27,2899,8,1457,22,8
"348","2020-06-02",129,4,27,282,3039,0.861138532411978,2025,5532,282,153,28,2927,5,1462,25,5
"349","2020-06-03",117,4,27,274,3039,0.861138532411978,2025,5532,282,153,15,2942,2,1464,12,2
"350","2020-06-04",109,4,29,274,3039,0.861138532411978,2025,5532,282,153,24,2966,11,1475,16,11
"351","2020-06-05",93,4,31,258,3039,0.861138532411978,2025,5532,282,153,17,2983,17,1492,13,17
"352","2020-06-06",85,4,29,235,3039,0.861138532411978,2025,5532,282,153,13,2996,11,1503,8,11
"353","2020-06-07",83,4,27,220,3039,0.861138532411978,2025,5532,282,153,21,3017,17,1520,15,17
"354","2020-03-13",1,5,20,22,3086,0.813350615683733,2085,5651,320,161,4,8,4,11,NA,4
"355","2020-03-14",6,5,26,30,3086,0.813350615683733,2085,5651,320,161,6,14,3,14,3,3
"356","2020-03-15",6,5,25,38,3086,0.813350615683733,2085,5651,320,161,8,22,3,17,2,3
"357","2020-03-16",7,5,27,50,3086,0.813350615683733,2085,5651,320,161,5,27,4,21,2,4
"358","2020-03-17",9,5,21,57,3086,0.813350615683733,2085,5651,320,161,11,38,4,25,9,4
"359","2020-03-18",10,5,19,67,3086,0.813350615683733,2085,5651,320,161,5,43,6,31,4,6
"360","2020-03-19",10,5,14,86,3086,0.813350615683733,2085,5651,320,161,14,57,10,41,10,10
"361","2020-03-20",16,5,16,105,3086,0.813350615683733,2085,5651,320,161,9,66,9,50,7,9
"362","2020-03-21",14,5,12,120,3086,0.813350615683733,2085,5651,320,161,15,81,5,55,13,5
"363","2020-03-22",19,5,19,138,3086,0.813350615683733,2085,5651,320,161,17,98,5,60,11,5
"364","2020-03-23",29,5,17,153,3086,0.813350615683733,2085,5651,320,161,19,117,2,62,17,2
"365","2020-03-24",33,5,20,175,3086,0.813350615683733,2085,5651,320,161,15,132,2,64,14,2
"366","2020-03-25",36,5,24,190,3086,0.813350615683733,2085,5651,320,161,22,154,7,71,19,7
"367","2020-03-26",49,5,26,206,3086,0.813350615683733,2085,5651,320,161,24,178,14,85,22,14
"368","2020-03-27",55,5,24,219,3086,0.813350615683733,2085,5651,320,161,29,207,13,98,25,13
"369","2020-03-28",65,5,23,240,3086,0.813350615683733,2085,5651,320,161,22,229,7,105,21,7
"370","2020-03-29",71,5,18,244,3086,0.813350615683733,2085,5651,320,161,22,251,10,115,18,10
"371","2020-03-30",68,5,14,251,3086,0.813350615683733,2085,5651,320,161,29,280,10,125,27,10
"372","2020-03-31",73,5,12,277,3086,0.813350615683733,2085,5651,320,161,27,307,10,135,24,10
"373","2020-04-01",75,5,11,292,3086,0.813350615683733,2085,5651,320,161,42,349,10,145,37,10
"374","2020-04-02",73,5,16,319,3086,0.813350615683733,2085,5651,320,161,34,383,9,154,30,9
"375","2020-04-03",81,5,16,326,3086,0.813350615683733,2085,5651,320,161,34,417,10,164,29,10
"376","2020-04-04",90,5,14,336,3086,0.813350615683733,2085,5651,320,161,45,462,9,173,42,9
"377","2020-04-05",98,5,16,345,3086,0.813350615683733,2085,5651,320,161,46,508,14,187,40,14
"378","2020-04-06",99,5,15,387,3086,0.813350615683733,2085,5651,320,161,60,568,15,202,57,15
"379","2020-04-07",98,5,24,411,3086,0.813350615683733,2085,5651,320,161,36,604,13,215,33,13
"380","2020-04-08",103,5,33,431,3086,0.813350615683733,2085,5651,320,161,85,689,17,232,81,17
"381","2020-04-09",108,5,45,448,3086,0.813350615683733,2085,5651,320,161,60,749,13,245,55,13
"382","2020-04-10",113,5,44,463,3086,0.813350615683733,2085,5651,320,161,50,799,13,258,48,13
"383","2020-04-11",153,5,39,481,3086,0.813350615683733,2085,5651,320,161,81,880,18,276,73,18
"384","2020-04-12",149,5,30,491,3086,0.813350615683733,2085,5651,320,161,78,958,19,295,75,19
"385","2020-04-13",145,5,32,508,3086,0.813350615683733,2085,5651,320,161,82,1040,22,317,80,22
"386","2020-04-14",141,5,43,529,3086,0.813350615683733,2085,5651,320,161,96,1136,16,333,93,16
"387","2020-04-15",155,5,43,538,3086,0.813350615683733,2085,5651,320,161,116,1252,27,360,110,27
"388","2020-04-16",167,5,48,560,3086,0.813350615683733,2085,5651,320,161,106,1358,29,389,101,29
"389","2020-04-17",205,5,49,582,3086,0.813350615683733,2085,5651,320,161,128,1486,23,412,125,23
"390","2020-04-18",192,5,50,619,3086,0.813350615683733,2085,5651,320,161,96,1582,18,430,93,18
"391","2020-04-19",192,5,49,637,3086,0.813350615683733,2085,5651,320,161,126,1708,22,452,124,22
"392","2020-04-20",194,5,50,658,3086,0.813350615683733,2085,5651,320,161,127,1835,29,481,123,29
"393","2020-04-21",202,5,58,672,3086,0.813350615683733,2085,5651,320,161,141,1976,22,503,137,22
"394","2020-04-22",202,5,66,663,3086,0.813350615683733,2085,5651,320,161,119,2095,20,523,116,20
"395","2020-04-23",199,5,62,679,3086,0.813350615683733,2085,5651,320,161,140,2235,24,547,135,24
"396","2020-04-24",232,5,68,652,3086,0.813350615683733,2085,5651,320,161,150,2385,18,565,148,18
"397","2020-04-25",244,5,66,643,3086,0.813350615683733,2085,5651,320,161,141,2526,26,591,135,26
"398","2020-04-26",246,5,56,632,3086,0.813350615683733,2085,5651,320,161,150,2676,11,602,146,11
"399","2020-04-27",243,5,55,626,3086,0.813350615683733,2085,5651,320,161,138,2814,31,633,130,31
"400","2020-04-28",240,5,59,623,3086,0.813350615683733,2085,5651,320,161,152,2966,21,654,145,21
"401","2020-04-29",233,5,57,603,3086,0.813350615683733,2085,5651,320,161,139,3105,37,691,136,37
"402","2020-04-30",229,5,50,592,3086,0.813350615683733,2085,5651,320,161,124,3229,37,728,124,37
"403","2020-05-01",224,5,48,561,3086,0.813350615683733,2085,5651,320,161,142,3371,35,763,138,35
"404","2020-05-02",212,5,51,555,3086,0.813350615683733,2085,5651,320,161,124,3495,31,794,120,31
"405","2020-05-03",191,5,43,532,3086,0.813350615683733,2085,5651,320,161,159,3654,27,821,155,27
"406","2020-05-04",181,5,47,528,3086,0.813350615683733,2085,5651,320,161,112,3766,25,846,108,25
"407","2020-05-05",176,5,40,515,3086,0.813350615683733,2085,5651,320,161,120,3886,28,874,116,28
"408","2020-05-06",170,5,45,495,3086,0.813350615683733,2085,5651,320,161,115,4001,26,900,113,26
"409","2020-05-07",164,5,43,460,3086,0.813350615683733,2085,5651,320,161,108,4109,18,918,107,18
"410","2020-05-08",158,5,39,454,3086,0.813350615683733,2085,5651,320,161,97,4206,21,939,95,21
"411","2020-05-09",154,5,36,445,3086,0.813350615683733,2085,5651,320,161,85,4291,23,962,83,23
"412","2020-05-10",149,5,39,425,3086,0.813350615683733,2085,5651,320,161,96,4387,27,989,93,27
"413","2020-05-11",150,5,47,415,3086,0.813350615683733,2085,5651,320,161,78,4465,25,1014,76,25
"414","2020-05-12",147,5,56,397,3086,0.813350615683733,2085,5651,320,161,64,4529,24,1038,61,24
"415","2020-05-13",147,5,56,398,3086,0.813350615683733,2085,5651,320,161,77,4606,28,1066,77,28
"416","2020-05-14",145,5,60,411,3086,0.813350615683733,2085,5651,320,161,59,4665,19,1085,59,19
"417","2020-05-15",134,5,61,408,3086,0.813350615683733,2085,5651,320,161,60,4725,23,1108,58,23
"418","2020-05-16",126,5,52,398,3086,0.813350615683733,2085,5651,320,161,44,4769,19,1127,43,19
"419","2020-05-17",113,5,58,385,3086,0.813350615683733,2085,5651,320,161,49,4818,24,1151,44,24
"420","2020-05-18",111,5,52,400,3086,0.813350615683733,2085,5651,320,161,25,4843,21,1172,24,21
"421","2020-05-19",113,5,48,384,3086,0.813350615683733,2085,5651,320,161,25,4868,25,1197,23,25
"422","2020-05-20",113,5,50,381,3086,0.813350615683733,2085,5651,320,161,37,4905,21,1218,35,21
"423","2020-05-21",116,5,47,370,3086,0.813350615683733,2085,5651,320,161,44,4949,15,1233,42,15
"424","2020-05-22",116,5,43,366,3086,0.813350615683733,2085,5651,320,161,50,4999,18,1251,46,18
"425","2020-05-23",138,5,39,358,3086,0.813350615683733,2085,5651,320,161,25,5024,10,1261,22,10
"426","2020-05-24",148,5,36,344,3086,0.813350615683733,2085,5651,320,161,25,5049,22,1283,24,22
"427","2020-05-25",150,5,35,323,3086,0.813350615683733,2085,5651,320,161,23,5072,25,1308,21,25
"428","2020-05-26",139,5,41,310,3086,0.813350615683733,2085,5651,320,161,24,5096,13,1321,24,13
"429","2020-05-27",141,5,40,296,3086,0.813350615683733,2085,5651,320,161,27,5123,21,1342,25,21
"430","2020-05-28",133,5,40,290,3086,0.813350615683733,2085,5651,320,161,20,5143,19,1361,19,19
"431","2020-05-29",135,5,37,275,3086,0.813350615683733,2085,5651,320,161,15,5158,18,1379,15,18
"432","2020-05-30",108,5,38,258,3086,0.813350615683733,2085,5651,320,161,17,5175,20,1399,16,20
"433","2020-05-31",101,5,40,253,3086,0.813350615683733,2085,5651,320,161,16,5191,19,1418,15,19
"434","2020-06-01",91,5,38,239,3086,0.813350615683733,2085,5651,320,161,14,5205,16,1434,14,16
"435","2020-06-02",84,5,30,229,3086,0.813350615683733,2085,5651,320,161,14,5219,17,1451,14,17
"436","2020-06-03",77,5,27,217,3086,0.813350615683733,2085,5651,320,161,11,5230,16,1467,10,16
"437","2020-06-04",78,5,30,201,3086,0.813350615683733,2085,5651,320,161,8,5238,11,1478,8,11
"438","2020-06-05",71,5,28,192,3086,0.813350615683733,2085,5651,320,161,15,5253,8,1486,14,8
"439","2020-06-06",71,5,25,189,3086,0.813350615683733,2085,5651,320,161,8,5261,14,1500,8,14
"440","2020-06-07",56,5,23,176,3086,0.813350615683733,2085,5651,320,161,4,5265,7,1507,4,7
"441","2020-03-13",1,6,16,18,2895,0.835578583765112,2010,5202,319,333,5,16,7,21,NA,7
"442","2020-03-14",1,6,26,21,2895,0.835578583765112,2010,5202,319,333,3,19,1,22,NA,1
"443","2020-03-15",2,6,31,26,2895,0.835578583765112,2010,5202,319,333,11,30,2,24,4,2
"444","2020-03-16",4,6,33,35,2895,0.835578583765112,2010,5202,319,333,8,38,7,31,1,7
"445","2020-03-17",3,6,42,49,2895,0.835578583765112,2010,5202,319,333,13,51,2,33,8,2
"446","2020-03-18",3,6,44,58,2895,0.835578583765112,2010,5202,319,333,10,61,5,38,4,5
"447","2020-03-19",7,6,40,70,2895,0.835578583765112,2010,5202,319,333,14,75,12,50,3,12
"448","2020-03-20",11,6,40,86,2895,0.835578583765112,2010,5202,319,333,17,92,6,56,7,6
"449","2020-03-21",21,6,50,99,2895,0.835578583765112,2010,5202,319,333,27,119,8,64,21,8
"450","2020-03-22",25,6,55,109,2895,0.835578583765112,2010,5202,319,333,23,142,23,87,14,23
"451","2020-03-23",26,6,56,124,2895,0.835578583765112,2010,5202,319,333,20,162,14,101,11,14
"452","2020-03-24",28,6,61,144,2895,0.835578583765112,2010,5202,319,333,23,185,7,108,18,7
"453","2020-03-25",35,6,61,162,2895,0.835578583765112,2010,5202,319,333,34,219,10,118,21,10
"454","2020-03-26",33,6,65,175,2895,0.835578583765112,2010,5202,319,333,33,252,17,135,27,17
"455","2020-03-27",48,6,70,201,2895,0.835578583765112,2010,5202,319,333,32,284,11,146,29,11
"456","2020-03-28",59,6,64,230,2895,0.835578583765112,2010,5202,319,333,30,314,10,156,23,10
"457","2020-03-29",61,6,59,249,2895,0.835578583765112,2010,5202,319,333,32,346,6,162,26,6
"458","2020-03-30",63,6,52,267,2895,0.835578583765112,2010,5202,319,333,34,380,6,168,25,6
"459","2020-03-31",70,6,51,289,2895,0.835578583765112,2010,5202,319,333,38,418,8,176,31,8
"460","2020-04-01",74,6,46,305,2895,0.835578583765112,2010,5202,319,333,60,478,10,186,54,10
"461","2020-04-02",85,6,37,325,2895,0.835578583765112,2010,5202,319,333,50,528,14,200,41,14
"462","2020-04-03",95,6,35,341,2895,0.835578583765112,2010,5202,319,333,40,568,19,219,33,19
"463","2020-04-04",104,6,31,349,2895,0.835578583765112,2010,5202,319,333,45,613,11,230,39,11
"464","2020-04-05",113,6,32,376,2895,0.835578583765112,2010,5202,319,333,49,662,13,243,41,13
"465","2020-04-06",117,6,49,387,2895,0.835578583765112,2010,5202,319,333,54,716,15,258,42,15
"466","2020-04-07",115,6,51,404,2895,0.835578583765112,2010,5202,319,333,58,774,16,274,52,16
"467","2020-04-08",119,6,57,425,2895,0.835578583765112,2010,5202,319,333,53,827,24,298,45,24
"468","2020-04-09",121,6,53,426,2895,0.835578583765112,2010,5202,319,333,66,893,12,310,54,12
"469","2020-04-10",133,6,62,442,2895,0.835578583765112,2010,5202,319,333,70,963,7,317,59,7
"470","2020-04-11",126,6,55,448,2895,0.835578583765112,2010,5202,319,333,51,1014,10,327,44,10
"471","2020-04-12",130,6,59,457,2895,0.835578583765112,2010,5202,319,333,65,1079,24,351,58,24
"472","2020-04-13",126,6,48,456,2895,0.835578583765112,2010,5202,319,333,77,1156,10,361,69,10
"473","2020-04-14",137,6,63,479,2895,0.835578583765112,2010,5202,319,333,55,1211,8,369,47,8
"474","2020-04-15",138,6,65,488,2895,0.835578583765112,2010,5202,319,333,82,1293,13,382,74,13
"475","2020-04-16",132,6,52,502,2895,0.835578583765112,2010,5202,319,333,80,1373,10,392,73,10
"476","2020-04-17",147,6,63,498,2895,0.835578583765112,2010,5202,319,333,66,1439,9,401,58,9
"477","2020-04-18",166,6,65,510,2895,0.835578583765112,2010,5202,319,333,99,1538,10,411,90,10
"478","2020-04-19",156,6,76,531,2895,0.835578583765112,2010,5202,319,333,78,1616,21,432,70,21
"479","2020-04-20",152,6,78,531,2895,0.835578583765112,2010,5202,319,333,70,1686,22,454,65,22
"480","2020-04-21",145,6,86,532,2895,0.835578583765112,2010,5202,319,333,82,1768,19,473,74,19
"481","2020-04-22",150,6,98,543,2895,0.835578583765112,2010,5202,319,333,78,1846,17,490,72,17
"482","2020-04-23",169,6,96,527,2895,0.835578583765112,2010,5202,319,333,65,1911,17,507,57,17
"483","2020-04-24",198,6,89,545,2895,0.835578583765112,2010,5202,319,333,80,1991,12,519,74,12
"484","2020-04-25",195,6,109,557,2895,0.835578583765112,2010,5202,319,333,80,2071,13,532,69,13
"485","2020-04-26",207,6,99,535,2895,0.835578583765112,2010,5202,319,333,68,2139,29,561,59,29
"486","2020-04-27",213,6,94,529,2895,0.835578583765112,2010,5202,319,333,68,2207,12,573,56,12
"487","2020-04-28",203,6,76,531,2895,0.835578583765112,2010,5202,319,333,81,2288,7,580,71,7
"488","2020-04-29",199,6,74,515,2895,0.835578583765112,2010,5202,319,333,59,2347,12,592,53,12
"489","2020-04-30",202,6,88,512,2895,0.835578583765112,2010,5202,319,333,41,2388,13,605,40,13
"490","2020-05-01",190,6,79,480,2895,0.835578583765112,2010,5202,319,333,64,2452,7,612,57,7
"491","2020-05-02",175,6,66,481,2895,0.835578583765112,2010,5202,319,333,68,2520,5,617,65,5
"492","2020-05-03",142,6,67,471,2895,0.835578583765112,2010,5202,319,333,64,2584,8,625,55,8
"493","2020-05-04",140,6,75,492,2895,0.835578583765112,2010,5202,319,333,52,2636,6,631,46,6
"494","2020-05-05",152,6,67,490,2895,0.835578583765112,2010,5202,319,333,59,2695,6,637,49,6
"495","2020-05-06",161,6,55,484,2895,0.835578583765112,2010,5202,319,333,50,2745,13,650,41,13
"496","2020-05-07",152,6,46,483,2895,0.835578583765112,2010,5202,319,333,50,2795,26,676,44,26
"497","2020-05-08",154,6,40,479,2895,0.835578583765112,2010,5202,319,333,56,2851,16,692,49,16
"498","2020-05-09",160,6,48,489,2895,0.835578583765112,2010,5202,319,333,35,2886,13,705,33,13
"499","2020-05-10",167,6,54,471,2895,0.835578583765112,2010,5202,319,333,48,2934,18,723,43,18
"500","2020-05-11",172,6,65,449,2895,0.835578583765112,2010,5202,319,333,48,2982,12,735,43,12
"501","2020-05-12",164,6,75,442,2895,0.835578583765112,2010,5202,319,333,50,3032,9,744,41,9
"502","2020-05-13",151,6,68,430,2895,0.835578583765112,2010,5202,319,333,41,3073,18,762,36,18
"503","2020-05-14",142,6,61,426,2895,0.835578583765112,2010,5202,319,333,32,3105,24,786,28,24
"504","2020-05-15",147,6,54,412,2895,0.835578583765112,2010,5202,319,333,56,3161,9,795,50,9
"505","2020-05-16",142,6,61,405,2895,0.835578583765112,2010,5202,319,333,39,3200,24,819,29,24
"506","2020-05-17",139,6,64,384,2895,0.835578583765112,2010,5202,319,333,39,3239,23,842,36,23
"507","2020-05-18",132,6,70,377,2895,0.835578583765112,2010,5202,319,333,46,3285,28,870,41,28
"508","2020-05-19",129,6,64,370,2895,0.835578583765112,2010,5202,319,333,32,3317,17,887,31,17
"509","2020-05-20",125,6,66,367,2895,0.835578583765112,2010,5202,319,333,31,3348,14,901,29,14
"510","2020-05-21",125,6,71,355,2895,0.835578583765112,2010,5202,319,333,38,3386,13,914,35,13
"511","2020-05-22",122,6,68,331,2895,0.835578583765112,2010,5202,319,333,21,3407,20,934,18,20
"512","2020-05-23",126,6,70,326,2895,0.835578583765112,2010,5202,319,333,35,3442,11,945,28,11
"513","2020-05-24",109,6,67,315,2895,0.835578583765112,2010,5202,319,333,31,3473,13,958,28,13
"514","2020-05-25",107,6,62,321,2895,0.835578583765112,2010,5202,319,333,25,3498,9,967,23,9
"515","2020-05-26",102,6,67,325,2895,0.835578583765112,2010,5202,319,333,33,3531,12,979,28,12
"516","2020-05-27",107,6,54,318,2895,0.835578583765112,2010,5202,319,333,27,3558,14,993,23,14
"517","2020-05-28",103,6,41,295,2895,0.835578583765112,2010,5202,319,333,27,3585,17,1010,22,17
"518","2020-05-29",111,6,32,271,2895,0.835578583765112,2010,5202,319,333,26,3611,10,1020,24,10
"519","2020-05-30",101,6,37,268,2895,0.835578583765112,2010,5202,319,333,26,3637,12,1032,26,12
"520","2020-05-31",98,6,28,253,2895,0.835578583765112,2010,5202,319,333,11,3648,14,1046,11,14
"521","2020-06-01",93,6,23,249,2895,0.835578583765112,2010,5202,319,333,14,3662,18,1064,12,18
"522","2020-06-02",80,6,27,232,2895,0.835578583765112,2010,5202,319,333,20,3682,9,1073,19,9
"523","2020-06-03",77,6,27,220,2895,0.835578583765112,2010,5202,319,333,24,3706,11,1084,21,11
"524","2020-06-04",76,6,29,208,2895,0.835578583765112,2010,5202,319,333,20,3726,14,1098,18,14
"525","2020-06-05",73,6,25,198,2895,0.835578583765112,2010,5202,319,333,13,3739,18,1116,10,18
"526","2020-06-06",84,6,34,185,2895,0.835578583765112,2010,5202,319,333,18,3757,16,1132,15,16
"527","2020-06-07",82,6,33,178,2895,0.835578583765112,2010,5202,319,333,17,3774,6,1138,15,6
"528","2020-03-08",1,7,0,0,2509,0.554802710243125,2025,4906,297,142,NA,NA,NA,NA,NA,NA
"529","2020-03-09",1,7,0,0,2509,0.554802710243125,2025,4906,297,142,NA,NA,NA,NA,NA,NA
"530","2020-03-10",0,7,0,0,2509,0.554802710243125,2025,4906,297,142,NA,NA,NA,NA,NA,NA
"531","2020-03-11",0,7,0,0,2509,0.554802710243125,2025,4906,297,142,5,5,6,6,1,6
"532","2020-03-12",0,7,0,0,2509,0.554802710243125,2025,4906,297,142,8,13,6,12,NA,6
"533","2020-03-13",2,7,21,38,2509,0.554802710243125,2025,4906,297,142,7,20,12,24,2,12
"534","2020-03-14",5,7,23,51,2509,0.554802710243125,2025,4906,297,142,10,30,12,36,4,12
"535","2020-03-15",7,7,24,60,2509,0.554802710243125,2025,4906,297,142,7,37,18,54,5,18
"536","2020-03-16",8,7,26,68,2509,0.554802710243125,2025,4906,297,142,6,43,14,68,5,14
"537","2020-03-17",10,7,31,83,2509,0.554802710243125,2025,4906,297,142,10,53,9,77,9,9
"538","2020-03-18",13,7,32,97,2509,0.554802710243125,2025,4906,297,142,23,76,12,89,19,12
"539","2020-03-19",16,7,38,112,2509,0.554802710243125,2025,4906,297,142,19,95,6,95,14,6
"540","2020-03-20",18,7,29,119,2509,0.554802710243125,2025,4906,297,142,22,117,8,103,19,8
"541","2020-03-21",26,7,29,135,2509,0.554802710243125,2025,4906,297,142,24,141,5,108,22,5
"542","2020-03-22",33,7,31,146,2509,0.554802710243125,2025,4906,297,142,25,166,13,121,22,13
"543","2020-03-23",35,7,31,167,2509,0.554802710243125,2025,4906,297,142,37,203,11,132,33,11
"544","2020-03-24",37,7,33,169,2509,0.554802710243125,2025,4906,297,142,19,222,6,138,18,6
"545","2020-03-25",40,7,36,182,2509,0.554802710243125,2025,4906,297,142,33,255,4,142,24,4
"546","2020-03-26",43,7,37,198,2509,0.554802710243125,2025,4906,297,142,29,284,13,155,25,13
"547","2020-03-27",46,7,39,215,2509,0.554802710243125,2025,4906,297,142,32,316,15,170,24,15
"548","2020-03-28",45,7,48,219,2509,0.554802710243125,2025,4906,297,142,33,349,13,183,28,13
"549","2020-03-29",60,7,45,236,2509,0.554802710243125,2025,4906,297,142,38,387,7,190,32,7
"550","2020-03-30",65,7,37,243,2509,0.554802710243125,2025,4906,297,142,37,424,12,202,33,12
"551","2020-03-31",65,7,34,233,2509,0.554802710243125,2025,4906,297,142,33,457,7,209,33,7
"552","2020-04-01",67,7,39,244,2509,0.554802710243125,2025,4906,297,142,45,502,8,217,41,8
"553","2020-04-02",71,7,40,258,2509,0.554802710243125,2025,4906,297,142,48,550,11,228,46,11
"554","2020-04-03",83,7,36,272,2509,0.554802710243125,2025,4906,297,142,53,603,16,244,49,16
"555","2020-04-04",95,7,30,293,2509,0.554802710243125,2025,4906,297,142,58,661,18,262,54,18
"556","2020-04-05",83,7,24,296,2509,0.554802710243125,2025,4906,297,142,47,708,9,271,44,9
"557","2020-04-06",80,7,29,302,2509,0.554802710243125,2025,4906,297,142,53,761,8,279,48,8
"558","2020-04-07",83,7,19,305,2509,0.554802710243125,2025,4906,297,142,54,815,6,285,52,6
"559","2020-04-08",87,7,19,321,2509,0.554802710243125,2025,4906,297,142,65,880,9,294,56,9
"560","2020-04-09",83,7,22,339,2509,0.554802710243125,2025,4906,297,142,84,964,3,297,79,3
"561","2020-04-10",89,7,31,347,2509,0.554802710243125,2025,4906,297,142,87,1051,4,301,85,4
"562","2020-04-11",103,7,43,347,2509,0.554802710243125,2025,4906,297,142,55,1106,8,309,54,8
"563","2020-04-12",102,7,49,361,2509,0.554802710243125,2025,4906,297,142,76,1182,18,327,73,18
"564","2020-04-13",106,7,49,375,2509,0.554802710243125,2025,4906,297,142,80,1262,8,335,75,8
"565","2020-04-14",111,7,46,405,2509,0.554802710243125,2025,4906,297,142,77,1339,8,343,76,8
"566","2020-04-15",116,7,43,420,2509,0.554802710243125,2025,4906,297,142,54,1393,6,349,46,6
"567","2020-04-16",123,7,44,422,2509,0.554802710243125,2025,4906,297,142,96,1489,17,366,92,17
"568","2020-04-17",148,7,47,434,2509,0.554802710243125,2025,4906,297,142,72,1561,24,390,68,24
"569","2020-04-18",133,7,44,439,2509,0.554802710243125,2025,4906,297,142,90,1651,19,409,88,19
"570","2020-04-19",162,7,47,448,2509,0.554802710243125,2025,4906,297,142,107,1758,22,431,104,22
"571","2020-04-20",161,7,43,442,2509,0.554802710243125,2025,4906,297,142,97,1855,9,440,91,9
"572","2020-04-21",156,7,37,440,2509,0.554802710243125,2025,4906,297,142,86,1941,10,450,78,10
"573","2020-04-22",154,7,41,443,2509,0.554802710243125,2025,4906,297,142,97,2038,17,467,94,17
"574","2020-04-23",149,7,47,439,2509,0.554802710243125,2025,4906,297,142,103,2141,23,490,101,23
"575","2020-04-24",150,7,55,433,2509,0.554802710243125,2025,4906,297,142,99,2240,7,497,96,7
"576","2020-04-25",162,7,57,436,2509,0.554802710243125,2025,4906,297,142,85,2325,7,504,83,7
"577","2020-04-26",138,7,53,430,2509,0.554802710243125,2025,4906,297,142,96,2421,19,523,95,19
"578","2020-04-27",139,7,40,420,2509,0.554802710243125,2025,4906,297,142,76,2497,39,562,75,39
"579","2020-04-28",141,7,43,408,2509,0.554802710243125,2025,4906,297,142,87,2584,23,585,84,23
"580","2020-04-29",138,7,41,399,2509,0.554802710243125,2025,4906,297,142,115,2699,28,613,109,28
"581","2020-04-30",145,7,44,406,2509,0.554802710243125,2025,4906,297,142,104,2803,18,631,97,18
"582","2020-05-01",144,7,37,419,2509,0.554802710243125,2025,4906,297,142,100,2903,13,644,98,13
"583","2020-05-02",139,7,36,423,2509,0.554802710243125,2025,4906,297,142,115,3018,12,656,110,12
"584","2020-05-03",138,7,35,417,2509,0.554802710243125,2025,4906,297,142,81,3099,24,680,79,24
"585","2020-05-04",139,7,36,409,2509,0.554802710243125,2025,4906,297,142,90,3189,12,692,88,12
"586","2020-05-05",127,7,44,412,2509,0.554802710243125,2025,4906,297,142,87,3276,19,711,86,19
"587","2020-05-06",130,7,54,406,2509,0.554802710243125,2025,4906,297,142,69,3345,11,722,67,11
"588","2020-05-07",130,7,51,390,2509,0.554802710243125,2025,4906,297,142,89,3434,6,728,88,6
"589","2020-05-08",154,7,50,395,2509,0.554802710243125,2025,4906,297,142,79,3513,13,741,76,13
"590","2020-05-09",144,7,55,384,2509,0.554802710243125,2025,4906,297,142,86,3599,13,754,84,13
"591","2020-05-10",131,7,61,382,2509,0.554802710243125,2025,4906,297,142,67,3666,15,769,62,15
"592","2020-05-11",125,7,58,376,2509,0.554802710243125,2025,4906,297,142,54,3720,20,789,53,20
"593","2020-05-12",124,7,59,382,2509,0.554802710243125,2025,4906,297,142,64,3784,22,811,63,22
"594","2020-05-13",124,7,49,365,2509,0.554802710243125,2025,4906,297,142,68,3852,12,823,63,12
"595","2020-05-14",127,7,47,375,2509,0.554802710243125,2025,4906,297,142,66,3918,10,833,62,10
"596","2020-05-15",120,7,45,363,2509,0.554802710243125,2025,4906,297,142,48,3966,11,844,47,11
"597","2020-05-16",139,7,37,355,2509,0.554802710243125,2025,4906,297,142,52,4018,12,856,50,12
"598","2020-05-17",132,7,37,338,2509,0.554802710243125,2025,4906,297,142,44,4062,13,869,42,13
"599","2020-05-18",130,7,36,337,2509,0.554802710243125,2025,4906,297,142,59,4121,14,883,58,14
"600","2020-05-19",129,7,33,322,2509,0.554802710243125,2025,4906,297,142,42,4163,9,892,42,9
"601","2020-05-20",128,7,33,320,2509,0.554802710243125,2025,4906,297,142,34,4197,9,901,31,9
"602","2020-05-21",125,7,33,312,2509,0.554802710243125,2025,4906,297,142,41,4238,4,905,40,4
"603","2020-05-22",126,7,31,300,2509,0.554802710243125,2025,4906,297,142,35,4273,2,907,32,2
"604","2020-05-23",124,7,37,287,2509,0.554802710243125,2025,4906,297,142,27,4300,2,909,23,2
"605","2020-05-24",111,7,38,290,2509,0.554802710243125,2025,4906,297,142,36,4336,3,912,32,3
"606","2020-05-25",98,7,35,267,2509,0.554802710243125,2025,4906,297,142,19,4355,9,921,18,9
"607","2020-05-26",93,7,35,258,2509,0.554802710243125,2025,4906,297,142,36,4391,5,926,36,5
"608","2020-05-27",85,7,38,251,2509,0.554802710243125,2025,4906,297,142,24,4415,2,928,22,2
"609","2020-05-28",75,7,40,239,2509,0.554802710243125,2025,4906,297,142,22,4437,2,930,22,2
"610","2020-05-29",72,7,48,231,2509,0.554802710243125,2025,4906,297,142,17,4454,3,933,16,3
"611","2020-05-30",63,7,53,225,2509,0.554802710243125,2025,4906,297,142,28,4482,4,937,27,4
"612","2020-05-31",65,7,50,222,2509,0.554802710243125,2025,4906,297,142,25,4507,14,951,23,14
"613","2020-06-01",65,7,46,211,2509,0.554802710243125,2025,4906,297,142,16,4523,13,964,16,13
"614","2020-06-02",67,7,44,219,2509,0.554802710243125,2025,4906,297,142,23,4546,10,974,23,10
"615","2020-06-03",69,7,35,210,2509,0.554802710243125,2025,4906,297,142,12,4558,5,979,11,5
"616","2020-06-04",75,7,27,203,2509,0.554802710243125,2025,4906,297,142,17,4575,11,990,16,11
"617","2020-06-05",75,7,26,202,2509,0.554802710243125,2025,4906,297,142,17,4592,5,995,17,5
"618","2020-06-06",78,7,25,190,2509,0.554802710243125,2025,4906,297,142,23,4615,3,998,22,3
"619","2020-06-07",69,7,23,171,2509,0.554802710243125,2025,4906,297,142,8,4623,NA,NA,7,NA
"620","2020-03-08",1,8,0,0,3342,0.774985038898863,1920,5661,324,513,NA,NA,NA,NA,NA,NA
"621","2020-03-09",1,8,0,0,3342,0.774985038898863,1920,5661,324,513,NA,NA,NA,NA,NA,NA
"622","2020-03-10",0,8,0,0,3342,0.774985038898863,1920,5661,324,513,NA,NA,NA,NA,NA,NA
"623","2020-03-11",0,8,0,0,3342,0.774985038898863,1920,5661,324,513,7,7,1,1,NA,1
"624","2020-03-12",0,8,0,0,3342,0.774985038898863,1920,5661,324,513,8,15,5,6,NA,5
"625","2020-03-13",1,8,34,32,3342,0.774985038898863,1920,5661,324,513,6,21,NA,NA,NA,NA
"626","2020-03-14",3,8,38,43,3342,0.774985038898863,1920,5661,324,513,11,32,1,7,2,1
"627","2020-03-15",8,8,43,57,3342,0.774985038898863,1920,5661,324,513,12,44,NA,NA,8,NA
"628","2020-03-16",10,8,55,76,3342,0.774985038898863,1920,5661,324,513,8,52,1,8,3,1
"629","2020-03-17",9,8,71,91,3342,0.774985038898863,1920,5661,324,513,13,65,1,9,3,1
"630","2020-03-18",14,8,70,106,3342,0.774985038898863,1920,5661,324,513,10,75,1,10,4,1
"631","2020-03-19",17,8,75,116,3342,0.774985038898863,1920,5661,324,513,10,85,1,11,7,1
"632","2020-03-20",24,8,80,129,3342,0.774985038898863,1920,5661,324,513,12,97,8,19,6,8
"633","2020-03-21",33,8,92,156,3342,0.774985038898863,1920,5661,324,513,16,113,4,23,8,4
"634","2020-03-22",34,8,103,174,3342,0.774985038898863,1920,5661,324,513,16,129,2,25,6,2
"635","2020-03-23",33,8,103,185,3342,0.774985038898863,1920,5661,324,513,16,145,6,31,10,6
"636","2020-03-24",39,8,95,205,3342,0.774985038898863,1920,5661,324,513,12,157,4,35,6,4
"637","2020-03-25",44,8,92,225,3342,0.774985038898863,1920,5661,324,513,16,173,14,49,11,14
"638","2020-03-26",53,8,84,247,3342,0.774985038898863,1920,5661,324,513,18,191,14,63,8,14
"639","2020-03-27",61,8,78,269,3342,0.774985038898863,1920,5661,324,513,18,209,9,72,14,9
"640","2020-03-28",73,8,76,286,3342,0.774985038898863,1920,5661,324,513,26,235,2,74,17,2
"641","2020-03-29",87,8,78,302,3342,0.774985038898863,1920,5661,324,513,22,257,3,77,11,3
"642","2020-03-30",96,8,89,308,3342,0.774985038898863,1920,5661,324,513,30,287,10,87,22,10
"643","2020-03-31",96,8,94,327,3342,0.774985038898863,1920,5661,324,513,26,313,3,90,15,3
"644","2020-04-01",95,8,96,353,3342,0.774985038898863,1920,5661,324,513,21,334,4,94,12,4
"645","2020-04-02",103,8,97,377,3342,0.774985038898863,1920,5661,324,513,25,359,3,97,11,3
"646","2020-04-03",125,8,101,404,3342,0.774985038898863,1920,5661,324,513,28,387,7,104,18,7
"647","2020-04-04",123,8,96,417,3342,0.774985038898863,1920,5661,324,513,19,406,4,108,14,4
"648","2020-04-05",117,8,92,420,3342,0.774985038898863,1920,5661,324,513,23,429,9,117,11,9
"649","2020-04-06",121,8,101,425,3342,0.774985038898863,1920,5661,324,513,34,463,10,127,23,10
"650","2020-04-07",123,8,92,439,3342,0.774985038898863,1920,5661,324,513,53,516,9,136,37,9
"651","2020-04-08",134,8,98,440,3342,0.774985038898863,1920,5661,324,513,25,541,13,149,18,13
"652","2020-04-09",144,8,115,451,3342,0.774985038898863,1920,5661,324,513,36,577,6,155,26,6
"653","2020-04-10",154,8,120,476,3342,0.774985038898863,1920,5661,324,513,27,604,20,175,17,20
"654","2020-04-11",182,8,120,485,3342,0.774985038898863,1920,5661,324,513,40,644,17,192,22,17
"655","2020-04-12",171,8,105,487,3342,0.774985038898863,1920,5661,324,513,34,678,7,199,26,7
"656","2020-04-13",172,8,107,501,3342,0.774985038898863,1920,5661,324,513,33,711,18,217,21,18
"657","2020-04-14",173,8,103,498,3342,0.774985038898863,1920,5661,324,513,46,757,17,234,38,17
"658","2020-04-15",162,8,99,501,3342,0.774985038898863,1920,5661,324,513,28,785,11,245,20,11
"659","2020-04-16",151,8,93,515,3342,0.774985038898863,1920,5661,324,513,31,816,4,249,22,4
"660","2020-04-17",160,8,93,525,3342,0.774985038898863,1920,5661,324,513,39,855,8,257,30,8
"661","2020-04-18",160,8,105,544,3342,0.774985038898863,1920,5661,324,513,30,885,4,261,24,4
"662","2020-04-19",157,8,125,566,3342,0.774985038898863,1920,5661,324,513,31,916,3,264,23,3
"663","2020-04-20",152,8,124,587,3342,0.774985038898863,1920,5661,324,513,36,952,5,269,28,5
"664","2020-04-21",149,8,147,588,3342,0.774985038898863,1920,5661,324,513,33,985,6,275,25,6
"665","2020-04-22",165,8,145,583,3342,0.774985038898863,1920,5661,324,513,31,1016,9,284,18,9
"666","2020-04-23",167,8,165,572,3342,0.774985038898863,1920,5661,324,513,34,1050,9,293,27,9
"667","2020-04-24",188,8,155,578,3342,0.774985038898863,1920,5661,324,513,35,1085,11,304,26,11
"668","2020-04-25",184,8,155,582,3342,0.774985038898863,1920,5661,324,513,36,1121,15,319,26,15
"669","2020-04-26",203,8,152,562,3342,0.774985038898863,1920,5661,324,513,37,1158,6,325,27,6
"670","2020-04-27",201,8,144,577,3342,0.774985038898863,1920,5661,324,513,44,1202,13,338,34,13
"671","2020-04-28",197,8,131,569,3342,0.774985038898863,1920,5661,324,513,32,1234,13,351,22,13
"672","2020-04-29",196,8,141,584,3342,0.774985038898863,1920,5661,324,513,39,1273,7,358,30,7
"673","2020-04-30",204,8,138,608,3342,0.774985038898863,1920,5661,324,513,26,1299,11,369,19,11
"674","2020-05-01",226,8,148,602,3342,0.774985038898863,1920,5661,324,513,39,1338,6,375,26,6
"675","2020-05-02",225,8,137,599,3342,0.774985038898863,1920,5661,324,513,38,1376,14,389,28,14
"676","2020-05-03",213,8,130,591,3342,0.774985038898863,1920,5661,324,513,41,1417,7,396,32,7
"677","2020-05-04",213,8,142,597,3342,0.774985038898863,1920,5661,324,513,40,1457,11,407,28,11
"678","2020-05-05",208,8,153,595,3342,0.774985038898863,1920,5661,324,513,35,1492,9,416,25,9
"679","2020-05-06",210,8,142,592,3342,0.774985038898863,1920,5661,324,513,46,1538,5,421,37,5
"680","2020-05-07",209,8,135,593,3342,0.774985038898863,1920,5661,324,513,34,1572,12,433,28,12
"681","2020-05-08",213,8,151,581,3342,0.774985038898863,1920,5661,324,513,36,1608,17,450,28,17
"682","2020-05-09",216,8,141,589,3342,0.774985038898863,1920,5661,324,513,35,1643,15,465,24,15
"683","2020-05-10",211,8,141,570,3342,0.774985038898863,1920,5661,324,513,34,1677,17,482,28,17
"684","2020-05-11",203,8,130,539,3342,0.774985038898863,1920,5661,324,513,27,1704,16,498,20,16
"685","2020-05-12",200,8,120,527,3342,0.774985038898863,1920,5661,324,513,29,1733,20,518,24,20
"686","2020-05-13",184,8,125,506,3342,0.774985038898863,1920,5661,324,513,45,1778,16,534,29,16
"687","2020-05-14",173,8,114,481,3342,0.774985038898863,1920,5661,324,513,35,1813,11,545,29,11
"688","2020-05-15",170,8,130,457,3342,0.774985038898863,1920,5661,324,513,29,1842,8,553,21,8
"689","2020-05-16",185,8,119,432,3342,0.774985038898863,1920,5661,324,513,39,1881,10,563,28,10
"690","2020-05-17",169,8,118,419,3342,0.774985038898863,1920,5661,324,513,35,1916,13,576,25,13
"691","2020-05-18",155,8,124,411,3342,0.774985038898863,1920,5661,324,513,16,1932,13,589,10,13
"692","2020-05-19",144,8,126,413,3342,0.774985038898863,1920,5661,324,513,32,1964,15,604,30,15
"693","2020-05-20",146,8,131,397,3342,0.774985038898863,1920,5661,324,513,23,1987,11,615,19,11
"694","2020-05-21",142,8,143,402,3342,0.774985038898863,1920,5661,324,513,25,2012,9,624,19,9
"695","2020-05-22",137,8,148,374,3342,0.774985038898863,1920,5661,324,513,27,2039,7,631,23,7
"696","2020-05-23",123,8,155,361,3342,0.774985038898863,1920,5661,324,513,22,2061,13,644,16,13
"697","2020-05-24",107,8,158,356,3342,0.774985038898863,1920,5661,324,513,22,2083,11,655,16,11
"698","2020-05-25",110,8,167,361,3342,0.774985038898863,1920,5661,324,513,18,2101,3,658,13,3
"699","2020-05-26",116,8,169,360,3342,0.774985038898863,1920,5661,324,513,15,2116,5,663,13,5
"700","2020-05-27",119,8,163,357,3342,0.774985038898863,1920,5661,324,513,15,2131,8,671,12,8
"701","2020-05-28",127,8,156,356,3342,0.774985038898863,1920,5661,324,513,16,2147,6,677,13,6
"702","2020-05-29",133,8,150,329,3342,0.774985038898863,1920,5661,324,513,25,2172,7,684,20,7
"703","2020-05-30",124,8,141,326,3342,0.774985038898863,1920,5661,324,513,18,2190,6,690,11,6
"704","2020-05-31",126,8,139,315,3342,0.774985038898863,1920,5661,324,513,22,2212,3,693,17,3
"705","2020-06-01",122,8,129,309,3342,0.774985038898863,1920,5661,324,513,14,2226,7,700,12,7
"706","2020-06-02",116,8,142,287,3342,0.774985038898863,1920,5661,324,513,13,2239,4,704,7,4
"707","2020-06-03",113,8,145,282,3342,0.774985038898863,1920,5661,324,513,19,2258,4,708,15,4
"708","2020-06-04",103,8,156,261,3342,0.774985038898863,1920,5661,324,513,8,2266,4,712,6,4
"709","2020-06-05",92,8,169,259,3342,0.774985038898863,1920,5661,324,513,10,2276,10,722,7,10
"710","2020-06-06",86,8,162,241,3342,0.774985038898863,1920,5661,324,513,12,2288,16,738,8,16
"711","2020-06-07",79,8,166,248,3342,0.774985038898863,1920,5661,324,513,13,2301,8,746,11,8
"712","2020-03-15",2,9,18,13,5182,0.975299112311849,1995,7312,551,294,2,13,8,28,1,8
"713","2020-03-16",2,9,14,20,5182,0.975299112311849,1995,7312,551,294,2,15,18,46,2,18
"714","2020-03-17",0,9,0,0,5182,0.975299112311849,1995,7312,551,294,4,19,7,53,3,7
"715","2020-03-18",0,9,0,0,5182,0.975299112311849,1995,7312,551,294,7,26,3,56,5,3
"716","2020-03-19",1,9,23,38,5182,0.975299112311849,1995,7312,551,294,10,36,3,59,7,3
"717","2020-03-20",2,9,23,46,5182,0.975299112311849,1995,7312,551,294,7,43,12,71,5,12
"718","2020-03-21",2,9,26,52,5182,0.975299112311849,1995,7312,551,294,10,53,7,78,9,7
"719","2020-03-22",8,9,33,61,5182,0.975299112311849,1995,7312,551,294,19,72,5,83,14,5
"720","2020-03-23",9,9,30,75,5182,0.975299112311849,1995,7312,551,294,11,83,12,95,10,12
"721","2020-03-24",10,9,28,91,5182,0.975299112311849,1995,7312,551,294,9,92,8,103,7,8
"722","2020-03-25",12,9,26,110,5182,0.975299112311849,1995,7312,551,294,19,111,5,108,18,5
"723","2020-03-26",14,9,40,122,5182,0.975299112311849,1995,7312,551,294,17,128,2,110,16,2
"724","2020-03-27",15,9,33,144,5182,0.975299112311849,1995,7312,551,294,24,152,6,116,21,6
"725","2020-03-28",30,9,30,166,5182,0.975299112311849,1995,7312,551,294,18,170,1,117,17,1
"726","2020-03-29",34,9,26,196,5182,0.975299112311849,1995,7312,551,294,21,191,5,122,19,5
"727","2020-03-30",41,9,23,221,5182,0.975299112311849,1995,7312,551,294,15,206,6,128,14,6
"728","2020-03-31",46,9,22,252,5182,0.975299112311849,1995,7312,551,294,34,240,12,140,32,12
"729","2020-04-01",52,9,26,289,5182,0.975299112311849,1995,7312,551,294,26,266,9,149,22,9
"730","2020-04-02",55,9,27,311,5182,0.975299112311849,1995,7312,551,294,34,300,3,152,32,3
"731","2020-04-03",81,9,25,354,5182,0.975299112311849,1995,7312,551,294,33,333,11,163,32,11
"732","2020-04-04",96,9,25,398,5182,0.975299112311849,1995,7312,551,294,39,372,7,170,38,7
"733","2020-04-05",100,9,29,440,5182,0.975299112311849,1995,7312,551,294,54,426,2,172,53,2
"734","2020-04-06",98,9,30,485,5182,0.975299112311849,1995,7312,551,294,45,471,3,175,42,3
"735","2020-04-07",107,9,24,518,5182,0.975299112311849,1995,7312,551,294,63,534,18,193,61,18
"736","2020-04-08",116,9,26,562,5182,0.975299112311849,1995,7312,551,294,52,586,11,204,51,11
"737","2020-04-09",132,9,27,616,5182,0.975299112311849,1995,7312,551,294,54,640,19,223,52,19
"738","2020-04-10",172,9,42,659,5182,0.975299112311849,1995,7312,551,294,85,725,8,231,81,8
"739","2020-04-11",206,9,42,695,5182,0.975299112311849,1995,7312,551,294,72,797,11,242,70,11
"740","2020-04-12",217,9,39,753,5182,0.975299112311849,1995,7312,551,294,72,869,12,254,71,12
"741","2020-04-13",221,9,39,774,5182,0.975299112311849,1995,7312,551,294,97,966,25,279,95,25
"742","2020-04-14",229,9,35,823,5182,0.975299112311849,1995,7312,551,294,97,1063,10,289,94,10
"743","2020-04-15",251,9,36,848,5182,0.975299112311849,1995,7312,551,294,94,1157,8,297,93,8
"744","2020-04-16",254,9,34,887,5182,0.975299112311849,1995,7312,551,294,87,1244,6,303,86,6
"745","2020-04-17",283,9,46,915,5182,0.975299112311849,1995,7312,551,294,94,1338,9,312,93,9
"746","2020-04-18",303,9,46,982,5182,0.975299112311849,1995,7312,551,294,87,1425,6,318,86,6
"747","2020-04-19",281,9,54,1006,5182,0.975299112311849,1995,7312,551,294,89,1514,12,330,86,12
"748","2020-04-20",276,9,65,1038,5182,0.975299112311849,1995,7312,551,294,108,1622,10,340,104,10
"749","2020-04-21",297,9,65,1087,5182,0.975299112311849,1995,7312,551,294,77,1699,14,354,74,14
"750","2020-04-22",296,9,70,1125,5182,0.975299112311849,1995,7312,551,294,114,1813,18,372,113,18
"751","2020-04-23",319,9,76,1132,5182,0.975299112311849,1995,7312,551,294,111,1924,19,391,110,19
"752","2020-04-24",366,9,68,1170,5182,0.975299112311849,1995,7312,551,294,121,2045,11,402,119,11
"753","2020-04-25",405,9,64,1230,5182,0.975299112311849,1995,7312,551,294,116,2161,16,418,112,16
"754","2020-04-26",403,9,59,1276,5182,0.975299112311849,1995,7312,551,294,143,2304,21,439,141,21
"755","2020-04-27",392,9,64,1274,5182,0.975299112311849,1995,7312,551,294,134,2438,8,447,132,8
"756","2020-04-28",380,9,74,1292,5182,0.975299112311849,1995,7312,551,294,139,2577,14,461,137,14
"757","2020-04-29",381,9,75,1298,5182,0.975299112311849,1995,7312,551,294,112,2689,17,478,112,17
"758","2020-04-30",384,9,63,1297,5182,0.975299112311849,1995,7312,551,294,125,2814,24,502,125,24
"759","2020-05-01",451,9,54,1298,5182,0.975299112311849,1995,7312,551,294,108,2922,13,515,108,13
"760","2020-05-02",423,9,46,1298,5182,0.975299112311849,1995,7312,551,294,107,3029,10,525,104,10
"761","2020-05-03",426,9,48,1279,5182,0.975299112311849,1995,7312,551,294,121,3150,21,546,120,21
"762","2020-05-04",442,9,51,1262,5182,0.975299112311849,1995,7312,551,294,98,3248,9,555,98,9
"763","2020-05-05",435,9,63,1245,5182,0.975299112311849,1995,7312,551,294,122,3370,5,560,121,5
"764","2020-05-06",436,9,69,1240,5182,0.975299112311849,1995,7312,551,294,98,3468,3,563,98,3
"765","2020-05-07",426,9,61,1234,5182,0.975299112311849,1995,7312,551,294,85,3553,4,567,83,4
"766","2020-05-08",429,9,58,1198,5182,0.975299112311849,1995,7312,551,294,81,3634,4,571,81,4
"767","2020-05-09",417,9,47,1188,5182,0.975299112311849,1995,7312,551,294,94,3728,8,579,94,8
"768","2020-05-10",381,9,50,1147,5182,0.975299112311849,1995,7312,551,294,86,3814,11,590,85,11
"769","2020-05-11",364,9,48,1113,5182,0.975299112311849,1995,7312,551,294,91,3905,11,601,91,11
"770","2020-05-12",361,9,52,1057,5182,0.975299112311849,1995,7312,551,294,67,3972,8,609,66,8
"771","2020-05-13",370,9,49,1003,5182,0.975299112311849,1995,7312,551,294,76,4048,21,630,76,21
"772","2020-05-14",365,9,40,971,5182,0.975299112311849,1995,7312,551,294,65,4113,16,646,63,16
"773","2020-05-15",364,9,39,929,5182,0.975299112311849,1995,7312,551,294,61,4174,13,659,61,13
"774","2020-05-16",366,9,38,871,5182,0.975299112311849,1995,7312,551,294,70,4244,11,670,70,11
"775","2020-05-17",347,9,43,833,5182,0.975299112311849,1995,7312,551,294,52,4296,16,686,51,16
"776","2020-05-18",334,9,44,759,5182,0.975299112311849,1995,7312,551,294,48,4344,22,708,48,22
"777","2020-05-19",296,9,39,709,5182,0.975299112311849,1995,7312,551,294,47,4391,22,730,45,22
"778","2020-05-20",265,9,38,654,5182,0.975299112311849,1995,7312,551,294,34,4425,14,744,34,14
"779","2020-05-21",255,9,44,611,5182,0.975299112311849,1995,7312,551,294,42,4467,21,765,42,21
"780","2020-05-22",230,9,43,549,5182,0.975299112311849,1995,7312,551,294,46,4513,22,787,45,22
"781","2020-05-23",213,9,46,512,5182,0.975299112311849,1995,7312,551,294,37,4550,21,808,37,21
"782","2020-05-24",181,9,43,486,5182,0.975299112311849,1995,7312,551,294,49,4599,20,828,46,20
"783","2020-05-25",169,9,45,442,5182,0.975299112311849,1995,7312,551,294,26,4625,21,849,25,21
"784","2020-05-26",170,9,50,400,5182,0.975299112311849,1995,7312,551,294,30,4655,21,870,30,21
"785","2020-05-27",162,9,56,370,5182,0.975299112311849,1995,7312,551,294,31,4686,24,894,31,24
"786","2020-05-28",156,9,60,343,5182,0.975299112311849,1995,7312,551,294,26,4712,9,903,26,9
"787","2020-05-29",136,9,67,330,5182,0.975299112311849,1995,7312,551,294,27,4739,10,913,25,10
"788","2020-05-30",128,9,54,309,5182,0.975299112311849,1995,7312,551,294,33,4772,5,918,32,5
"789","2020-05-31",113,9,48,275,5182,0.975299112311849,1995,7312,551,294,24,4796,5,923,24,5
"790","2020-06-01",106,9,39,252,5182,0.975299112311849,1995,7312,551,294,24,4820,3,926,24,3
"791","2020-06-02",95,9,45,235,5182,0.975299112311849,1995,7312,551,294,18,4838,14,940,18,14
"792","2020-06-03",98,9,47,218,5182,0.975299112311849,1995,7312,551,294,10,4848,4,944,10,4
"793","2020-06-04",92,9,43,209,5182,0.975299112311849,1995,7312,551,294,17,4865,9,953,16,9
"794","2020-06-05",88,9,34,191,5182,0.975299112311849,1995,7312,551,294,12,4877,6,959,12,6
"795","2020-06-06",85,9,29,182,5182,0.975299112311849,1995,7312,551,294,13,4890,7,966,12,7
"796","2020-06-07",70,9,28,159,5182,0.975299112311849,1995,7312,551,294,16,4906,10,976,16,10
"797","2020-03-07",1,10,0,0,5537,0.966407802058877,2025,6759,475,309,NA,NA,NA,NA,NA,NA
"798","2020-03-08",2,10,0,0,5537,0.966407802058877,2025,6759,475,309,NA,NA,NA,NA,NA,NA
"799","2020-03-09",1,10,0,0,5537,0.966407802058877,2025,6759,475,309,NA,NA,NA,NA,NA,NA
"800","2020-03-10",0,10,0,0,5537,0.966407802058877,2025,6759,475,309,NA,NA,1,1,NA,1
"801","2020-03-11",0,10,0,0,5537,0.966407802058877,2025,6759,475,309,9,9,NA,NA,1,NA
"802","2020-03-12",0,10,0,0,5537,0.966407802058877,2025,6759,475,309,5,14,2,3,NA,2
"803","2020-03-13",0,10,0,0,5537,0.966407802058877,2025,6759,475,309,9,23,1,4,4,1
"804","2020-03-14",0,10,0,0,5537,0.966407802058877,2025,6759,475,309,9,32,6,10,2,6
"805","2020-03-15",0,10,0,0,5537,0.966407802058877,2025,6759,475,309,8,40,3,13,5,3
"806","2020-03-16",0,10,0,0,5537,0.966407802058877,2025,6759,475,309,19,59,9,22,11,9
"807","2020-03-17",0,10,0,0,5537,0.966407802058877,2025,6759,475,309,14,73,1,23,8,1
"808","2020-03-18",1,10,27,19,5537,0.966407802058877,2025,6759,475,309,18,91,5,28,12,5
"809","2020-03-19",1,10,31,22,5537,0.966407802058877,2025,6759,475,309,19,110,2,30,16,2
"810","2020-03-20",3,10,35,31,5537,0.966407802058877,2025,6759,475,309,21,131,6,36,14,6
"811","2020-03-21",5,10,37,32,5537,0.966407802058877,2025,6759,475,309,19,150,6,42,16,6
"812","2020-03-22",6,10,38,41,5537,0.966407802058877,2025,6759,475,309,26,176,9,51,16,9
"813","2020-03-23",7,10,38,52,5537,0.966407802058877,2025,6759,475,309,26,202,2,53,25,2
"814","2020-03-24",10,10,36,62,5537,0.966407802058877,2025,6759,475,309,25,227,6,59,22,6
"815","2020-03-25",11,10,34,74,5537,0.966407802058877,2025,6759,475,309,32,259,5,64,28,5
"816","2020-03-26",12,10,29,85,5537,0.966407802058877,2025,6759,475,309,30,289,6,70,24,6
"817","2020-03-27",14,10,32,103,5537,0.966407802058877,2025,6759,475,309,28,317,8,78,25,8
"818","2020-03-28",18,10,33,119,5537,0.966407802058877,2025,6759,475,309,49,366,10,88,46,10
"819","2020-03-29",28,10,30,142,5537,0.966407802058877,2025,6759,475,309,50,416,5,93,43,5
"820","2020-03-30",26,10,39,172,5537,0.966407802058877,2025,6759,475,309,48,464,2,95,42,2
"821","2020-03-31",27,10,32,186,5537,0.966407802058877,2025,6759,475,309,42,506,7,102,40,7
"822","2020-04-01",37,10,35,199,5537,0.966407802058877,2025,6759,475,309,51,557,7,109,42,7
"823","2020-04-02",44,10,33,218,5537,0.966407802058877,2025,6759,475,309,52,609,6,115,45,6
"824","2020-04-03",54,10,37,246,5537,0.966407802058877,2025,6759,475,309,67,676,6,121,60,6
"825","2020-04-04",73,10,38,268,5537,0.966407802058877,2025,6759,475,309,51,727,6,127,44,6
"826","2020-04-05",76,10,38,297,5537,0.966407802058877,2025,6759,475,309,56,783,1,128,52,1
"827","2020-04-06",82,10,38,327,5537,0.966407802058877,2025,6759,475,309,68,851,5,133,62,5
"828","2020-04-07",88,10,33,367,5537,0.966407802058877,2025,6759,475,309,56,907,8,141,46,8
"829","2020-04-08",86,10,35,400,5537,0.966407802058877,2025,6759,475,309,71,978,7,148,66,7
"830","2020-04-09",96,10,42,432,5537,0.966407802058877,2025,6759,475,309,62,1040,11,159,56,11
"831","2020-04-10",119,10,35,486,5537,0.966407802058877,2025,6759,475,309,72,1112,12,171,63,12
"832","2020-04-11",140,10,40,534,5537,0.966407802058877,2025,6759,475,309,56,1168,15,186,49,15
"833","2020-04-12",165,10,40,572,5537,0.966407802058877,2025,6759,475,309,81,1249,17,203,73,17
"834","2020-04-13",170,10,42,618,5537,0.966407802058877,2025,6759,475,309,55,1304,11,214,49,11
"835","2020-04-14",170,10,46,675,5537,0.966407802058877,2025,6759,475,309,61,1365,7,221,52,7
"836","2020-04-15",182,10,55,748,5537,0.966407802058877,2025,6759,475,309,64,1429,11,232,58,11
"837","2020-04-16",191,10,49,797,5537,0.966407802058877,2025,6759,475,309,67,1496,11,243,59,11
"838","2020-04-17",226,10,50,852,5537,0.966407802058877,2025,6759,475,309,60,1556,5,248,48,5
"839","2020-04-18",227,10,52,962,5537,0.966407802058877,2025,6759,475,309,54,1610,10,258,47,10
"840","2020-04-19",247,10,50,986,5537,0.966407802058877,2025,6759,475,309,71,1681,15,273,63,15
"841","2020-04-20",256,10,43,1066,5537,0.966407802058877,2025,6759,475,309,61,1742,12,285,59,12
"842","2020-04-21",254,10,57,1124,5537,0.966407802058877,2025,6759,475,309,67,1809,2,287,58,2
"843","2020-04-22",284,10,64,1216,5537,0.966407802058877,2025,6759,475,309,59,1868,4,291,54,4
"844","2020-04-23",302,10,72,1311,5537,0.966407802058877,2025,6759,475,309,73,1941,5,296,65,5
"845","2020-04-24",396,10,74,1369,5537,0.966407802058877,2025,6759,475,309,57,1998,6,302,53,6
"846","2020-04-25",469,10,79,1463,5537,0.966407802058877,2025,6759,475,309,76,2074,5,307,71,5
"847","2020-04-26",441,10,108,1515,5537,0.966407802058877,2025,6759,475,309,73,2147,9,316,70,9
"848","2020-04-27",450,10,106,1537,5537,0.966407802058877,2025,6759,475,309,68,2215,2,318,63,2
"849","2020-04-28",461,10,92,1570,5537,0.966407802058877,2025,6759,475,309,48,2263,6,324,44,6
"850","2020-04-29",476,10,97,1618,5537,0.966407802058877,2025,6759,475,309,72,2335,7,331,62,7
"851","2020-04-30",500,10,103,1635,5537,0.966407802058877,2025,6759,475,309,61,2396,9,340,56,9
"852","2020-05-01",567,10,96,1628,5537,0.966407802058877,2025,6759,475,309,42,2438,6,346,36,6
"853","2020-05-02",537,10,110,1668,5537,0.966407802058877,2025,6759,475,309,77,2515,2,348,70,2
"854","2020-05-03",526,10,129,1664,5537,0.966407802058877,2025,6759,475,309,40,2555,7,355,38,7
"855","2020-05-04",545,10,142,1617,5537,0.966407802058877,2025,6759,475,309,53,2608,10,365,50,10
"856","2020-05-05",556,10,142,1627,5537,0.966407802058877,2025,6759,475,309,59,2667,14,379,50,14
"857","2020-05-06",563,10,147,1612,5537,0.966407802058877,2025,6759,475,309,57,2724,11,390,53,11
"858","2020-05-07",555,10,146,1562,5537,0.966407802058877,2025,6759,475,309,48,2772,8,398,41,8
"859","2020-05-08",585,10,139,1517,5537,0.966407802058877,2025,6759,475,309,56,2828,16,414,53,16
"860","2020-05-09",594,10,117,1454,5537,0.966407802058877,2025,6759,475,309,55,2883,10,424,51,10
"861","2020-05-10",568,10,111,1394,5537,0.966407802058877,2025,6759,475,309,53,2936,9,433,49,9
"862","2020-05-11",532,10,103,1349,5537,0.966407802058877,2025,6759,475,309,44,2980,6,439,39,6
"863","2020-05-12",504,10,108,1308,5537,0.966407802058877,2025,6759,475,309,59,3039,4,443,54,4
"864","2020-05-13",481,10,110,1247,5537,0.966407802058877,2025,6759,475,309,55,3094,16,459,52,16
"865","2020-05-14",472,10,113,1184,5537,0.966407802058877,2025,6759,475,309,45,3139,8,467,44,8
"866","2020-05-15",472,10,120,1120,5537,0.966407802058877,2025,6759,475,309,46,3185,13,480,42,13
"867","2020-05-16",473,10,123,1035,5537,0.966407802058877,2025,6759,475,309,50,3235,6,486,45,6
"868","2020-05-17",421,10,131,962,5537,0.966407802058877,2025,6759,475,309,43,3278,7,493,38,7
"869","2020-05-18",409,10,131,877,5537,0.966407802058877,2025,6759,475,309,41,3319,7,500,33,7
"870","2020-05-19",397,10,130,810,5537,0.966407802058877,2025,6759,475,309,53,3372,7,507,43,7
"871","2020-05-20",374,10,138,753,5537,0.966407802058877,2025,6759,475,309,35,3407,8,515,31,8
"872","2020-05-21",346,10,134,691,5537,0.966407802058877,2025,6759,475,309,43,3450,8,523,37,8
"873","2020-05-22",275,10,135,628,5537,0.966407802058877,2025,6759,475,309,41,3491,6,529,38,6
"874","2020-05-23",235,10,134,571,5537,0.966407802058877,2025,6759,475,309,32,3523,9,538,29,9
"875","2020-05-24",202,10,123,519,5537,0.966407802058877,2025,6759,475,309,32,3555,6,544,27,6
"876","2020-05-25",188,10,113,458,5537,0.966407802058877,2025,6759,475,309,35,3590,16,560,33,16
"877","2020-05-26",182,10,88,416,5537,0.966407802058877,2025,6759,475,309,33,3623,5,565,31,5
"878","2020-05-27",172,10,82,372,5537,0.966407802058877,2025,6759,475,309,29,3652,12,577,25,12
"879","2020-05-28",164,10,73,341,5537,0.966407802058877,2025,6759,475,309,21,3673,11,588,20,11
"880","2020-05-29",138,10,62,307,5537,0.966407802058877,2025,6759,475,309,28,3701,10,598,27,10
"881","2020-05-30",140,10,58,272,5537,0.966407802058877,2025,6759,475,309,27,3728,13,611,25,13
"882","2020-05-31",129,10,57,242,5537,0.966407802058877,2025,6759,475,309,25,3753,9,620,22,9
"883","2020-06-01",113,10,54,214,5537,0.966407802058877,2025,6759,475,309,24,3777,12,632,22,12
"884","2020-06-02",95,10,54,190,5537,0.966407802058877,2025,6759,475,309,27,3804,7,639,23,7
"885","2020-06-03",82,10,53,168,5537,0.966407802058877,2025,6759,475,309,17,3821,6,645,17,6
"886","2020-06-04",74,10,46,146,5537,0.966407802058877,2025,6759,475,309,11,3832,14,659,10,14
"887","2020-06-05",74,10,51,134,5537,0.966407802058877,2025,6759,475,309,25,3857,11,670,23,11
"888","2020-06-06",60,10,49,115,5537,0.966407802058877,2025,6759,475,309,24,3881,10,680,22,10
"889","2020-06-07",54,10,46,104,5537,0.966407802058877,2025,6759,475,309,15,3896,4,684,15,4
"890","2020-03-13",2,11,17,33,4951,0.87820642294486,2085,7209,549,313,9,38,10,26,4,10
"891","2020-03-14",3,11,25,48,4951,0.87820642294486,2085,7209,549,313,19,57,20,46,4,20
"892","2020-03-15",6,11,31,56,4951,0.87820642294486,2085,7209,549,313,13,70,14,60,4,14
"893","2020-03-16",7,11,39,79,4951,0.87820642294486,2085,7209,549,313,16,86,15,75,5,15
"894","2020-03-17",9,11,31,104,4951,0.87820642294486,2085,7209,549,313,13,99,8,83,10,8
"895","2020-03-18",15,11,39,123,4951,0.87820642294486,2085,7209,549,313,14,113,8,91,6,8
"896","2020-03-19",19,11,39,138,4951,0.87820642294486,2085,7209,549,313,14,127,7,98,8,7
"897","2020-03-20",25,11,32,162,4951,0.87820642294486,2085,7209,549,313,31,158,18,116,19,18
"898","2020-03-21",34,11,39,189,4951,0.87820642294486,2085,7209,549,313,24,182,25,141,17,25
"899","2020-03-22",46,11,42,220,4951,0.87820642294486,2085,7209,549,313,25,207,15,156,13,15
"900","2020-03-23",51,11,37,243,4951,0.87820642294486,2085,7209,549,313,30,237,16,172,23,16
"901","2020-03-24",54,11,30,265,4951,0.87820642294486,2085,7209,549,313,29,266,22,194,25,22
"902","2020-03-25",61,11,33,284,4951,0.87820642294486,2085,7209,549,313,25,291,22,216,21,22
"903","2020-03-26",68,11,41,308,4951,0.87820642294486,2085,7209,549,313,34,325,20,236,26,20
"904","2020-03-27",83,11,46,347,4951,0.87820642294486,2085,7209,549,313,49,374,35,271,36,35
"905","2020-03-28",89,11,50,374,4951,0.87820642294486,2085,7209,549,313,37,411,10,281,29,10
"906","2020-03-29",104,11,44,406,4951,0.87820642294486,2085,7209,549,313,40,451,22,303,33,22
"907","2020-03-30",110,11,42,443,4951,0.87820642294486,2085,7209,549,313,52,503,27,330,42,27
"908","2020-03-31",107,11,51,475,4951,0.87820642294486,2085,7209,549,313,53,556,22,352,42,22
"909","2020-04-01",105,11,61,507,4951,0.87820642294486,2085,7209,549,313,44,600,24,376,39,24
"910","2020-04-02",119,11,64,567,4951,0.87820642294486,2085,7209,549,313,59,659,29,405,45,29
"911","2020-04-03",148,11,69,631,4951,0.87820642294486,2085,7209,549,313,59,718,27,432,40,27
"912","2020-04-04",164,11,83,697,4951,0.87820642294486,2085,7209,549,313,73,791,36,468,60,36
"913","2020-04-05",182,11,97,737,4951,0.87820642294486,2085,7209,549,313,68,859,30,498,55,30
"914","2020-04-06",190,11,99,794,4951,0.87820642294486,2085,7209,549,313,57,916,27,525,47,27
"915","2020-04-07",190,11,97,861,4951,0.87820642294486,2085,7209,549,313,56,972,17,542,48,17
"916","2020-04-08",220,11,97,928,4951,0.87820642294486,2085,7209,549,313,79,1051,20,562,62,20
"917","2020-04-09",227,11,100,981,4951,0.87820642294486,2085,7209,549,313,62,1113,19,581,47,19
"918","2020-04-10",287,11,99,1031,4951,0.87820642294486,2085,7209,549,313,63,1176,25,606,52,25
"919","2020-04-11",330,11,96,1080,4951,0.87820642294486,2085,7209,549,313,70,1246,30,636,54,30
"920","2020-04-12",364,11,89,1127,4951,0.87820642294486,2085,7209,549,313,71,1317,20,656,57,20
"921","2020-04-13",373,11,79,1181,4951,0.87820642294486,2085,7209,549,313,58,1375,28,684,52,28
"922","2020-04-14",370,11,74,1220,4951,0.87820642294486,2085,7209,549,313,57,1432,28,712,47,28
"923","2020-04-15",375,11,68,1255,4951,0.87820642294486,2085,7209,549,313,61,1493,23,735,47,23
"924","2020-04-16",386,11,63,1249,4951,0.87820642294486,2085,7209,549,313,65,1558,26,761,52,26
"925","2020-04-17",475,11,60,1275,4951,0.87820642294486,2085,7209,549,313,81,1639,41,802,69,41
"926","2020-04-18",469,11,69,1284,4951,0.87820642294486,2085,7209,549,313,57,1696,49,851,49,49
"927","2020-04-19",420,11,68,1304,4951,0.87820642294486,2085,7209,549,313,51,1747,38,889,41,38
"928","2020-04-20",432,11,59,1306,4951,0.87820642294486,2085,7209,549,313,53,1800,41,930,41,41
"929","2020-04-21",437,11,61,1273,4951,0.87820642294486,2085,7209,549,313,73,1873,24,954,60,24
"930","2020-04-22",448,11,72,1242,4951,0.87820642294486,2085,7209,549,313,59,1932,24,978,46,24
"931","2020-04-23",441,11,67,1227,4951,0.87820642294486,2085,7209,549,313,55,1987,31,1009,42,31
"932","2020-04-24",461,11,68,1210,4951,0.87820642294486,2085,7209,549,313,75,2062,22,1031,56,22
"933","2020-04-25",456,11,76,1190,4951,0.87820642294486,2085,7209,549,313,50,2112,23,1054,43,23
"934","2020-04-26",421,11,67,1147,4951,0.87820642294486,2085,7209,549,313,58,2170,25,1079,49,25
"935","2020-04-27",399,11,73,1108,4951,0.87820642294486,2085,7209,549,313,61,2231,20,1099,48,20
"936","2020-04-28",380,11,76,1061,4951,0.87820642294486,2085,7209,549,313,48,2279,20,1119,33,20
"937","2020-04-29",375,11,81,1033,4951,0.87820642294486,2085,7209,549,313,54,2333,31,1150,41,31
"938","2020-04-30",372,11,82,994,4951,0.87820642294486,2085,7209,549,313,59,2392,31,1181,42,31
"939","2020-05-01",345,11,81,953,4951,0.87820642294486,2085,7209,549,313,34,2426,36,1217,27,36
"940","2020-05-02",346,11,85,902,4951,0.87820642294486,2085,7209,549,313,64,2490,37,1254,53,37
"941","2020-05-03",331,11,81,884,4951,0.87820642294486,2085,7209,549,313,48,2538,14,1268,32,14
"942","2020-05-04",321,11,83,842,4951,0.87820642294486,2085,7209,549,313,41,2579,13,1281,33,13
"943","2020-05-05",311,11,86,795,4951,0.87820642294486,2085,7209,549,313,33,2612,17,1298,29,17
"944","2020-05-06",291,11,95,759,4951,0.87820642294486,2085,7209,549,313,47,2659,31,1329,35,31
"945","2020-05-07",278,11,90,724,4951,0.87820642294486,2085,7209,549,313,49,2708,36,1365,32,36
"946","2020-05-08",267,11,101,684,4951,0.87820642294486,2085,7209,549,313,39,2747,29,1394,29,29
"947","2020-05-09",276,11,121,655,4951,0.87820642294486,2085,7209,549,313,30,2777,25,1419,20,25
"948","2020-05-10",250,11,116,640,4951,0.87820642294486,2085,7209,549,313,43,2820,34,1453,33,34
"949","2020-05-11",242,11,96,600,4951,0.87820642294486,2085,7209,549,313,40,2860,37,1490,32,37
"950","2020-05-12",239,11,93,570,4951,0.87820642294486,2085,7209,549,313,28,2888,29,1519,21,29
"951","2020-05-13",225,11,84,544,4951,0.87820642294486,2085,7209,549,313,33,2921,38,1557,26,38
"952","2020-05-14",228,11,77,507,4951,0.87820642294486,2085,7209,549,313,30,2951,36,1593,21,36
"953","2020-05-15",208,11,83,479,4951,0.87820642294486,2085,7209,549,313,37,2988,53,1646,26,53
"954","2020-05-16",181,11,78,473,4951,0.87820642294486,2085,7209,549,313,35,3023,50,1696,28,50
"955","2020-05-17",176,11,89,442,4951,0.87820642294486,2085,7209,549,313,22,3045,51,1747,17,51
"956","2020-05-18",160,11,90,432,4951,0.87820642294486,2085,7209,549,313,32,3077,35,1782,26,35
"957","2020-05-19",151,11,87,408,4951,0.87820642294486,2085,7209,549,313,41,3118,34,1816,34,34
"958","2020-05-20",148,11,80,384,4951,0.87820642294486,2085,7209,549,313,27,3145,23,1839,16,23
"959","2020-05-21",137,11,67,357,4951,0.87820642294486,2085,7209,549,313,28,3173,29,1868,17,29
"960","2020-05-22",132,11,72,343,4951,0.87820642294486,2085,7209,549,313,18,3191,22,1890,14,22
"961","2020-05-23",125,11,72,328,4951,0.87820642294486,2085,7209,549,313,28,3219,19,1909,19,19
"962","2020-05-24",113,11,88,298,4951,0.87820642294486,2085,7209,549,313,17,3236,29,1938,12,29
"963","2020-05-25",114,11,79,288,4951,0.87820642294486,2085,7209,549,313,22,3258,35,1973,20,35
"964","2020-05-26",105,11,84,285,4951,0.87820642294486,2085,7209,549,313,24,3282,28,2001,17,28
"965","2020-05-27",101,11,78,269,4951,0.87820642294486,2085,7209,549,313,29,3311,21,2022,26,21
"966","2020-05-28",96,11,77,238,4951,0.87820642294486,2085,7209,549,313,23,3334,23,2045,19,23
"967","2020-05-29",89,11,74,213,4951,0.87820642294486,2085,7209,549,313,19,3353,20,2065,17,20
"968","2020-05-30",80,11,76,197,4951,0.87820642294486,2085,7209,549,313,17,3370,21,2086,8,21
"969","2020-05-31",71,11,62,179,4951,0.87820642294486,2085,7209,549,313,18,3388,28,2114,12,28
"970","2020-06-01",67,11,60,169,4951,0.87820642294486,2085,7209,549,313,11,3399,23,2137,7,23
"971","2020-06-02",63,11,54,151,4951,0.87820642294486,2085,7209,549,313,22,3421,20,2157,17,20
"972","2020-06-03",55,11,55,137,4951,0.87820642294486,2085,7209,549,313,16,3437,14,2171,12,14
"973","2020-06-04",57,11,55,124,4951,0.87820642294486,2085,7209,549,313,12,3449,21,2192,9,21
"974","2020-06-05",53,11,47,116,4951,0.87820642294486,2085,7209,549,313,12,3461,27,2219,9,27
"975","2020-06-06",55,11,45,108,4951,0.87820642294486,2085,7209,549,313,8,3469,17,2236,5,17
"976","2020-06-07",53,11,50,104,4951,0.87820642294486,2085,7209,549,313,10,3479,19,2255,8,19
"977","2020-03-08",1,12,0,0,2646,0.676492819349962,2010,5319,327,216,NA,NA,NA,NA,NA,NA
"978","2020-03-09",1,12,0,0,2646,0.676492819349962,2010,5319,327,216,NA,NA,NA,NA,NA,NA
"979","2020-03-10",0,12,0,0,2646,0.676492819349962,2010,5319,327,216,NA,NA,NA,NA,NA,NA
"980","2020-03-11",0,12,0,0,2646,0.676492819349962,2010,5319,327,216,3,3,2,2,1,2
"981","2020-03-12",0,12,0,0,2646,0.676492819349962,2010,5319,327,216,7,10,4,6,1,4
"982","2020-03-13",1,12,8,34,2646,0.676492819349962,2010,5319,327,216,7,17,5,11,3,5
"983","2020-03-14",1,12,18,42,2646,0.676492819349962,2010,5319,327,216,6,23,8,19,2,8
"984","2020-03-15",4,12,22,55,2646,0.676492819349962,2010,5319,327,216,5,28,4,23,1,4
"985","2020-03-16",8,12,28,71,2646,0.676492819349962,2010,5319,327,216,3,31,11,34,2,11
"986","2020-03-17",11,12,33,81,2646,0.676492819349962,2010,5319,327,216,6,37,9,43,2,9
"987","2020-03-18",13,12,32,92,2646,0.676492819349962,2010,5319,327,216,11,48,10,53,4,10
"988","2020-03-19",15,12,35,99,2646,0.676492819349962,2010,5319,327,216,15,63,7,60,8,7
"989","2020-03-20",27,12,35,115,2646,0.676492819349962,2010,5319,327,216,18,81,5,65,12,5
"990","2020-03-21",39,12,35,145,2646,0.676492819349962,2010,5319,327,216,10,91,13,78,7,13
"991","2020-03-22",39,12,38,167,2646,0.676492819349962,2010,5319,327,216,19,110,9,87,10,9
"992","2020-03-23",39,12,46,189,2646,0.676492819349962,2010,5319,327,216,12,122,8,95,9,8
"993","2020-03-24",40,12,42,215,2646,0.676492819349962,2010,5319,327,216,19,141,6,101,16,6
"994","2020-03-25",44,12,51,230,2646,0.676492819349962,2010,5319,327,216,20,161,4,105,17,4
"995","2020-03-26",55,12,51,244,2646,0.676492819349962,2010,5319,327,216,22,183,8,113,18,8
"996","2020-03-27",59,12,57,251,2646,0.676492819349962,2010,5319,327,216,15,198,4,117,15,4
"997","2020-03-28",59,12,60,267,2646,0.676492819349962,2010,5319,327,216,23,221,4,121,20,4
"998","2020-03-29",84,12,66,284,2646,0.676492819349962,2010,5319,327,216,20,241,8,129,17,8
"999","2020-03-30",89,12,65,312,2646,0.676492819349962,2010,5319,327,216,21,262,7,136,18,7
"1000","2020-03-31",81,12,67,329,2646,0.676492819349962,2010,5319,327,216,23,285,1,137,20,1
"1001","2020-04-01",89,12,61,351,2646,0.676492819349962,2010,5319,327,216,39,324,1,138,34,1
"1002","2020-04-02",83,12,57,366,2646,0.676492819349962,2010,5319,327,216,37,361,12,150,25,12
"1003","2020-04-03",107,12,55,372,2646,0.676492819349962,2010,5319,327,216,26,387,9,159,18,9
"1004","2020-04-04",122,12,49,382,2646,0.676492819349962,2010,5319,327,216,36,423,12,171,28,12
"1005","2020-04-05",118,12,44,404,2646,0.676492819349962,2010,5319,327,216,28,451,4,175,23,4
"1006","2020-04-06",112,12,39,415,2646,0.676492819349962,2010,5319,327,216,30,481,13,188,28,13
"1007","2020-04-07",122,12,43,422,2646,0.676492819349962,2010,5319,327,216,35,516,5,193,32,5
"1008","2020-04-08",128,12,51,446,2646,0.676492819349962,2010,5319,327,216,39,555,4,197,37,4
"1009","2020-04-09",139,12,50,459,2646,0.676492819349962,2010,5319,327,216,46,601,8,205,38,8
"1010","2020-04-10",138,12,58,493,2646,0.676492819349962,2010,5319,327,216,36,637,9,214,30,9
"1011","2020-04-11",135,12,59,489,2646,0.676492819349962,2010,5319,327,216,46,683,9,223,40,9
"1012","2020-04-12",163,12,59,494,2646,0.676492819349962,2010,5319,327,216,41,724,20,243,35,20
"1013","2020-04-13",168,12,55,508,2646,0.676492819349962,2010,5319,327,216,37,761,17,260,33,17
"1014","2020-04-14",161,12,50,500,2646,0.676492819349962,2010,5319,327,216,42,803,12,272,36,12
"1015","2020-04-15",163,12,57,505,2646,0.676492819349962,2010,5319,327,216,46,849,6,278,38,6
"1016","2020-04-16",164,12,52,520,2646,0.676492819349962,2010,5319,327,216,38,887,14,292,36,14
"1017","2020-04-17",197,12,51,521,2646,0.676492819349962,2010,5319,327,216,29,916,14,306,26,14
"1018","2020-04-18",203,12,56,517,2646,0.676492819349962,2010,5319,327,216,38,954,8,314,31,8
"1019","2020-04-19",179,12,53,497,2646,0.676492819349962,2010,5319,327,216,47,1001,8,322,38,8
"1020","2020-04-20",182,12,61,489,2646,0.676492819349962,2010,5319,327,216,40,1041,7,329,35,7
"1021","2020-04-21",176,12,62,493,2646,0.676492819349962,2010,5319,327,216,62,1103,8,337,53,8
"1022","2020-04-22",170,12,67,485,2646,0.676492819349962,2010,5319,327,216,54,1157,3,340,48,3
"1023","2020-04-23",169,12,74,470,2646,0.676492819349962,2010,5319,327,216,47,1204,8,348,40,8
"1024","2020-04-24",159,12,66,457,2646,0.676492819349962,2010,5319,327,216,52,1256,1,349,42,1
"1025","2020-04-25",171,12,58,449,2646,0.676492819349962,2010,5319,327,216,50,1306,5,354,44,5
"1026","2020-04-26",154,12,66,451,2646,0.676492819349962,2010,5319,327,216,68,1374,3,357,65,3
"1027","2020-04-27",147,12,73,446,2646,0.676492819349962,2010,5319,327,216,44,1418,2,359,41,2
"1028","2020-04-28",149,12,64,429,2646,0.676492819349962,2010,5319,327,216,51,1469,3,362,46,3
"1029","2020-04-29",152,12,61,419,2646,0.676492819349962,2010,5319,327,216,58,1527,NA,NA,56,NA
"1030","2020-04-30",148,12,63,419,2646,0.676492819349962,2010,5319,327,216,47,1574,3,365,40,3
"1031","2020-05-01",149,12,62,425,2646,0.676492819349962,2010,5319,327,216,56,1630,19,384,44,19
"1032","2020-05-02",148,12,68,419,2646,0.676492819349962,2010,5319,327,216,52,1682,3,387,49,3
"1033","2020-05-03",137,12,71,402,2646,0.676492819349962,2010,5319,327,216,57,1739,NA,NA,51,NA
"1034","2020-05-04",136,12,70,406,2646,0.676492819349962,2010,5319,327,216,67,1806,1,388,62,1
"1035","2020-05-05",130,12,69,413,2646,0.676492819349962,2010,5319,327,216,42,1848,8,396,35,8
"1036","2020-05-06",123,12,72,401,2646,0.676492819349962,2010,5319,327,216,57,1905,5,401,52,5
"1037","2020-05-07",123,12,81,404,2646,0.676492819349962,2010,5319,327,216,69,1974,5,406,67,5
"1038","2020-05-08",126,12,83,402,2646,0.676492819349962,2010,5319,327,216,49,2023,6,412,44,6
"1039","2020-05-09",113,12,74,397,2646,0.676492819349962,2010,5319,327,216,60,2083,6,418,54,6
"1040","2020-05-10",120,12,74,391,2646,0.676492819349962,2010,5319,327,216,49,2132,2,420,41,2
"1041","2020-05-11",107,12,72,374,2646,0.676492819349962,2010,5319,327,216,39,2171,4,424,37,4
"1042","2020-05-12",102,12,62,373,2646,0.676492819349962,2010,5319,327,216,53,2224,8,432,49,8
"1043","2020-05-13",107,12,61,366,2646,0.676492819349962,2010,5319,327,216,63,2287,4,436,61,4
"1044","2020-05-14",109,12,50,355,2646,0.676492819349962,2010,5319,327,216,46,2333,3,439,41,3
"1045","2020-05-15",107,12,49,327,2646,0.676492819349962,2010,5319,327,216,35,2368,4,443,31,4
"1046","2020-05-16",107,12,50,343,2646,0.676492819349962,2010,5319,327,216,49,2417,3,446,46,3
"1047","2020-05-17",108,12,56,327,2646,0.676492819349962,2010,5319,327,216,33,2450,8,454,31,8
"1048","2020-05-18",115,12,72,322,2646,0.676492819349962,2010,5319,327,216,37,2487,16,470,32,16
"1049","2020-05-19",112,12,79,314,2646,0.676492819349962,2010,5319,327,216,41,2528,15,485,39,15
"1050","2020-05-20",105,12,69,307,2646,0.676492819349962,2010,5319,327,216,39,2567,6,491,38,6
"1051","2020-05-21",98,12,71,307,2646,0.676492819349962,2010,5319,327,216,32,2599,7,498,29,7
"1052","2020-05-22",114,12,68,304,2646,0.676492819349962,2010,5319,327,216,37,2636,13,511,31,13
"1053","2020-05-23",117,12,66,297,2646,0.676492819349962,2010,5319,327,216,32,2668,3,514,30,3
"1054","2020-05-24",112,12,67,265,2646,0.676492819349962,2010,5319,327,216,21,2689,5,519,16,5
"1055","2020-05-25",109,12,61,254,2646,0.676492819349962,2010,5319,327,216,30,2719,9,528,26,9
"1056","2020-05-26",103,12,52,241,2646,0.676492819349962,2010,5319,327,216,29,2748,11,539,26,11
"1057","2020-05-27",102,12,49,220,2646,0.676492819349962,2010,5319,327,216,38,2786,5,544,33,5
"1058","2020-05-28",101,12,43,198,2646,0.676492819349962,2010,5319,327,216,31,2817,3,547,30,3
"1059","2020-05-29",94,12,41,192,2646,0.676492819349962,2010,5319,327,216,29,2846,4,551,27,4
"1060","2020-05-30",89,12,48,171,2646,0.676492819349962,2010,5319,327,216,20,2866,5,556,17,5
"1061","2020-05-31",72,12,49,147,2646,0.676492819349962,2010,5319,327,216,13,2879,4,560,11,4
"1062","2020-06-01",69,12,51,134,2646,0.676492819349962,2010,5319,327,216,23,2902,5,565,18,5
"1063","2020-06-02",66,12,50,123,2646,0.676492819349962,2010,5319,327,216,12,2914,1,566,12,1
"1064","2020-06-03",60,12,53,112,2646,0.676492819349962,2010,5319,327,216,26,2940,1,567,21,1
"1065","2020-06-04",57,12,62,113,2646,0.676492819349962,2010,5319,327,216,23,2963,7,574,22,7
"1066","2020-06-05",52,12,61,110,2646,0.676492819349962,2010,5319,327,216,17,2980,4,578,15,4
"1067","2020-06-06",53,12,67,108,2646,0.676492819349962,2010,5319,327,216,13,2993,3,581,12,3
"1068","2020-06-07",52,12,68,110,2646,0.676492819349962,2010,5319,327,216,16,3009,5,586,15,5
"1069","2020-03-07",1,13,0,0,5380,0.94814126394052,2040,7094,551,273,NA,NA,NA,NA,NA,NA
"1070","2020-03-08",1,13,0,0,5380,0.94814126394052,2040,7094,551,273,NA,NA,NA,NA,NA,NA
"1071","2020-03-09",0,13,0,0,5380,0.94814126394052,2040,7094,551,273,NA,NA,NA,NA,NA,NA
"1072","2020-03-10",0,13,0,0,5380,0.94814126394052,2040,7094,551,273,NA,NA,NA,NA,NA,NA
"1073","2020-03-11",0,13,0,0,5380,0.94814126394052,2040,7094,551,273,4,4,1,1,NA,1
"1074","2020-03-12",0,13,0,0,5380,0.94814126394052,2040,7094,551,273,12,16,10,11,1,10
"1075","2020-03-13",0,13,0,0,5380,0.94814126394052,2040,7094,551,273,6,22,4,15,2,4
"1076","2020-03-14",1,13,19,10,5380,0.94814126394052,2040,7094,551,273,8,30,7,22,3,7
"1077","2020-03-15",2,13,27,16,5380,0.94814126394052,2040,7094,551,273,8,38,5,27,2,5
"1078","2020-03-16",1,13,34,25,5380,0.94814126394052,2040,7094,551,273,12,50,3,30,6,3
"1079","2020-03-17",3,13,46,32,5380,0.94814126394052,2040,7094,551,273,7,57,NA,NA,6,NA
"1080","2020-03-18",3,13,46,42,5380,0.94814126394052,2040,7094,551,273,12,69,1,31,4,1
"1081","2020-03-19",4,13,47,49,5380,0.94814126394052,2040,7094,551,273,20,89,NA,NA,13,NA
"1082","2020-03-20",7,13,49,56,5380,0.94814126394052,2040,7094,551,273,20,109,2,33,13,2
"1083","2020-03-21",11,13,51,66,5380,0.94814126394052,2040,7094,551,273,16,125,5,38,13,5
"1084","2020-03-22",11,13,53,75,5380,0.94814126394052,2040,7094,551,273,25,150,4,42,19,4
"1085","2020-03-23",11,13,51,92,5380,0.94814126394052,2040,7094,551,273,19,169,3,45,14,3
"1086","2020-03-24",10,13,51,101,5380,0.94814126394052,2040,7094,551,273,28,197,5,50,18,5
"1087","2020-03-25",13,13,47,113,5380,0.94814126394052,2040,7094,551,273,25,222,7,57,14,7
"1088","2020-03-26",15,13,42,132,5380,0.94814126394052,2040,7094,551,273,28,250,5,62,22,5
"1089","2020-03-27",19,13,41,154,5380,0.94814126394052,2040,7094,551,273,27,277,4,66,17,4
"1090","2020-03-28",29,13,42,172,5380,0.94814126394052,2040,7094,551,273,25,302,3,69,20,3
"1091","2020-03-29",37,13,41,205,5380,0.94814126394052,2040,7094,551,273,20,322,5,74,14,5
"1092","2020-03-30",40,13,37,234,5380,0.94814126394052,2040,7094,551,273,25,347,1,75,21,1
"1093","2020-03-31",46,13,36,272,5380,0.94814126394052,2040,7094,551,273,46,393,1,76,37,1
"1094","2020-04-01",55,13,42,314,5380,0.94814126394052,2040,7094,551,273,33,426,2,78,24,2
"1095","2020-04-02",66,13,46,343,5380,0.94814126394052,2040,7094,551,273,44,470,2,80,37,2
"1096","2020-04-03",91,13,58,380,5380,0.94814126394052,2040,7094,551,273,34,504,3,83,26,3
"1097","2020-04-04",107,13,63,415,5380,0.94814126394052,2040,7094,551,273,36,540,3,86,30,3
"1098","2020-04-05",122,13,55,447,5380,0.94814126394052,2040,7094,551,273,30,570,4,90,22,4
"1099","2020-04-06",131,13,48,479,5380,0.94814126394052,2040,7094,551,273,68,638,1,91,62,1
"1100","2020-04-07",135,13,54,520,5380,0.94814126394052,2040,7094,551,273,53,691,9,100,44,9
"1101","2020-04-08",142,13,49,569,5380,0.94814126394052,2040,7094,551,273,47,738,9,109,38,9
"1102","2020-04-09",146,13,43,603,5380,0.94814126394052,2040,7094,551,273,46,784,12,121,34,12
"1103","2020-04-10",177,13,54,636,5380,0.94814126394052,2040,7094,551,273,53,837,7,128,42,7
"1104","2020-04-11",195,13,64,686,5380,0.94814126394052,2040,7094,551,273,56,893,4,132,47,4
"1105","2020-04-12",195,13,60,718,5380,0.94814126394052,2040,7094,551,273,43,936,4,136,35,4
"1106","2020-04-13",195,13,62,757,5380,0.94814126394052,2040,7094,551,273,61,997,7,143,50,7
"1107","2020-04-14",204,13,69,822,5380,0.94814126394052,2040,7094,551,273,56,1053,11,154,42,11
"1108","2020-04-15",215,13,74,873,5380,0.94814126394052,2040,7094,551,273,53,1106,12,166,39,12
"1109","2020-04-16",228,13,78,920,5380,0.94814126394052,2040,7094,551,273,62,1168,11,177,53,11
"1110","2020-04-17",297,13,71,994,5380,0.94814126394052,2040,7094,551,273,68,1236,11,188,63,11
"1111","2020-04-18",308,13,71,1032,5380,0.94814126394052,2040,7094,551,273,77,1313,9,197,68,9
"1112","2020-04-19",306,13,69,1078,5380,0.94814126394052,2040,7094,551,273,60,1373,8,205,54,8
"1113","2020-04-20",314,13,70,1160,5380,0.94814126394052,2040,7094,551,273,72,1445,14,219,67,14
"1114","2020-04-21",314,13,74,1194,5380,0.94814126394052,2040,7094,551,273,63,1508,15,234,56,15
"1115","2020-04-22",324,13,72,1283,5380,0.94814126394052,2040,7094,551,273,60,1568,15,249,55,15
"1116","2020-04-23",343,13,76,1278,5380,0.94814126394052,2040,7094,551,273,70,1638,8,257,57,8
"1117","2020-04-24",408,13,87,1291,5380,0.94814126394052,2040,7094,551,273,42,1680,15,272,37,15
"1118","2020-04-25",414,13,97,1365,5380,0.94814126394052,2040,7094,551,273,57,1737,8,280,48,8
"1119","2020-04-26",407,13,95,1402,5380,0.94814126394052,2040,7094,551,273,46,1783,5,285,42,5
"1120","2020-04-27",410,13,103,1433,5380,0.94814126394052,2040,7094,551,273,47,1830,8,293,41,8
"1121","2020-04-28",413,13,98,1448,5380,0.94814126394052,2040,7094,551,273,52,1882,13,306,44,13
"1122","2020-04-29",417,13,98,1484,5380,0.94814126394052,2040,7094,551,273,44,1926,16,322,36,16
"1123","2020-04-30",429,13,102,1478,5380,0.94814126394052,2040,7094,551,273,48,1974,9,331,44,9
"1124","2020-05-01",493,13,109,1522,5380,0.94814126394052,2040,7094,551,273,30,2004,10,341,25,10
"1125","2020-05-02",533,13,111,1510,5380,0.94814126394052,2040,7094,551,273,56,2060,12,353,46,12
"1126","2020-05-03",479,13,109,1524,5380,0.94814126394052,2040,7094,551,273,47,2107,5,358,41,5
"1127","2020-05-04",495,13,111,1472,5380,0.94814126394052,2040,7094,551,273,53,2160,6,364,42,6
"1128","2020-05-05",501,13,113,1449,5380,0.94814126394052,2040,7094,551,273,37,2197,1,365,33,1
"1129","2020-05-06",522,13,104,1423,5380,0.94814126394052,2040,7094,551,273,30,2227,9,374,26,9
"1130","2020-05-07",517,13,88,1380,5380,0.94814126394052,2040,7094,551,273,21,2248,8,382,17,8
"1131","2020-05-08",513,13,88,1315,5380,0.94814126394052,2040,7094,551,273,46,2294,6,388,38,6
"1132","2020-05-09",527,13,80,1251,5380,0.94814126394052,2040,7094,551,273,40,2334,8,396,36,8
"1133","2020-05-10",503,13,76,1169,5380,0.94814126394052,2040,7094,551,273,28,2362,7,403,21,7
"1134","2020-05-11",473,13,69,1105,5380,0.94814126394052,2040,7094,551,273,33,2395,14,417,30,14
"1135","2020-05-12",462,13,76,1027,5380,0.94814126394052,2040,7094,551,273,38,2433,13,430,31,13
"1136","2020-05-13",438,13,77,965,5380,0.94814126394052,2040,7094,551,273,29,2462,5,435,21,5
"1137","2020-05-14",416,13,82,917,5380,0.94814126394052,2040,7094,551,273,44,2506,10,445,41,10
"1138","2020-05-15",374,13,80,852,5380,0.94814126394052,2040,7094,551,273,36,2542,12,457,32,12
"1139","2020-05-16",314,13,76,790,5380,0.94814126394052,2040,7094,551,273,30,2572,6,463,26,6
"1140","2020-05-17",279,13,72,735,5380,0.94814126394052,2040,7094,551,273,36,2608,10,473,31,10
"1141","2020-05-18",264,13,66,688,5380,0.94814126394052,2040,7094,551,273,43,2651,6,479,36,6
"1142","2020-05-19",249,13,55,631,5380,0.94814126394052,2040,7094,551,273,28,2679,5,484,26,5
"1143","2020-05-20",243,13,54,586,5380,0.94814126394052,2040,7094,551,273,27,2706,8,492,24,8
"1144","2020-05-21",232,13,50,540,5380,0.94814126394052,2040,7094,551,273,34,2740,8,500,28,8
"1145","2020-05-22",211,13,48,499,5380,0.94814126394052,2040,7094,551,273,27,2767,5,505,22,5
"1146","2020-05-23",198,13,53,461,5380,0.94814126394052,2040,7094,551,273,27,2794,2,507,20,2
"1147","2020-05-24",191,13,58,442,5380,0.94814126394052,2040,7094,551,273,21,2815,5,512,19,5
"1148","2020-05-25",182,13,64,424,5380,0.94814126394052,2040,7094,551,273,19,2834,4,516,17,4
"1149","2020-05-26",168,13,60,397,5380,0.94814126394052,2040,7094,551,273,24,2858,11,527,18,11
"1150","2020-05-27",144,13,59,365,5380,0.94814126394052,2040,7094,551,273,22,2880,12,539,17,12
"1151","2020-05-28",136,13,62,325,5380,0.94814126394052,2040,7094,551,273,22,2902,7,546,21,7
"1152","2020-05-29",124,13,66,306,5380,0.94814126394052,2040,7094,551,273,14,2916,2,548,13,2
"1153","2020-05-30",126,13,60,287,5380,0.94814126394052,2040,7094,551,273,21,2937,10,558,18,10
"1154","2020-05-31",113,13,57,262,5380,0.94814126394052,2040,7094,551,273,19,2956,6,564,18,6
"1155","2020-06-01",105,13,54,236,5380,0.94814126394052,2040,7094,551,273,11,2967,6,570,10,6
"1156","2020-06-02",102,13,52,222,5380,0.94814126394052,2040,7094,551,273,17,2984,1,571,15,1
"1157","2020-06-03",100,13,48,203,5380,0.94814126394052,2040,7094,551,273,17,3001,4,575,12,4
"1158","2020-06-04",90,13,47,177,5380,0.94814126394052,2040,7094,551,273,12,3013,4,579,8,4
"1159","2020-06-05",85,13,48,159,5380,0.94814126394052,2040,7094,551,273,14,3027,3,582,11,3
"1160","2020-06-06",76,13,48,142,5380,0.94814126394052,2040,7094,551,273,13,3040,1,583,11,1
"1161","2020-06-07",58,13,46,123,5380,0.94814126394052,2040,7094,551,273,13,3053,2,585,13,2
"1162","2020-03-08",1,14,0,0,4867,0.946579001438258,2040,7030,520,363,NA,NA,NA,NA,NA,NA
"1163","2020-03-09",1,14,0,0,4867,0.946579001438258,2040,7030,520,363,NA,NA,NA,NA,NA,NA
"1164","2020-03-10",0,14,0,0,4867,0.946579001438258,2040,7030,520,363,NA,NA,NA,NA,NA,NA
"1165","2020-03-11",0,14,0,0,4867,0.946579001438258,2040,7030,520,363,4,4,4,4,1,4
"1166","2020-03-12",0,14,0,0,4867,0.946579001438258,2040,7030,520,363,3,7,3,7,1,3
"1167","2020-03-13",1,14,7,11,4867,0.946579001438258,2040,7030,520,363,11,18,2,9,3,2
"1168","2020-03-14",1,14,11,17,4867,0.946579001438258,2040,7030,520,363,3,21,7,16,1,7
"1169","2020-03-15",0,14,0,0,4867,0.946579001438258,2040,7030,520,363,5,26,7,23,4,7
"1170","2020-03-16",0,14,0,0,4867,0.946579001438258,2040,7030,520,363,9,35,9,32,3,9
"1171","2020-03-17",0,14,0,0,4867,0.946579001438258,2040,7030,520,363,14,49,11,43,13,11
"1172","2020-03-18",1,14,26,47,4867,0.946579001438258,2040,7030,520,363,9,58,5,48,6,5
"1173","2020-03-19",4,14,26,55,4867,0.946579001438258,2040,7030,520,363,14,72,7,55,11,7
"1174","2020-03-20",6,14,31,66,4867,0.946579001438258,2040,7030,520,363,18,90,5,60,10,5
"1175","2020-03-21",10,14,30,84,4867,0.946579001438258,2040,7030,520,363,17,107,16,76,13,16
"1176","2020-03-22",16,14,27,101,4867,0.946579001438258,2040,7030,520,363,11,118,12,88,10,12
"1177","2020-03-23",18,14,34,115,4867,0.946579001438258,2040,7030,520,363,16,134,13,101,12,13
"1178","2020-03-24",22,14,35,141,4867,0.946579001438258,2040,7030,520,363,26,160,10,111,19,10
"1179","2020-03-25",26,14,37,162,4867,0.946579001438258,2040,7030,520,363,28,188,11,122,24,11
"1180","2020-03-26",29,14,34,191,4867,0.946579001438258,2040,7030,520,363,21,209,17,139,11,17
"1181","2020-03-27",35,14,40,229,4867,0.946579001438258,2040,7030,520,363,31,240,12,151,25,12
"1182","2020-03-28",46,14,46,255,4867,0.946579001438258,2040,7030,520,363,37,277,6,157,28,6
"1183","2020-03-29",52,14,49,290,4867,0.946579001438258,2040,7030,520,363,27,304,11,168,23,11
"1184","2020-03-30",56,14,59,318,4867,0.946579001438258,2040,7030,520,363,29,333,5,173,23,5
"1185","2020-03-31",73,14,61,360,4867,0.946579001438258,2040,7030,520,363,42,375,3,176,33,3
"1186","2020-04-01",77,14,57,411,4867,0.946579001438258,2040,7030,520,363,40,415,3,179,33,3
"1187","2020-04-02",88,14,55,438,4867,0.946579001438258,2040,7030,520,363,46,461,2,181,37,2
"1188","2020-04-03",116,14,51,475,4867,0.946579001438258,2040,7030,520,363,33,494,2,183,25,2
"1189","2020-04-04",159,14,48,506,4867,0.946579001438258,2040,7030,520,363,37,531,6,189,32,6
"1190","2020-04-05",182,14,43,558,4867,0.946579001438258,2040,7030,520,363,44,575,2,191,41,2
"1191","2020-04-06",182,14,50,602,4867,0.946579001438258,2040,7030,520,363,32,607,17,208,28,17
"1192","2020-04-07",175,14,62,627,4867,0.946579001438258,2040,7030,520,363,42,649,12,220,35,12
"1193","2020-04-08",190,14,65,679,4867,0.946579001438258,2040,7030,520,363,55,704,10,230,48,10
"1194","2020-04-09",199,14,61,710,4867,0.946579001438258,2040,7030,520,363,44,748,7,237,38,7
"1195","2020-04-10",245,14,74,746,4867,0.946579001438258,2040,7030,520,363,49,797,16,253,44,16
"1196","2020-04-11",244,14,82,784,4867,0.946579001438258,2040,7030,520,363,33,830,7,260,27,7
"1197","2020-04-12",253,14,87,809,4867,0.946579001438258,2040,7030,520,363,44,874,5,265,40,5
"1198","2020-04-13",251,14,82,854,4867,0.946579001438258,2040,7030,520,363,39,913,6,271,31,6
"1199","2020-04-14",252,14,91,870,4867,0.946579001438258,2040,7030,520,363,53,966,17,288,47,17
"1200","2020-04-15",263,14,88,895,4867,0.946579001438258,2040,7030,520,363,50,1016,13,301,45,13
"1201","2020-04-16",267,14,88,922,4867,0.946579001438258,2040,7030,520,363,64,1080,3,304,53,3
"1202","2020-04-17",297,14,95,926,4867,0.946579001438258,2040,7030,520,363,43,1123,17,321,40,17
"1203","2020-04-18",304,14,107,951,4867,0.946579001438258,2040,7030,520,363,53,1176,18,339,44,18
"1204","2020-04-19",295,14,111,974,4867,0.946579001438258,2040,7030,520,363,59,1235,22,361,51,22
"1205","2020-04-20",301,14,106,982,4867,0.946579001438258,2040,7030,520,363,45,1280,12,373,40,12
"1206","2020-04-21",315,14,103,1012,4867,0.946579001438258,2040,7030,520,363,53,1333,19,392,44,19
"1207","2020-04-22",324,14,108,1073,4867,0.946579001438258,2040,7030,520,363,54,1387,27,419,48,27
"1208","2020-04-23",334,14,101,1082,4867,0.946579001438258,2040,7030,520,363,39,1426,11,430,36,11
"1209","2020-04-24",386,14,110,1086,4867,0.946579001438258,2040,7030,520,363,52,1478,9,439,43,9
"1210","2020-04-25",407,14,110,1091,4867,0.946579001438258,2040,7030,520,363,49,1527,28,467,45,28
"1211","2020-04-26",407,14,118,1106,4867,0.946579001438258,2040,7030,520,363,38,1565,12,479,32,12
"1212","2020-04-27",400,14,99,1115,4867,0.946579001438258,2040,7030,520,363,46,1611,12,491,38,12
"1213","2020-04-28",395,14,84,1123,4867,0.946579001438258,2040,7030,520,363,54,1665,3,494,50,3
"1214","2020-04-29",397,14,85,1126,4867,0.946579001438258,2040,7030,520,363,40,1705,5,499,32,5
"1215","2020-04-30",397,14,95,1110,4867,0.946579001438258,2040,7030,520,363,50,1755,21,520,46,21
"1216","2020-05-01",415,14,77,1097,4867,0.946579001438258,2040,7030,520,363,35,1790,11,531,27,11
"1217","2020-05-02",410,14,86,1092,4867,0.946579001438258,2040,7030,520,363,52,1842,5,536,37,5
"1218","2020-05-03",362,14,76,1062,4867,0.946579001438258,2040,7030,520,363,39,1881,11,547,37,11
"1219","2020-05-04",353,14,72,1043,4867,0.946579001438258,2040,7030,520,363,60,1941,13,560,53,13
"1220","2020-05-05",338,14,76,1003,4867,0.946579001438258,2040,7030,520,363,35,1976,9,569,31,9
"1221","2020-05-06",318,14,82,958,4867,0.946579001438258,2040,7030,520,363,29,2005,7,576,24,7
"1222","2020-05-07",325,14,78,924,4867,0.946579001438258,2040,7030,520,363,43,2048,4,580,37,4
"1223","2020-05-08",322,14,81,892,4867,0.946579001438258,2040,7030,520,363,47,2095,2,582,43,2
"1224","2020-05-09",309,14,91,869,4867,0.946579001438258,2040,7030,520,363,52,2147,16,598,48,16
"1225","2020-05-10",305,14,95,854,4867,0.946579001438258,2040,7030,520,363,29,2176,10,608,24,10
"1226","2020-05-11",304,14,100,822,4867,0.946579001438258,2040,7030,520,363,28,2204,15,623,26,15
"1227","2020-05-12",291,14,79,799,4867,0.946579001438258,2040,7030,520,363,32,2236,15,638,29,15
"1228","2020-05-13",298,14,71,752,4867,0.946579001438258,2040,7030,520,363,34,2270,7,645,29,7
"1229","2020-05-14",276,14,71,730,4867,0.946579001438258,2040,7030,520,363,38,2308,1,646,34,1
"1230","2020-05-15",277,14,74,691,4867,0.946579001438258,2040,7030,520,363,26,2334,11,657,22,11
"1231","2020-05-16",294,14,71,648,4867,0.946579001438258,2040,7030,520,363,33,2367,5,662,25,5
"1232","2020-05-17",248,14,64,617,4867,0.946579001438258,2040,7030,520,363,31,2398,13,675,27,13
"1233","2020-05-18",231,14,70,593,4867,0.946579001438258,2040,7030,520,363,38,2436,17,692,31,17
"1234","2020-05-19",220,14,68,560,4867,0.946579001438258,2040,7030,520,363,25,2461,10,702,19,10
"1235","2020-05-20",206,14,63,534,4867,0.946579001438258,2040,7030,520,363,35,2496,12,714,24,12
"1236","2020-05-21",201,14,56,517,4867,0.946579001438258,2040,7030,520,363,30,2526,13,727,27,13
"1237","2020-05-22",176,14,49,507,4867,0.946579001438258,2040,7030,520,363,23,2549,16,743,19,16
"1238","2020-05-23",152,14,47,478,4867,0.946579001438258,2040,7030,520,363,22,2571,11,754,18,11
"1239","2020-05-24",174,14,47,463,4867,0.946579001438258,2040,7030,520,363,21,2592,10,764,19,10
"1240","2020-05-25",170,14,43,432,4867,0.946579001438258,2040,7030,520,363,37,2629,9,773,34,9
"1241","2020-05-26",159,14,45,418,4867,0.946579001438258,2040,7030,520,363,28,2657,11,784,25,11
"1242","2020-05-27",155,14,42,403,4867,0.946579001438258,2040,7030,520,363,26,2683,6,790,25,6
"1243","2020-05-28",145,14,41,377,4867,0.946579001438258,2040,7030,520,363,14,2697,3,793,14,3
"1244","2020-05-29",132,14,41,365,4867,0.946579001438258,2040,7030,520,363,13,2710,1,794,9,1
"1245","2020-05-30",130,14,37,342,4867,0.946579001438258,2040,7030,520,363,25,2735,2,796,23,2
"1246","2020-05-31",113,14,46,322,4867,0.946579001438258,2040,7030,520,363,16,2751,3,799,12,3
"1247","2020-06-01",111,14,45,303,4867,0.946579001438258,2040,7030,520,363,23,2774,3,802,19,3
"1248","2020-06-02",111,14,47,285,4867,0.946579001438258,2040,7030,520,363,15,2789,8,810,13,8
"1249","2020-06-03",106,14,54,269,4867,0.946579001438258,2040,7030,520,363,14,2803,5,815,13,5
"1250","2020-06-04",105,14,56,256,4867,0.946579001438258,2040,7030,520,363,9,2812,2,817,8,2
"1251","2020-06-05",107,14,63,246,4867,0.946579001438258,2040,7030,520,363,10,2822,6,823,9,6
"1252","2020-06-06",102,14,53,227,4867,0.946579001438258,2040,7030,520,363,11,2833,11,834,11,11
"1253","2020-06-07",94,14,54,214,4867,0.946579001438258,2040,7030,520,363,19,2852,9,843,15,9
"1254","2020-03-14",1,15,26,45,3095,0.667205169628433,2025,5523,306,464,13,51,2,21,1,2
"1255","2020-03-15",5,15,45,64,3095,0.667205169628433,2025,5523,306,464,9,60,3,24,3,3
"1256","2020-03-16",7,15,44,82,3095,0.667205169628433,2025,5523,306,464,8,68,6,30,1,6
"1257","2020-03-17",11,15,44,101,3095,0.667205169628433,2025,5523,306,464,15,83,10,40,6,10
"1258","2020-03-18",16,15,49,142,3095,0.667205169628433,2025,5523,306,464,15,98,5,45,3,5
"1259","2020-03-19",22,15,53,160,3095,0.667205169628433,2025,5523,306,464,15,113,6,51,8,6
"1260","2020-03-20",31,15,58,184,3095,0.667205169628433,2025,5523,306,464,13,126,5,56,4,5
"1261","2020-03-21",47,15,55,205,3095,0.667205169628433,2025,5523,306,464,20,146,5,61,11,5
"1262","2020-03-22",56,15,54,231,3095,0.667205169628433,2025,5523,306,464,18,164,3,64,4,3
"1263","2020-03-23",59,15,77,249,3095,0.667205169628433,2025,5523,306,464,27,191,4,68,16,4
"1264","2020-03-24",66,15,80,260,3095,0.667205169628433,2025,5523,306,464,14,205,8,76,5,8
"1265","2020-03-25",68,15,69,283,3095,0.667205169628433,2025,5523,306,464,22,227,7,83,12,7
"1266","2020-03-26",74,15,65,294,3095,0.667205169628433,2025,5523,306,464,27,254,7,90,12,7
"1267","2020-03-27",93,15,68,311,3095,0.667205169628433,2025,5523,306,464,31,285,7,97,15,7
"1268","2020-03-28",103,15,68,319,3095,0.667205169628433,2025,5523,306,464,21,306,10,107,15,10
"1269","2020-03-29",104,15,70,322,3095,0.667205169628433,2025,5523,306,464,33,339,8,115,18,8
"1270","2020-03-30",105,15,62,344,3095,0.667205169628433,2025,5523,306,464,21,360,4,119,12,4
"1271","2020-03-31",95,15,71,348,3095,0.667205169628433,2025,5523,306,464,12,372,6,125,5,6
"1272","2020-04-01",103,15,62,355,3095,0.667205169628433,2025,5523,306,464,25,397,6,131,12,6
"1273","2020-04-02",108,15,60,372,3095,0.667205169628433,2025,5523,306,464,32,429,7,138,21,7
"1274","2020-04-03",110,15,55,375,3095,0.667205169628433,2025,5523,306,464,33,462,4,142,17,4
"1275","2020-04-04",118,15,49,379,3095,0.667205169628433,2025,5523,306,464,36,498,2,144,19,2
"1276","2020-04-05",126,15,45,374,3095,0.667205169628433,2025,5523,306,464,31,529,NA,NA,19,NA
"1277","2020-04-06",122,15,38,382,3095,0.667205169628433,2025,5523,306,464,27,556,6,150,9,6
"1278","2020-04-07",124,15,44,378,3095,0.667205169628433,2025,5523,306,464,36,592,2,152,27,2
"1279","2020-04-08",119,15,46,368,3095,0.667205169628433,2025,5523,306,464,48,640,1,153,27,1
"1280","2020-04-09",116,15,49,377,3095,0.667205169628433,2025,5523,306,464,37,677,9,162,14,9
"1281","2020-04-10",119,15,57,380,3095,0.667205169628433,2025,5523,306,464,33,710,7,169,24,7
"1282","2020-04-11",115,15,71,396,3095,0.667205169628433,2025,5523,306,464,26,736,15,184,16,15
"1283","2020-04-12",111,15,62,406,3095,0.667205169628433,2025,5523,306,464,42,778,15,199,22,15
"1284","2020-04-13",110,15,64,422,3095,0.667205169628433,2025,5523,306,464,43,821,7,206,28,7
"1285","2020-04-14",103,15,65,431,3095,0.667205169628433,2025,5523,306,464,48,869,5,211,33,5
"1286","2020-04-15",108,15,84,439,3095,0.667205169628433,2025,5523,306,464,49,918,8,219,28,8
"1287","2020-04-16",115,15,99,443,3095,0.667205169628433,2025,5523,306,464,36,954,5,224,30,5
"1288","2020-04-17",140,15,106,465,3095,0.667205169628433,2025,5523,306,464,43,997,10,234,29,10
"1289","2020-04-18",160,15,104,480,3095,0.667205169628433,2025,5523,306,464,36,1033,5,239,25,5
"1290","2020-04-19",157,15,97,489,3095,0.667205169628433,2025,5523,306,464,48,1081,5,244,35,5
"1291","2020-04-20",151,15,113,504,3095,0.667205169628433,2025,5523,306,464,26,1107,7,251,17,7
"1292","2020-04-21",155,15,119,513,3095,0.667205169628433,2025,5523,306,464,44,1151,7,258,29,7
"1293","2020-04-22",156,15,117,528,3095,0.667205169628433,2025,5523,306,464,43,1194,13,271,26,13
"1294","2020-04-23",154,15,102,511,3095,0.667205169628433,2025,5523,306,464,34,1228,12,283,14,12
"1295","2020-04-24",181,15,99,512,3095,0.667205169628433,2025,5523,306,464,37,1265,16,299,21,16
"1296","2020-04-25",173,15,124,508,3095,0.667205169628433,2025,5523,306,464,35,1300,8,307,19,8
"1297","2020-04-26",161,15,128,512,3095,0.667205169628433,2025,5523,306,464,39,1339,7,314,21,7
"1298","2020-04-27",162,15,157,507,3095,0.667205169628433,2025,5523,306,464,37,1376,6,320,24,6
"1299","2020-04-28",164,15,171,511,3095,0.667205169628433,2025,5523,306,464,38,1414,9,329,24,9
"1300","2020-04-29",167,15,167,508,3095,0.667205169628433,2025,5523,306,464,32,1446,8,337,17,8
"1301","2020-04-30",173,15,169,500,3095,0.667205169628433,2025,5523,306,464,36,1482,8,345,19,8
"1302","2020-05-01",161,15,185,491,3095,0.667205169628433,2025,5523,306,464,45,1527,6,351,28,6
"1303","2020-05-02",178,15,180,492,3095,0.667205169628433,2025,5523,306,464,38,1565,6,357,20,6
"1304","2020-05-03",171,15,176,501,3095,0.667205169628433,2025,5523,306,464,32,1597,4,361,21,4
"1305","2020-05-04",164,15,193,486,3095,0.667205169628433,2025,5523,306,464,34,1631,7,368,19,7
"1306","2020-05-05",156,15,188,504,3095,0.667205169628433,2025,5523,306,464,35,1666,9,377,24,9
"1307","2020-05-06",150,15,201,506,3095,0.667205169628433,2025,5523,306,464,35,1701,14,391,22,14
"1308","2020-05-07",146,15,188,502,3095,0.667205169628433,2025,5523,306,464,31,1732,7,398,19,7
"1309","2020-05-08",168,15,167,491,3095,0.667205169628433,2025,5523,306,464,44,1776,11,409,26,11
"1310","2020-05-09",176,15,150,485,3095,0.667205169628433,2025,5523,306,464,32,1808,11,420,24,11
"1311","2020-05-10",175,15,140,463,3095,0.667205169628433,2025,5523,306,464,27,1835,12,432,16,12
"1312","2020-05-11",169,15,123,454,3095,0.667205169628433,2025,5523,306,464,28,1863,11,443,17,11
"1313","2020-05-12",165,15,102,450,3095,0.667205169628433,2025,5523,306,464,39,1902,10,453,20,10
"1314","2020-05-13",172,15,98,441,3095,0.667205169628433,2025,5523,306,464,22,1924,6,459,17,6
"1315","2020-05-14",160,15,93,438,3095,0.667205169628433,2025,5523,306,464,46,1970,3,462,27,3
"1316","2020-05-15",158,15,98,426,3095,0.667205169628433,2025,5523,306,464,27,1997,4,466,14,4
"1317","2020-05-16",131,15,89,414,3095,0.667205169628433,2025,5523,306,464,22,2019,4,470,14,4
"1318","2020-05-17",124,15,73,396,3095,0.667205169628433,2025,5523,306,464,24,2043,7,477,12,7
"1319","2020-05-18",128,15,90,385,3095,0.667205169628433,2025,5523,306,464,36,2079,5,482,18,5
"1320","2020-05-19",136,15,95,375,3095,0.667205169628433,2025,5523,306,464,22,2101,6,488,13,6
"1321","2020-05-20",135,15,111,365,3095,0.667205169628433,2025,5523,306,464,24,2125,10,498,13,10
"1322","2020-05-21",143,15,94,358,3095,0.667205169628433,2025,5523,306,464,22,2147,4,502,9,4
"1323","2020-05-22",142,15,96,359,3095,0.667205169628433,2025,5523,306,464,19,2166,5,507,8,5
"1324","2020-05-23",153,15,105,353,3095,0.667205169628433,2025,5523,306,464,18,2184,6,513,13,6
"1325","2020-05-24",145,15,113,333,3095,0.667205169628433,2025,5523,306,464,25,2209,7,520,15,7
"1326","2020-05-25",144,15,129,337,3095,0.667205169628433,2025,5523,306,464,14,2223,9,529,11,9
"1327","2020-05-26",135,15,130,327,3095,0.667205169628433,2025,5523,306,464,28,2251,7,536,13,7
"1328","2020-05-27",127,15,133,313,3095,0.667205169628433,2025,5523,306,464,13,2264,10,546,6,10
"1329","2020-05-28",122,15,122,303,3095,0.667205169628433,2025,5523,306,464,19,2283,10,556,12,10
"1330","2020-05-29",121,15,119,284,3095,0.667205169628433,2025,5523,306,464,22,2305,10,566,16,10
"1331","2020-05-30",114,15,111,274,3095,0.667205169628433,2025,5523,306,464,19,2324,12,578,7,12
"1332","2020-05-31",100,15,115,267,3095,0.667205169628433,2025,5523,306,464,16,2340,7,585,11,7
"1333","2020-06-01",92,15,107,260,3095,0.667205169628433,2025,5523,306,464,22,2362,8,593,13,8
"1334","2020-06-02",88,15,88,263,3095,0.667205169628433,2025,5523,306,464,23,2385,7,600,14,7
"1335","2020-06-03",90,15,66,249,3095,0.667205169628433,2025,5523,306,464,19,2404,4,604,11,4
"1336","2020-06-04",87,15,64,249,3095,0.667205169628433,2025,5523,306,464,12,2416,2,606,9,2
"1337","2020-06-05",88,15,68,233,3095,0.667205169628433,2025,5523,306,464,16,2432,6,612,12,6
"1338","2020-06-06",95,15,69,223,3095,0.667205169628433,2025,5523,306,464,8,2440,5,617,5,5
"1339","2020-06-07",85,15,73,219,3095,0.667205169628433,2025,5523,306,464,7,2447,3,620,4,3
"1340","2020-03-15",1,16,18,22,5303,0.946633980765604,2025,6835,534,463,14,57,11,47,6,11
"1341","2020-03-16",1,16,19,27,5303,0.946633980765604,2025,6835,534,463,19,76,18,65,11,18
"1342","2020-03-17",0,16,0,0,5303,0.946633980765604,2025,6835,534,463,15,91,19,84,9,19
"1343","2020-03-18",0,16,0,0,5303,0.946633980765604,2025,6835,534,463,17,108,16,100,9,16
"1344","2020-03-19",2,16,32,55,5303,0.946633980765604,2025,6835,534,463,12,120,17,117,8,17
"1345","2020-03-20",7,16,36,60,5303,0.946633980765604,2025,6835,534,463,18,138,19,136,12,19
"1346","2020-03-21",8,16,42,73,5303,0.946633980765604,2025,6835,534,463,34,172,18,154,23,18
"1347","2020-03-22",10,16,38,89,5303,0.946633980765604,2025,6835,534,463,22,194,24,178,17,24
"1348","2020-03-23",13,16,29,102,5303,0.946633980765604,2025,6835,534,463,21,215,22,200,17,22
"1349","2020-03-24",15,16,28,110,5303,0.946633980765604,2025,6835,534,463,31,246,8,208,23,8
"1350","2020-03-25",17,16,28,130,5303,0.946633980765604,2025,6835,534,463,34,280,10,218,27,10
"1351","2020-03-26",21,16,43,150,5303,0.946633980765604,2025,6835,534,463,33,313,8,226,17,8
"1352","2020-03-27",27,16,47,172,5303,0.946633980765604,2025,6835,534,463,30,343,19,245,24,19
"1353","2020-03-28",56,16,43,186,5303,0.946633980765604,2025,6835,534,463,33,376,9,254,26,9
"1354","2020-03-29",59,16,47,200,5303,0.946633980765604,2025,6835,534,463,34,410,18,272,26,18
"1355","2020-03-30",53,16,47,219,5303,0.946633980765604,2025,6835,534,463,32,442,31,303,23,31
"1356","2020-03-31",60,16,57,231,5303,0.946633980765604,2025,6835,534,463,38,480,22,325,28,22
"1357","2020-04-01",67,16,58,257,5303,0.946633980765604,2025,6835,534,463,43,523,21,346,36,21
"1358","2020-04-02",75,16,57,278,5303,0.946633980765604,2025,6835,534,463,45,568,21,367,35,21
"1359","2020-04-03",91,16,61,294,5303,0.946633980765604,2025,6835,534,463,55,623,17,384,35,17
"1360","2020-04-04",92,16,64,316,5303,0.946633980765604,2025,6835,534,463,49,672,19,403,36,19
"1361","2020-04-05",91,16,69,341,5303,0.946633980765604,2025,6835,534,463,30,702,14,417,26,14
"1362","2020-04-06",92,16,73,375,5303,0.946633980765604,2025,6835,534,463,37,739,20,437,31,20
"1363","2020-04-07",92,16,84,384,5303,0.946633980765604,2025,6835,534,463,48,787,14,451,38,14
"1364","2020-04-08",96,16,82,444,5303,0.946633980765604,2025,6835,534,463,37,824,22,473,27,22
"1365","2020-04-09",97,16,76,466,5303,0.946633980765604,2025,6835,534,463,50,874,26,499,42,26
"1366","2020-04-10",108,16,83,492,5303,0.946633980765604,2025,6835,534,463,54,928,24,523,42,24
"1367","2020-04-11",117,16,96,546,5303,0.946633980765604,2025,6835,534,463,45,973,25,548,32,25
"1368","2020-04-12",159,16,95,589,5303,0.946633980765604,2025,6835,534,463,42,1015,15,563,34,15
"1369","2020-04-13",157,16,101,638,5303,0.946633980765604,2025,6835,534,463,52,1067,18,581,40,18
"1370","2020-04-14",156,16,105,689,5303,0.946633980765604,2025,6835,534,463,34,1101,17,598,27,17
"1371","2020-04-15",165,16,98,755,5303,0.946633980765604,2025,6835,534,463,60,1161,15,613,44,15
"1372","2020-04-16",173,16,120,818,5303,0.946633980765604,2025,6835,534,463,63,1224,12,625,55,12
"1373","2020-04-17",236,16,116,880,5303,0.946633980765604,2025,6835,534,463,45,1269,16,641,35,16
"1374","2020-04-18",267,16,102,921,5303,0.946633980765604,2025,6835,534,463,68,1337,33,674,60,33
"1375","2020-04-19",258,16,113,981,5303,0.946633980765604,2025,6835,534,463,57,1394,25,699,43,25
"1376","2020-04-20",277,16,115,1045,5303,0.946633980765604,2025,6835,534,463,58,1452,27,726,53,27
"1377","2020-04-21",291,16,123,1114,5303,0.946633980765604,2025,6835,534,463,49,1501,39,765,37,39
"1378","2020-04-22",307,16,117,1144,5303,0.946633980765604,2025,6835,534,463,53,1554,30,795,46,30
"1379","2020-04-23",327,16,114,1219,5303,0.946633980765604,2025,6835,534,463,43,1597,34,829,36,34
"1380","2020-04-24",373,16,118,1273,5303,0.946633980765604,2025,6835,534,463,53,1650,29,858,45,29
"1381","2020-04-25",400,16,117,1311,5303,0.946633980765604,2025,6835,534,463,59,1709,28,886,46,28
"1382","2020-04-26",372,16,102,1351,5303,0.946633980765604,2025,6835,534,463,42,1751,23,909,32,23
"1383","2020-04-27",382,16,123,1386,5303,0.946633980765604,2025,6835,534,463,64,1815,24,933,52,24
"1384","2020-04-28",391,16,122,1406,5303,0.946633980765604,2025,6835,534,463,44,1859,15,948,37,15
"1385","2020-04-29",402,16,140,1448,5303,0.946633980765604,2025,6835,534,463,52,1911,32,980,44,32
"1386","2020-04-30",410,16,143,1468,5303,0.946633980765604,2025,6835,534,463,73,1984,20,1000,63,20
"1387","2020-05-01",495,16,154,1490,5303,0.946633980765604,2025,6835,534,463,58,2042,31,1031,48,31
"1388","2020-05-02",496,16,157,1478,5303,0.946633980765604,2025,6835,534,463,62,2104,25,1056,51,25
"1389","2020-05-03",499,16,157,1514,5303,0.946633980765604,2025,6835,534,463,47,2151,24,1080,43,24
"1390","2020-05-04",484,16,149,1500,5303,0.946633980765604,2025,6835,534,463,61,2212,24,1104,54,24
"1391","2020-05-05",479,16,141,1469,5303,0.946633980765604,2025,6835,534,463,45,2257,22,1126,34,22
"1392","2020-05-06",481,16,149,1436,5303,0.946633980765604,2025,6835,534,463,46,2303,18,1144,39,18
"1393","2020-05-07",494,16,132,1409,5303,0.946633980765604,2025,6835,534,463,50,2353,21,1165,41,21
"1394","2020-05-08",492,16,134,1362,5303,0.946633980765604,2025,6835,534,463,42,2395,35,1200,37,35
"1395","2020-05-09",497,16,125,1301,5303,0.946633980765604,2025,6835,534,463,59,2454,20,1220,50,20
"1396","2020-05-10",463,16,126,1252,5303,0.946633980765604,2025,6835,534,463,31,2485,25,1245,25,25
"1397","2020-05-11",456,16,131,1186,5303,0.946633980765604,2025,6835,534,463,38,2523,21,1266,29,21
"1398","2020-05-12",443,16,131,1121,5303,0.946633980765604,2025,6835,534,463,35,2558,19,1285,26,19
"1399","2020-05-13",441,16,128,1062,5303,0.946633980765604,2025,6835,534,463,39,2597,19,1304,33,19
"1400","2020-05-14",410,16,130,1020,5303,0.946633980765604,2025,6835,534,463,33,2630,13,1317,27,13
"1401","2020-05-15",403,16,129,969,5303,0.946633980765604,2025,6835,534,463,30,2660,27,1344,24,27
"1402","2020-05-16",392,16,119,905,5303,0.946633980765604,2025,6835,534,463,32,2692,20,1364,28,20
"1403","2020-05-17",343,16,124,843,5303,0.946633980765604,2025,6835,534,463,29,2721,18,1382,22,18
"1404","2020-05-18",320,16,124,759,5303,0.946633980765604,2025,6835,534,463,33,2754,33,1415,25,33
"1405","2020-05-19",300,16,133,681,5303,0.946633980765604,2025,6835,534,463,45,2799,22,1437,38,22
"1406","2020-05-20",277,16,129,618,5303,0.946633980765604,2025,6835,534,463,39,2838,33,1470,23,33
"1407","2020-05-21",269,16,119,585,5303,0.946633980765604,2025,6835,534,463,38,2876,28,1498,31,28
"1408","2020-05-22",228,16,112,533,5303,0.946633980765604,2025,6835,534,463,22,2898,33,1531,18,33
"1409","2020-05-23",217,16,102,480,5303,0.946633980765604,2025,6835,534,463,27,2925,32,1563,23,32
"1410","2020-05-24",193,16,116,458,5303,0.946633980765604,2025,6835,534,463,24,2949,32,1595,20,32
"1411","2020-05-25",179,16,116,430,5303,0.946633980765604,2025,6835,534,463,43,2992,37,1632,31,37
"1412","2020-05-26",172,16,111,395,5303,0.946633980765604,2025,6835,534,463,37,3029,27,1659,30,27
"1413","2020-05-27",165,16,114,377,5303,0.946633980765604,2025,6835,534,463,25,3054,24,1683,19,24
"1414","2020-05-28",146,16,111,349,5303,0.946633980765604,2025,6835,534,463,29,3083,22,1705,21,22
"1415","2020-05-29",132,16,113,308,5303,0.946633980765604,2025,6835,534,463,18,3101,29,1734,17,29
"1416","2020-05-30",116,16,118,284,5303,0.946633980765604,2025,6835,534,463,20,3121,19,1753,15,19
"1417","2020-05-31",112,16,110,272,5303,0.946633980765604,2025,6835,534,463,20,3141,19,1772,16,19
"1418","2020-06-01",103,16,109,251,5303,0.946633980765604,2025,6835,534,463,28,3169,16,1788,23,16
"1419","2020-06-02",91,16,107,231,5303,0.946633980765604,2025,6835,534,463,26,3195,27,1815,23,27
"1420","2020-06-03",86,16,98,207,5303,0.946633980765604,2025,6835,534,463,20,3215,24,1839,17,24
"1421","2020-06-04",88,16,88,186,5303,0.946633980765604,2025,6835,534,463,9,3224,35,1874,9,35
"1422","2020-06-05",77,16,81,170,5303,0.946633980765604,2025,6835,534,463,18,3242,37,1911,16,37
"1423","2020-06-06",70,16,78,160,5303,0.946633980765604,2025,6835,534,463,15,3257,29,1940,15,29
"1424","2020-06-07",74,16,73,144,5303,0.946633980765604,2025,6835,534,463,28,3285,35,1975,24,35
"1425","2020-03-13",1,17,26,16,3814,0.846355532249607,1980,5874,406,412,4,6,3,12,3,3
"1426","2020-03-14",4,17,21,19,3814,0.846355532249607,1980,5874,406,412,3,9,1,13,2,1
"1427","2020-03-15",5,17,18,30,3814,0.846355532249607,1980,5874,406,412,4,13,1,14,3,1
"1428","2020-03-16",6,17,22,38,3814,0.846355532249607,1980,5874,406,412,7,20,NA,NA,7,NA
"1429","2020-03-17",8,17,22,51,3814,0.846355532249607,1980,5874,406,412,4,24,4,18,2,4
"1430","2020-03-18",9,17,21,61,3814,0.846355532249607,1980,5874,406,412,6,30,8,26,4,8
"1431","2020-03-19",10,17,35,73,3814,0.846355532249607,1980,5874,406,412,9,39,3,29,8,3
"1432","2020-03-20",13,17,37,89,3814,0.846355532249607,1980,5874,406,412,10,49,3,32,8,3
"1433","2020-03-21",16,17,43,114,3814,0.846355532249607,1980,5874,406,412,7,56,7,39,7,7
"1434","2020-03-22",18,17,56,136,3814,0.846355532249607,1980,5874,406,412,11,67,10,49,10,10
"1435","2020-03-23",20,17,62,153,3814,0.846355532249607,1980,5874,406,412,14,81,2,51,13,2
"1436","2020-03-24",26,17,56,168,3814,0.846355532249607,1980,5874,406,412,20,101,6,57,18,6
"1437","2020-03-25",27,17,56,193,3814,0.846355532249607,1980,5874,406,412,21,122,5,62,18,5
"1438","2020-03-26",30,17,65,214,3814,0.846355532249607,1980,5874,406,412,17,139,10,72,16,10
"1439","2020-03-27",44,17,65,236,3814,0.846355532249607,1980,5874,406,412,29,168,6,78,27,6
"1440","2020-03-28",54,17,63,252,3814,0.846355532249607,1980,5874,406,412,26,194,1,79,26,1
"1441","2020-03-29",63,17,59,265,3814,0.846355532249607,1980,5874,406,412,38,232,1,80,36,1
"1442","2020-03-30",66,17,50,282,3814,0.846355532249607,1980,5874,406,412,33,265,3,83,32,3
"1443","2020-03-31",67,17,47,304,3814,0.846355532249607,1980,5874,406,412,42,307,3,86,41,3
"1444","2020-04-01",76,17,55,345,3814,0.846355532249607,1980,5874,406,412,49,356,5,91,49,5
"1445","2020-04-02",81,17,62,376,3814,0.846355532249607,1980,5874,406,412,34,390,4,95,30,4
"1446","2020-04-03",88,17,75,390,3814,0.846355532249607,1980,5874,406,412,60,450,NA,NA,58,NA
"1447","2020-04-04",103,17,70,410,3814,0.846355532249607,1980,5874,406,412,61,511,5,100,59,5
"1448","2020-04-05",108,17,70,434,3814,0.846355532249607,1980,5874,406,412,61,572,6,106,58,6
"1449","2020-04-06",110,17,76,458,3814,0.846355532249607,1980,5874,406,412,64,636,4,110,61,4
"1450","2020-04-07",111,17,79,490,3814,0.846355532249607,1980,5874,406,412,60,696,NA,NA,59,NA
"1451","2020-04-08",117,17,89,499,3814,0.846355532249607,1980,5874,406,412,76,772,4,114,74,4
"1452","2020-04-09",130,17,80,528,3814,0.846355532249607,1980,5874,406,412,91,863,3,117,90,3
"1453","2020-04-10",156,17,73,554,3814,0.846355532249607,1980,5874,406,412,75,938,15,132,74,15
"1454","2020-04-11",171,17,65,562,3814,0.846355532249607,1980,5874,406,412,79,1017,7,139,78,7
"1455","2020-04-12",156,17,77,593,3814,0.846355532249607,1980,5874,406,412,110,1127,4,143,109,4
"1456","2020-04-13",167,17,72,634,3814,0.846355532249607,1980,5874,406,412,75,1202,9,152,74,9
"1457","2020-04-14",178,17,65,642,3814,0.846355532249607,1980,5874,406,412,95,1297,5,157,92,5
"1458","2020-04-15",186,17,67,676,3814,0.846355532249607,1980,5874,406,412,87,1384,6,163,84,6
"1459","2020-04-16",179,17,61,691,3814,0.846355532249607,1980,5874,406,412,105,1489,7,170,105,7
"1460","2020-04-17",192,17,54,710,3814,0.846355532249607,1980,5874,406,412,93,1582,11,181,92,11
"1461","2020-04-18",187,17,58,745,3814,0.846355532249607,1980,5874,406,412,134,1716,9,190,133,9
"1462","2020-04-19",218,17,79,766,3814,0.846355532249607,1980,5874,406,412,104,1820,9,199,102,9
"1463","2020-04-20",221,17,90,771,3814,0.846355532249607,1980,5874,406,412,121,1941,12,211,120,12
"1464","2020-04-21",217,17,93,786,3814,0.846355532249607,1980,5874,406,412,118,2059,18,229,116,18
"1465","2020-04-22",222,17,98,810,3814,0.846355532249607,1980,5874,406,412,116,2175,14,243,114,14
"1466","2020-04-23",232,17,94,811,3814,0.846355532249607,1980,5874,406,412,111,2286,9,252,109,9
"1467","2020-04-24",258,17,84,815,3814,0.846355532249607,1980,5874,406,412,136,2422,8,260,136,8
"1468","2020-04-25",266,17,75,836,3814,0.846355532249607,1980,5874,406,412,132,2554,9,269,129,9
"1469","2020-04-26",261,17,101,827,3814,0.846355532249607,1980,5874,406,412,132,2686,9,278,132,9
"1470","2020-04-27",258,17,87,825,3814,0.846355532249607,1980,5874,406,412,117,2803,8,286,115,8
"1471","2020-04-28",248,17,84,828,3814,0.846355532249607,1980,5874,406,412,113,2916,17,303,111,17
"1472","2020-04-29",252,17,84,806,3814,0.846355532249607,1980,5874,406,412,121,3037,14,317,119,14
"1473","2020-04-30",264,17,73,772,3814,0.846355532249607,1980,5874,406,412,119,3156,7,324,119,7
"1474","2020-05-01",288,17,66,755,3814,0.846355532249607,1980,5874,406,412,112,3268,8,332,108,8
"1475","2020-05-02",297,17,59,751,3814,0.846355532249607,1980,5874,406,412,120,3388,5,337,120,5
"1476","2020-05-03",282,17,49,733,3814,0.846355532249607,1980,5874,406,412,109,3497,12,349,108,12
"1477","2020-05-04",272,17,46,712,3814,0.846355532249607,1980,5874,406,412,104,3601,9,358,102,9
"1478","2020-05-05",254,17,48,690,3814,0.846355532249607,1980,5874,406,412,100,3701,18,376,100,18
"1479","2020-05-06",240,17,52,659,3814,0.846355532249607,1980,5874,406,412,117,3818,14,390,116,14
"1480","2020-05-07",222,17,78,639,3814,0.846355532249607,1980,5874,406,412,115,3933,3,393,113,3
"1481","2020-05-08",206,17,79,626,3814,0.846355532249607,1980,5874,406,412,94,4027,11,404,94,11
"1482","2020-05-09",198,17,76,598,3814,0.846355532249607,1980,5874,406,412,113,4140,7,411,109,7
"1483","2020-05-10",209,17,79,585,3814,0.846355532249607,1980,5874,406,412,66,4206,7,418,65,7
"1484","2020-05-11",203,17,79,580,3814,0.846355532249607,1980,5874,406,412,76,4282,11,429,76,11
"1485","2020-05-12",203,17,74,565,3814,0.846355532249607,1980,5874,406,412,69,4351,12,441,68,12
"1486","2020-05-13",204,17,75,557,3814,0.846355532249607,1980,5874,406,412,61,4412,8,449,61,8
"1487","2020-05-14",212,17,92,530,3814,0.846355532249607,1980,5874,406,412,72,4484,4,453,72,4
"1488","2020-05-15",212,17,94,523,3814,0.846355532249607,1980,5874,406,412,57,4541,6,459,54,6
"1489","2020-05-16",213,17,98,508,3814,0.846355532249607,1980,5874,406,412,52,4593,3,462,51,3
"1490","2020-05-17",165,17,105,499,3814,0.846355532249607,1980,5874,406,412,49,4642,6,468,48,6
"1491","2020-05-18",164,17,118,495,3814,0.846355532249607,1980,5874,406,412,42,4684,8,476,42,8
"1492","2020-05-19",169,17,115,487,3814,0.846355532249607,1980,5874,406,412,39,4723,3,479,39,3
"1493","2020-05-20",173,17,104,463,3814,0.846355532249607,1980,5874,406,412,43,4766,4,483,43,4
"1494","2020-05-21",166,17,100,442,3814,0.846355532249607,1980,5874,406,412,44,4810,12,495,43,12
"1495","2020-05-22",157,17,104,431,3814,0.846355532249607,1980,5874,406,412,30,4840,6,501,29,6
"1496","2020-05-23",143,17,93,413,3814,0.846355532249607,1980,5874,406,412,35,4875,14,515,32,14
"1497","2020-05-24",148,17,80,394,3814,0.846355532249607,1980,5874,406,412,30,4905,7,522,30,7
"1498","2020-05-25",143,17,78,364,3814,0.846355532249607,1980,5874,406,412,24,4929,9,531,23,9
"1499","2020-05-26",132,17,78,355,3814,0.846355532249607,1980,5874,406,412,28,4957,12,543,28,12
"1500","2020-05-27",120,17,70,341,3814,0.846355532249607,1980,5874,406,412,18,4975,13,556,17,13
"1501","2020-05-28",112,17,70,330,3814,0.846355532249607,1980,5874,406,412,15,4990,12,568,15,12
"1502","2020-05-29",126,17,67,319,3814,0.846355532249607,1980,5874,406,412,28,5018,18,586,28,18
"1503","2020-05-30",121,17,73,313,3814,0.846355532249607,1980,5874,406,412,17,5035,6,592,17,6
"1504","2020-05-31",112,17,75,295,3814,0.846355532249607,1980,5874,406,412,16,5051,9,601,16,9
"1505","2020-06-01",110,17,81,278,3814,0.846355532249607,1980,5874,406,412,15,5066,2,603,14,2
"1506","2020-06-02",102,17,74,273,3814,0.846355532249607,1980,5874,406,412,14,5080,12,615,13,12
"1507","2020-06-03",96,17,73,260,3814,0.846355532249607,1980,5874,406,412,14,5094,9,624,14,9
"1508","2020-06-04",90,17,73,251,3814,0.846355532249607,1980,5874,406,412,10,5104,5,629,10,5
"1509","2020-06-05",94,17,78,224,3814,0.846355532249607,1980,5874,406,412,10,5114,1,630,10,1
"1510","2020-06-06",93,17,78,225,3814,0.846355532249607,1980,5874,406,412,11,5125,4,634,11,4
"1511","2020-06-07",80,17,67,213,3814,0.846355532249607,1980,5874,406,412,6,5131,2,636,5,2
"1512","2020-03-08",1,18,0,0,4669,0.934675519383166,2040,7111,462,308,NA,NA,NA,NA,NA,NA
"1513","2020-03-09",1,18,0,0,4669,0.934675519383166,2040,7111,462,308,NA,NA,NA,NA,NA,NA
"1514","2020-03-10",0,18,0,0,4669,0.934675519383166,2040,7111,462,308,NA,NA,1,1,NA,1
"1515","2020-03-11",0,18,0,0,4669,0.934675519383166,2040,7111,462,308,2,2,NA,NA,NA,NA
"1516","2020-03-12",0,18,0,0,4669,0.934675519383166,2040,7111,462,308,NA,NA,5,6,NA,5
"1517","2020-03-13",0,18,0,0,4669,0.934675519383166,2040,7111,462,308,2,4,2,8,NA,2
"1518","2020-03-14",1,18,41,30,4669,0.934675519383166,2040,7111,462,308,2,6,2,10,NA,2
"1519","2020-03-15",2,18,58,37,4669,0.934675519383166,2040,7111,462,308,2,8,2,12,1,2
"1520","2020-03-16",3,18,62,43,4669,0.934675519383166,2040,7111,462,308,2,10,3,15,1,3
"1521","2020-03-17",5,18,67,53,4669,0.934675519383166,2040,7111,462,308,6,16,6,21,4,6
"1522","2020-03-18",8,18,63,75,4669,0.934675519383166,2040,7111,462,308,3,19,6,27,3,6
"1523","2020-03-19",12,18,61,93,4669,0.934675519383166,2040,7111,462,308,4,23,8,35,3,8
"1524","2020-03-20",19,18,59,112,4669,0.934675519383166,2040,7111,462,308,10,33,8,43,7,8
"1525","2020-03-21",23,18,52,135,4669,0.934675519383166,2040,7111,462,308,2,35,6,49,1,6
"1526","2020-03-22",29,18,60,158,4669,0.934675519383166,2040,7111,462,308,9,44,6,55,5,6
"1527","2020-03-23",34,18,58,192,4669,0.934675519383166,2040,7111,462,308,11,55,8,63,10,8
"1528","2020-03-24",38,18,54,203,4669,0.934675519383166,2040,7111,462,308,12,67,5,68,10,5
"1529","2020-03-25",39,18,48,221,4669,0.934675519383166,2040,7111,462,308,15,82,NA,NA,11,NA
"1530","2020-03-26",45,18,54,236,4669,0.934675519383166,2040,7111,462,308,13,95,1,69,10,1
"1531","2020-03-27",59,18,62,253,4669,0.934675519383166,2040,7111,462,308,19,114,4,73,15,4
"1532","2020-03-28",72,18,60,268,4669,0.934675519383166,2040,7111,462,308,20,134,5,78,19,5
"1533","2020-03-29",74,18,55,289,4669,0.934675519383166,2040,7111,462,308,30,164,5,83,28,5
"1534","2020-03-30",81,18,56,310,4669,0.934675519383166,2040,7111,462,308,35,199,11,94,31,11
"1535","2020-03-31",84,18,49,326,4669,0.934675519383166,2040,7111,462,308,21,220,5,99,15,5
"1536","2020-04-01",93,18,48,349,4669,0.934675519383166,2040,7111,462,308,24,244,6,105,22,6
"1537","2020-04-02",92,18,53,373,4669,0.934675519383166,2040,7111,462,308,26,270,5,110,21,5
"1538","2020-04-03",91,18,62,396,4669,0.934675519383166,2040,7111,462,308,33,303,5,115,30,5
"1539","2020-04-04",89,18,69,426,4669,0.934675519383166,2040,7111,462,308,39,342,5,120,38,5
"1540","2020-04-05",134,18,53,446,4669,0.934675519383166,2040,7111,462,308,47,389,11,131,44,11
"1541","2020-04-06",136,18,52,458,4669,0.934675519383166,2040,7111,462,308,50,439,4,135,48,4
"1542","2020-04-07",134,18,49,483,4669,0.934675519383166,2040,7111,462,308,56,495,3,138,53,3
"1543","2020-04-08",133,18,49,520,4669,0.934675519383166,2040,7111,462,308,56,551,7,145,50,7
"1544","2020-04-09",148,18,44,563,4669,0.934675519383166,2040,7111,462,308,55,606,7,152,54,7
"1545","2020-04-10",182,18,40,612,4669,0.934675519383166,2040,7111,462,308,80,686,5,157,78,5
"1546","2020-04-11",230,18,42,619,4669,0.934675519383166,2040,7111,462,308,78,764,9,166,76,9
"1547","2020-04-12",199,18,56,647,4669,0.934675519383166,2040,7111,462,308,77,841,7,173,75,7
"1548","2020-04-13",191,18,58,686,4669,0.934675519383166,2040,7111,462,308,82,923,8,181,80,8
"1549","2020-04-14",198,18,51,708,4669,0.934675519383166,2040,7111,462,308,89,1012,8,189,88,8
"1550","2020-04-15",211,18,54,710,4669,0.934675519383166,2040,7111,462,308,116,1128,11,200,112,11
"1551","2020-04-16",213,18,65,757,4669,0.934675519383166,2040,7111,462,308,90,1218,10,210,89,10
"1552","2020-04-17",263,18,81,781,4669,0.934675519383166,2040,7111,462,308,105,1323,10,220,103,10
"1553","2020-04-18",264,18,87,811,4669,0.934675519383166,2040,7111,462,308,157,1480,11,231,152,11
"1554","2020-04-19",250,18,96,858,4669,0.934675519383166,2040,7111,462,308,98,1578,12,243,95,12
"1555","2020-04-20",260,18,92,884,4669,0.934675519383166,2040,7111,462,308,165,1743,4,247,160,4
"1556","2020-04-21",259,18,93,911,4669,0.934675519383166,2040,7111,462,308,132,1875,13,260,130,13
"1557","2020-04-22",259,18,92,929,4669,0.934675519383166,2040,7111,462,308,164,2039,15,275,164,15
"1558","2020-04-23",270,18,104,956,4669,0.934675519383166,2040,7111,462,308,167,2206,19,294,163,19
"1559","2020-04-24",280,18,80,982,4669,0.934675519383166,2040,7111,462,308,139,2345,16,310,138,16
"1560","2020-04-25",296,18,64,981,4669,0.934675519383166,2040,7111,462,308,190,2535,12,322,187,12
"1561","2020-04-26",325,18,85,1010,4669,0.934675519383166,2040,7111,462,308,152,2687,32,354,150,32
"1562","2020-04-27",323,18,110,996,4669,0.934675519383166,2040,7111,462,308,143,2830,22,376,141,22
"1563","2020-04-28",327,18,124,1001,4669,0.934675519383166,2040,7111,462,308,142,2972,11,387,141,11
"1564","2020-04-29",348,18,126,1031,4669,0.934675519383166,2040,7111,462,308,167,3139,18,405,162,18
"1565","2020-04-30",342,18,119,1050,4669,0.934675519383166,2040,7111,462,308,165,3304,29,434,161,29
"1566","2020-05-01",389,18,111,1046,4669,0.934675519383166,2040,7111,462,308,132,3436,11,445,130,11
"1567","2020-05-02",380,18,101,1052,4669,0.934675519383166,2040,7111,462,308,175,3611,30,475,173,30
"1568","2020-05-03",366,18,101,1044,4669,0.934675519383166,2040,7111,462,308,132,3743,33,508,130,33
"1569","2020-05-04",377,18,98,1058,4669,0.934675519383166,2040,7111,462,308,130,3873,28,536,129,28
"1570","2020-05-05",364,18,90,1057,4669,0.934675519383166,2040,7111,462,308,151,4024,29,565,151,29
"1571","2020-05-06",362,18,79,1015,4669,0.934675519383166,2040,7111,462,308,139,4163,32,597,135,32
"1572","2020-05-07",376,18,65,995,4669,0.934675519383166,2040,7111,462,308,90,4253,26,623,89,26
"1573","2020-05-08",395,18,73,988,4669,0.934675519383166,2040,7111,462,308,115,4368,20,643,113,20
"1574","2020-05-09",394,18,71,980,4669,0.934675519383166,2040,7111,462,308,101,4469,9,652,99,9
"1575","2020-05-10",387,18,71,946,4669,0.934675519383166,2040,7111,462,308,82,4551,20,672,81,20
"1576","2020-05-11",364,18,73,899,4669,0.934675519383166,2040,7111,462,308,109,4660,19,691,107,19
"1577","2020-05-12",360,18,92,869,4669,0.934675519383166,2040,7111,462,308,102,4762,23,714,102,23
"1578","2020-05-13",344,18,87,850,4669,0.934675519383166,2040,7111,462,308,83,4845,14,728,82,14
"1579","2020-05-14",329,18,79,834,4669,0.934675519383166,2040,7111,462,308,62,4907,23,751,60,23
"1580","2020-05-15",321,18,77,787,4669,0.934675519383166,2040,7111,462,308,75,4982,26,777,74,26
"1581","2020-05-16",311,18,79,759,4669,0.934675519383166,2040,7111,462,308,54,5036,28,805,54,28
"1582","2020-05-17",258,18,80,724,4669,0.934675519383166,2040,7111,462,308,61,5097,25,830,60,25
"1583","2020-05-18",247,18,81,702,4669,0.934675519383166,2040,7111,462,308,43,5140,21,851,42,21
"1584","2020-05-19",240,18,69,662,4669,0.934675519383166,2040,7111,462,308,43,5183,22,873,43,22
"1585","2020-05-20",236,18,69,606,4669,0.934675519383166,2040,7111,462,308,46,5229,25,898,43,25
"1586","2020-05-21",229,18,58,580,4669,0.934675519383166,2040,7111,462,308,34,5263,19,917,33,19
"1587","2020-05-22",206,18,47,537,4669,0.934675519383166,2040,7111,462,308,36,5299,30,947,36,30
"1588","2020-05-23",203,18,35,496,4669,0.934675519383166,2040,7111,462,308,31,5330,22,969,30,22
"1589","2020-05-24",172,18,33,477,4669,0.934675519383166,2040,7111,462,308,23,5353,12,981,23,12
"1590","2020-05-25",163,18,39,439,4669,0.934675519383166,2040,7111,462,308,25,5378,9,990,24,9
"1591","2020-05-26",158,18,32,422,4669,0.934675519383166,2040,7111,462,308,20,5398,6,996,19,6
"1592","2020-05-27",149,18,30,393,4669,0.934675519383166,2040,7111,462,308,10,5408,6,1002,10,6
"1593","2020-05-28",146,18,31,366,4669,0.934675519383166,2040,7111,462,308,16,5424,7,1009,15,7
"1594","2020-05-29",135,18,25,337,4669,0.934675519383166,2040,7111,462,308,12,5436,3,1012,12,3
"1595","2020-05-30",125,18,31,320,4669,0.934675519383166,2040,7111,462,308,13,5449,9,1021,13,9
"1596","2020-05-31",121,18,43,302,4669,0.934675519383166,2040,7111,462,308,11,5460,8,1029,10,8
"1597","2020-06-01",118,18,49,287,4669,0.934675519383166,2040,7111,462,308,9,5469,7,1036,9,7
"1598","2020-06-02",105,18,52,260,4669,0.934675519383166,2040,7111,462,308,12,5481,8,1044,9,8
"1599","2020-06-03",103,18,50,245,4669,0.934675519383166,2040,7111,462,308,10,5491,4,1048,9,4
"1600","2020-06-04",94,18,47,240,4669,0.934675519383166,2040,7111,462,308,5,5496,4,1052,5,4
"1601","2020-06-05",88,18,49,228,4669,0.934675519383166,2040,7111,462,308,9,5505,5,1057,8,5
"1602","2020-06-06",82,18,42,225,4669,0.934675519383166,2040,7111,462,308,1,5506,5,1062,1,5
"1603","2020-06-07",75,18,30,203,4669,0.934675519383166,2040,7111,462,308,6,5512,6,1068,5,6
"1604","2020-03-14",2,19,7,32,2335,0.691220556745182,2025,4454,293,213,15,48,9,25,1,9
"1605","2020-03-15",5,19,9,44,2335,0.691220556745182,2025,4454,293,213,8,56,9,34,6,9
"1606","2020-03-16",7,19,9,52,2335,0.691220556745182,2025,4454,293,213,23,79,9,43,11,9
"1607","2020-03-17",7,19,9,64,2335,0.691220556745182,2025,4454,293,213,26,105,7,50,16,7
"1608","2020-03-18",9,19,8,72,2335,0.691220556745182,2025,4454,293,213,19,124,9,59,12,9
"1609","2020-03-19",11,19,11,81,2335,0.691220556745182,2025,4454,293,213,18,142,4,63,9,4
"1610","2020-03-20",17,19,18,90,2335,0.691220556745182,2025,4454,293,213,26,168,7,70,19,7
"1611","2020-03-21",17,19,15,105,2335,0.691220556745182,2025,4454,293,213,34,202,9,79,27,9
"1612","2020-03-22",16,19,13,115,2335,0.691220556745182,2025,4454,293,213,37,239,10,89,25,10
"1613","2020-03-23",18,19,22,127,2335,0.691220556745182,2025,4454,293,213,33,272,4,93,29,4
"1614","2020-03-24",24,19,26,129,2335,0.691220556745182,2025,4454,293,213,38,310,5,98,30,5
"1615","2020-03-25",29,19,35,136,2335,0.691220556745182,2025,4454,293,213,40,350,5,103,34,5
"1616","2020-03-26",34,19,40,147,2335,0.691220556745182,2025,4454,293,213,40,390,10,113,35,10
"1617","2020-03-27",35,19,36,156,2335,0.691220556745182,2025,4454,293,213,50,440,10,123,45,10
"1618","2020-03-28",47,19,30,174,2335,0.691220556745182,2025,4454,293,213,51,491,11,134,43,11
"1619","2020-03-29",61,19,30,185,2335,0.691220556745182,2025,4454,293,213,56,547,4,138,50,4
"1620","2020-03-30",57,19,36,198,2335,0.691220556745182,2025,4454,293,213,63,610,7,145,55,7
"1621","2020-03-31",55,19,29,208,2335,0.691220556745182,2025,4454,293,213,55,665,17,162,49,17
"1622","2020-04-01",59,19,26,211,2335,0.691220556745182,2025,4454,293,213,67,732,13,175,61,13
"1623","2020-04-02",57,19,25,220,2335,0.691220556745182,2025,4454,293,213,90,822,18,193,80,18
"1624","2020-04-03",68,19,29,235,2335,0.691220556745182,2025,4454,293,213,90,912,13,206,83,13
"1625","2020-04-04",67,19,28,233,2335,0.691220556745182,2025,4454,293,213,103,1015,21,227,90,21
"1626","2020-04-05",61,19,32,240,2335,0.691220556745182,2025,4454,293,213,79,1094,24,251,73,24
"1627","2020-04-06",64,19,38,253,2335,0.691220556745182,2025,4454,293,213,114,1208,19,270,105,19
"1628","2020-04-07",62,19,39,287,2335,0.691220556745182,2025,4454,293,213,113,1321,14,284,106,14
"1629","2020-04-08",59,19,40,293,2335,0.691220556745182,2025,4454,293,213,119,1440,14,298,108,14
"1630","2020-04-09",66,19,38,312,2335,0.691220556745182,2025,4454,293,213,106,1546,18,316,97,18
"1631","2020-04-10",76,19,46,313,2335,0.691220556745182,2025,4454,293,213,116,1662,14,330,106,14
"1632","2020-04-11",88,19,55,320,2335,0.691220556745182,2025,4454,293,213,118,1780,16,346,111,16
"1633","2020-04-12",100,19,54,335,2335,0.691220556745182,2025,4454,293,213,139,1919,9,355,128,9
"1634","2020-04-13",99,19,64,337,2335,0.691220556745182,2025,4454,293,213,124,2043,7,362,118,7
"1635","2020-04-14",103,19,71,353,2335,0.691220556745182,2025,4454,293,213,111,2154,9,371,107,9
"1636","2020-04-15",106,19,71,353,2335,0.691220556745182,2025,4454,293,213,135,2289,10,381,127,10
"1637","2020-04-16",107,19,52,357,2335,0.691220556745182,2025,4454,293,213,95,2384,9,390,90,9
"1638","2020-04-17",120,19,57,374,2335,0.691220556745182,2025,4454,293,213,122,2506,9,399,119,9
"1639","2020-04-18",123,19,44,376,2335,0.691220556745182,2025,4454,293,213,130,2636,13,412,122,13
"1640","2020-04-19",114,19,37,374,2335,0.691220556745182,2025,4454,293,213,131,2767,8,420,124,8
"1641","2020-04-20",122,19,40,369,2335,0.691220556745182,2025,4454,293,213,115,2882,7,427,109,7
"1642","2020-04-21",120,19,39,369,2335,0.691220556745182,2025,4454,293,213,99,2981,13,440,91,13
"1643","2020-04-22",118,19,37,365,2335,0.691220556745182,2025,4454,293,213,92,3073,16,456,87,16
"1644","2020-04-23",115,19,37,367,2335,0.691220556745182,2025,4454,293,213,111,3184,15,471,101,15
"1645","2020-04-24",110,19,42,368,2335,0.691220556745182,2025,4454,293,213,88,3272,12,483,79,12
"1646","2020-04-25",107,19,58,376,2335,0.691220556745182,2025,4454,293,213,95,3367,18,501,89,19
"1647","2020-04-26",110,19,53,377,2335,0.691220556745182,2025,4454,293,213,78,3445,13,514,73,13
"1648","2020-04-27",106,19,65,379,2335,0.691220556745182,2025,4454,293,213,75,3520,22,536,63,22
"1649","2020-04-28",106,19,73,377,2335,0.691220556745182,2025,4454,293,213,77,3597,14,550,69,14
"1650","2020-04-29",113,19,66,382,2335,0.691220556745182,2025,4454,293,213,85,3682,19,569,83,19
"1651","2020-04-30",118,19,67,372,2335,0.691220556745182,2025,4454,293,213,61,3743,14,583,58,14
"1652","2020-05-01",122,19,60,382,2335,0.691220556745182,2025,4454,293,213,74,3817,13,596,65,13
"1653","2020-05-02",124,19,60,384,2335,0.691220556745182,2025,4454,293,213,70,3887,16,612,65,16
"1654","2020-05-03",116,19,57,397,2335,0.691220556745182,2025,4454,293,213,67,3954,10,622,63,10
"1655","2020-05-04",112,19,59,399,2335,0.691220556745182,2025,4454,293,213,51,4005,11,633,45,11
"1656","2020-05-05",118,19,59,402,2335,0.691220556745182,2025,4454,293,213,61,4066,16,649,54,16
"1657","2020-05-06",114,19,53,411,2335,0.691220556745182,2025,4454,293,213,58,4124,20,669,54,20
"1658","2020-05-07",121,19,53,404,2335,0.691220556745182,2025,4454,293,213,51,4175,13,682,47,13
"1659","2020-05-08",129,19,62,394,2335,0.691220556745182,2025,4454,293,213,46,4221,25,707,41,25
"1660","2020-05-09",134,19,66,399,2335,0.691220556745182,2025,4454,293,213,44,4265,34,741,39,34
"1661","2020-05-10",140,19,75,399,2335,0.691220556745182,2025,4454,293,213,57,4322,24,765,53,24
"1662","2020-05-11",142,19,76,393,2335,0.691220556745182,2025,4454,293,213,40,4362,10,775,34,10
"1663","2020-05-12",130,19,81,388,2335,0.691220556745182,2025,4454,293,213,35,4397,14,789,31,14
"1664","2020-05-13",132,19,82,402,2335,0.691220556745182,2025,4454,293,213,40,4437,15,804,35,15
"1665","2020-05-14",128,19,73,397,2335,0.691220556745182,2025,4454,293,213,36,4473,10,814,26,10
"1666","2020-05-15",137,19,66,389,2335,0.691220556745182,2025,4454,293,213,43,4516,17,831,36,17
"1667","2020-05-16",134,19,65,395,2335,0.691220556745182,2025,4454,293,213,37,4553,11,842,34,11
"1668","2020-05-17",137,19,69,389,2335,0.691220556745182,2025,4454,293,213,28,4581,22,864,24,22
"1669","2020-05-18",132,19,69,376,2335,0.691220556745182,2025,4454,293,213,26,4607,23,887,20,23
"1670","2020-05-19",128,19,61,366,2335,0.691220556745182,2025,4454,293,213,23,4630,10,897,21,10
"1671","2020-05-20",127,19,62,353,2335,0.691220556745182,2025,4454,293,213,23,4653,11,908,18,11
"1672","2020-05-21",124,19,63,337,2335,0.691220556745182,2025,4454,293,213,34,4687,7,915,27,7
"1673","2020-05-22",125,19,62,326,2335,0.691220556745182,2025,4454,293,213,22,4709,11,926,13,11
"1674","2020-05-23",120,19,68,307,2335,0.691220556745182,2025,4454,293,213,25,4734,15,941,23,15
"1675","2020-05-24",110,19,69,293,2335,0.691220556745182,2025,4454,293,213,17,4751,24,965,12,24
"1676","2020-05-25",108,19,61,269,2335,0.691220556745182,2025,4454,293,213,13,4764,13,978,10,13
"1677","2020-05-26",105,19,53,258,2335,0.691220556745182,2025,4454,293,213,13,4777,18,996,12,18
"1678","2020-05-27",100,19,46,245,2335,0.691220556745182,2025,4454,293,213,14,4791,11,1007,13,11
"1679","2020-05-28",92,19,46,236,2335,0.691220556745182,2025,4454,293,213,10,4801,9,1016,8,9
"1680","2020-05-29",77,19,43,230,2335,0.691220556745182,2025,4454,293,213,14,4815,15,1031,13,15
"1681","2020-05-30",78,19,39,223,2335,0.691220556745182,2025,4454,293,213,10,4825,11,1042,7,11
"1682","2020-05-31",72,19,36,221,2335,0.691220556745182,2025,4454,293,213,12,4837,4,1046,10,4
"1683","2020-06-01",69,19,36,210,2335,0.691220556745182,2025,4454,293,213,13,4850,6,1052,12,6
"1684","2020-06-02",64,19,32,195,2335,0.691220556745182,2025,4454,293,213,10,4860,6,1058,7,6
"1685","2020-06-03",63,19,33,189,2335,0.691220556745182,2025,4454,293,213,5,4865,7,1065,2,7
"1686","2020-06-04",63,19,29,177,2335,0.691220556745182,2025,4454,293,213,5,4870,7,1072,4,7
"1687","2020-06-05",81,19,33,174,2335,0.691220556745182,2025,4454,293,213,6,4876,8,1080,5,8
"1688","2020-06-06",79,19,45,163,2335,0.691220556745182,2025,4454,293,213,6,4882,9,1089,4,9
"1689","2020-06-07",68,19,47,163,2335,0.691220556745182,2025,4454,293,213,4,4886,12,1101,3,12
"1690","2020-03-13",2,20,16,6,4927,0.974832555307489,2070,7189,575,295,1,7,8,10,NA,8
"1691","2020-03-14",2,20,20,11,4927,0.974832555307489,2070,7189,575,295,3,10,6,16,NA,6
"1692","2020-03-15",1,20,26,13,4927,0.974832555307489,2070,7189,575,295,6,16,10,26,3,10
"1693","2020-03-16",1,20,45,15,4927,0.974832555307489,2070,7189,575,295,9,25,11,37,2,11
"1694","2020-03-17",2,20,45,19,4927,0.974832555307489,2070,7189,575,295,7,32,18,55,5,18
"1695","2020-03-18",3,20,37,26,4927,0.974832555307489,2070,7189,575,295,10,42,9,64,8,9
"1696","2020-03-19",3,20,31,36,4927,0.974832555307489,2070,7189,575,295,9,51,8,72,6,8
"1697","2020-03-20",5,20,39,42,4927,0.974832555307489,2070,7189,575,295,9,60,10,82,7,10
"1698","2020-03-21",8,20,37,51,4927,0.974832555307489,2070,7189,575,295,11,71,11,93,9,11
"1699","2020-03-22",9,20,34,68,4927,0.974832555307489,2070,7189,575,295,13,84,13,106,10,13
"1700","2020-03-23",10,20,37,78,4927,0.974832555307489,2070,7189,575,295,19,103,9,115,16,9
"1701","2020-03-24",14,20,46,86,4927,0.974832555307489,2070,7189,575,295,14,117,9,124,12,9
"1702","2020-03-25",18,20,36,99,4927,0.974832555307489,2070,7189,575,295,17,134,5,129,13,5
"1703","2020-03-26",24,20,31,112,4927,0.974832555307489,2070,7189,575,295,23,157,7,136,18,7
"1704","2020-03-27",31,20,31,132,4927,0.974832555307489,2070,7189,575,295,28,185,6,142,22,6
"1705","2020-03-28",36,20,27,144,4927,0.974832555307489,2070,7189,575,295,28,213,6,148,25,6
"1706","2020-03-29",43,20,34,162,4927,0.974832555307489,2070,7189,575,295,39,252,5,153,33,5
"1707","2020-03-30",48,20,33,166,4927,0.974832555307489,2070,7189,575,295,37,289,7,160,36,7
"1708","2020-03-31",50,20,39,188,4927,0.974832555307489,2070,7189,575,295,45,334,7,167,42,7
"1709","2020-04-01",52,20,42,201,4927,0.974832555307489,2070,7189,575,295,58,392,11,178,52,11
"1710","2020-04-02",54,20,41,221,4927,0.974832555307489,2070,7189,575,295,43,435,13,191,41,13
"1711","2020-04-03",59,20,45,240,4927,0.974832555307489,2070,7189,575,295,55,490,14,205,52,14
"1712","2020-04-04",65,20,46,258,4927,0.974832555307489,2070,7189,575,295,54,544,20,225,52,20
"1713","2020-04-05",69,20,36,297,4927,0.974832555307489,2070,7189,575,295,57,601,5,230,52,5
"1714","2020-04-06",68,20,35,329,4927,0.974832555307489,2070,7189,575,295,59,660,2,232,56,2
"1715","2020-04-07",73,20,51,376,4927,0.974832555307489,2070,7189,575,295,66,726,7,239,59,7
"1716","2020-04-08",85,20,59,401,4927,0.974832555307489,2070,7189,575,295,81,807,9,248,77,9
"1717","2020-04-09",91,20,64,435,4927,0.974832555307489,2070,7189,575,295,70,877,6,254,65,6
"1718","2020-04-10",113,20,54,503,4927,0.974832555307489,2070,7189,575,295,79,956,13,267,75,13
"1719","2020-04-11",173,20,48,552,4927,0.974832555307489,2070,7189,575,295,90,1046,16,283,84,16
"1720","2020-04-12",168,20,59,594,4927,0.974832555307489,2070,7189,575,295,91,1137,13,296,85,13
"1721","2020-04-13",165,20,68,663,4927,0.974832555307489,2070,7189,575,295,101,1238,12,308,98,12
"1722","2020-04-14",173,20,68,710,4927,0.974832555307489,2070,7189,575,295,111,1349,12,320,105,12
"1723","2020-04-15",181,20,66,765,4927,0.974832555307489,2070,7189,575,295,106,1455,17,337,99,17
"1724","2020-04-16",191,20,59,793,4927,0.974832555307489,2070,7189,575,295,104,1559,18,355,102,18
"1725","2020-04-17",269,20,63,836,4927,0.974832555307489,2070,7189,575,295,127,1686,9,364,123,9
"1726","2020-04-18",250,20,54,869,4927,0.974832555307489,2070,7189,575,295,112,1798,16,380,108,16
"1727","2020-04-19",263,20,53,891,4927,0.974832555307489,2070,7189,575,295,124,1922,12,392,122,12
"1728","2020-04-20",259,20,54,930,4927,0.974832555307489,2070,7189,575,295,148,2070,12,404,142,12
"1729","2020-04-21",274,20,63,935,4927,0.974832555307489,2070,7189,575,295,125,2195,18,422,123,18
"1730","2020-04-22",279,20,70,956,4927,0.974832555307489,2070,7189,575,295,177,2372,9,431,172,9
"1731","2020-04-23",288,20,74,985,4927,0.974832555307489,2070,7189,575,295,96,2468,13,444,93,13
"1732","2020-04-24",303,20,70,1022,4927,0.974832555307489,2070,7189,575,295,124,2592,21,465,121,21
"1733","2020-04-25",321,20,77,1065,4927,0.974832555307489,2070,7189,575,295,175,2767,23,488,166,23
"1734","2020-04-26",322,20,89,1123,4927,0.974832555307489,2070,7189,575,295,148,2915,12,500,145,12
"1735","2020-04-27",331,20,88,1155,4927,0.974832555307489,2070,7189,575,295,153,3068,21,521,152,21
"1736","2020-04-28",320,20,82,1216,4927,0.974832555307489,2070,7189,575,295,139,3207,15,536,133,15
"1737","2020-04-29",330,20,88,1223,4927,0.974832555307489,2070,7189,575,295,163,3370,18,554,160,18
"1738","2020-04-30",359,20,101,1245,4927,0.974832555307489,2070,7189,575,295,119,3489,21,575,117,21
"1739","2020-05-01",395,20,100,1259,4927,0.974832555307489,2070,7189,575,295,137,3626,22,597,136,22
"1740","2020-05-02",449,20,84,1261,4927,0.974832555307489,2070,7189,575,295,115,3741,24,621,114,24
"1741","2020-05-03",434,20,86,1281,4927,0.974832555307489,2070,7189,575,295,151,3892,15,636,150,15
"1742","2020-05-04",443,20,78,1292,4927,0.974832555307489,2070,7189,575,295,93,3985,16,652,87,16
"1743","2020-05-05",457,20,64,1296,4927,0.974832555307489,2070,7189,575,295,118,4103,16,668,115,16
"1744","2020-05-06",457,20,55,1258,4927,0.974832555307489,2070,7189,575,295,116,4219,12,680,114,12
"1745","2020-05-07",440,20,55,1232,4927,0.974832555307489,2070,7189,575,295,107,4326,11,691,103,11
"1746","2020-05-08",499,20,57,1171,4927,0.974832555307489,2070,7189,575,295,75,4401,13,704,73,13
"1747","2020-05-09",459,20,56,1157,4927,0.974832555307489,2070,7189,575,295,75,4476,8,712,74,8
"1748","2020-05-10",424,20,54,1136,4927,0.974832555307489,2070,7189,575,295,54,4530,11,723,52,11
"1749","2020-05-11",397,20,57,1097,4927,0.974832555307489,2070,7189,575,295,77,4607,11,734,74,11
"1750","2020-05-12",378,20,63,1032,4927,0.974832555307489,2070,7189,575,295,49,4656,17,751,48,17
"1751","2020-05-13",372,20,81,991,4927,0.974832555307489,2070,7189,575,295,63,4719,12,763,60,12
"1752","2020-05-14",364,20,85,970,4927,0.974832555307489,2070,7189,575,295,65,4784,15,778,61,15
"1753","2020-05-15",348,20,81,917,4927,0.974832555307489,2070,7189,575,295,55,4839,9,787,54,9
"1754","2020-05-16",335,20,76,882,4927,0.974832555307489,2070,7189,575,295,48,4887,13,800,48,13
"1755","2020-05-17",330,20,78,838,4927,0.974832555307489,2070,7189,575,295,40,4927,14,814,39,14
"1756","2020-05-18",329,20,90,800,4927,0.974832555307489,2070,7189,575,295,44,4971,4,818,43,4
"1757","2020-05-19",312,20,86,744,4927,0.974832555307489,2070,7189,575,295,31,5002,4,822,29,4
"1758","2020-05-20",302,20,86,704,4927,0.974832555307489,2070,7189,575,295,38,5040,7,829,36,7
"1759","2020-05-21",290,20,92,668,4927,0.974832555307489,2070,7189,575,295,31,5071,6,835,29,6
"1760","2020-05-22",278,20,97,640,4927,0.974832555307489,2070,7189,575,295,31,5102,6,841,29,6
"1761","2020-05-23",279,20,109,601,4927,0.974832555307489,2070,7189,575,295,23,5125,15,856,23,15
"1762","2020-05-24",254,20,106,580,4927,0.974832555307489,2070,7189,575,295,27,5152,10,866,24,10
"1763","2020-05-25",243,20,114,528,4927,0.974832555307489,2070,7189,575,295,26,5178,13,879,25,14
"1764","2020-05-26",230,20,111,491,4927,0.974832555307489,2070,7189,575,295,24,5202,5,884,24,5
"1765","2020-05-27",225,20,112,469,4927,0.974832555307489,2070,7189,575,295,16,5218,11,895,15,11
"1766","2020-05-28",211,20,97,442,4927,0.974832555307489,2070,7189,575,295,19,5237,10,905,18,10
"1767","2020-05-29",168,20,85,413,4927,0.974832555307489,2070,7189,575,295,22,5259,10,915,21,10
"1768","2020-05-30",157,20,75,391,4927,0.974832555307489,2070,7189,575,295,17,5276,8,923,15,8
"1769","2020-05-31",147,20,67,367,4927,0.974832555307489,2070,7189,575,295,14,5290,8,931,14,8
"1770","2020-06-01",135,20,57,346,4927,0.974832555307489,2070,7189,575,295,11,5301,8,939,11,8
"1771","2020-06-02",122,20,59,325,4927,0.974832555307489,2070,7189,575,295,15,5316,5,944,14,5
"1772","2020-06-03",114,20,47,290,4927,0.974832555307489,2070,7189,575,295,5,5321,12,956,4,12
"1773","2020-06-04",122,20,50,272,4927,0.974832555307489,2070,7189,575,295,5,5326,6,962,5,6
"1774","2020-06-05",116,20,49,244,4927,0.974832555307489,2070,7189,575,295,9,5335,8,970,9,8
"1775","2020-06-06",110,20,50,221,4927,0.974832555307489,2070,7189,575,295,6,5341,8,978,6,8
"1776","2020-06-07",89,20,51,207,4927,0.974832555307489,2070,7189,575,295,6,5347,4,982,6,4
