"","Date","Absents","Paramset","Infections_or_Exposed_per_day_Patient","Infections_or_Exposed_per_day_HCW","total_infections","nosocomial_proportion","PCR_pooled","LFD_pooled","HCW_symp_test","patient_symp_test","new_hcw_infs","cumulative_hcw_infs","new_pat_infs","cumulative_pats_infs","new_nosocomial_hcw_infs","new_nosocomial_pat_infs"
"1","2020-03-13",2,1,40,81,6251,0.739881618940969,0,0,550,377,23,81,15,32,4,15
"2","2020-03-14",5,1,44,111,6251,0.739881618940969,0,0,550,377,30,111,10,42,15,10
"3","2020-03-15",7,1,48,140,6251,0.739881618940969,0,0,550,377,29,140,13,55,13,13
"4","2020-03-16",14,1,56,186,6251,0.739881618940969,0,0,550,377,47,187,15,70,22,15
"5","2020-03-17",16,1,60,232,6251,0.739881618940969,0,0,550,377,46,233,12,82,25,12
"6","2020-03-18",25,1,55,287,6251,0.739881618940969,0,0,550,377,56,289,12,94,31,12
"7","2020-03-19",34,1,62,335,6251,0.739881618940969,0,0,550,377,58,347,9,103,38,9
"8","2020-03-20",49,1,58,387,6251,0.739881618940969,0,0,550,377,60,407,8,111,43,8
"9","2020-03-21",68,1,62,442,6251,0.739881618940969,0,0,550,377,63,470,10,121,38,10
"10","2020-03-22",82,1,65,479,6251,0.739881618940969,0,0,550,377,57,527,11,132,38,11
"11","2020-03-23",90,1,71,534,6251,0.739881618940969,0,0,550,377,80,607,13,145,51,13
"12","2020-03-24",105,1,66,581,6251,0.739881618940969,0,0,550,377,76,683,11,156,56,11
"13","2020-03-25",115,1,63,652,6251,0.739881618940969,0,0,550,377,107,790,11,167,88,11
"14","2020-03-26",131,1,63,699,6251,0.739881618940969,0,0,550,377,82,872,14,181,65,14
"15","2020-03-27",146,1,63,733,6251,0.739881618940969,0,0,550,377,82,954,10,191,66,10
"16","2020-03-28",161,1,56,805,6251,0.739881618940969,0,0,550,377,121,1075,6,197,100,6
"17","2020-03-29",171,1,51,855,6251,0.739881618940969,0,0,550,377,90,1165,6,203,65,6
"18","2020-03-30",191,1,51,913,6251,0.739881618940969,0,0,550,377,111,1276,7,210,92,7
"19","2020-03-31",224,1,62,960,6251,0.739881618940969,0,0,550,377,110,1386,19,229,89,19
"20","2020-04-01",246,1,73,992,6251,0.739881618940969,0,0,550,377,107,1493,22,251,80,22
"21","2020-04-02",260,1,65,1023,6251,0.739881618940969,0,0,550,377,113,1606,9,260,86,9
"22","2020-04-03",264,1,77,1070,6251,0.739881618940969,0,0,550,377,110,1716,14,274,90,14
"23","2020-04-04",274,1,74,1127,6251,0.739881618940969,0,0,550,377,134,1850,15,289,116,15
"24","2020-04-05",302,1,75,1145,6251,0.739881618940969,0,0,550,377,115,1965,11,300,95,11
"25","2020-04-06",318,1,83,1197,6251,0.739881618940969,0,0,550,377,128,2093,21,321,110,21
"26","2020-04-07",314,1,92,1255,6251,0.739881618940969,0,0,550,377,161,2254,21,342,134,21
"27","2020-04-08",318,1,78,1304,6251,0.739881618940969,0,0,550,377,142,2396,10,352,117,10
"28","2020-04-09",330,1,85,1355,6251,0.739881618940969,0,0,550,377,140,2536,10,362,120,10
"29","2020-04-10",349,1,87,1386,6251,0.739881618940969,0,0,550,377,128,2664,20,382,103,20
"30","2020-04-11",362,1,94,1408,6251,0.739881618940969,0,0,550,377,135,2799,23,405,103,23
"31","2020-04-12",356,1,122,1407,6251,0.739881618940969,0,0,550,377,102,2901,31,436,83,31
"32","2020-04-13",349,1,118,1402,6251,0.739881618940969,0,0,550,377,111,3012,25,461,98,25
"33","2020-04-14",352,1,137,1414,6251,0.739881618940969,0,0,550,377,126,3138,32,493,106,32
"34","2020-04-15",360,1,136,1428,6251,0.739881618940969,0,0,550,377,140,3278,27,520,120,27
"35","2020-04-16",369,1,137,1427,6251,0.739881618940969,0,0,550,377,132,3410,21,541,111,21
"36","2020-04-17",362,1,139,1435,6251,0.739881618940969,0,0,550,377,141,3551,29,570,107,29
"37","2020-04-18",352,1,152,1416,6251,0.739881618940969,0,0,550,377,117,3668,35,605,100,35
"38","2020-04-19",358,1,161,1442,6251,0.739881618940969,0,0,550,377,146,3814,35,640,122,35
"39","2020-04-20",371,1,154,1439,6251,0.739881618940969,0,0,550,377,142,3956,10,650,120,10
"40","2020-04-21",385,1,139,1442,6251,0.739881618940969,0,0,550,377,136,4092,18,668,121,18
"41","2020-04-22",383,1,129,1433,6251,0.739881618940969,0,0,550,377,129,4221,29,697,99,29
"42","2020-04-23",391,1,147,1424,6251,0.739881618940969,0,0,550,377,100,4321,29,726,81,29
"43","2020-04-24",407,1,158,1441,6251,0.739881618940969,0,0,550,377,137,4458,33,759,115,33
"44","2020-04-25",422,1,149,1438,6251,0.739881618940969,0,0,550,377,121,4579,31,790,102,31
"45","2020-04-26",443,1,144,1408,6251,0.739881618940969,0,0,550,377,98,4677,26,816,83,26
"46","2020-04-27",461,1,141,1365,6251,0.739881618940969,0,0,550,377,89,4766,22,838,75,22
"47","2020-04-28",440,1,147,1325,6251,0.739881618940969,0,0,550,377,102,4868,26,864,94,26
"48","2020-04-29",441,1,128,1307,6251,0.739881618940969,0,0,550,377,94,4962,18,882,80,18
"49","2020-04-30",419,1,113,1258,6251,0.739881618940969,0,0,550,377,74,5036,16,898,67,16
"50","2020-05-01",413,1,118,1213,6251,0.739881618940969,0,0,550,377,71,5107,26,924,62,26
"51","2020-05-02",379,1,115,1119,6251,0.739881618940969,0,0,550,377,46,5153,11,935,35,11
"52","2020-05-03",354,1,102,1026,6251,0.739881618940969,0,0,550,377,46,5199,11,946,37,11
"53","2020-05-04",313,1,88,960,6251,0.739881618940969,0,0,550,377,60,5259,10,956,41,10
"54","2020-05-05",311,1,84,896,6251,0.739881618940969,0,0,550,377,58,5317,13,969,36,13
"55","2020-05-06",288,1,77,814,6251,0.739881618940969,0,0,550,377,38,5355,9,978,23,9
"56","2020-05-07",286,1,104,744,6251,0.739881618940969,0,0,550,377,40,5395,25,1003,32,25
"57","2020-05-08",260,1,108,686,6251,0.739881618940969,0,0,550,377,40,5435,19,1022,32,19
"58","2020-05-09",255,1,120,640,6251,0.739881618940969,0,0,550,377,29,5464,25,1047,19,25
"59","2020-05-10",226,1,125,605,6251,0.739881618940969,0,0,550,377,43,5507,26,1073,31,26
"60","2020-05-11",213,1,135,569,6251,0.739881618940969,0,0,550,377,32,5539,32,1105,24,32
"61","2020-05-12",198,1,139,531,6251,0.739881618940969,0,0,550,377,31,5570,24,1129,23,24
"62","2020-05-13",188,1,129,479,6251,0.739881618940969,0,0,550,377,22,5592,17,1146,15,17
"63","2020-05-14",159,1,110,442,6251,0.739881618940969,0,0,550,377,22,5614,10,1156,12,10
"64","2020-05-15",143,1,94,412,6251,0.739881618940969,0,0,550,377,26,5640,7,1163,15,7
"65","2020-05-16",133,1,102,401,6251,0.739881618940969,0,0,550,377,31,5671,11,1174,17,11
"66","2020-05-17",127,1,93,367,6251,0.739881618940969,0,0,550,377,20,5691,14,1188,13,14
"67","2020-05-18",117,1,92,334,6251,0.739881618940969,0,0,550,377,16,5707,9,1197,10,9
"68","2020-05-19",104,1,89,311,6251,0.739881618940969,0,0,550,377,20,5727,13,1210,14,13
"69","2020-05-20",96,1,86,295,6251,0.739881618940969,0,0,550,377,16,5743,11,1221,12,11
"70","2020-05-21",93,1,95,277,6251,0.739881618940969,0,0,550,377,20,5763,22,1243,13,22
"71","2020-05-22",90,1,102,253,6251,0.739881618940969,0,0,550,377,15,5778,19,1262,8,19
"72","2020-05-23",78,1,122,241,6251,0.739881618940969,0,0,550,377,16,5794,37,1299,9,37
"73","2020-05-24",68,1,122,220,6251,0.739881618940969,0,0,550,377,13,5807,17,1316,7,17
"74","2020-05-25",64,1,112,203,6251,0.739881618940969,0,0,550,377,12,5819,14,1330,5,14
"75","2020-05-26",59,1,108,189,6251,0.739881618940969,0,0,550,377,15,5834,15,1345,9,15
"76","2020-05-27",54,1,97,170,6251,0.739881618940969,0,0,550,377,5,5839,10,1355,3,10
"77","2020-05-28",48,1,91,161,6251,0.739881618940969,0,0,550,377,12,5851,13,1368,7,13
"78","2020-05-29",44,1,97,155,6251,0.739881618940969,0,0,550,377,12,5863,21,1389,6,21
"79","2020-05-30",45,1,113,144,6251,0.739881618940969,0,0,550,377,14,5877,24,1413,7,24
"80","2020-05-31",45,1,106,131,6251,0.739881618940969,0,0,550,377,6,5883,19,1432,3,19
"81","2020-06-01",42,1,97,125,6251,0.739881618940969,0,0,550,377,9,5892,11,1443,4,11
"82","2020-06-02",41,1,94,121,6251,0.739881618940969,0,0,550,377,10,5902,14,1457,5,14
"83","2020-06-03",38,1,88,114,6251,0.739881618940969,0,0,550,377,7,5909,11,1468,2,11
"84","2020-06-04",36,1,85,116,6251,0.739881618940969,0,0,550,377,15,5924,8,1476,7,8
"85","2020-06-05",33,1,78,116,6251,0.739881618940969,0,0,550,377,10,5934,9,1485,7,9
"86","2020-06-06",31,1,70,120,6251,0.739881618940969,0,0,550,377,12,5946,4,1489,4,4
"87","2020-06-07",29,1,72,112,6251,0.739881618940969,0,0,550,377,8,5954,10,1499,5,10
"88","2020-03-14",2,2,9,43,3818,0.736511262441069,0,0,343,216,23,86,7,27,5,7
"89","2020-03-15",4,2,13,53,3818,0.736511262441069,0,0,343,216,23,109,6,33,5,6
"90","2020-03-16",8,2,14,72,3818,0.736511262441069,0,0,343,216,23,132,5,38,12,5
"91","2020-03-17",8,2,18,100,3818,0.736511262441069,0,0,343,216,24,156,16,54,4,16
"92","2020-03-18",11,2,19,123,3818,0.736511262441069,0,0,343,216,22,178,16,70,12,16
"93","2020-03-19",12,2,25,144,3818,0.736511262441069,0,0,343,216,31,209,12,82,12,12
"94","2020-03-20",17,2,25,170,3818,0.736511262441069,0,0,343,216,29,238,15,97,17,15
"95","2020-03-21",23,2,41,193,3818,0.736511262441069,0,0,343,216,38,276,8,105,17,8
"96","2020-03-22",31,2,40,218,3818,0.736511262441069,0,0,343,216,31,307,21,126,19,21
"97","2020-03-23",42,2,34,245,3818,0.736511262441069,0,0,343,216,23,330,15,141,5,15
"98","2020-03-24",50,2,32,277,3818,0.736511262441069,0,0,343,216,41,371,9,150,20,9
"99","2020-03-25",58,2,31,311,3818,0.736511262441069,0,0,343,216,31,402,18,168,13,18
"100","2020-03-26",68,2,31,343,3818,0.736511262441069,0,0,343,216,40,442,10,178,18,10
"101","2020-03-27",75,2,29,378,3818,0.736511262441069,0,0,343,216,41,483,15,193,22,15
"102","2020-03-28",79,2,25,416,3818,0.736511262441069,0,0,343,216,27,510,14,207,15,14
"103","2020-03-29",81,2,23,435,3818,0.736511262441069,0,0,343,216,47,557,15,222,27,15
"104","2020-03-30",85,2,32,461,3818,0.736511262441069,0,0,343,216,34,591,18,240,15,18
"105","2020-03-31",99,2,36,477,3818,0.736511262441069,0,0,343,216,40,631,17,257,18,17
"106","2020-04-01",115,2,30,494,3818,0.736511262441069,0,0,343,216,43,674,6,263,20,6
"107","2020-04-02",123,2,34,509,3818,0.736511262441069,0,0,343,216,49,723,15,278,21,15
"108","2020-04-03",135,2,45,545,3818,0.736511262441069,0,0,343,216,42,765,16,294,20,16
"109","2020-04-04",137,2,54,574,3818,0.736511262441069,0,0,343,216,49,814,16,310,22,16
"110","2020-04-05",154,2,48,626,3818,0.736511262441069,0,0,343,216,42,856,23,333,18,23
"111","2020-04-06",157,2,49,646,3818,0.736511262441069,0,0,343,216,43,899,18,351,27,18
"112","2020-04-07",166,2,48,665,3818,0.736511262441069,0,0,343,216,45,944,23,374,21,23
"113","2020-04-08",164,2,63,670,3818,0.736511262441069,0,0,343,216,39,983,12,386,20,12
"114","2020-04-09",172,2,67,683,3818,0.736511262441069,0,0,343,216,46,1029,19,405,25,19
"115","2020-04-10",178,2,92,691,3818,0.736511262441069,0,0,343,216,38,1067,17,422,19,17
"116","2020-04-11",183,2,86,699,3818,0.736511262441069,0,0,343,216,32,1099,33,455,10,33
"117","2020-04-12",181,2,72,705,3818,0.736511262441069,0,0,343,216,35,1134,24,479,13,24
"118","2020-04-13",183,2,75,725,3818,0.736511262441069,0,0,343,216,42,1176,23,502,17,23
"119","2020-04-14",183,2,84,727,3818,0.736511262441069,0,0,343,216,34,1210,27,529,13,27
"120","2020-04-15",191,2,98,735,3818,0.736511262441069,0,0,343,216,40,1250,17,546,21,17
"121","2020-04-16",190,2,102,736,3818,0.736511262441069,0,0,343,216,39,1289,12,558,14,12
"122","2020-04-17",195,2,89,743,3818,0.736511262441069,0,0,343,216,39,1328,22,580,17,22
"123","2020-04-18",205,2,78,751,3818,0.736511262441069,0,0,343,216,36,1364,15,595,11,15
"124","2020-04-19",209,2,83,734,3818,0.736511262441069,0,0,343,216,45,1409,9,604,22,9
"125","2020-04-20",213,2,89,734,3818,0.736511262441069,0,0,343,216,39,1448,9,613,17,9
"126","2020-04-21",210,2,86,731,3818,0.736511262441069,0,0,343,216,41,1489,18,631,18,18
"127","2020-04-22",199,2,110,733,3818,0.736511262441069,0,0,343,216,40,1529,13,644,17,13
"128","2020-04-23",216,2,104,719,3818,0.736511262441069,0,0,343,216,35,1564,13,657,15,13
"129","2020-04-24",209,2,103,728,3818,0.736511262441069,0,0,343,216,40,1604,9,666,19,9
"130","2020-04-25",207,2,114,702,3818,0.736511262441069,0,0,343,216,36,1640,9,675,18,9
"131","2020-04-26",198,2,99,691,3818,0.736511262441069,0,0,343,216,42,1682,7,682,21,7
"132","2020-04-27",202,2,85,662,3818,0.736511262441069,0,0,343,216,33,1715,14,696,13,14
"133","2020-04-28",209,2,77,646,3818,0.736511262441069,0,0,343,216,39,1754,8,704,17,8
"134","2020-04-29",207,2,67,658,3818,0.736511262441069,0,0,343,216,44,1798,16,720,18,16
"135","2020-04-30",185,2,62,664,3818,0.736511262441069,0,0,343,216,56,1854,17,737,24,17
"136","2020-05-01",178,2,59,645,3818,0.736511262441069,0,0,343,216,48,1902,13,750,21,13
"137","2020-05-02",175,2,56,637,3818,0.736511262441069,0,0,343,216,39,1941,15,765,15,15
"138","2020-05-03",178,2,55,622,3818,0.736511262441069,0,0,343,216,45,1986,7,772,23,7
"139","2020-05-04",176,2,59,625,3818,0.736511262441069,0,0,343,216,44,2030,17,789,29,17
"140","2020-05-05",167,2,69,602,3818,0.736511262441069,0,0,343,216,43,2073,19,808,26,19
"141","2020-05-06",182,2,72,585,3818,0.736511262441069,0,0,343,216,45,2118,17,825,15,17
"142","2020-05-07",178,2,72,564,3818,0.736511262441069,0,0,343,216,36,2154,20,845,17,20
"143","2020-05-08",182,2,78,558,3818,0.736511262441069,0,0,343,216,47,2201,12,857,19,12
"144","2020-05-09",183,2,84,536,3818,0.736511262441069,0,0,343,216,32,2233,22,879,13,22
"145","2020-05-10",176,2,108,520,3818,0.736511262441069,0,0,343,216,31,2264,11,890,13,11
"146","2020-05-11",171,2,112,498,3818,0.736511262441069,0,0,343,216,24,2288,17,907,13,17
"147","2020-05-12",158,2,101,485,3818,0.736511262441069,0,0,343,216,32,2320,21,928,18,21
"148","2020-05-13",143,2,92,461,3818,0.736511262441069,0,0,343,216,39,2359,24,952,16,24
"149","2020-05-14",144,2,93,447,3818,0.736511262441069,0,0,343,216,27,2386,18,970,10,18
"150","2020-05-15",137,2,93,421,3818,0.736511262441069,0,0,343,216,30,2416,18,988,13,18
"151","2020-05-16",138,2,97,406,3818,0.736511262441069,0,0,343,216,26,2442,22,1010,14,22
"152","2020-05-17",133,2,97,405,3818,0.736511262441069,0,0,343,216,21,2463,30,1040,11,30
"153","2020-05-18",126,2,86,389,3818,0.736511262441069,0,0,343,216,21,2484,22,1062,9,22
"154","2020-05-19",131,2,74,373,3818,0.736511262441069,0,0,343,216,21,2505,13,1075,7,13
"155","2020-05-20",119,2,68,357,3818,0.736511262441069,0,0,343,216,21,2526,13,1088,11,13
"156","2020-05-21",113,2,63,346,3818,0.736511262441069,0,0,343,216,26,2552,11,1099,14,11
"157","2020-05-22",108,2,69,330,3818,0.736511262441069,0,0,343,216,18,2570,6,1105,6,6
"158","2020-05-23",98,2,84,328,3818,0.736511262441069,0,0,343,216,20,2590,13,1118,9,13
"159","2020-05-24",97,2,90,324,3818,0.736511262441069,0,0,343,216,15,2605,21,1139,6,21
"160","2020-05-25",94,2,92,298,3818,0.736511262441069,0,0,343,216,15,2620,13,1152,5,13
"161","2020-05-26",90,2,79,299,3818,0.736511262441069,0,0,343,216,15,2635,25,1177,4,25
"162","2020-05-27",94,2,71,282,3818,0.736511262441069,0,0,343,216,19,2654,18,1195,6,18
"163","2020-05-28",92,2,65,279,3818,0.736511262441069,0,0,343,216,12,2666,25,1220,7,25
"164","2020-05-29",91,2,59,262,3818,0.736511262441069,0,0,343,216,11,2677,15,1235,4,15
"165","2020-05-30",85,2,54,253,3818,0.736511262441069,0,0,343,216,15,2692,27,1262,7,27
"166","2020-05-31",79,2,50,248,3818,0.736511262441069,0,0,343,216,12,2704,27,1289,4,27
"167","2020-06-01",78,2,39,230,3818,0.736511262441069,0,0,343,216,14,2718,16,1305,5,16
"168","2020-06-02",74,2,40,233,3818,0.736511262441069,0,0,343,216,17,2735,20,1325,7,20
"169","2020-06-03",76,2,47,215,3818,0.736511262441069,0,0,343,216,12,2747,25,1350,6,25
"170","2020-06-04",76,2,55,208,3818,0.736511262441069,0,0,343,216,9,2756,23,1373,2,23
"171","2020-06-05",73,2,55,199,3818,0.736511262441069,0,0,343,216,12,2768,17,1390,3,17
"172","2020-06-06",71,2,53,200,3818,0.736511262441069,0,0,343,216,18,2786,25,1415,9,25
"173","2020-06-07",69,2,52,189,3818,0.736511262441069,0,0,343,216,15,2801,17,1432,7,17
"174","2020-03-12",1,3,47,40,3628,0.491455347298787,0,0,317,712,10,14,8,12,3,8
"175","2020-03-13",1,3,62,64,3628,0.491455347298787,0,0,317,712,8,22,9,21,5,9
"176","2020-03-14",2,3,68,81,3628,0.491455347298787,0,0,317,712,9,31,7,28,5,7
"177","2020-03-15",5,3,96,116,3628,0.491455347298787,0,0,317,712,21,52,6,34,14,6
"178","2020-03-16",11,3,87,144,3628,0.491455347298787,0,0,317,712,19,71,19,53,11,19
"179","2020-03-17",13,3,95,179,3628,0.491455347298787,0,0,317,712,17,88,16,69,15,16
"180","2020-03-18",16,3,100,198,3628,0.491455347298787,0,0,317,712,19,107,7,76,11,7
"181","2020-03-19",27,3,116,222,3628,0.491455347298787,0,0,317,712,30,137,18,94,22,18
"182","2020-03-20",33,3,134,252,3628,0.491455347298787,0,0,317,712,30,167,13,107,23,13
"183","2020-03-21",37,3,136,283,3628,0.491455347298787,0,0,317,712,37,204,17,124,36,17
"184","2020-03-22",45,3,161,310,3628,0.491455347298787,0,0,317,712,35,239,18,142,29,18
"185","2020-03-23",53,3,173,332,3628,0.491455347298787,0,0,317,712,41,280,23,165,34,23
"186","2020-03-24",72,3,173,364,3628,0.491455347298787,0,0,317,712,38,318,16,181,34,16
"187","2020-03-25",86,3,164,383,3628,0.491455347298787,0,0,317,712,61,379,18,199,51,18
"188","2020-03-26",91,3,159,415,3628,0.491455347298787,0,0,317,712,47,426,11,210,39,11
"189","2020-03-27",107,3,190,440,3628,0.491455347298787,0,0,317,712,62,488,19,229,58,19
"190","2020-03-28",120,3,199,456,3628,0.491455347298787,0,0,317,712,59,547,22,251,52,22
"191","2020-03-29",124,3,199,487,3628,0.491455347298787,0,0,317,712,80,627,29,280,74,29
"192","2020-03-30",131,3,195,495,3628,0.491455347298787,0,0,317,712,83,710,23,303,78,23
"193","2020-03-31",128,3,191,510,3628,0.491455347298787,0,0,317,712,70,780,21,324,64,21
"194","2020-04-01",124,3,189,527,3628,0.491455347298787,0,0,317,712,106,886,17,341,104,17
"195","2020-04-02",131,3,212,521,3628,0.491455347298787,0,0,317,712,102,988,20,361,96,20
"196","2020-04-03",131,3,215,531,3628,0.491455347298787,0,0,317,712,94,1082,16,377,90,16
"197","2020-04-04",126,3,218,550,3628,0.491455347298787,0,0,317,712,111,1193,12,389,104,12
"198","2020-04-05",133,3,223,539,3628,0.491455347298787,0,0,317,712,106,1299,14,403,103,14
"199","2020-04-06",141,3,238,541,3628,0.491455347298787,0,0,317,712,95,1394,17,420,85,17
"200","2020-04-07",158,3,265,535,3628,0.491455347298787,0,0,317,712,124,1518,32,452,117,32
"201","2020-04-08",168,3,243,530,3628,0.491455347298787,0,0,317,712,145,1663,25,477,139,25
"202","2020-04-09",167,3,242,538,3628,0.491455347298787,0,0,317,712,153,1816,22,499,150,22
"203","2020-04-10",168,3,217,553,3628,0.491455347298787,0,0,317,712,129,1945,30,529,122,30
"204","2020-04-11",175,3,220,544,3628,0.491455347298787,0,0,317,712,157,2102,32,561,148,32
"205","2020-04-12",167,3,225,558,3628,0.491455347298787,0,0,317,712,135,2237,25,586,124,25
"206","2020-04-13",160,3,255,581,3628,0.491455347298787,0,0,317,712,180,2417,25,611,171,25
"207","2020-04-14",152,3,259,579,3628,0.491455347298787,0,0,317,712,147,2564,23,634,142,23
"208","2020-04-15",149,3,251,573,3628,0.491455347298787,0,0,317,712,177,2741,33,667,172,33
"209","2020-04-16",143,3,237,587,3628,0.491455347298787,0,0,317,712,170,2911,23,690,166,23
"210","2020-04-17",140,3,233,593,3628,0.491455347298787,0,0,317,712,145,3056,16,706,133,16
"211","2020-04-18",147,3,223,591,3628,0.491455347298787,0,0,317,712,141,3197,18,724,136,18
"212","2020-04-19",162,3,225,587,3628,0.491455347298787,0,0,317,712,165,3362,29,753,160,29
"213","2020-04-20",167,3,211,591,3628,0.491455347298787,0,0,317,712,128,3490,40,793,122,40
"214","2020-04-21",164,3,208,599,3628,0.491455347298787,0,0,317,712,126,3616,18,811,124,18
"215","2020-04-22",159,3,204,597,3628,0.491455347298787,0,0,317,712,129,3745,18,829,128,18
"216","2020-04-23",160,3,216,601,3628,0.491455347298787,0,0,317,712,150,3895,30,859,146,30
"217","2020-04-24",164,3,228,593,3628,0.491455347298787,0,0,317,712,103,3998,19,878,97,19
"218","2020-04-25",164,3,261,592,3628,0.491455347298787,0,0,317,712,111,4109,28,906,107,28
"219","2020-04-26",155,3,276,589,3628,0.491455347298787,0,0,317,712,129,4238,25,931,124,25
"220","2020-04-27",147,3,300,579,3628,0.491455347298787,0,0,317,712,117,4355,23,954,114,23
"221","2020-04-28",152,3,301,571,3628,0.491455347298787,0,0,317,712,87,4442,36,990,86,36
"222","2020-04-29",157,3,279,552,3628,0.491455347298787,0,0,317,712,83,4525,34,1024,79,34
"223","2020-04-30",170,3,290,549,3628,0.491455347298787,0,0,317,712,80,4605,27,1051,76,27
"224","2020-05-01",172,3,297,557,3628,0.491455347298787,0,0,317,712,80,4685,24,1075,77,24
"225","2020-05-02",165,3,301,552,3628,0.491455347298787,0,0,317,712,71,4756,13,1088,67,13
"226","2020-05-03",166,3,292,524,3628,0.491455347298787,0,0,317,712,71,4827,15,1103,64,15
"227","2020-05-04",169,3,261,520,3628,0.491455347298787,0,0,317,712,67,4894,9,1112,61,9
"228","2020-05-05",155,3,252,522,3628,0.491455347298787,0,0,317,712,63,4957,21,1133,56,21
"229","2020-05-06",156,3,229,521,3628,0.491455347298787,0,0,317,712,53,5010,33,1166,50,33
"230","2020-05-07",145,3,219,511,3628,0.491455347298787,0,0,317,712,52,5062,23,1189,51,23
"231","2020-05-08",139,3,252,500,3628,0.491455347298787,0,0,317,712,58,5120,31,1220,51,31
"232","2020-05-09",142,3,257,499,3628,0.491455347298787,0,0,317,712,46,5166,20,1240,41,20
"233","2020-05-10",141,3,272,471,3628,0.491455347298787,0,0,317,712,46,5212,24,1264,43,24
"234","2020-05-11",133,3,281,474,3628,0.491455347298787,0,0,317,712,46,5258,29,1293,43,29
"235","2020-05-12",147,3,266,463,3628,0.491455347298787,0,0,317,712,32,5290,10,1303,28,10
"236","2020-05-13",143,3,247,458,3628,0.491455347298787,0,0,317,712,34,5324,11,1314,33,11
"237","2020-05-14",139,3,237,442,3628,0.491455347298787,0,0,317,712,36,5360,16,1330,36,16
"238","2020-05-15",137,3,247,438,3628,0.491455347298787,0,0,317,712,31,5391,38,1368,25,38
"239","2020-05-16",128,3,239,410,3628,0.491455347298787,0,0,317,712,30,5421,28,1396,29,28
"240","2020-05-17",128,3,244,400,3628,0.491455347298787,0,0,317,712,32,5453,30,1426,29,30
"241","2020-05-18",126,3,240,378,3628,0.491455347298787,0,0,317,712,25,5478,31,1457,25,31
"242","2020-05-19",113,3,241,367,3628,0.491455347298787,0,0,317,712,28,5506,17,1474,26,17
"243","2020-05-20",109,3,228,366,3628,0.491455347298787,0,0,317,712,13,5519,33,1507,11,33
"244","2020-05-21",101,3,220,353,3628,0.491455347298787,0,0,317,712,18,5537,26,1533,17,26
"245","2020-05-22",101,3,217,350,3628,0.491455347298787,0,0,317,712,20,5557,20,1553,18,20
"246","2020-05-23",100,3,218,355,3628,0.491455347298787,0,0,317,712,20,5577,22,1575,18,22
"247","2020-05-24",97,3,205,348,3628,0.491455347298787,0,0,317,712,12,5589,30,1605,11,30
"248","2020-05-25",95,3,199,338,3628,0.491455347298787,0,0,317,712,14,5603,24,1629,11,24
"249","2020-05-26",89,3,217,310,3628,0.491455347298787,0,0,317,712,17,5620,27,1656,13,27
"250","2020-05-27",84,3,252,310,3628,0.491455347298787,0,0,317,712,10,5630,24,1680,8,24
"251","2020-05-28",90,3,241,291,3628,0.491455347298787,0,0,317,712,10,5640,28,1708,9,28
"252","2020-05-29",82,3,247,285,3628,0.491455347298787,0,0,317,712,7,5647,28,1736,7,28
"253","2020-05-30",81,3,240,285,3628,0.491455347298787,0,0,317,712,12,5659,23,1759,11,23
"254","2020-05-31",72,3,234,282,3628,0.491455347298787,0,0,317,712,11,5670,19,1778,10,19
"255","2020-06-01",71,3,229,262,3628,0.491455347298787,0,0,317,712,9,5679,27,1805,7,27
"256","2020-06-02",74,3,243,248,3628,0.491455347298787,0,0,317,712,5,5684,19,1824,5,19
"257","2020-06-03",72,3,234,234,3628,0.491455347298787,0,0,317,712,10,5694,25,1849,6,25
"258","2020-06-04",70,3,235,218,3628,0.491455347298787,0,0,317,712,5,5699,16,1865,4,16
"259","2020-06-05",72,3,244,198,3628,0.491455347298787,0,0,317,712,5,5704,14,1879,5,14
"260","2020-06-06",68,3,249,188,3628,0.491455347298787,0,0,317,712,11,5715,19,1898,11,19
"261","2020-06-07",70,3,240,181,3628,0.491455347298787,0,0,317,712,6,5721,11,1909,6,11
"262","2020-03-15",2,4,21,61,3650,0.778082191780822,0,0,306,297,64,197,23,107,48,23
"263","2020-03-16",4,4,27,74,3650,0.778082191780822,0,0,306,297,77,274,15,122,50,15
"264","2020-03-17",5,4,45,93,3650,0.778082191780822,0,0,306,297,102,376,12,134,77,12
"265","2020-03-18",9,4,48,111,3650,0.778082191780822,0,0,306,297,101,477,29,163,79,29
"266","2020-03-19",14,4,55,136,3650,0.778082191780822,0,0,306,297,146,623,24,187,129,24
"267","2020-03-20",22,4,61,160,3650,0.778082191780822,0,0,306,297,123,746,39,226,109,39
"268","2020-03-21",29,4,74,177,3650,0.778082191780822,0,0,306,297,192,938,17,243,171,17
"269","2020-03-22",34,4,84,202,3650,0.778082191780822,0,0,306,297,216,1154,18,261,197,18
"270","2020-03-23",35,4,77,218,3650,0.778082191780822,0,0,306,297,272,1426,17,278,256,17
"271","2020-03-24",44,4,99,247,3650,0.778082191780822,0,0,306,297,268,1694,33,311,255,33
"272","2020-03-25",43,4,106,284,3650,0.778082191780822,0,0,306,297,291,1985,26,337,277,26
"273","2020-03-26",50,4,85,309,3650,0.778082191780822,0,0,306,297,377,2362,39,376,359,39
"274","2020-03-27",57,4,66,336,3650,0.778082191780822,0,0,306,297,369,2731,19,395,355,19
"275","2020-03-28",60,4,74,361,3650,0.778082191780822,0,0,306,297,515,3246,25,420,495,25
"276","2020-03-29",66,4,81,370,3650,0.778082191780822,0,0,306,297,435,3681,41,461,424,41
"277","2020-03-30",74,4,60,407,3650,0.778082191780822,0,0,306,297,465,4146,29,490,442,29
"278","2020-03-31",80,4,62,427,3650,0.778082191780822,0,0,306,297,421,4567,26,516,411,26
"279","2020-04-01",95,4,53,444,3650,0.778082191780822,0,0,306,297,401,4968,14,530,388,14
"280","2020-04-02",105,4,54,465,3650,0.778082191780822,0,0,306,297,384,5352,36,566,370,36
"281","2020-04-03",107,4,61,493,3650,0.778082191780822,0,0,306,297,339,5691,46,612,329,46
"282","2020-04-04",114,4,53,504,3650,0.778082191780822,0,0,306,297,333,6024,14,626,323,14
"283","2020-04-05",120,4,81,534,3650,0.778082191780822,0,0,306,297,236,6260,26,652,229,26
"284","2020-04-06",134,4,87,553,3650,0.778082191780822,0,0,306,297,248,6508,54,706,244,54
"285","2020-04-07",134,4,87,566,3650,0.778082191780822,0,0,306,297,218,6726,33,739,216,33
"286","2020-04-08",141,4,83,577,3650,0.778082191780822,0,0,306,297,156,6882,48,787,154,48
"287","2020-04-09",149,4,82,592,3650,0.778082191780822,0,0,306,297,135,7017,22,809,134,22
"288","2020-04-10",151,4,85,601,3650,0.778082191780822,0,0,306,297,89,7106,20,829,88,20
"289","2020-04-11",158,4,87,615,3650,0.778082191780822,0,0,306,297,82,7188,19,848,81,19
"290","2020-04-12",167,4,95,622,3650,0.778082191780822,0,0,306,297,51,7239,17,865,49,17
"291","2020-04-13",164,4,94,627,3650,0.778082191780822,0,0,306,297,54,7293,16,881,49,16
"292","2020-04-14",177,4,120,638,3650,0.778082191780822,0,0,306,297,31,7324,65,946,30,65
"293","2020-04-15",174,4,120,652,3650,0.778082191780822,0,0,306,297,43,7367,34,980,42,34
"294","2020-04-16",169,4,105,656,3650,0.778082191780822,0,0,306,297,27,7394,42,1022,22,42
"295","2020-04-17",175,4,95,647,3650,0.778082191780822,0,0,306,297,35,7429,25,1047,29,25
"296","2020-04-18",177,4,99,665,3650,0.778082191780822,0,0,306,297,20,7449,20,1067,18,20
"297","2020-04-19",184,4,121,677,3650,0.778082191780822,0,0,306,297,19,7468,8,1075,18,8
"298","2020-04-20",195,4,118,686,3650,0.778082191780822,0,0,306,297,10,7478,2,1077,8,2
"299","2020-04-21",190,4,118,703,3650,0.778082191780822,0,0,306,297,8,7486,9,1086,7,9
"300","2020-04-22",204,4,104,724,3650,0.778082191780822,0,0,306,297,9,7495,25,1111,9,25
"301","2020-04-23",208,4,94,716,3650,0.778082191780822,0,0,306,297,6,7501,53,1164,4,53
"302","2020-04-24",210,4,81,696,3650,0.778082191780822,0,0,306,297,11,7512,23,1187,4,23
"303","2020-04-25",212,4,87,688,3650,0.778082191780822,0,0,306,297,7,7519,26,1213,3,26
"304","2020-04-26",204,4,77,698,3650,0.778082191780822,0,0,306,297,6,7525,52,1265,5,52
"305","2020-04-27",197,4,83,693,3650,0.778082191780822,0,0,306,297,3,7528,33,1298,3,33
"306","2020-04-28",201,4,84,674,3650,0.778082191780822,0,0,306,297,9,7537,56,1354,5,56
"307","2020-04-29",187,4,83,651,3650,0.778082191780822,0,0,306,297,5,7542,39,1393,3,39
"308","2020-04-30",186,4,94,629,3650,0.778082191780822,0,0,306,297,5,7547,80,1473,2,80
"309","2020-05-01",179,4,117,614,3650,0.778082191780822,0,0,306,297,2,7549,61,1534,2,61
"310","2020-05-02",184,4,151,602,3650,0.778082191780822,0,0,306,297,1,7550,47,1581,NA,47
"311","2020-05-03",176,4,157,585,3650,0.778082191780822,0,0,306,297,4,7554,12,1593,4,12
"312","2020-05-04",166,4,161,592,3650,0.778082191780822,0,0,306,297,3,7557,9,1602,1,9
"313","2020-05-05",162,4,146,565,3650,0.778082191780822,0,0,306,297,2,7559,51,1653,1,51
"314","2020-05-06",170,4,155,556,3650,0.778082191780822,0,0,306,297,6,7565,46,1699,2,46
"315","2020-05-07",161,4,136,539,3650,0.778082191780822,0,0,306,297,6,7571,72,1771,5,72
"316","2020-05-08",167,4,133,524,3650,0.778082191780822,0,0,306,297,2,7573,23,1794,1,23
"317","2020-05-09",155,4,138,523,3650,0.778082191780822,0,0,306,297,4,7577,22,1816,2,22
"318","2020-05-10",165,4,150,516,3650,0.778082191780822,0,0,306,297,3,7580,47,1863,NA,47
"319","2020-05-11",167,4,146,511,3650,0.778082191780822,0,0,306,297,NA,NA,26,1889,NA,26
"320","2020-05-12",163,4,159,513,3650,0.778082191780822,0,0,306,297,7,7587,44,1933,4,44
"321","2020-05-13",144,4,162,494,3650,0.778082191780822,0,0,306,297,1,7588,53,1986,1,53
"322","2020-05-14",150,4,151,476,3650,0.778082191780822,0,0,306,297,2,7590,33,2019,NA,33
"323","2020-05-15",142,4,147,457,3650,0.778082191780822,0,0,306,297,2,7592,29,2048,NA,29
"324","2020-05-16",146,4,157,459,3650,0.778082191780822,0,0,306,297,1,7593,15,2063,NA,15
"325","2020-05-17",132,4,166,444,3650,0.778082191780822,0,0,306,297,2,7595,14,2077,1,14
"326","2020-05-18",129,4,167,417,3650,0.778082191780822,0,0,306,297,2,7597,9,2086,1,9
"327","2020-05-19",136,4,187,390,3650,0.778082191780822,0,0,306,297,2,7599,11,2097,1,11
"328","2020-05-20",138,4,194,369,3650,0.778082191780822,0,0,306,297,2,7601,6,2103,1,6
"329","2020-05-21",127,4,179,360,3650,0.778082191780822,0,0,306,297,NA,NA,8,2111,NA,8
"330","2020-05-22",128,4,163,370,3650,0.778082191780822,0,0,306,297,2,7603,37,2148,NA,37
"331","2020-05-23",114,4,150,366,3650,0.778082191780822,0,0,306,297,2,7605,14,2162,NA,14
"332","2020-05-24",116,4,133,349,3650,0.778082191780822,0,0,306,297,NA,NA,13,2175,NA,13
"333","2020-05-25",111,4,150,337,3650,0.778082191780822,0,0,306,297,2,7607,14,2189,NA,14
"334","2020-05-26",102,4,132,318,3650,0.778082191780822,0,0,306,297,3,7610,6,2195,2,6
"335","2020-05-27",102,4,136,307,3650,0.778082191780822,0,0,306,297,1,7611,5,2200,1,5
"336","2020-05-28",107,4,126,301,3650,0.778082191780822,0,0,306,297,2,7613,10,2210,NA,10
"337","2020-05-29",98,4,116,287,3650,0.778082191780822,0,0,306,297,1,7614,15,2225,NA,15
"338","2020-05-30",100,4,111,263,3650,0.778082191780822,0,0,306,297,1,7615,28,2253,1,28
"339","2020-05-31",92,4,101,250,3650,0.778082191780822,0,0,306,297,2,7617,13,2266,1,13
"340","2020-06-01",95,4,103,239,3650,0.778082191780822,0,0,306,297,NA,NA,31,2297,NA,31
"341","2020-06-02",84,4,86,233,3650,0.778082191780822,0,0,306,297,1,7618,26,2323,NA,26
"342","2020-06-03",82,4,81,228,3650,0.778082191780822,0,0,306,297,NA,NA,38,2361,NA,38
"343","2020-06-04",70,4,81,210,3650,0.778082191780822,0,0,306,297,NA,NA,29,2390,NA,29
"344","2020-06-05",68,4,73,207,3650,0.778082191780822,0,0,306,297,2,7620,26,2416,NA,26
"345","2020-06-06",66,4,67,208,3650,0.778082191780822,0,0,306,297,5,7625,23,2439,4,23
"346","2020-06-07",65,4,59,195,3650,0.778082191780822,0,0,306,297,1,7626,16,2455,1,16
"347","2020-03-13",1,5,9,37,3200,0.6034375,0,0,264,239,8,18,1,6,3,1
"348","2020-03-14",2,5,12,43,3200,0.6034375,0,0,264,239,12,30,6,12,3,6
"349","2020-03-15",2,5,14,58,3200,0.6034375,0,0,264,239,9,39,13,25,5,13
"350","2020-03-16",3,5,10,74,3200,0.6034375,0,0,264,239,17,56,15,40,8,15
"351","2020-03-17",6,5,17,96,3200,0.6034375,0,0,264,239,15,71,8,48,8,8
"352","2020-03-18",10,5,20,114,3200,0.6034375,0,0,264,239,21,92,17,65,15,17
"353","2020-03-19",15,5,19,135,3200,0.6034375,0,0,264,239,23,115,10,75,18,10
"354","2020-03-20",17,5,15,146,3200,0.6034375,0,0,264,239,20,135,5,80,16,5
"355","2020-03-21",25,5,21,170,3200,0.6034375,0,0,264,239,21,156,8,88,18,8
"356","2020-03-22",32,5,30,202,3200,0.6034375,0,0,264,239,30,186,6,94,19,6
"357","2020-03-23",46,5,30,217,3200,0.6034375,0,0,264,239,20,206,15,109,14,15
"358","2020-03-24",54,5,37,247,3200,0.6034375,0,0,264,239,26,232,16,125,21,16
"359","2020-03-25",62,5,32,262,3200,0.6034375,0,0,264,239,29,261,16,141,17,16
"360","2020-03-26",63,5,27,289,3200,0.6034375,0,0,264,239,22,283,15,156,19,15
"361","2020-03-27",68,5,37,317,3200,0.6034375,0,0,264,239,35,318,10,166,30,10
"362","2020-03-28",76,5,33,333,3200,0.6034375,0,0,264,239,34,352,8,174,29,8
"363","2020-03-29",75,5,33,336,3200,0.6034375,0,0,264,239,30,382,9,183,24,9
"364","2020-03-30",80,5,47,374,3200,0.6034375,0,0,264,239,45,427,4,187,39,4
"365","2020-03-31",94,5,45,391,3200,0.6034375,0,0,264,239,39,466,28,215,31,28
"366","2020-04-01",104,5,45,414,3200,0.6034375,0,0,264,239,44,510,19,234,38,19
"367","2020-04-02",115,5,49,427,3200,0.6034375,0,0,264,239,47,557,20,254,36,20
"368","2020-04-03",126,5,56,427,3200,0.6034375,0,0,264,239,68,625,13,267,56,13
"369","2020-04-04",132,5,51,441,3200,0.6034375,0,0,264,239,49,674,15,282,44,15
"370","2020-04-05",145,5,50,460,3200,0.6034375,0,0,264,239,51,725,13,295,43,13
"371","2020-04-06",144,5,48,471,3200,0.6034375,0,0,264,239,53,778,15,310,45,15
"372","2020-04-07",132,5,55,471,3200,0.6034375,0,0,264,239,46,824,16,326,37,16
"373","2020-04-08",122,5,59,479,3200,0.6034375,0,0,264,239,50,874,15,341,46,15
"374","2020-04-09",126,5,57,486,3200,0.6034375,0,0,264,239,47,921,12,353,35,12
"375","2020-04-10",128,5,66,503,3200,0.6034375,0,0,264,239,58,979,30,383,41,30
"376","2020-04-11",127,5,64,496,3200,0.6034375,0,0,264,239,64,1043,26,409,50,26
"377","2020-04-12",137,5,61,503,3200,0.6034375,0,0,264,239,64,1107,28,437,55,28
"378","2020-04-13",141,5,74,499,3200,0.6034375,0,0,264,239,52,1159,28,465,39,28
"379","2020-04-14",150,5,85,496,3200,0.6034375,0,0,264,239,53,1212,30,495,48,30
"380","2020-04-15",164,5,86,498,3200,0.6034375,0,0,264,239,44,1256,21,516,28,21
"381","2020-04-16",157,5,81,502,3200,0.6034375,0,0,264,239,43,1299,44,560,34,44
"382","2020-04-17",162,5,80,501,3200,0.6034375,0,0,264,239,37,1336,35,595,30,35
"383","2020-04-18",160,5,79,526,3200,0.6034375,0,0,264,239,31,1367,26,621,21,26
"384","2020-04-19",146,5,77,522,3200,0.6034375,0,0,264,239,35,1402,40,661,29,40
"385","2020-04-20",148,5,76,528,3200,0.6034375,0,0,264,239,45,1447,22,683,35,22
"386","2020-04-21",143,5,79,527,3200,0.6034375,0,0,264,239,46,1493,44,727,33,44
"387","2020-04-22",137,5,87,530,3200,0.6034375,0,0,264,239,29,1522,33,760,18,33
"388","2020-04-23",150,5,91,523,3200,0.6034375,0,0,264,239,36,1558,31,791,25,31
"389","2020-04-24",154,5,78,513,3200,0.6034375,0,0,264,239,27,1585,30,821,20,30
"390","2020-04-25",159,5,86,519,3200,0.6034375,0,0,264,239,46,1631,28,849,35,28
"391","2020-04-26",167,5,91,529,3200,0.6034375,0,0,264,239,40,1671,38,887,26,38
"392","2020-04-27",157,5,97,517,3200,0.6034375,0,0,264,239,44,1715,37,924,32,37
"393","2020-04-28",152,5,88,513,3200,0.6034375,0,0,264,239,37,1752,40,964,29,40
"394","2020-04-29",146,5,82,514,3200,0.6034375,0,0,264,239,25,1777,44,1008,18,44
"395","2020-04-30",134,5,78,491,3200,0.6034375,0,0,264,239,33,1810,33,1041,26,33
"396","2020-05-01",127,5,62,492,3200,0.6034375,0,0,264,239,26,1836,17,1058,17,17
"397","2020-05-02",117,5,61,499,3200,0.6034375,0,0,264,239,35,1871,37,1095,28,37
"398","2020-05-03",112,5,59,503,3200,0.6034375,0,0,264,239,28,1899,44,1139,19,44
"399","2020-05-04",121,5,69,494,3200,0.6034375,0,0,264,239,26,1925,33,1172,17,33
"400","2020-05-05",139,5,68,498,3200,0.6034375,0,0,264,239,22,1947,33,1205,16,33
"401","2020-05-06",142,5,73,507,3200,0.6034375,0,0,264,239,21,1968,22,1227,11,22
"402","2020-05-07",153,5,56,518,3200,0.6034375,0,0,264,239,19,1987,18,1245,11,18
"403","2020-05-08",153,5,64,508,3200,0.6034375,0,0,264,239,23,2010,8,1253,14,8
"404","2020-05-09",155,5,80,488,3200,0.6034375,0,0,264,239,21,2031,15,1268,15,15
"405","2020-05-10",159,5,81,486,3200,0.6034375,0,0,264,239,15,2046,20,1288,9,20
"406","2020-05-11",150,5,85,476,3200,0.6034375,0,0,264,239,18,2064,30,1318,11,30
"407","2020-05-12",146,5,85,470,3200,0.6034375,0,0,264,239,17,2081,25,1343,13,25
"408","2020-05-13",144,5,88,461,3200,0.6034375,0,0,264,239,21,2102,11,1354,13,11
"409","2020-05-14",137,5,82,463,3200,0.6034375,0,0,264,239,25,2127,16,1370,18,16
"410","2020-05-15",127,5,97,471,3200,0.6034375,0,0,264,239,23,2150,23,1393,15,23
"411","2020-05-16",132,5,87,450,3200,0.6034375,0,0,264,239,14,2164,11,1404,9,11
"412","2020-05-17",126,5,94,447,3200,0.6034375,0,0,264,239,30,2194,13,1417,21,13
"413","2020-05-18",130,5,90,439,3200,0.6034375,0,0,264,239,29,2223,22,1439,21,22
"414","2020-05-19",124,5,85,429,3200,0.6034375,0,0,264,239,18,2241,23,1462,13,23
"415","2020-05-20",124,5,91,412,3200,0.6034375,0,0,264,239,12,2253,22,1484,8,22
"416","2020-05-21",120,5,86,397,3200,0.6034375,0,0,264,239,18,2271,15,1499,14,15
"417","2020-05-22",123,5,78,372,3200,0.6034375,0,0,264,239,29,2300,19,1518,21,19
"418","2020-05-23",114,5,70,346,3200,0.6034375,0,0,264,239,16,2316,21,1539,14,21
"419","2020-05-24",115,5,65,326,3200,0.6034375,0,0,264,239,19,2335,21,1560,17,21
"420","2020-05-25",108,5,55,308,3200,0.6034375,0,0,264,239,28,2363,26,1586,20,26
"421","2020-05-26",105,5,58,302,3200,0.6034375,0,0,264,239,17,2380,20,1606,12,20
"422","2020-05-27",102,5,64,284,3200,0.6034375,0,0,264,239,16,2396,27,1633,13,27
"423","2020-05-28",97,5,63,272,3200,0.6034375,0,0,264,239,13,2409,15,1648,7,15
"424","2020-05-29",93,5,52,269,3200,0.6034375,0,0,264,239,14,2423,16,1664,7,16
"425","2020-05-30",91,5,49,248,3200,0.6034375,0,0,264,239,17,2440,12,1676,14,12
"426","2020-05-31",81,5,51,238,3200,0.6034375,0,0,264,239,7,2447,27,1703,5,27
"427","2020-06-01",82,5,56,229,3200,0.6034375,0,0,264,239,12,2459,27,1730,9,27
"428","2020-06-02",73,5,52,219,3200,0.6034375,0,0,264,239,16,2475,37,1767,15,37
"429","2020-06-03",70,5,48,214,3200,0.6034375,0,0,264,239,11,2486,23,1790,9,23
"430","2020-06-04",69,5,51,208,3200,0.6034375,0,0,264,239,14,2500,22,1812,10,22
"431","2020-06-05",64,5,58,205,3200,0.6034375,0,0,264,239,7,2507,23,1835,6,23
"432","2020-06-06",56,5,57,189,3200,0.6034375,0,0,264,239,8,2515,31,1866,7,31
"433","2020-06-07",62,5,52,192,3200,0.6034375,0,0,264,239,5,2520,20,1886,3,20
"434","2020-03-15",2,6,66,106,7599,0.932227924726938,0,0,684,569,16,69,5,42,3,5
"435","2020-03-16",3,6,50,141,7599,0.932227924726938,0,0,684,569,18,87,5,47,4,5
"436","2020-03-17",11,6,42,176,7599,0.932227924726938,0,0,684,569,15,102,3,50,7,3
"437","2020-03-18",16,6,54,228,7599,0.932227924726938,0,0,684,569,18,120,5,55,6,5
"438","2020-03-19",29,6,55,282,7599,0.932227924726938,0,0,684,569,24,144,5,60,6,5
"439","2020-03-20",42,6,44,336,7599,0.932227924726938,0,0,684,569,20,164,2,62,10,2
"440","2020-03-21",54,6,41,397,7599,0.932227924726938,0,0,684,569,35,199,10,72,16,10
"441","2020-03-22",72,6,55,453,7599,0.932227924726938,0,0,684,569,37,236,19,91,20,19
"442","2020-03-23",88,6,67,532,7599,0.932227924726938,0,0,684,569,32,268,15,106,21,15
"443","2020-03-24",98,6,67,624,7599,0.932227924726938,0,0,684,569,24,292,21,127,14,21
"444","2020-03-25",113,6,84,696,7599,0.932227924726938,0,0,684,569,37,329,16,143,18,16
"445","2020-03-26",127,6,93,815,7599,0.932227924726938,0,0,684,569,29,358,13,156,18,13
"446","2020-03-27",146,6,83,939,7599,0.932227924726938,0,0,684,569,20,378,22,178,9,22
"447","2020-03-28",168,6,78,1057,7599,0.932227924726938,0,0,684,569,36,414,9,187,28,9
"448","2020-03-29",187,6,76,1196,7599,0.932227924726938,0,0,684,569,21,435,11,198,11,11
"449","2020-03-30",228,6,79,1357,7599,0.932227924726938,0,0,684,569,32,467,7,205,18,7
"450","2020-03-31",250,6,73,1500,7599,0.932227924726938,0,0,684,569,27,494,10,215,17,10
"451","2020-04-01",293,6,76,1621,7599,0.932227924726938,0,0,684,569,40,534,12,227,26,12
"452","2020-04-02",328,6,81,1776,7599,0.932227924726938,0,0,684,569,35,569,27,254,20,27
"453","2020-04-03",365,6,73,1919,7599,0.932227924726938,0,0,684,569,35,604,17,271,23,17
"454","2020-04-04",398,6,81,2103,7599,0.932227924726938,0,0,684,569,37,641,31,302,15,31
"455","2020-04-05",432,6,96,2231,7599,0.932227924726938,0,0,684,569,40,681,24,326,24,24
"456","2020-04-06",462,6,112,2449,7599,0.932227924726938,0,0,684,569,31,712,17,343,14,17
"457","2020-04-07",516,6,124,2640,7599,0.932227924726938,0,0,684,569,34,746,20,363,18,20
"458","2020-04-08",539,6,113,2807,7599,0.932227924726938,0,0,684,569,29,775,18,381,14,18
"459","2020-04-09",603,6,117,2939,7599,0.932227924726938,0,0,684,569,37,812,18,399,19,18
"460","2020-04-10",650,6,108,3023,7599,0.932227924726938,0,0,684,569,39,851,19,418,14,19
"461","2020-04-11",712,6,131,3118,7599,0.932227924726938,0,0,684,569,41,892,25,443,23,25
"462","2020-04-12",755,6,123,3144,7599,0.932227924726938,0,0,684,569,28,920,20,463,14,20
"463","2020-04-13",810,6,146,3191,7599,0.932227924726938,0,0,684,569,26,946,37,500,10,37
"464","2020-04-14",842,6,172,3220,7599,0.932227924726938,0,0,684,569,28,974,23,523,10,23
"465","2020-04-15",894,6,208,3154,7599,0.932227924726938,0,0,684,569,37,1011,14,537,19,14
"466","2020-04-16",923,6,199,3078,7599,0.932227924726938,0,0,684,569,26,1037,17,554,12,17
"467","2020-04-17",921,6,186,2957,7599,0.932227924726938,0,0,684,569,31,1068,4,558,14,4
"468","2020-04-18",921,6,182,2803,7599,0.932227924726938,0,0,684,569,32,1100,11,569,16,11
"469","2020-04-19",929,6,175,2620,7599,0.932227924726938,0,0,684,569,39,1139,28,597,21,28
"470","2020-04-20",877,6,148,2419,7599,0.932227924726938,0,0,684,569,26,1165,33,630,10,33
"471","2020-04-21",850,6,119,2206,7599,0.932227924726938,0,0,684,569,32,1197,24,654,16,24
"472","2020-04-22",808,6,117,1950,7599,0.932227924726938,0,0,684,569,31,1228,13,667,8,13
"473","2020-04-23",742,6,105,1726,7599,0.932227924726938,0,0,684,569,34,1262,16,683,17,16
"474","2020-04-24",695,6,105,1522,7599,0.932227924726938,0,0,684,569,41,1303,41,724,25,41
"475","2020-04-25",627,6,138,1311,7599,0.932227924726938,0,0,684,569,40,1343,51,775,18,51
"476","2020-04-26",564,6,171,1111,7599,0.932227924726938,0,0,684,569,37,1380,42,817,17,42
"477","2020-04-27",507,6,169,937,7599,0.932227924726938,0,0,684,569,22,1402,35,852,12,35
"478","2020-04-28",443,6,153,787,7599,0.932227924726938,0,0,684,569,44,1446,36,888,19,36
"479","2020-04-29",385,6,123,665,7599,0.932227924726938,0,0,684,569,26,1472,22,910,9,22
"480","2020-04-30",313,6,110,554,7599,0.932227924726938,0,0,684,569,42,1514,42,952,19,42
"481","2020-05-01",267,6,123,448,7599,0.932227924726938,0,0,684,569,35,1549,50,1002,8,50
"482","2020-05-02",216,6,125,370,7599,0.932227924726938,0,0,684,569,30,1579,26,1028,11,26
"483","2020-05-03",168,6,147,321,7599,0.932227924726938,0,0,684,569,31,1610,50,1078,15,50
"484","2020-05-04",145,6,140,265,7599,0.932227924726938,0,0,684,569,30,1640,38,1116,19,38
"485","2020-05-05",119,6,126,218,7599,0.932227924726938,0,0,684,569,31,1671,37,1153,21,37
"486","2020-05-06",92,6,123,193,7599,0.932227924726938,0,0,684,569,25,1696,15,1168,7,15
"487","2020-05-07",83,6,132,149,7599,0.932227924726938,0,0,684,569,26,1722,26,1194,10,26
"488","2020-05-08",65,6,130,132,7599,0.932227924726938,0,0,684,569,26,1748,35,1229,12,35
"489","2020-05-09",61,6,125,125,7599,0.932227924726938,0,0,684,569,25,1773,16,1245,9,16
"490","2020-05-10",53,6,107,102,7599,0.932227924726938,0,0,684,569,26,1799,19,1264,8,19
"491","2020-05-11",48,6,93,99,7599,0.932227924726938,0,0,684,569,28,1827,33,1297,10,33
"492","2020-05-12",43,6,85,87,7599,0.932227924726938,0,0,684,569,20,1847,45,1342,5,45
"493","2020-05-13",34,6,106,76,7599,0.932227924726938,0,0,684,569,19,1866,57,1399,4,57
"494","2020-05-14",28,6,99,73,7599,0.932227924726938,0,0,684,569,26,1892,34,1433,13,34
"495","2020-05-15",26,6,91,64,7599,0.932227924726938,0,0,684,569,26,1918,22,1455,7,22
"496","2020-05-16",22,6,88,57,7599,0.932227924726938,0,0,684,569,20,1938,32,1487,5,32
"497","2020-05-17",19,6,95,48,7599,0.932227924726938,0,0,684,569,14,1952,41,1528,4,41
"498","2020-05-18",16,6,117,41,7599,0.932227924726938,0,0,684,569,17,1969,16,1544,3,16
"499","2020-05-19",16,6,115,38,7599,0.932227924726938,0,0,684,569,22,1991,22,1566,5,22
"500","2020-05-20",16,6,119,31,7599,0.932227924726938,0,0,684,569,18,2009,23,1589,7,23
"501","2020-05-21",16,6,121,31,7599,0.932227924726938,0,0,684,569,18,2027,13,1602,6,13
"502","2020-05-22",15,6,126,25,7599,0.932227924726938,0,0,684,569,13,2040,27,1629,4,27
"503","2020-05-23",13,6,136,23,7599,0.932227924726938,0,0,684,569,16,2056,14,1643,8,14
"504","2020-05-24",11,6,145,23,7599,0.932227924726938,0,0,684,569,13,2069,5,1648,6,5
"505","2020-05-25",8,6,133,23,7599,0.932227924726938,0,0,684,569,17,2086,7,1655,6,7
"506","2020-05-26",5,6,155,22,7599,0.932227924726938,0,0,684,569,17,2103,7,1662,9,7
"507","2020-05-27",4,6,159,22,7599,0.932227924726938,0,0,684,569,18,2121,8,1670,11,8
"508","2020-05-28",4,6,145,23,7599,0.932227924726938,0,0,684,569,16,2137,20,1690,12,20
"509","2020-05-29",4,6,123,20,7599,0.932227924726938,0,0,684,569,16,2153,17,1707,4,17
"510","2020-05-30",6,6,115,19,7599,0.932227924726938,0,0,684,569,22,2175,13,1720,11,13
"511","2020-05-31",6,6,84,20,7599,0.932227924726938,0,0,684,569,19,2194,8,1728,14,8
"512","2020-06-01",7,6,76,18,7599,0.932227924726938,0,0,684,569,21,2215,16,1744,11,16
"513","2020-06-02",6,6,73,20,7599,0.932227924726938,0,0,684,569,23,2238,21,1765,15,21
"514","2020-06-03",8,6,57,18,7599,0.932227924726938,0,0,684,569,15,2253,15,1780,7,15
"515","2020-06-04",6,6,64,19,7599,0.932227924726938,0,0,684,569,18,2271,21,1801,16,21
"516","2020-06-05",6,6,82,16,7599,0.932227924726938,0,0,684,569,17,2288,14,1815,10,14
"517","2020-06-06",5,6,83,14,7599,0.932227924726938,0,0,684,569,17,2305,6,1821,13,6
"518","2020-06-07",5,6,89,14,7599,0.932227924726938,0,0,684,569,19,2324,8,1829,11,8
"519","2020-03-14",2,7,10,87,3522,0.396365701306076,0,0,297,272,3,30,13,24,NA,13
"520","2020-03-15",3,7,16,112,3522,0.396365701306076,0,0,297,272,12,42,7,31,6,7
"521","2020-03-16",6,7,27,135,3522,0.396365701306076,0,0,297,272,14,56,15,46,8,15
"522","2020-03-17",10,7,38,161,3522,0.396365701306076,0,0,297,272,15,71,25,71,9,25
"523","2020-03-18",17,7,42,188,3522,0.396365701306076,0,0,297,272,15,86,20,91,7,20
"524","2020-03-19",29,7,39,220,3522,0.396365701306076,0,0,297,272,11,97,18,109,8,18
"525","2020-03-20",45,7,51,247,3522,0.396365701306076,0,0,297,272,16,113,17,126,11,17
"526","2020-03-21",48,7,48,270,3522,0.396365701306076,0,0,297,272,20,133,14,140,8,14
"527","2020-03-22",63,7,48,295,3522,0.396365701306076,0,0,297,272,13,146,23,163,9,23
"528","2020-03-23",72,7,47,314,3522,0.396365701306076,0,0,297,272,25,171,13,176,21,13
"529","2020-03-24",81,7,47,328,3522,0.396365701306076,0,0,297,272,21,192,12,188,13,12
"530","2020-03-25",87,7,39,353,3522,0.396365701306076,0,0,297,272,31,223,37,225,23,37
"531","2020-03-26",83,7,41,367,3522,0.396365701306076,0,0,297,272,20,243,25,250,12,25
"532","2020-03-27",79,7,30,379,3522,0.396365701306076,0,0,297,272,21,264,10,260,15,10
"533","2020-03-28",90,7,22,395,3522,0.396365701306076,0,0,297,272,30,294,12,272,21,12
"534","2020-03-29",91,7,21,421,3522,0.396365701306076,0,0,297,272,31,325,20,292,23,20
"535","2020-03-30",97,7,23,430,3522,0.396365701306076,0,0,297,272,21,346,29,321,16,29
"536","2020-03-31",104,7,26,435,3522,0.396365701306076,0,0,297,272,16,362,12,333,13,12
"537","2020-04-01",111,7,26,457,3522,0.396365701306076,0,0,297,272,25,387,19,352,19,19
"538","2020-04-02",120,7,36,485,3522,0.396365701306076,0,0,297,272,22,409,18,370,13,18
"539","2020-04-03",126,7,37,488,3522,0.396365701306076,0,0,297,272,30,439,14,384,19,14
"540","2020-04-04",124,7,40,496,3522,0.396365701306076,0,0,297,272,27,466,16,400,21,16
"541","2020-04-05",135,7,55,505,3522,0.396365701306076,0,0,297,272,29,495,33,433,23,33
"542","2020-04-06",130,7,70,520,3522,0.396365701306076,0,0,297,272,29,524,25,458,18,25
"543","2020-04-07",124,7,70,556,3522,0.396365701306076,0,0,297,272,33,557,4,462,29,4
"544","2020-04-08",131,7,70,568,3522,0.396365701306076,0,0,297,272,35,592,3,465,25,3
"545","2020-04-09",142,7,63,583,3522,0.396365701306076,0,0,297,272,32,624,6,471,23,6
"546","2020-04-10",142,7,72,594,3522,0.396365701306076,0,0,297,272,32,656,19,490,18,19
"547","2020-04-11",147,7,83,596,3522,0.396365701306076,0,0,297,272,37,693,14,504,27,14
"548","2020-04-12",145,7,97,617,3522,0.396365701306076,0,0,297,272,29,722,11,515,21,11
"549","2020-04-13",158,7,102,620,3522,0.396365701306076,0,0,297,272,42,764,5,520,30,5
"550","2020-04-14",163,7,110,600,3522,0.396365701306076,0,0,297,272,29,793,2,522,26,2
"551","2020-04-15",161,7,113,596,3522,0.396365701306076,0,0,297,272,38,831,9,531,25,9
"552","2020-04-16",153,7,111,592,3522,0.396365701306076,0,0,297,272,43,874,31,562,33,31
"553","2020-04-17",162,7,101,589,3522,0.396365701306076,0,0,297,272,51,925,40,602,40,40
"554","2020-04-18",165,7,89,597,3522,0.396365701306076,0,0,297,272,36,961,38,640,24,38
"555","2020-04-19",168,7,77,595,3522,0.396365701306076,0,0,297,272,45,1006,19,659,35,19
"556","2020-04-20",166,7,89,572,3522,0.396365701306076,0,0,297,272,30,1036,22,681,25,22
"557","2020-04-21",170,7,104,579,3522,0.396365701306076,0,0,297,272,43,1079,40,721,33,40
"558","2020-04-22",168,7,95,576,3522,0.396365701306076,0,0,297,272,40,1119,37,758,31,37
"559","2020-04-23",158,7,112,569,3522,0.396365701306076,0,0,297,272,30,1149,28,786,17,28
"560","2020-04-24",153,7,102,544,3522,0.396365701306076,0,0,297,272,35,1184,16,802,28,16
"561","2020-04-25",153,7,99,538,3522,0.396365701306076,0,0,297,272,38,1222,41,843,34,41
"562","2020-04-26",151,7,101,538,3522,0.396365701306076,0,0,297,272,38,1260,18,861,22,18
"563","2020-04-27",146,7,99,530,3522,0.396365701306076,0,0,297,272,22,1282,19,880,14,19
"564","2020-04-28",144,7,94,531,3522,0.396365701306076,0,0,297,272,35,1317,13,893,25,13
"565","2020-04-29",140,7,93,535,3522,0.396365701306076,0,0,297,272,25,1342,9,902,21,9
"566","2020-04-30",148,7,95,517,3522,0.396365701306076,0,0,297,272,44,1386,32,934,34,32
"567","2020-05-01",153,7,88,521,3522,0.396365701306076,0,0,297,272,27,1413,47,981,17,47
"568","2020-05-02",145,7,87,522,3522,0.396365701306076,0,0,297,272,38,1451,27,1008,27,27
"569","2020-05-03",132,7,88,528,3522,0.396365701306076,0,0,297,272,35,1486,21,1029,25,21
"570","2020-05-04",132,7,71,531,3522,0.396365701306076,0,0,297,272,35,1521,8,1037,27,8
"571","2020-05-05",131,7,79,522,3522,0.396365701306076,0,0,297,272,38,1559,9,1046,27,9
"572","2020-05-06",137,7,78,525,3522,0.396365701306076,0,0,297,272,33,1592,11,1057,22,11
"573","2020-05-07",137,7,84,516,3522,0.396365701306076,0,0,297,272,33,1625,5,1062,28,5
"574","2020-05-08",130,7,77,510,3522,0.396365701306076,0,0,297,272,39,1664,2,1064,28,2
"575","2020-05-09",142,7,74,517,3522,0.396365701306076,0,0,297,272,30,1694,5,1069,24,5
"576","2020-05-10",155,7,81,494,3522,0.396365701306076,0,0,297,272,33,1727,4,1073,26,4
"577","2020-05-11",153,7,85,467,3522,0.396365701306076,0,0,297,272,31,1758,10,1083,25,10
"578","2020-05-12",149,7,73,460,3522,0.396365701306076,0,0,297,272,37,1795,24,1107,26,24
"579","2020-05-13",138,7,62,431,3522,0.396365701306076,0,0,297,272,37,1832,9,1116,28,9
"580","2020-05-14",139,7,62,417,3522,0.396365701306076,0,0,297,272,38,1870,8,1124,31,8
"581","2020-05-15",136,7,64,396,3522,0.396365701306076,0,0,297,272,21,1891,31,1155,18,31
"582","2020-05-16",129,7,70,384,3522,0.396365701306076,0,0,297,272,26,1917,17,1172,21,17
"583","2020-05-17",116,7,74,367,3522,0.396365701306076,0,0,297,272,40,1957,12,1184,34,12
"584","2020-05-18",108,7,77,347,3522,0.396365701306076,0,0,297,272,38,1995,24,1208,34,24
"585","2020-05-19",105,7,77,330,3522,0.396365701306076,0,0,297,272,36,2031,25,1233,29,25
"586","2020-05-20",106,7,88,328,3522,0.396365701306076,0,0,297,272,31,2062,34,1267,29,34
"587","2020-05-21",101,7,76,312,3522,0.396365701306076,0,0,297,272,29,2091,24,1291,24,24
"588","2020-05-22",96,7,65,309,3522,0.396365701306076,0,0,297,272,30,2121,40,1331,26,40
"589","2020-05-23",81,7,63,315,3522,0.396365701306076,0,0,297,272,16,2137,16,1347,12,16
"590","2020-05-24",78,7,53,326,3522,0.396365701306076,0,0,297,272,35,2172,30,1377,29,30
"591","2020-05-25",81,7,64,319,3522,0.396365701306076,0,0,297,272,27,2199,16,1393,19,16
"592","2020-05-26",86,7,78,302,3522,0.396365701306076,0,0,297,272,22,2221,9,1402,15,9
"593","2020-05-27",77,7,81,290,3522,0.396365701306076,0,0,297,272,30,2251,10,1412,27,10
"594","2020-05-28",76,7,83,283,3522,0.396365701306076,0,0,297,272,25,2276,7,1419,22,7
"595","2020-05-29",69,7,74,287,3522,0.396365701306076,0,0,297,272,21,2297,11,1430,16,11
"596","2020-05-30",87,7,63,275,3522,0.396365701306076,0,0,297,272,17,2314,20,1450,14,20
"597","2020-05-31",87,7,65,256,3522,0.396365701306076,0,0,297,272,25,2339,38,1488,21,38
"598","2020-06-01",84,7,65,249,3522,0.396365701306076,0,0,297,272,15,2354,31,1519,13,31
"599","2020-06-02",71,7,62,243,3522,0.396365701306076,0,0,297,272,15,2369,19,1538,13,19
"600","2020-06-03",76,7,52,243,3522,0.396365701306076,0,0,297,272,16,2385,17,1555,14,17
"601","2020-06-04",70,7,52,230,3522,0.396365701306076,0,0,297,272,19,2404,21,1576,16,21
"602","2020-06-05",73,7,40,216,3522,0.396365701306076,0,0,297,272,13,2417,20,1596,11,20
"603","2020-06-06",56,7,34,210,3522,0.396365701306076,0,0,297,272,13,2430,11,1607,11,11
"604","2020-06-07",53,7,34,210,3522,0.396365701306076,0,0,297,272,5,2435,3,1610,5,3
"605","2020-03-13",1,8,37,62,2987,0.512554402410445,0,0,244,684,20,42,3,16,1,3
"606","2020-03-14",2,8,62,79,2987,0.512554402410445,0,0,244,684,20,62,10,26,5,10
"607","2020-03-15",7,8,80,98,2987,0.512554402410445,0,0,244,684,14,76,10,36,3,10
"608","2020-03-16",7,8,79,123,2987,0.512554402410445,0,0,244,684,25,101,10,46,8,10
"609","2020-03-17",11,8,88,155,2987,0.512554402410445,0,0,244,684,16,117,2,48,6,2
"610","2020-03-18",20,8,105,182,2987,0.512554402410445,0,0,244,684,34,151,11,59,11,11
"611","2020-03-19",27,8,109,209,2987,0.512554402410445,0,0,244,684,19,170,6,65,11,6
"612","2020-03-20",30,8,115,232,2987,0.512554402410445,0,0,244,684,22,192,3,68,15,3
"613","2020-03-21",39,8,118,264,2987,0.512554402410445,0,0,244,684,15,207,4,72,4,4
"614","2020-03-22",48,8,130,291,2987,0.512554402410445,0,0,244,684,19,226,13,85,7,13
"615","2020-03-23",57,8,130,331,2987,0.512554402410445,0,0,244,684,18,244,13,98,8,13
"616","2020-03-24",67,8,132,346,2987,0.512554402410445,0,0,244,684,30,274,7,105,19,7
"617","2020-03-25",72,8,124,371,2987,0.512554402410445,0,0,244,684,26,300,6,111,10,6
"618","2020-03-26",75,8,128,371,2987,0.512554402410445,0,0,244,684,30,330,10,121,15,10
"619","2020-03-27",92,8,149,406,2987,0.512554402410445,0,0,244,684,32,362,7,128,17,7
"620","2020-03-28",98,8,158,417,2987,0.512554402410445,0,0,244,684,18,380,15,143,7,15
"621","2020-03-29",105,8,166,419,2987,0.512554402410445,0,0,244,684,28,408,17,160,18,17
"622","2020-03-30",116,8,171,426,2987,0.512554402410445,0,0,244,684,28,436,16,176,13,16
"623","2020-03-31",123,8,167,423,2987,0.512554402410445,0,0,244,684,26,462,15,191,7,15
"624","2020-04-01",123,8,165,429,2987,0.512554402410445,0,0,244,684,31,493,13,204,13,13
"625","2020-04-02",131,8,189,430,2987,0.512554402410445,0,0,244,684,26,519,13,217,17,13
"626","2020-04-03",123,8,194,439,2987,0.512554402410445,0,0,244,684,41,560,14,231,18,14
"627","2020-04-04",122,8,212,457,2987,0.512554402410445,0,0,244,684,23,583,12,243,8,12
"628","2020-04-05",121,8,222,448,2987,0.512554402410445,0,0,244,684,31,614,9,252,14,9
"629","2020-04-06",125,8,242,461,2987,0.512554402410445,0,0,244,684,28,642,14,266,9,14
"630","2020-04-07",124,8,258,448,2987,0.512554402410445,0,0,244,684,30,672,7,273,13,7
"631","2020-04-08",124,8,276,455,2987,0.512554402410445,0,0,244,684,33,705,14,287,15,14
"632","2020-04-09",125,8,255,459,2987,0.512554402410445,0,0,244,684,32,737,10,297,10,10
"633","2020-04-10",122,8,235,449,2987,0.512554402410445,0,0,244,684,21,758,17,314,7,17
"634","2020-04-11",120,8,235,444,2987,0.512554402410445,0,0,244,684,28,786,15,329,11,15
"635","2020-04-12",117,8,256,456,2987,0.512554402410445,0,0,244,684,31,817,16,345,11,16
"636","2020-04-13",118,8,253,454,2987,0.512554402410445,0,0,244,684,32,849,7,352,16,7
"637","2020-04-14",122,8,242,471,2987,0.512554402410445,0,0,244,684,32,881,12,364,11,12
"638","2020-04-15",124,8,236,474,2987,0.512554402410445,0,0,244,684,38,919,11,375,15,11
"639","2020-04-16",123,8,253,481,2987,0.512554402410445,0,0,244,684,29,948,22,397,14,22
"640","2020-04-17",132,8,264,475,2987,0.512554402410445,0,0,244,684,22,970,19,416,10,19
"641","2020-04-18",140,8,255,458,2987,0.512554402410445,0,0,244,684,26,996,11,427,9,11
"642","2020-04-19",155,8,230,472,2987,0.512554402410445,0,0,244,684,44,1040,8,435,18,8
"643","2020-04-20",144,8,228,475,2987,0.512554402410445,0,0,244,684,34,1074,7,442,11,7
"644","2020-04-21",138,8,233,467,2987,0.512554402410445,0,0,244,684,29,1103,9,451,12,9
"645","2020-04-22",143,8,212,460,2987,0.512554402410445,0,0,244,684,31,1134,8,459,7,8
"646","2020-04-23",153,8,197,468,2987,0.512554402410445,0,0,244,684,30,1164,10,469,12,10
"647","2020-04-24",152,8,187,453,2987,0.512554402410445,0,0,244,684,31,1195,14,483,12,14
"648","2020-04-25",150,8,173,448,2987,0.512554402410445,0,0,244,684,32,1227,10,493,12,10
"649","2020-04-26",129,8,172,459,2987,0.512554402410445,0,0,244,684,29,1256,5,498,17,5
"650","2020-04-27",132,8,180,460,2987,0.512554402410445,0,0,244,684,47,1303,26,524,29,26
"651","2020-04-28",133,8,207,460,2987,0.512554402410445,0,0,244,684,29,1332,15,539,11,15
"652","2020-04-29",127,8,249,454,2987,0.512554402410445,0,0,244,684,39,1371,14,553,20,14
"653","2020-04-30",118,8,245,442,2987,0.512554402410445,0,0,244,684,37,1408,21,574,11,21
"654","2020-05-01",118,8,225,447,2987,0.512554402410445,0,0,244,684,27,1435,11,585,13,11
"655","2020-05-02",130,8,216,435,2987,0.512554402410445,0,0,244,684,32,1467,17,602,20,17
"656","2020-05-03",137,8,248,446,2987,0.512554402410445,0,0,244,684,31,1498,24,626,11,24
"657","2020-05-04",137,8,251,438,2987,0.512554402410445,0,0,244,684,23,1521,10,636,8,10
"658","2020-05-05",133,8,255,436,2987,0.512554402410445,0,0,244,684,32,1553,16,652,19,16
"659","2020-05-06",133,8,276,432,2987,0.512554402410445,0,0,244,684,26,1579,18,670,12,18
"660","2020-05-07",126,8,294,428,2987,0.512554402410445,0,0,244,684,20,1599,14,684,9,14
"661","2020-05-08",132,8,307,430,2987,0.512554402410445,0,0,244,684,32,1631,31,715,15,31
"662","2020-05-09",115,8,290,419,2987,0.512554402410445,0,0,244,684,19,1650,24,739,6,24
"663","2020-05-10",115,8,282,406,2987,0.512554402410445,0,0,244,684,21,1671,16,755,4,16
"664","2020-05-11",116,8,270,392,2987,0.512554402410445,0,0,244,684,28,1699,19,774,10,19
"665","2020-05-12",121,8,247,393,2987,0.512554402410445,0,0,244,684,20,1719,11,785,6,11
"666","2020-05-13",124,8,252,385,2987,0.512554402410445,0,0,244,684,22,1741,14,799,6,14
"667","2020-05-14",128,8,249,363,2987,0.512554402410445,0,0,244,684,23,1764,20,819,10,20
"668","2020-05-15",118,8,243,377,2987,0.512554402410445,0,0,244,684,20,1784,17,836,3,17
"669","2020-05-16",121,8,238,352,2987,0.512554402410445,0,0,244,684,18,1802,15,851,9,15
"670","2020-05-17",114,8,205,336,2987,0.512554402410445,0,0,244,684,28,1830,16,867,10,16
"671","2020-05-18",103,8,193,331,2987,0.512554402410445,0,0,244,684,18,1848,9,876,8,9
"672","2020-05-19",98,8,198,305,2987,0.512554402410445,0,0,244,684,24,1872,4,880,12,4
"673","2020-05-20",91,8,198,294,2987,0.512554402410445,0,0,244,684,20,1892,2,882,5,2
"674","2020-05-21",84,8,189,279,2987,0.512554402410445,0,0,244,684,18,1910,5,887,9,5
"675","2020-05-22",84,8,192,280,2987,0.512554402410445,0,0,244,684,17,1927,13,900,5,13
"676","2020-05-23",72,8,186,261,2987,0.512554402410445,0,0,244,684,14,1941,15,915,8,15
"677","2020-05-24",77,8,167,254,2987,0.512554402410445,0,0,244,684,18,1959,13,928,12,13
"678","2020-05-25",78,8,184,252,2987,0.512554402410445,0,0,244,684,20,1979,17,945,11,17
"679","2020-05-26",74,8,178,243,2987,0.512554402410445,0,0,244,684,21,2000,14,959,12,14
"680","2020-05-27",72,8,184,243,2987,0.512554402410445,0,0,244,684,17,2017,14,973,9,14
"681","2020-05-28",71,8,169,243,2987,0.512554402410445,0,0,244,684,11,2028,12,985,7,12
"682","2020-05-29",67,8,162,230,2987,0.512554402410445,0,0,244,684,13,2041,3,988,6,3
"683","2020-05-30",68,8,167,225,2987,0.512554402410445,0,0,244,684,13,2054,4,992,8,4
"684","2020-05-31",64,8,162,218,2987,0.512554402410445,0,0,244,684,11,2065,4,996,3,4
"685","2020-06-01",64,8,165,208,2987,0.512554402410445,0,0,244,684,17,2082,10,1006,8,10
"686","2020-06-02",65,8,148,197,2987,0.512554402410445,0,0,244,684,11,2093,17,1023,4,17
"687","2020-06-03",61,8,159,194,2987,0.512554402410445,0,0,244,684,16,2109,25,1048,5,25
"688","2020-06-04",61,8,171,196,2987,0.512554402410445,0,0,244,684,10,2119,13,1061,8,13
"689","2020-06-05",57,8,164,193,2987,0.512554402410445,0,0,244,684,13,2132,20,1081,4,20
"690","2020-06-06",61,8,163,183,2987,0.512554402410445,0,0,244,684,3,2135,9,1090,1,9
"691","2020-06-07",53,8,155,179,2987,0.512554402410445,0,0,244,684,8,2143,7,1097,2,7
"692","2020-03-14",1,9,38,22,7118,0.977100309075583,0,0,603,514,5,16,10,37,1,10
"693","2020-03-15",1,9,35,36,7118,0.977100309075583,0,0,603,514,13,29,6,43,8,6
"694","2020-03-16",3,9,47,52,7118,0.977100309075583,0,0,603,514,15,44,6,49,10,6
"695","2020-03-17",4,9,55,71,7118,0.977100309075583,0,0,603,514,8,52,8,57,7,8
"696","2020-03-18",7,9,49,97,7118,0.977100309075583,0,0,603,514,13,65,4,61,11,4
"697","2020-03-19",9,9,66,129,7118,0.977100309075583,0,0,603,514,19,84,4,65,11,4
"698","2020-03-20",15,9,66,162,7118,0.977100309075583,0,0,603,514,13,97,7,72,8,7
"699","2020-03-21",20,9,63,209,7118,0.977100309075583,0,0,603,514,12,109,16,88,9,16
"700","2020-03-22",31,9,74,272,7118,0.977100309075583,0,0,603,514,16,125,13,101,14,13
"701","2020-03-23",37,9,103,325,7118,0.977100309075583,0,0,603,514,20,145,10,111,19,10
"702","2020-03-24",50,9,98,400,7118,0.977100309075583,0,0,603,514,28,173,25,136,23,25
"703","2020-03-25",59,9,82,482,7118,0.977100309075583,0,0,603,514,21,194,27,163,17,27
"704","2020-03-26",67,9,73,561,7118,0.977100309075583,0,0,603,514,13,207,16,179,11,16
"705","2020-03-27",81,9,67,670,7118,0.977100309075583,0,0,603,514,24,231,29,208,20,29
"706","2020-03-28",98,9,65,793,7118,0.977100309075583,0,0,603,514,31,262,21,229,28,21
"707","2020-03-29",122,9,55,891,7118,0.977100309075583,0,0,603,514,37,299,8,237,32,8
"708","2020-03-30",132,9,46,1050,7118,0.977100309075583,0,0,603,514,34,333,25,262,31,25
"709","2020-03-31",153,9,45,1154,7118,0.977100309075583,0,0,603,514,42,375,10,272,38,10
"710","2020-04-01",190,9,50,1299,7118,0.977100309075583,0,0,603,514,27,402,15,287,25,15
"711","2020-04-02",234,9,60,1441,7118,0.977100309075583,0,0,603,514,47,449,38,325,40,38
"712","2020-04-03",274,9,81,1607,7118,0.977100309075583,0,0,603,514,45,494,36,361,40,36
"713","2020-04-04",315,9,85,1762,7118,0.977100309075583,0,0,603,514,48,542,45,406,43,45
"714","2020-04-05",359,9,99,1912,7118,0.977100309075583,0,0,603,514,54,596,27,433,52,27
"715","2020-04-06",427,9,104,2049,7118,0.977100309075583,0,0,603,514,64,660,39,472,59,39
"716","2020-04-07",469,9,111,2220,7118,0.977100309075583,0,0,603,514,62,722,30,502,56,30
"717","2020-04-08",516,9,113,2357,7118,0.977100309075583,0,0,603,514,66,788,19,521,64,19
"718","2020-04-09",542,9,119,2519,7118,0.977100309075583,0,0,603,514,65,853,16,537,55,16
"719","2020-04-10",585,9,116,2647,7118,0.977100309075583,0,0,603,514,70,923,11,548,67,11
"720","2020-04-11",619,9,116,2718,7118,0.977100309075583,0,0,603,514,57,980,10,558,53,10
"721","2020-04-12",652,9,126,2848,7118,0.977100309075583,0,0,603,514,75,1055,29,587,72,29
"722","2020-04-13",677,9,118,2915,7118,0.977100309075583,0,0,603,514,87,1142,15,602,87,15
"723","2020-04-14",725,9,137,2978,7118,0.977100309075583,0,0,603,514,56,1198,8,610,53,8
"724","2020-04-15",756,9,147,2947,7118,0.977100309075583,0,0,603,514,70,1268,3,613,67,3
"725","2020-04-16",792,9,164,2925,7118,0.977100309075583,0,0,603,514,78,1346,6,619,77,6
"726","2020-04-17",814,9,156,2827,7118,0.977100309075583,0,0,603,514,99,1445,31,650,95,31
"727","2020-04-18",820,9,147,2740,7118,0.977100309075583,0,0,603,514,49,1494,27,677,44,27
"728","2020-04-19",830,9,145,2631,7118,0.977100309075583,0,0,603,514,89,1583,45,722,87,45
"729","2020-04-20",843,9,135,2494,7118,0.977100309075583,0,0,603,514,72,1655,26,748,65,26
"730","2020-04-21",824,9,109,2334,7118,0.977100309075583,0,0,603,514,66,1721,25,773,62,25
"731","2020-04-22",797,9,124,2181,7118,0.977100309075583,0,0,603,514,80,1801,24,797,77,24
"732","2020-04-23",759,9,126,1983,7118,0.977100309075583,0,0,603,514,60,1861,32,829,56,32
"733","2020-04-24",718,9,120,1801,7118,0.977100309075583,0,0,603,514,86,1947,14,843,80,14
"734","2020-04-25",683,9,121,1631,7118,0.977100309075583,0,0,603,514,80,2027,16,859,77,16
"735","2020-04-26",626,9,130,1464,7118,0.977100309075583,0,0,603,514,74,2101,7,866,71,7
"736","2020-04-27",548,9,113,1306,7118,0.977100309075583,0,0,603,514,82,2183,36,902,77,36
"737","2020-04-28",501,9,109,1161,7118,0.977100309075583,0,0,603,514,75,2258,48,950,70,48
"738","2020-04-29",457,9,100,1011,7118,0.977100309075583,0,0,603,514,65,2323,23,973,60,23
"739","2020-04-30",417,9,93,866,7118,0.977100309075583,0,0,603,514,97,2420,21,994,94,21
"740","2020-05-01",357,9,105,746,7118,0.977100309075583,0,0,603,514,73,2493,11,1005,69,11
"741","2020-05-02",332,9,106,631,7118,0.977100309075583,0,0,603,514,79,2572,13,1018,77,13
"742","2020-05-03",291,9,97,555,7118,0.977100309075583,0,0,603,514,90,2662,4,1022,88,4
"743","2020-05-04",267,9,101,469,7118,0.977100309075583,0,0,603,514,82,2744,9,1031,78,9
"744","2020-05-05",219,9,115,391,7118,0.977100309075583,0,0,603,514,79,2823,3,1034,74,3
"745","2020-05-06",179,9,122,325,7118,0.977100309075583,0,0,603,514,71,2894,4,1038,68,4
"746","2020-05-07",152,9,110,267,7118,0.977100309075583,0,0,603,514,66,2960,7,1045,65,7
"747","2020-05-08",137,9,97,230,7118,0.977100309075583,0,0,603,514,97,3057,4,1049,93,4
"748","2020-05-09",103,9,86,189,7118,0.977100309075583,0,0,603,514,63,3120,31,1080,58,31
"749","2020-05-10",85,9,100,153,7118,0.977100309075583,0,0,603,514,90,3210,39,1119,88,39
"750","2020-05-11",68,9,103,122,7118,0.977100309075583,0,0,603,514,66,3276,40,1159,62,40
"751","2020-05-12",61,9,93,95,7118,0.977100309075583,0,0,603,514,54,3330,33,1192,51,33
"752","2020-05-13",51,9,79,86,7118,0.977100309075583,0,0,603,514,48,3378,15,1207,47,15
"753","2020-05-14",44,9,75,76,7118,0.977100309075583,0,0,603,514,58,3436,9,1216,57,9
"754","2020-05-15",38,9,91,70,7118,0.977100309075583,0,0,603,514,58,3494,9,1225,52,9
"755","2020-05-16",35,9,105,62,7118,0.977100309075583,0,0,603,514,46,3540,12,1237,42,12
"756","2020-05-17",31,9,110,50,7118,0.977100309075583,0,0,603,514,48,3588,23,1260,44,23
"757","2020-05-18",26,9,124,43,7118,0.977100309075583,0,0,603,514,45,3633,7,1267,44,7
"758","2020-05-19",22,9,133,39,7118,0.977100309075583,0,0,603,514,40,3673,13,1280,38,13
"759","2020-05-20",17,9,137,31,7118,0.977100309075583,0,0,603,514,31,3704,18,1298,29,18
"760","2020-05-21",14,9,144,29,7118,0.977100309075583,0,0,603,514,40,3744,30,1328,37,30
"761","2020-05-22",13,9,151,20,7118,0.977100309075583,0,0,603,514,37,3781,12,1340,36,12
"762","2020-05-23",6,9,152,17,7118,0.977100309075583,0,0,603,514,25,3806,34,1374,25,34
"763","2020-05-24",4,9,149,14,7118,0.977100309075583,0,0,603,514,32,3838,36,1410,31,36
"764","2020-05-25",6,9,144,15,7118,0.977100309075583,0,0,603,514,20,3858,44,1454,20,44
"765","2020-05-26",7,9,133,15,7118,0.977100309075583,0,0,603,514,33,3891,33,1487,31,33
"766","2020-05-27",7,9,124,15,7118,0.977100309075583,0,0,603,514,35,3926,39,1526,33,39
"767","2020-05-28",7,9,117,17,7118,0.977100309075583,0,0,603,514,17,3943,32,1558,16,32
"768","2020-05-29",6,9,121,19,7118,0.977100309075583,0,0,603,514,30,3973,25,1583,28,25
"769","2020-05-30",6,9,130,17,7118,0.977100309075583,0,0,603,514,22,3995,35,1618,19,35
"770","2020-05-31",6,9,117,19,7118,0.977100309075583,0,0,603,514,20,4015,31,1649,20,31
"771","2020-06-01",4,9,121,19,7118,0.977100309075583,0,0,603,514,29,4044,13,1662,28,13
"772","2020-06-02",3,9,113,20,7118,0.977100309075583,0,0,603,514,26,4070,18,1680,23,18
"773","2020-06-03",3,9,109,20,7118,0.977100309075583,0,0,603,514,19,4089,23,1703,18,23
"774","2020-06-04",3,9,103,22,7118,0.977100309075583,0,0,603,514,30,4119,29,1732,30,29
"775","2020-06-05",4,9,97,20,7118,0.977100309075583,0,0,603,514,18,4137,19,1751,18,19
"776","2020-06-06",4,9,95,18,7118,0.977100309075583,0,0,603,514,21,4158,14,1765,21,14
"777","2020-06-07",5,9,93,15,7118,0.977100309075583,0,0,603,514,20,4178,30,1795,20,30
"778","2020-03-15",1,10,68,23,1341,0.697986577181208,0,0,136,391,10,53,1,14,5,1
"779","2020-03-16",2,10,69,31,1341,0.697986577181208,0,0,136,391,19,72,2,16,6,2
"780","2020-03-17",2,10,56,36,1341,0.697986577181208,0,0,136,391,28,100,1,17,18,1
"781","2020-03-18",4,10,62,46,1341,0.697986577181208,0,0,136,391,26,126,6,23,17,6
"782","2020-03-19",4,10,68,54,1341,0.697986577181208,0,0,136,391,24,150,5,28,9,5
"783","2020-03-20",7,10,76,58,1341,0.697986577181208,0,0,136,391,29,179,7,35,13,7
"784","2020-03-21",8,10,69,68,1341,0.697986577181208,0,0,136,391,29,208,16,51,19,16
"785","2020-03-22",10,10,74,81,1341,0.697986577181208,0,0,136,391,30,238,5,56,14,5
"786","2020-03-23",11,10,57,87,1341,0.697986577181208,0,0,136,391,35,273,5,61,17,5
"787","2020-03-24",15,10,59,95,1341,0.697986577181208,0,0,136,391,44,317,8,69,29,8
"788","2020-03-25",15,10,65,106,1341,0.697986577181208,0,0,136,391,47,364,7,76,34,7
"789","2020-03-26",18,10,78,118,1341,0.697986577181208,0,0,136,391,49,413,6,82,38,6
"790","2020-03-27",17,10,86,133,1341,0.697986577181208,0,0,136,391,49,462,5,87,31,5
"791","2020-03-28",24,10,94,151,1341,0.697986577181208,0,0,136,391,60,522,2,89,43,2
"792","2020-03-29",28,10,105,169,1341,0.697986577181208,0,0,136,391,48,570,4,93,38,4
"793","2020-03-30",35,10,110,186,1341,0.697986577181208,0,0,136,391,54,624,10,103,40,10
"794","2020-03-31",39,10,107,204,1341,0.697986577181208,0,0,136,391,51,675,4,107,44,4
"795","2020-04-01",42,10,109,207,1341,0.697986577181208,0,0,136,391,48,723,1,108,37,1
"796","2020-04-02",48,10,118,207,1341,0.697986577181208,0,0,136,391,51,774,9,117,39,9
"797","2020-04-03",58,10,137,213,1341,0.697986577181208,0,0,136,391,70,844,16,133,58,16
"798","2020-04-04",61,10,153,207,1341,0.697986577181208,0,0,136,391,68,912,13,146,51,13
"799","2020-04-05",68,10,147,214,1341,0.697986577181208,0,0,136,391,89,1001,5,151,79,5
"800","2020-04-06",68,10,157,218,1341,0.697986577181208,0,0,136,391,66,1067,4,155,52,4
"801","2020-04-07",69,10,168,217,1341,0.697986577181208,0,0,136,391,68,1135,4,159,54,4
"802","2020-04-08",78,10,152,217,1341,0.697986577181208,0,0,136,391,63,1198,25,184,50,25
"803","2020-04-09",80,10,134,213,1341,0.697986577181208,0,0,136,391,59,1257,14,198,46,14
"804","2020-04-10",77,10,143,226,1341,0.697986577181208,0,0,136,391,61,1318,29,227,45,29
"805","2020-04-11",75,10,124,217,1341,0.697986577181208,0,0,136,391,72,1390,14,241,53,14
"806","2020-04-12",70,10,140,203,1341,0.697986577181208,0,0,136,391,72,1462,5,246,54,5
"807","2020-04-13",67,10,138,212,1341,0.697986577181208,0,0,136,391,78,1540,16,262,68,16
"808","2020-04-14",68,10,138,204,1341,0.697986577181208,0,0,136,391,61,1601,24,286,52,24
"809","2020-04-15",61,10,128,202,1341,0.697986577181208,0,0,136,391,69,1670,29,315,52,29
"810","2020-04-16",58,10,137,193,1341,0.697986577181208,0,0,136,391,67,1737,22,337,57,22
"811","2020-04-17",51,10,168,201,1341,0.697986577181208,0,0,136,391,62,1799,15,352,46,15
"812","2020-04-18",55,10,167,216,1341,0.697986577181208,0,0,136,391,74,1873,11,363,63,11
"813","2020-04-19",56,10,133,213,1341,0.697986577181208,0,0,136,391,58,1931,12,375,49,12
"814","2020-04-20",57,10,111,210,1341,0.697986577181208,0,0,136,391,83,2014,12,387,66,12
"815","2020-04-21",52,10,113,206,1341,0.697986577181208,0,0,136,391,52,2066,12,399,40,12
"816","2020-04-22",59,10,104,197,1341,0.697986577181208,0,0,136,391,68,2134,33,432,52,33
"817","2020-04-23",60,10,96,195,1341,0.697986577181208,0,0,136,391,55,2189,19,451,48,19
"818","2020-04-24",64,10,108,194,1341,0.697986577181208,0,0,136,391,85,2274,23,474,75,23
"819","2020-04-25",57,10,115,197,1341,0.697986577181208,0,0,136,391,38,2312,24,498,30,24
"820","2020-04-26",53,10,126,208,1341,0.697986577181208,0,0,136,391,58,2370,9,507,51,9
"821","2020-04-27",56,10,140,206,1341,0.697986577181208,0,0,136,391,44,2414,5,512,33,5
"822","2020-04-28",63,10,166,201,1341,0.697986577181208,0,0,136,391,46,2460,5,517,33,5
"823","2020-04-29",61,10,150,195,1341,0.697986577181208,0,0,136,391,78,2538,3,520,68,3
"824","2020-04-30",59,10,151,191,1341,0.697986577181208,0,0,136,391,63,2601,11,531,45,11
"825","2020-05-01",57,10,143,188,1341,0.697986577181208,0,0,136,391,54,2655,11,542,45,11
"826","2020-05-02",62,10,137,192,1341,0.697986577181208,0,0,136,391,56,2711,9,551,40,9
"827","2020-05-03",63,10,127,185,1341,0.697986577181208,0,0,136,391,51,2762,13,564,38,13
"828","2020-05-04",66,10,134,187,1341,0.697986577181208,0,0,136,391,55,2817,19,583,46,19
"829","2020-05-05",62,10,145,194,1341,0.697986577181208,0,0,136,391,40,2857,19,602,36,19
"830","2020-05-06",56,10,145,197,1341,0.697986577181208,0,0,136,391,35,2892,16,618,27,16
"831","2020-05-07",61,10,148,188,1341,0.697986577181208,0,0,136,391,50,2942,11,629,25,11
"832","2020-05-08",59,10,132,182,1341,0.697986577181208,0,0,136,391,60,3002,20,649,48,20
"833","2020-05-09",55,10,143,181,1341,0.697986577181208,0,0,136,391,26,3028,22,671,17,22
"834","2020-05-10",54,10,139,167,1341,0.697986577181208,0,0,136,391,41,3069,31,702,30,31
"835","2020-05-11",46,10,130,152,1341,0.697986577181208,0,0,136,391,31,3100,26,728,25,26
"836","2020-05-12",50,10,138,144,1341,0.697986577181208,0,0,136,391,40,3140,15,743,30,15
"837","2020-05-13",48,10,136,142,1341,0.697986577181208,0,0,136,391,29,3169,10,753,19,10
"838","2020-05-14",40,10,130,138,1341,0.697986577181208,0,0,136,391,36,3205,13,766,30,13
"839","2020-05-15",41,10,133,147,1341,0.697986577181208,0,0,136,391,31,3236,20,786,22,20
"840","2020-05-16",45,10,118,158,1341,0.697986577181208,0,0,136,391,31,3267,18,804,24,18
"841","2020-05-17",45,10,124,154,1341,0.697986577181208,0,0,136,391,39,3306,22,826,33,22
"842","2020-05-18",47,10,130,147,1341,0.697986577181208,0,0,136,391,28,3334,10,836,19,10
"843","2020-05-19",43,10,139,146,1341,0.697986577181208,0,0,136,391,23,3357,5,841,19,5
"844","2020-05-20",42,10,146,147,1341,0.697986577181208,0,0,136,391,17,3374,6,847,10,6
"845","2020-05-21",41,10,135,146,1341,0.697986577181208,0,0,136,391,30,3404,7,854,22,7
"846","2020-05-22",43,10,122,142,1341,0.697986577181208,0,0,136,391,20,3424,13,867,15,13
"847","2020-05-23",40,10,118,143,1341,0.697986577181208,0,0,136,391,30,3454,22,889,22,22
"848","2020-05-24",39,10,106,141,1341,0.697986577181208,0,0,136,391,24,3478,17,906,18,17
"849","2020-05-25",37,10,90,153,1341,0.697986577181208,0,0,136,391,25,3503,19,925,17,19
"850","2020-05-26",36,10,95,143,1341,0.697986577181208,0,0,136,391,24,3527,4,929,14,4
"851","2020-05-27",39,10,101,144,1341,0.697986577181208,0,0,136,391,23,3550,8,937,16,8
"852","2020-05-28",43,10,95,132,1341,0.697986577181208,0,0,136,391,19,3569,6,943,12,6
"853","2020-05-29",41,10,78,132,1341,0.697986577181208,0,0,136,391,17,3586,10,953,13,10
"854","2020-05-30",38,10,67,130,1341,0.697986577181208,0,0,136,391,22,3608,5,958,17,5
"855","2020-05-31",43,10,61,123,1341,0.697986577181208,0,0,136,391,20,3628,7,965,14,7
"856","2020-06-01",42,10,63,116,1341,0.697986577181208,0,0,136,391,7,3635,4,969,4,4
"857","2020-06-02",37,10,53,112,1341,0.697986577181208,0,0,136,391,23,3658,7,976,20,7
"858","2020-06-03",34,10,57,110,1341,0.697986577181208,0,0,136,391,10,3668,12,988,7,12
"859","2020-06-04",28,10,55,120,1341,0.697986577181208,0,0,136,391,14,3682,13,1001,10,13
"860","2020-06-05",29,10,71,125,1341,0.697986577181208,0,0,136,391,15,3697,10,1011,14,10
"861","2020-06-06",29,10,79,120,1341,0.697986577181208,0,0,136,391,15,3712,7,1018,13,7
"862","2020-06-07",25,10,74,123,1341,0.697986577181208,0,0,136,391,13,3725,5,1023,10,5
"863","2020-03-14",1,11,45,54,3166,0.560328490208465,0,0,250,449,17,81,14,65,3,14
"864","2020-03-15",4,11,46,71,3166,0.560328490208465,0,0,250,449,35,116,31,96,11,31
"865","2020-03-16",7,11,49,87,3166,0.560328490208465,0,0,250,449,28,144,16,112,8,16
"866","2020-03-17",10,11,50,113,3166,0.560328490208465,0,0,250,449,38,182,16,128,15,16
"867","2020-03-18",17,11,69,138,3166,0.560328490208465,0,0,250,449,22,204,20,148,8,20
"868","2020-03-19",22,11,67,156,3166,0.560328490208465,0,0,250,449,33,237,30,178,14,30
"869","2020-03-20",26,11,73,187,3166,0.560328490208465,0,0,250,449,40,277,28,206,19,28
"870","2020-03-21",34,11,75,212,3166,0.560328490208465,0,0,250,449,40,317,28,234,19,28
"871","2020-03-22",37,11,70,232,3166,0.560328490208465,0,0,250,449,35,352,38,272,14,38
"872","2020-03-23",46,11,69,278,3166,0.560328490208465,0,0,250,449,46,398,38,310,29,38
"873","2020-03-24",51,11,73,307,3166,0.560328490208465,0,0,250,449,50,448,39,349,23,39
"874","2020-03-25",58,11,74,334,3166,0.560328490208465,0,0,250,449,38,486,26,375,27,26
"875","2020-03-26",63,11,72,352,3166,0.560328490208465,0,0,250,449,57,543,31,406,29,31
"876","2020-03-27",75,11,71,368,3166,0.560328490208465,0,0,250,449,49,592,48,454,23,48
"877","2020-03-28",73,11,82,401,3166,0.560328490208465,0,0,250,449,48,640,58,512,25,58
"878","2020-03-29",78,11,84,420,3166,0.560328490208465,0,0,250,449,55,695,34,546,24,34
"879","2020-03-30",81,11,84,449,3166,0.560328490208465,0,0,250,449,47,742,43,589,33,43
"880","2020-03-31",93,11,85,460,3166,0.560328490208465,0,0,250,449,52,794,31,620,35,31
"881","2020-04-01",104,11,98,490,3166,0.560328490208465,0,0,250,449,57,851,26,646,36,26
"882","2020-04-02",113,11,125,506,3166,0.560328490208465,0,0,250,449,48,899,56,702,23,56
"883","2020-04-03",112,11,103,523,3166,0.560328490208465,0,0,250,449,40,939,37,739,29,37
"884","2020-04-04",125,11,107,541,3166,0.560328490208465,0,0,250,449,67,1006,41,780,42,41
"885","2020-04-05",133,11,102,565,3166,0.560328490208465,0,0,250,449,46,1052,41,821,28,41
"886","2020-04-06",144,11,94,556,3166,0.560328490208465,0,0,250,449,49,1101,51,872,22,51
"887","2020-04-07",149,11,109,564,3166,0.560328490208465,0,0,250,449,46,1147,55,927,21,55
"888","2020-04-08",148,11,103,584,3166,0.560328490208465,0,0,250,449,43,1190,33,960,17,33
"889","2020-04-09",152,11,107,590,3166,0.560328490208465,0,0,250,449,45,1235,58,1018,19,58
"890","2020-04-10",161,11,107,589,3166,0.560328490208465,0,0,250,449,62,1297,27,1045,26,27
"891","2020-04-11",157,11,129,609,3166,0.560328490208465,0,0,250,449,43,1340,35,1080,17,35
"892","2020-04-12",168,11,156,615,3166,0.560328490208465,0,0,250,449,65,1405,49,1129,29,49
"893","2020-04-13",166,11,152,605,3166,0.560328490208465,0,0,250,449,59,1464,59,1188,25,59
"894","2020-04-14",177,11,166,597,3166,0.560328490208465,0,0,250,449,58,1522,49,1237,36,49
"895","2020-04-15",184,11,185,594,3166,0.560328490208465,0,0,250,449,52,1574,45,1282,31,45
"896","2020-04-16",180,11,200,547,3166,0.560328490208465,0,0,250,449,57,1631,36,1318,26,36
"897","2020-04-17",180,11,184,537,3166,0.560328490208465,0,0,250,449,54,1685,39,1357,31,39
"898","2020-04-18",190,11,160,509,3166,0.560328490208465,0,0,250,449,46,1731,28,1385,30,28
"899","2020-04-19",179,11,153,481,3166,0.560328490208465,0,0,250,449,58,1789,34,1419,30,34
"900","2020-04-20",175,11,178,472,3166,0.560328490208465,0,0,250,449,49,1838,30,1449,23,30
"901","2020-04-21",156,11,162,459,3166,0.560328490208465,0,0,250,449,60,1898,31,1480,34,31
"902","2020-04-22",139,11,157,426,3166,0.560328490208465,0,0,250,449,52,1950,33,1513,34,33
"903","2020-04-23",133,11,131,401,3166,0.560328490208465,0,0,250,449,52,2002,46,1559,29,46
"904","2020-04-24",130,11,128,388,3166,0.560328490208465,0,0,250,449,45,2047,47,1606,27,47
"905","2020-04-25",124,11,148,378,3166,0.560328490208465,0,0,250,449,47,2094,55,1661,31,55
"906","2020-04-26",123,11,156,382,3166,0.560328490208465,0,0,250,449,54,2148,62,1723,34,62
"907","2020-04-27",117,11,173,366,3166,0.560328490208465,0,0,250,449,46,2194,62,1785,23,62
"908","2020-04-28",116,11,159,363,3166,0.560328490208465,0,0,250,449,54,2248,54,1839,26,54
"909","2020-04-29",113,11,168,378,3166,0.560328490208465,0,0,250,449,44,2292,39,1878,25,39
"910","2020-04-30",112,11,161,379,3166,0.560328490208465,0,0,250,449,43,2335,50,1928,21,50
"911","2020-05-01",107,11,169,377,3166,0.560328490208465,0,0,250,449,51,2386,55,1983,23,55
"912","2020-05-02",101,11,156,380,3166,0.560328490208465,0,0,250,449,41,2427,53,2036,18,53
"913","2020-05-03",100,11,135,388,3166,0.560328490208465,0,0,250,449,37,2464,38,2074,12,38
"914","2020-05-04",102,11,119,385,3166,0.560328490208465,0,0,250,449,49,2513,33,2107,20,33
"915","2020-05-05",99,11,109,399,3166,0.560328490208465,0,0,250,449,40,2553,32,2139,20,32
"916","2020-05-06",102,11,103,397,3166,0.560328490208465,0,0,250,449,48,2601,25,2164,27,25
"917","2020-05-07",98,11,92,395,3166,0.560328490208465,0,0,250,449,44,2645,22,2186,21,22
"918","2020-05-08",93,11,110,412,3166,0.560328490208465,0,0,250,449,39,2684,43,2229,19,43
"919","2020-05-09",97,11,133,415,3166,0.560328490208465,0,0,250,449,48,2732,47,2276,21,47
"920","2020-05-10",102,11,148,409,3166,0.560328490208465,0,0,250,449,28,2760,48,2324,11,48
"921","2020-05-11",102,11,170,416,3166,0.560328490208465,0,0,250,449,46,2806,48,2372,23,48
"922","2020-05-12",108,11,152,422,3166,0.560328490208465,0,0,250,449,29,2835,42,2414,16,42
"923","2020-05-13",110,11,140,416,3166,0.560328490208465,0,0,250,449,36,2871,35,2449,21,35
"924","2020-05-14",119,11,139,404,3166,0.560328490208465,0,0,250,449,27,2898,32,2481,13,32
"925","2020-05-15",135,11,117,383,3166,0.560328490208465,0,0,250,449,38,2936,50,2531,23,50
"926","2020-05-16",132,11,126,381,3166,0.560328490208465,0,0,250,449,22,2958,38,2569,12,38
"927","2020-05-17",123,11,127,364,3166,0.560328490208465,0,0,250,449,35,2993,35,2604,21,35
"928","2020-05-18",125,11,120,345,3166,0.560328490208465,0,0,250,449,28,3021,28,2632,14,28
"929","2020-05-19",113,11,133,351,3166,0.560328490208465,0,0,250,449,29,3050,40,2672,17,40
"930","2020-05-20",110,11,131,330,3166,0.560328490208465,0,0,250,449,40,3090,30,2702,20,30
"931","2020-05-21",103,11,116,308,3166,0.560328490208465,0,0,250,449,26,3116,20,2722,15,20
"932","2020-05-22",91,11,107,306,3166,0.560328490208465,0,0,250,449,34,3150,26,2748,20,26
"933","2020-05-23",91,11,118,297,3166,0.560328490208465,0,0,250,449,31,3181,37,2785,10,37
"934","2020-05-24",95,11,134,294,3166,0.560328490208465,0,0,250,449,23,3204,22,2807,14,23
"935","2020-05-25",85,11,136,284,3166,0.560328490208465,0,0,250,449,25,3229,26,2833,17,26
"936","2020-05-26",91,11,115,274,3166,0.560328490208465,0,0,250,449,21,3250,33,2866,12,33
"937","2020-05-27",86,11,109,272,3166,0.560328490208465,0,0,250,449,27,3277,53,2919,14,53
"938","2020-05-28",80,11,101,266,3166,0.560328490208465,0,0,250,449,18,3295,31,2950,7,31
"939","2020-05-29",79,11,89,255,3166,0.560328490208465,0,0,250,449,23,3318,44,2994,14,44
"940","2020-05-30",79,11,80,246,3166,0.560328490208465,0,0,250,449,25,3343,30,3024,12,30
"941","2020-05-31",66,11,73,250,3166,0.560328490208465,0,0,250,449,21,3364,30,3054,12,30
"942","2020-06-01",72,11,80,235,3166,0.560328490208465,0,0,250,449,15,3379,39,3093,7,39
"943","2020-06-02",69,11,73,235,3166,0.560328490208465,0,0,250,449,14,3393,47,3140,9,47
"944","2020-06-03",67,11,71,228,3166,0.560328490208465,0,0,250,449,10,3403,28,3168,5,28
"945","2020-06-04",72,11,59,218,3166,0.560328490208465,0,0,250,449,17,3420,48,3216,11,48
"946","2020-06-05",72,11,57,220,3166,0.560328490208465,0,0,250,449,12,3432,30,3246,8,30
"947","2020-06-06",73,11,66,224,3166,0.560328490208465,0,0,250,449,12,3444,45,3291,8,45
"948","2020-06-07",76,11,67,217,3166,0.560328490208465,0,0,250,449,13,3457,36,3327,8,36
"949","2020-03-14",1,12,29,86,2892,0.426694329183956,0,0,248,325,14,45,3,23,4,3
"950","2020-03-15",3,12,31,109,2892,0.426694329183956,0,0,248,325,16,61,1,24,10,1
"951","2020-03-16",5,12,30,132,2892,0.426694329183956,0,0,248,325,13,74,4,28,5,4
"952","2020-03-17",8,12,45,153,2892,0.426694329183956,0,0,248,325,19,93,19,47,11,19
"953","2020-03-18",18,12,58,171,2892,0.426694329183956,0,0,248,325,19,112,10,57,14,10
"954","2020-03-19",24,12,56,196,2892,0.426694329183956,0,0,248,325,30,142,11,68,18,11
"955","2020-03-20",32,12,62,220,2892,0.426694329183956,0,0,248,325,30,172,19,87,19,19
"956","2020-03-21",46,12,60,251,2892,0.426694329183956,0,0,248,325,24,196,21,108,15,21
"957","2020-03-22",56,12,67,273,2892,0.426694329183956,0,0,248,325,31,227,17,125,25,17
"958","2020-03-23",70,12,67,284,2892,0.426694329183956,0,0,248,325,24,251,11,136,13,11
"959","2020-03-24",76,12,67,303,2892,0.426694329183956,0,0,248,325,41,292,30,166,34,30
"960","2020-03-25",81,12,69,310,2892,0.426694329183956,0,0,248,325,48,340,19,185,36,19
"961","2020-03-26",87,12,68,323,2892,0.426694329183956,0,0,248,325,41,381,7,192,30,7
"962","2020-03-27",93,12,67,342,2892,0.426694329183956,0,0,248,325,38,419,11,203,28,11
"963","2020-03-28",93,12,73,338,2892,0.426694329183956,0,0,248,325,45,464,13,216,36,13
"964","2020-03-29",92,12,76,362,2892,0.426694329183956,0,0,248,325,33,497,28,244,29,28
"965","2020-03-30",94,12,81,369,2892,0.426694329183956,0,0,248,325,57,554,2,246,47,2
"966","2020-03-31",102,12,74,382,2892,0.426694329183956,0,0,248,325,40,594,10,256,28,10
"967","2020-04-01",104,12,58,394,2892,0.426694329183956,0,0,248,325,57,651,7,263,45,7
"968","2020-04-02",106,12,66,412,2892,0.426694329183956,0,0,248,325,56,707,12,275,43,12
"969","2020-04-03",108,12,74,422,2892,0.426694329183956,0,0,248,325,62,769,13,288,53,13
"970","2020-04-04",109,12,74,441,2892,0.426694329183956,0,0,248,325,47,816,9,297,41,9
"971","2020-04-05",122,12,88,442,2892,0.426694329183956,0,0,248,325,53,869,30,327,44,30
"972","2020-04-06",119,12,91,454,2892,0.426694329183956,0,0,248,325,64,933,19,346,52,19
"973","2020-04-07",116,12,98,473,2892,0.426694329183956,0,0,248,325,65,998,23,369,54,23
"974","2020-04-08",122,12,108,470,2892,0.426694329183956,0,0,248,325,49,1047,13,382,40,13
"975","2020-04-09",130,12,112,470,2892,0.426694329183956,0,0,248,325,60,1107,19,401,47,19
"976","2020-04-10",137,12,110,465,2892,0.426694329183956,0,0,248,325,66,1173,22,423,59,22
"977","2020-04-11",140,12,113,454,2892,0.426694329183956,0,0,248,325,65,1238,16,439,55,16
"978","2020-04-12",138,12,128,448,2892,0.426694329183956,0,0,248,325,54,1292,19,458,43,19
"979","2020-04-13",136,12,128,449,2892,0.426694329183956,0,0,248,325,61,1353,17,475,54,17
"980","2020-04-14",137,12,129,442,2892,0.426694329183956,0,0,248,325,68,1421,36,511,59,36
"981","2020-04-15",128,12,130,440,2892,0.426694329183956,0,0,248,325,63,1484,20,531,55,20
"982","2020-04-16",121,12,114,441,2892,0.426694329183956,0,0,248,325,69,1553,9,540,52,9
"983","2020-04-17",121,12,105,434,2892,0.426694329183956,0,0,248,325,51,1604,9,549,41,9
"984","2020-04-18",119,12,99,430,2892,0.426694329183956,0,0,248,325,66,1670,17,566,54,17
"985","2020-04-19",119,12,91,434,2892,0.426694329183956,0,0,248,325,78,1748,39,605,61,39
"986","2020-04-20",122,12,80,440,2892,0.426694329183956,0,0,248,325,70,1818,24,629,56,24
"987","2020-04-21",123,12,84,438,2892,0.426694329183956,0,0,248,325,63,1881,16,645,55,16
"988","2020-04-22",126,12,77,436,2892,0.426694329183956,0,0,248,325,77,1958,14,659,66,14
"989","2020-04-23",131,12,76,428,2892,0.426694329183956,0,0,248,325,61,2019,10,669,50,10
"990","2020-04-24",120,12,78,425,2892,0.426694329183956,0,0,248,325,47,2066,10,679,33,10
"991","2020-04-25",121,12,65,429,2892,0.426694329183956,0,0,248,325,46,2112,22,701,42,22
"992","2020-04-26",121,12,64,443,2892,0.426694329183956,0,0,248,325,61,2173,12,713,49,12
"993","2020-04-27",121,12,66,426,2892,0.426694329183956,0,0,248,325,59,2232,12,725,49,12
"994","2020-04-28",128,12,67,421,2892,0.426694329183956,0,0,248,325,60,2292,15,740,49,15
"995","2020-04-29",131,12,70,423,2892,0.426694329183956,0,0,248,325,53,2345,14,754,40,14
"996","2020-04-30",122,12,79,438,2892,0.426694329183956,0,0,248,325,40,2385,19,773,35,19
"997","2020-05-01",124,12,84,448,2892,0.426694329183956,0,0,248,325,53,2438,34,807,43,34
"998","2020-05-02",129,12,86,454,2892,0.426694329183956,0,0,248,325,50,2488,40,847,40,40
"999","2020-05-03",120,12,76,468,2892,0.426694329183956,0,0,248,325,43,2531,38,885,36,38
"1000","2020-05-04",126,12,87,479,2892,0.426694329183956,0,0,248,325,61,2592,28,913,52,28
"1001","2020-05-05",115,12,85,483,2892,0.426694329183956,0,0,248,325,44,2636,27,940,35,27
"1002","2020-05-06",110,12,93,486,2892,0.426694329183956,0,0,248,325,52,2688,32,972,37,32
"1003","2020-05-07",121,12,105,483,2892,0.426694329183956,0,0,248,325,48,2736,20,992,36,20
"1004","2020-05-08",125,12,94,484,2892,0.426694329183956,0,0,248,325,32,2768,27,1019,24,27
"1005","2020-05-09",122,12,104,465,2892,0.426694329183956,0,0,248,325,45,2813,27,1046,38,27
"1006","2020-05-10",129,12,102,448,2892,0.426694329183956,0,0,248,325,46,2859,32,1078,41,32
"1007","2020-05-11",124,12,102,432,2892,0.426694329183956,0,0,248,325,48,2907,24,1102,36,24
"1008","2020-05-12",131,12,111,415,2892,0.426694329183956,0,0,248,325,40,2947,42,1144,35,42
"1009","2020-05-13",130,12,124,408,2892,0.426694329183956,0,0,248,325,31,2978,36,1180,24,36
"1010","2020-05-14",124,12,120,405,2892,0.426694329183956,0,0,248,325,33,3011,30,1210,25,30
"1011","2020-05-15",123,12,115,397,2892,0.426694329183956,0,0,248,325,38,3049,23,1233,33,23
"1012","2020-05-16",131,12,114,380,2892,0.426694329183956,0,0,248,325,40,3089,34,1267,31,34
"1013","2020-05-17",127,12,128,355,2892,0.426694329183956,0,0,248,325,36,3125,43,1310,31,43
"1014","2020-05-18",120,12,111,350,2892,0.426694329183956,0,0,248,325,31,3156,29,1339,21,29
"1015","2020-05-19",111,12,111,321,2892,0.426694329183956,0,0,248,325,28,3184,37,1376,24,37
"1016","2020-05-20",114,12,98,302,2892,0.426694329183956,0,0,248,325,23,3207,49,1425,17,49
"1017","2020-05-21",108,12,93,295,2892,0.426694329183956,0,0,248,325,26,3233,31,1456,14,31
"1018","2020-05-22",110,12,85,288,2892,0.426694329183956,0,0,248,325,37,3270,22,1478,28,22
"1019","2020-05-23",94,12,81,278,2892,0.426694329183956,0,0,248,325,30,3300,22,1500,26,22
"1020","2020-05-24",87,12,95,248,2892,0.426694329183956,0,0,248,325,23,3323,15,1515,16,15
"1021","2020-05-25",86,12,94,233,2892,0.426694329183956,0,0,248,325,20,3343,44,1559,15,44
"1022","2020-05-26",83,12,109,219,2892,0.426694329183956,0,0,248,325,22,3365,21,1580,19,21
"1023","2020-05-27",75,12,114,211,2892,0.426694329183956,0,0,248,325,23,3388,26,1606,17,26
"1024","2020-05-28",70,12,120,197,2892,0.426694329183956,0,0,248,325,19,3407,25,1631,9,25
"1025","2020-05-29",61,12,110,192,2892,0.426694329183956,0,0,248,325,21,3428,22,1653,16,22
"1026","2020-05-30",55,12,122,188,2892,0.426694329183956,0,0,248,325,18,3446,15,1668,11,15
"1027","2020-05-31",58,12,129,184,2892,0.426694329183956,0,0,248,325,11,3457,12,1680,7,12
"1028","2020-06-01",55,12,131,184,2892,0.426694329183956,0,0,248,325,21,3478,19,1699,17,19
"1029","2020-06-02",54,12,122,177,2892,0.426694329183956,0,0,248,325,18,3496,7,1706,17,7
"1030","2020-06-03",56,12,126,170,2892,0.426694329183956,0,0,248,325,19,3515,13,1719,14,13
"1031","2020-06-04",58,12,131,151,2892,0.426694329183956,0,0,248,325,17,3532,10,1729,14,10
"1032","2020-06-05",54,12,125,147,2892,0.426694329183956,0,0,248,325,19,3551,15,1744,15,15
"1033","2020-06-06",56,12,129,153,2892,0.426694329183956,0,0,248,325,19,3570,15,1759,15,15
"1034","2020-06-07",51,12,115,155,2892,0.426694329183956,0,0,248,325,10,3580,6,1765,9,6
"1035","2020-03-14",1,13,16,20,1741,0.665709362435382,0,0,147,328,6,43,4,10,1,4
"1036","2020-03-15",1,13,25,28,1741,0.665709362435382,0,0,147,328,15,58,3,13,7,3
"1037","2020-03-16",1,13,27,38,1741,0.665709362435382,0,0,147,328,16,74,NA,NA,8,NA
"1038","2020-03-17",2,13,36,52,1741,0.665709362435382,0,0,147,328,23,97,5,18,7,5
"1039","2020-03-18",5,13,50,70,1741,0.665709362435382,0,0,147,328,20,117,5,23,7,5
"1040","2020-03-19",5,13,62,81,1741,0.665709362435382,0,0,147,328,24,141,3,26,11,3
"1041","2020-03-20",8,13,69,93,1741,0.665709362435382,0,0,147,328,18,159,2,28,7,2
"1042","2020-03-21",9,13,79,104,1741,0.665709362435382,0,0,147,328,26,185,5,33,8,5
"1043","2020-03-22",18,13,82,110,1741,0.665709362435382,0,0,147,328,36,221,10,43,23,10
"1044","2020-03-23",21,13,85,122,1741,0.665709362435382,0,0,147,328,23,244,1,44,12,1
"1045","2020-03-24",28,13,76,129,1741,0.665709362435382,0,0,147,328,40,284,10,54,27,10
"1046","2020-03-25",31,13,95,147,1741,0.665709362435382,0,0,147,328,34,318,7,61,20,7
"1047","2020-03-26",36,13,106,156,1741,0.665709362435382,0,0,147,328,40,358,7,68,25,7
"1048","2020-03-27",39,13,111,162,1741,0.665709362435382,0,0,147,328,48,406,9,77,32,9
"1049","2020-03-28",37,13,110,173,1741,0.665709362435382,0,0,147,328,31,437,5,82,22,5
"1050","2020-03-29",31,13,117,185,1741,0.665709362435382,0,0,147,328,28,465,8,90,14,8
"1051","2020-03-30",34,13,117,199,1741,0.665709362435382,0,0,147,328,56,521,15,105,37,15
"1052","2020-03-31",32,13,117,212,1741,0.665709362435382,0,0,147,328,49,570,10,115,32,10
"1053","2020-04-01",37,13,105,211,1741,0.665709362435382,0,0,147,328,46,616,5,120,31,5
"1054","2020-04-02",39,13,118,224,1741,0.665709362435382,0,0,147,328,47,663,10,130,34,10
"1055","2020-04-03",40,13,111,230,1741,0.665709362435382,0,0,147,328,36,699,11,141,24,11
"1056","2020-04-04",49,13,116,243,1741,0.665709362435382,0,0,147,328,44,743,8,149,21,8
"1057","2020-04-05",57,13,133,246,1741,0.665709362435382,0,0,147,328,38,781,7,156,21,7
"1058","2020-04-06",56,13,136,254,1741,0.665709362435382,0,0,147,328,42,823,10,166,29,10
"1059","2020-04-07",56,13,146,269,1741,0.665709362435382,0,0,147,328,48,871,13,179,33,13
"1060","2020-04-08",62,13,142,277,1741,0.665709362435382,0,0,147,328,57,928,8,187,38,8
"1061","2020-04-09",64,13,137,272,1741,0.665709362435382,0,0,147,328,45,973,8,195,32,8
"1062","2020-04-10",73,13,134,286,1741,0.665709362435382,0,0,147,328,53,1026,14,209,28,14
"1063","2020-04-11",85,13,138,292,1741,0.665709362435382,0,0,147,328,36,1062,6,215,23,6
"1064","2020-04-12",81,13,138,301,1741,0.665709362435382,0,0,147,328,53,1115,8,223,31,8
"1065","2020-04-13",86,13,137,300,1741,0.665709362435382,0,0,147,328,38,1153,19,242,27,19
"1066","2020-04-14",91,13,140,298,1741,0.665709362435382,0,0,147,328,48,1201,19,261,30,19
"1067","2020-04-15",84,13,129,301,1741,0.665709362435382,0,0,147,328,55,1256,23,284,30,23
"1068","2020-04-16",85,13,137,304,1741,0.665709362435382,0,0,147,328,42,1298,13,297,20,13
"1069","2020-04-17",79,13,151,319,1741,0.665709362435382,0,0,147,328,43,1341,16,313,30,16
"1070","2020-04-18",65,13,154,312,1741,0.665709362435382,0,0,147,328,67,1408,15,328,44,15
"1071","2020-04-19",75,13,159,313,1741,0.665709362435382,0,0,147,328,42,1450,9,337,20,9
"1072","2020-04-20",74,13,162,306,1741,0.665709362435382,0,0,147,328,45,1495,13,350,26,13
"1073","2020-04-21",78,13,158,302,1741,0.665709362435382,0,0,147,328,55,1550,17,367,42,17
"1074","2020-04-22",80,13,148,319,1741,0.665709362435382,0,0,147,328,52,1602,21,388,31,21
"1075","2020-04-23",77,13,132,301,1741,0.665709362435382,0,0,147,328,43,1645,17,405,27,17
"1076","2020-04-24",85,13,138,309,1741,0.665709362435382,0,0,147,328,46,1691,9,414,28,9
"1077","2020-04-25",89,13,157,296,1741,0.665709362435382,0,0,147,328,39,1730,23,437,29,23
"1078","2020-04-26",84,13,165,298,1741,0.665709362435382,0,0,147,328,56,1786,17,454,40,17
"1079","2020-04-27",84,13,160,300,1741,0.665709362435382,0,0,147,328,36,1822,23,477,19,23
"1080","2020-04-28",81,13,165,294,1741,0.665709362435382,0,0,147,328,40,1862,10,487,27,10
"1081","2020-04-29",80,13,170,304,1741,0.665709362435382,0,0,147,328,54,1916,8,495,36,8
"1082","2020-04-30",79,13,173,301,1741,0.665709362435382,0,0,147,328,42,1958,13,508,24,13
"1083","2020-05-01",82,13,177,308,1741,0.665709362435382,0,0,147,328,51,2009,8,516,27,8
"1084","2020-05-02",82,13,173,293,1741,0.665709362435382,0,0,147,328,52,2061,5,521,33,5
"1085","2020-05-03",84,13,171,292,1741,0.665709362435382,0,0,147,328,45,2106,8,529,27,8
"1086","2020-05-04",91,13,173,282,1741,0.665709362435382,0,0,147,328,52,2158,16,545,33,16
"1087","2020-05-05",88,13,193,263,1741,0.665709362435382,0,0,147,328,45,2203,11,556,30,11
"1088","2020-05-06",87,13,173,258,1741,0.665709362435382,0,0,147,328,40,2243,13,569,24,13
"1089","2020-05-07",88,13,170,238,1741,0.665709362435382,0,0,147,328,48,2291,8,577,30,8
"1090","2020-05-08",75,13,180,212,1741,0.665709362435382,0,0,147,328,45,2336,15,592,38,15
"1091","2020-05-09",74,13,179,213,1741,0.665709362435382,0,0,147,328,29,2365,17,609,19,17
"1092","2020-05-10",69,13,166,203,1741,0.665709362435382,0,0,147,328,48,2413,10,619,27,10
"1093","2020-05-11",58,13,150,194,1741,0.665709362435382,0,0,147,328,40,2453,22,641,24,22
"1094","2020-05-12",55,13,144,180,1741,0.665709362435382,0,0,147,328,37,2490,19,660,24,19
"1095","2020-05-13",54,13,140,167,1741,0.665709362435382,0,0,147,328,34,2524,14,674,21,14
"1096","2020-05-14",59,13,142,163,1741,0.665709362435382,0,0,147,328,47,2571,12,686,32,12
"1097","2020-05-15",61,13,152,154,1741,0.665709362435382,0,0,147,328,47,2618,25,711,30,25
"1098","2020-05-16",59,13,165,148,1741,0.665709362435382,0,0,147,328,37,2655,13,724,26,13
"1099","2020-05-17",54,13,163,140,1741,0.665709362435382,0,0,147,328,35,2690,15,739,27,15
"1100","2020-05-18",51,13,161,137,1741,0.665709362435382,0,0,147,328,37,2727,11,750,25,11
"1101","2020-05-19",45,13,159,134,1741,0.665709362435382,0,0,147,328,22,2749,16,766,13,16
"1102","2020-05-20",39,13,149,132,1741,0.665709362435382,0,0,147,328,26,2775,14,780,20,14
"1103","2020-05-21",31,13,146,131,1741,0.665709362435382,0,0,147,328,26,2801,14,794,14,14
"1104","2020-05-22",25,13,153,128,1741,0.665709362435382,0,0,147,328,19,2820,6,800,10,6
"1105","2020-05-23",19,13,145,136,1741,0.665709362435382,0,0,147,328,28,2848,13,813,22,13
"1106","2020-05-24",20,13,138,134,1741,0.665709362435382,0,0,147,328,20,2868,10,823,11,10
"1107","2020-05-25",25,13,129,136,1741,0.665709362435382,0,0,147,328,20,2888,7,830,10,7
"1108","2020-05-26",30,13,126,140,1741,0.665709362435382,0,0,147,328,25,2913,11,841,16,11
"1109","2020-05-27",37,13,122,157,1741,0.665709362435382,0,0,147,328,20,2933,8,849,11,8
"1110","2020-05-28",42,13,118,169,1741,0.665709362435382,0,0,147,328,15,2948,9,858,10,9
"1111","2020-05-29",45,13,120,169,1741,0.665709362435382,0,0,147,328,26,2974,6,864,18,6
"1112","2020-05-30",48,13,124,177,1741,0.665709362435382,0,0,147,328,16,2990,4,868,12,4
"1113","2020-05-31",49,13,118,174,1741,0.665709362435382,0,0,147,328,19,3009,5,873,13,5
"1114","2020-06-01",46,13,116,189,1741,0.665709362435382,0,0,147,328,19,3028,7,880,9,7
"1115","2020-06-02",51,13,126,184,1741,0.665709362435382,0,0,147,328,10,3038,7,887,8,7
"1116","2020-06-03",50,13,143,179,1741,0.665709362435382,0,0,147,328,11,3049,8,895,9,8
"1117","2020-06-04",51,13,153,176,1741,0.665709362435382,0,0,147,328,18,3067,13,908,14,13
"1118","2020-06-05",56,13,155,169,1741,0.665709362435382,0,0,147,328,18,3085,17,925,15,17
"1119","2020-06-06",55,13,162,171,1741,0.665709362435382,0,0,147,328,11,3096,6,931,8,6
"1120","2020-06-07",56,13,169,170,1741,0.665709362435382,0,0,147,328,17,3113,6,937,12,6
"1121","2020-03-15",3,14,43,52,5832,0.924382716049383,0,0,496,465,31,107,10,74,26,10
"1122","2020-03-16",3,14,56,71,5832,0.924382716049383,0,0,496,465,36,143,2,76,31,2
"1123","2020-03-17",5,14,67,88,5832,0.924382716049383,0,0,496,465,35,178,4,80,27,4
"1124","2020-03-18",7,14,61,107,5832,0.924382716049383,0,0,496,465,53,231,11,91,44,11
"1125","2020-03-19",12,14,73,136,5832,0.924382716049383,0,0,496,465,59,290,9,100,51,9
"1126","2020-03-20",14,14,72,161,5832,0.924382716049383,0,0,496,465,61,351,3,103,55,3
"1127","2020-03-21",20,14,75,191,5832,0.924382716049383,0,0,496,465,69,420,6,109,56,6
"1128","2020-03-22",31,14,85,221,5832,0.924382716049383,0,0,496,465,70,490,15,124,65,15
"1129","2020-03-23",38,14,100,253,5832,0.924382716049383,0,0,496,465,94,584,20,144,85,20
"1130","2020-03-24",43,14,101,281,5832,0.924382716049383,0,0,496,465,115,699,12,156,106,12
"1131","2020-03-25",49,14,98,327,5832,0.924382716049383,0,0,496,465,97,796,21,177,90,21
"1132","2020-03-26",61,14,85,357,5832,0.924382716049383,0,0,496,465,148,944,21,198,140,21
"1133","2020-03-27",71,14,92,397,5832,0.924382716049383,0,0,496,465,166,1110,13,211,155,13
"1134","2020-03-28",83,14,109,437,5832,0.924382716049383,0,0,496,465,164,1274,13,224,156,13
"1135","2020-03-29",95,14,115,493,5832,0.924382716049383,0,0,496,465,195,1469,14,238,185,14
"1136","2020-03-30",101,14,113,553,5832,0.924382716049383,0,0,496,465,215,1684,9,247,205,9
"1137","2020-03-31",113,14,112,601,5832,0.924382716049383,0,0,496,465,211,1895,5,252,198,5
"1138","2020-04-01",123,14,116,675,5832,0.924382716049383,0,0,496,465,208,2103,13,265,204,13
"1139","2020-04-02",126,14,111,732,5832,0.924382716049383,0,0,496,465,237,2340,15,280,228,15
"1140","2020-04-03",148,14,101,778,5832,0.924382716049383,0,0,496,465,240,2580,9,289,230,9
"1141","2020-04-04",163,14,88,837,5832,0.924382716049383,0,0,496,465,291,2871,11,300,284,11
"1142","2020-04-05",179,14,87,883,5832,0.924382716049383,0,0,496,465,249,3120,26,326,241,26
"1143","2020-04-06",201,14,91,919,5832,0.924382716049383,0,0,496,465,365,3485,28,354,355,28
"1144","2020-04-07",227,14,104,972,5832,0.924382716049383,0,0,496,465,339,3824,23,377,335,23
"1145","2020-04-08",257,14,107,1062,5832,0.924382716049383,0,0,496,465,332,4156,14,391,325,14
"1146","2020-04-09",270,14,112,1167,5832,0.924382716049383,0,0,496,465,323,4479,22,413,315,22
"1147","2020-04-10",279,14,127,1210,5832,0.924382716049383,0,0,496,465,287,4766,8,421,284,8
"1148","2020-04-11",289,14,130,1282,5832,0.924382716049383,0,0,496,465,289,5055,39,460,285,39
"1149","2020-04-12",295,14,135,1325,5832,0.924382716049383,0,0,496,465,270,5325,17,477,265,17
"1150","2020-04-13",322,14,149,1402,5832,0.924382716049383,0,0,496,465,283,5608,42,519,278,42
"1151","2020-04-14",330,14,150,1453,5832,0.924382716049383,0,0,496,465,253,5861,47,566,249,47
"1152","2020-04-15",336,14,146,1535,5832,0.924382716049383,0,0,496,465,216,6077,46,612,214,46
"1153","2020-04-16",362,14,149,1579,5832,0.924382716049383,0,0,496,465,222,6299,32,644,222,32
"1154","2020-04-17",392,14,136,1616,5832,0.924382716049383,0,0,496,465,155,6454,25,669,152,25
"1155","2020-04-18",419,14,133,1619,5832,0.924382716049383,0,0,496,465,134,6588,33,702,133,33
"1156","2020-04-19",451,14,145,1654,5832,0.924382716049383,0,0,496,465,134,6722,14,716,132,14
"1157","2020-04-20",458,14,159,1637,5832,0.924382716049383,0,0,496,465,95,6817,13,729,95,13
"1158","2020-04-21",469,14,141,1647,5832,0.924382716049383,0,0,496,465,68,6885,7,736,65,7
"1159","2020-04-22",473,14,134,1620,5832,0.924382716049383,0,0,496,465,67,6952,8,744,65,8
"1160","2020-04-23",481,14,127,1594,5832,0.924382716049383,0,0,496,465,53,7005,10,754,52,10
"1161","2020-04-24",477,14,129,1537,5832,0.924382716049383,0,0,496,465,48,7053,22,776,48,22
"1162","2020-04-25",456,14,143,1499,5832,0.924382716049383,0,0,496,465,24,7077,43,819,23,43
"1163","2020-04-26",437,14,143,1468,5832,0.924382716049383,0,0,496,465,30,7107,45,864,27,45
"1164","2020-04-27",429,14,134,1445,5832,0.924382716049383,0,0,496,465,27,7134,24,888,26,24
"1165","2020-04-28",419,14,148,1363,5832,0.924382716049383,0,0,496,465,15,7149,15,903,13,15
"1166","2020-04-29",409,14,145,1305,5832,0.924382716049383,0,0,496,465,21,7170,8,911,19,8
"1167","2020-04-30",403,14,150,1266,5832,0.924382716049383,0,0,496,465,10,7180,8,919,10,8
"1168","2020-05-01",391,14,138,1204,5832,0.924382716049383,0,0,496,465,14,7194,24,943,13,24
"1169","2020-05-02",397,14,125,1139,5832,0.924382716049383,0,0,496,465,10,7204,18,961,8,18
"1170","2020-05-03",382,14,121,1083,5832,0.924382716049383,0,0,496,465,17,7221,34,995,14,34
"1171","2020-05-04",375,14,110,1010,5832,0.924382716049383,0,0,496,465,9,7230,22,1017,7,22
"1172","2020-05-05",354,14,122,952,5832,0.924382716049383,0,0,496,465,5,7235,14,1031,5,14
"1173","2020-05-06",347,14,138,897,5832,0.924382716049383,0,0,496,465,6,7241,20,1051,3,20
"1174","2020-05-07",331,14,130,831,5832,0.924382716049383,0,0,496,465,3,7244,26,1077,2,26
"1175","2020-05-08",303,14,141,785,5832,0.924382716049383,0,0,496,465,4,7248,8,1085,3,8
"1176","2020-05-09",288,14,141,734,5832,0.924382716049383,0,0,496,465,13,7261,13,1098,12,13
"1177","2020-05-10",270,14,144,700,5832,0.924382716049383,0,0,496,465,3,7264,5,1103,2,5
"1178","2020-05-11",242,14,144,662,5832,0.924382716049383,0,0,496,465,6,7270,10,1113,4,10
"1179","2020-05-12",240,14,127,617,5832,0.924382716049383,0,0,496,465,3,7273,4,1117,2,4
"1180","2020-05-13",230,14,120,572,5832,0.924382716049383,0,0,496,465,3,7276,31,1148,3,31
"1181","2020-05-14",208,14,116,550,5832,0.924382716049383,0,0,496,465,4,7280,11,1159,1,11
"1182","2020-05-15",200,14,134,523,5832,0.924382716049383,0,0,496,465,3,7283,11,1170,1,11
"1183","2020-05-16",178,14,139,496,5832,0.924382716049383,0,0,496,465,1,7284,6,1176,NA,6
"1184","2020-05-17",173,14,144,457,5832,0.924382716049383,0,0,496,465,3,7287,11,1187,2,11
"1185","2020-05-18",166,14,149,431,5832,0.924382716049383,0,0,496,465,2,7289,31,1218,2,31
"1186","2020-05-19",160,14,140,403,5832,0.924382716049383,0,0,496,465,3,7292,13,1231,2,13
"1187","2020-05-20",152,14,150,366,5832,0.924382716049383,0,0,496,465,NA,NA,29,1260,NA,29
"1188","2020-05-21",140,14,154,340,5832,0.924382716049383,0,0,496,465,2,7294,19,1279,1,19
"1189","2020-05-22",131,14,149,319,5832,0.924382716049383,0,0,496,465,4,7298,21,1300,2,21
"1190","2020-05-23",137,14,151,302,5832,0.924382716049383,0,0,496,465,1,7299,23,1323,NA,23
"1191","2020-05-24",123,14,145,268,5832,0.924382716049383,0,0,496,465,3,7302,26,1349,1,26
"1192","2020-05-25",115,14,139,237,5832,0.924382716049383,0,0,496,465,2,7304,20,1369,1,20
"1193","2020-05-26",110,14,144,235,5832,0.924382716049383,0,0,496,465,2,7306,35,1404,1,35
"1194","2020-05-27",96,14,138,215,5832,0.924382716049383,0,0,496,465,2,7308,23,1427,1,23
"1195","2020-05-28",88,14,145,197,5832,0.924382716049383,0,0,496,465,3,7311,17,1444,2,17
"1196","2020-05-29",87,14,150,182,5832,0.924382716049383,0,0,496,465,1,7312,10,1454,NA,10
"1197","2020-05-30",69,14,141,162,5832,0.924382716049383,0,0,496,465,NA,NA,14,1468,NA,14
"1198","2020-05-31",67,14,135,150,5832,0.924382716049383,0,0,496,465,2,7314,NA,NA,1,NA
"1199","2020-06-01",63,14,133,144,5832,0.924382716049383,0,0,496,465,NA,NA,9,1477,NA,9
"1200","2020-06-02",46,14,128,131,5832,0.924382716049383,0,0,496,465,2,7316,5,1482,1,5
"1201","2020-06-03",41,14,135,125,5832,0.924382716049383,0,0,496,465,2,7318,4,1486,1,4
"1202","2020-06-04",42,14,124,114,5832,0.924382716049383,0,0,496,465,2,7320,13,1499,1,13
"1203","2020-06-05",34,14,113,106,5832,0.924382716049383,0,0,496,465,1,7321,27,1526,1,27
"1204","2020-06-06",36,14,109,105,5832,0.924382716049383,0,0,496,465,1,7322,8,1534,1,8
"1205","2020-06-07",30,14,95,97,5832,0.924382716049383,0,0,496,465,1,7323,20,1554,NA,20
"1206","2020-03-13",1,15,68,93,8073,0.892357240183327,0,0,800,761,29,66,1,12,3,1
"1207","2020-03-14",5,15,89,133,8073,0.892357240183327,0,0,800,761,21,87,2,14,4,2
"1208","2020-03-15",7,15,103,197,8073,0.892357240183327,0,0,800,761,25,112,3,17,2,3
"1209","2020-03-16",9,15,93,274,8073,0.892357240183327,0,0,800,761,23,135,9,26,6,9
"1210","2020-03-17",14,15,89,373,8073,0.892357240183327,0,0,800,761,27,162,14,40,6,14
"1211","2020-03-18",22,15,109,465,8073,0.892357240183327,0,0,800,761,30,192,9,49,11,9
"1212","2020-03-19",37,15,116,598,8073,0.892357240183327,0,0,800,761,36,228,6,55,11,6
"1213","2020-03-20",54,15,140,704,8073,0.892357240183327,0,0,800,761,38,266,10,65,17,10
"1214","2020-03-21",81,15,137,883,8073,0.892357240183327,0,0,800,761,31,297,9,74,17,9
"1215","2020-03-22",106,15,129,1066,8073,0.892357240183327,0,0,800,761,39,336,7,81,14,7
"1216","2020-03-23",156,15,121,1310,8073,0.892357240183327,0,0,800,761,34,370,5,86,12,5
"1217","2020-03-24",198,15,134,1534,8073,0.892357240183327,0,0,800,761,34,404,8,94,9,8
"1218","2020-03-25",240,15,139,1781,8073,0.892357240183327,0,0,800,761,47,451,8,102,13,8
"1219","2020-03-26",298,15,166,2098,8073,0.892357240183327,0,0,800,761,36,487,6,108,17,6
"1220","2020-03-27",363,15,156,2388,8073,0.892357240183327,0,0,800,761,43,530,3,111,19,3
"1221","2020-03-28",442,15,162,2792,8073,0.892357240183327,0,0,800,761,47,577,3,114,19,3
"1222","2020-03-29",524,15,167,3107,8073,0.892357240183327,0,0,800,761,53,630,2,116,28,2
"1223","2020-03-30",583,15,163,3423,8073,0.892357240183327,0,0,800,761,42,672,5,121,18,5
"1224","2020-03-31",653,15,160,3675,8073,0.892357240183327,0,0,800,761,42,714,2,123,14,2
"1225","2020-04-01",764,15,143,3907,8073,0.892357240183327,0,0,800,761,48,762,5,128,25,5
"1226","2020-04-02",857,15,156,4075,8073,0.892357240183327,0,0,800,761,54,816,13,141,22,13
"1227","2020-04-03",960,15,180,4142,8073,0.892357240183327,0,0,800,761,54,870,6,147,22,6
"1228","2020-04-04",1026,15,165,4191,8073,0.892357240183327,0,0,800,761,49,919,5,152,21,5
"1229","2020-04-05",1090,15,162,4106,8073,0.892357240183327,0,0,800,761,48,967,23,175,33,23
"1230","2020-04-06",1154,15,188,4008,8073,0.892357240183327,0,0,800,761,63,1030,20,195,32,20
"1231","2020-04-07",1198,15,189,3866,8073,0.892357240183327,0,0,800,761,74,1104,14,209,42,14
"1232","2020-04-08",1213,15,196,3621,8073,0.892357240183327,0,0,800,761,48,1152,9,218,22,9
"1233","2020-04-09",1210,15,173,3396,8073,0.892357240183327,0,0,800,761,57,1209,6,224,23,6
"1234","2020-04-10",1166,15,159,3099,8073,0.892357240183327,0,0,800,761,54,1263,14,238,25,14
"1235","2020-04-11",1096,15,155,2754,8073,0.892357240183327,0,0,800,761,62,1325,20,258,28,20
"1236","2020-04-12",1032,15,136,2402,8073,0.892357240183327,0,0,800,761,56,1381,33,291,32,33
"1237","2020-04-13",949,15,145,2106,8073,0.892357240183327,0,0,800,761,50,1431,17,308,19,17
"1238","2020-04-14",874,15,191,1802,8073,0.892357240183327,0,0,800,761,44,1475,18,326,23,18
"1239","2020-04-15",772,15,199,1511,8073,0.892357240183327,0,0,800,761,56,1531,28,354,22,28
"1240","2020-04-16",655,15,205,1266,8073,0.892357240183327,0,0,800,761,46,1577,17,371,22,17
"1241","2020-04-17",565,15,195,1072,8073,0.892357240183327,0,0,800,761,55,1632,11,382,32,11
"1242","2020-04-18",516,15,184,871,8073,0.892357240183327,0,0,800,761,63,1695,8,390,27,8
"1243","2020-04-19",446,15,153,721,8073,0.892357240183327,0,0,800,761,50,1745,10,400,19,10
"1244","2020-04-20",380,15,125,610,8073,0.892357240183327,0,0,800,761,39,1784,14,414,17,14
"1245","2020-04-21",312,15,101,503,8073,0.892357240183327,0,0,800,761,55,1839,32,446,17,32
"1246","2020-04-22",253,15,117,423,8073,0.892357240183327,0,0,800,761,48,1887,12,458,25,12
"1247","2020-04-23",226,15,149,352,8073,0.892357240183327,0,0,800,761,38,1925,30,488,15,30
"1248","2020-04-24",180,15,153,307,8073,0.892357240183327,0,0,800,761,40,1965,11,499,15,11
"1249","2020-04-25",136,15,161,263,8073,0.892357240183327,0,0,800,761,48,2013,16,515,14,16
"1250","2020-04-26",108,15,194,218,8073,0.892357240183327,0,0,800,761,49,2062,14,529,17,14
"1251","2020-04-27",91,15,197,181,8073,0.892357240183327,0,0,800,761,44,2106,15,544,18,15
"1252","2020-04-28",80,15,209,158,8073,0.892357240183327,0,0,800,761,54,2160,13,557,27,13
"1253","2020-04-29",74,15,229,129,8073,0.892357240183327,0,0,800,761,45,2205,13,570,17,13
"1254","2020-04-30",61,15,258,102,8073,0.892357240183327,0,0,800,761,43,2248,13,583,15,13
"1255","2020-05-01",59,15,290,85,8073,0.892357240183327,0,0,800,761,53,2301,8,591,21,8
"1256","2020-05-02",50,15,274,73,8073,0.892357240183327,0,0,800,761,50,2351,15,606,21,15
"1257","2020-05-03",41,15,237,64,8073,0.892357240183327,0,0,800,761,52,2403,10,616,20,10
"1258","2020-05-04",35,15,203,61,8073,0.892357240183327,0,0,800,761,57,2460,7,623,19,7
"1259","2020-05-05",29,15,225,56,8073,0.892357240183327,0,0,800,761,41,2501,15,638,14,15
"1260","2020-05-06",23,15,233,52,8073,0.892357240183327,0,0,800,761,50,2551,12,650,22,12
"1261","2020-05-07",18,15,276,51,8073,0.892357240183327,0,0,800,761,34,2585,22,672,17,22
"1262","2020-05-08",15,15,240,48,8073,0.892357240183327,0,0,800,761,39,2624,10,682,19,10
"1263","2020-05-09",15,15,205,46,8073,0.892357240183327,0,0,800,761,46,2670,9,691,23,9
"1264","2020-05-10",13,15,201,44,8073,0.892357240183327,0,0,800,761,32,2702,18,709,10,18
"1265","2020-05-11",11,15,191,39,8073,0.892357240183327,0,0,800,761,24,2726,16,725,8,16
"1266","2020-05-12",13,15,214,44,8073,0.892357240183327,0,0,800,761,32,2758,8,733,7,8
"1267","2020-05-13",13,15,234,38,8073,0.892357240183327,0,0,800,761,23,2781,4,737,12,4
"1268","2020-05-14",13,15,219,36,8073,0.892357240183327,0,0,800,761,35,2816,10,747,14,10
"1269","2020-05-15",15,15,213,37,8073,0.892357240183327,0,0,800,761,32,2848,11,758,11,11
"1270","2020-05-16",12,15,182,36,8073,0.892357240183327,0,0,800,761,34,2882,18,776,11,18
"1271","2020-05-17",13,15,158,36,8073,0.892357240183327,0,0,800,761,26,2908,14,790,11,14
"1272","2020-05-18",15,15,131,33,8073,0.892357240183327,0,0,800,761,24,2932,14,804,9,14
"1273","2020-05-19",13,15,125,33,8073,0.892357240183327,0,0,800,761,33,2965,16,820,11,16
"1274","2020-05-20",11,15,113,32,8073,0.892357240183327,0,0,800,761,29,2994,18,838,6,18
"1275","2020-05-21",11,15,108,26,8073,0.892357240183327,0,0,800,761,20,3014,6,844,8,6
"1276","2020-05-22",11,15,123,24,8073,0.892357240183327,0,0,800,761,33,3047,5,849,15,5
"1277","2020-05-23",10,15,120,23,8073,0.892357240183327,0,0,800,761,30,3077,11,860,9,11
"1278","2020-05-24",10,15,108,17,8073,0.892357240183327,0,0,800,761,32,3109,6,866,15,6
"1279","2020-05-25",9,15,98,17,8073,0.892357240183327,0,0,800,761,21,3130,18,884,10,18
"1280","2020-05-26",9,15,90,19,8073,0.892357240183327,0,0,800,761,28,3158,19,903,15,19
"1281","2020-05-27",8,15,88,17,8073,0.892357240183327,0,0,800,761,22,3180,21,924,7,21
"1282","2020-05-28",8,15,83,18,8073,0.892357240183327,0,0,800,761,16,3196,12,936,6,12
"1283","2020-05-29",6,15,89,19,8073,0.892357240183327,0,0,800,761,26,3222,8,944,11,8
"1284","2020-05-30",7,15,107,18,8073,0.892357240183327,0,0,800,761,23,3245,6,950,11,6
"1285","2020-05-31",6,15,105,15,8073,0.892357240183327,0,0,800,761,13,3258,7,957,4,7
"1286","2020-06-01",4,15,124,14,8073,0.892357240183327,0,0,800,761,20,3278,12,969,10,12
"1287","2020-06-02",4,15,127,14,8073,0.892357240183327,0,0,800,761,18,3296,7,976,9,7
"1288","2020-06-03",4,15,142,13,8073,0.892357240183327,0,0,800,761,15,3311,7,983,10,7
"1289","2020-06-04",3,15,145,9,8073,0.892357240183327,0,0,800,761,19,3330,3,986,10,3
"1290","2020-06-05",2,15,142,11,8073,0.892357240183327,0,0,800,761,15,3345,3,989,7,3
"1291","2020-06-06",1,15,141,14,8073,0.892357240183327,0,0,800,761,17,3362,4,993,12,4
"1292","2020-06-07",2,15,135,15,8073,0.892357240183327,0,0,800,761,21,3383,5,998,13,5
"1293","2020-03-14",1,16,26,30,2558,0.740813135261923,0,0,235,473,17,79,23,46,2,23
"1294","2020-03-15",3,16,39,39,2558,0.740813135261923,0,0,235,473,19,98,25,71,8,25
"1295","2020-03-16",4,16,51,56,2558,0.740813135261923,0,0,235,473,25,123,15,86,11,15
"1296","2020-03-17",5,16,63,71,2558,0.740813135261923,0,0,235,473,33,156,22,108,14,22
"1297","2020-03-18",6,16,77,91,2558,0.740813135261923,0,0,235,473,28,184,32,140,20,32
"1298","2020-03-19",10,16,64,114,2558,0.740813135261923,0,0,235,473,32,216,19,159,17,19
"1299","2020-03-20",12,16,58,132,2558,0.740813135261923,0,0,235,473,32,248,29,188,20,29
"1300","2020-03-21",17,16,55,149,2558,0.740813135261923,0,0,235,473,39,287,24,212,24,24
"1301","2020-03-22",27,16,48,175,2558,0.740813135261923,0,0,235,473,39,326,32,244,24,32
"1302","2020-03-23",36,16,55,190,2558,0.740813135261923,0,0,235,473,51,377,19,263,34,19
"1303","2020-03-24",40,16,71,207,2558,0.740813135261923,0,0,235,473,34,411,20,283,22,20
"1304","2020-03-25",46,16,73,221,2558,0.740813135261923,0,0,235,473,44,455,27,310,29,27
"1305","2020-03-26",52,16,77,230,2558,0.740813135261923,0,0,235,473,33,488,17,327,18,17
"1306","2020-03-27",58,16,72,253,2558,0.740813135261923,0,0,235,473,51,539,37,364,32,37
"1307","2020-03-28",61,16,65,272,2558,0.740813135261923,0,0,235,473,41,580,37,401,28,37
"1308","2020-03-29",57,16,62,282,2558,0.740813135261923,0,0,235,473,40,620,39,440,18,39
"1309","2020-03-30",55,16,58,312,2558,0.740813135261923,0,0,235,473,39,659,32,472,23,32
"1310","2020-03-31",62,16,79,330,2558,0.740813135261923,0,0,235,473,33,692,35,507,21,35
"1311","2020-04-01",67,16,93,354,2558,0.740813135261923,0,0,235,473,39,731,31,538,25,31
"1312","2020-04-02",67,16,94,380,2558,0.740813135261923,0,0,235,473,37,768,47,585,24,47
"1313","2020-04-03",78,16,89,424,2558,0.740813135261923,0,0,235,473,44,812,32,617,26,32
"1314","2020-04-04",91,16,91,452,2558,0.740813135261923,0,0,235,473,55,867,48,665,27,48
"1315","2020-04-05",99,16,90,467,2558,0.740813135261923,0,0,235,473,33,900,47,712,21,47
"1316","2020-04-06",113,16,97,488,2558,0.740813135261923,0,0,235,473,52,952,63,775,27,63
"1317","2020-04-07",116,16,95,497,2558,0.740813135261923,0,0,235,473,28,980,60,835,14,60
"1318","2020-04-08",128,16,95,517,2558,0.740813135261923,0,0,235,473,42,1022,61,896,25,61
"1319","2020-04-09",136,16,94,522,2558,0.740813135261923,0,0,235,473,42,1064,39,935,25,39
"1320","2020-04-10",149,16,109,539,2558,0.740813135261923,0,0,235,473,48,1112,34,969,29,34
"1321","2020-04-11",142,16,116,555,2558,0.740813135261923,0,0,235,473,44,1156,45,1014,24,45
"1322","2020-04-12",153,16,125,571,2558,0.740813135261923,0,0,235,473,51,1207,54,1068,20,54
"1323","2020-04-13",158,16,138,577,2558,0.740813135261923,0,0,235,473,34,1241,41,1109,13,41
"1324","2020-04-14",171,16,143,579,2558,0.740813135261923,0,0,235,473,42,1283,34,1143,20,34
"1325","2020-04-15",176,16,152,577,2558,0.740813135261923,0,0,235,473,39,1322,34,1177,23,34
"1326","2020-04-16",186,16,174,566,2558,0.740813135261923,0,0,235,473,46,1368,44,1221,23,44
"1327","2020-04-17",168,16,183,560,2558,0.740813135261923,0,0,235,473,40,1408,62,1283,16,62
"1328","2020-04-18",172,16,187,532,2558,0.740813135261923,0,0,235,473,35,1443,39,1322,19,39
"1329","2020-04-19",169,16,193,522,2558,0.740813135261923,0,0,235,473,49,1492,25,1347,23,25
"1330","2020-04-20",168,16,171,518,2558,0.740813135261923,0,0,235,473,44,1536,33,1380,27,33
"1331","2020-04-21",160,16,186,519,2558,0.740813135261923,0,0,235,473,40,1576,46,1426,22,46
"1332","2020-04-22",157,16,190,492,2558,0.740813135261923,0,0,235,473,42,1618,18,1444,22,18
"1333","2020-04-23",150,16,185,475,2558,0.740813135261923,0,0,235,473,49,1667,28,1472,24,28
"1334","2020-04-24",155,16,178,444,2558,0.740813135261923,0,0,235,473,23,1690,19,1491,10,19
"1335","2020-04-25",154,16,170,436,2558,0.740813135261923,0,0,235,473,38,1728,26,1517,16,26
"1336","2020-04-26",150,16,180,437,2558,0.740813135261923,0,0,235,473,45,1773,22,1539,19,22
"1337","2020-04-27",141,16,180,438,2558,0.740813135261923,0,0,235,473,47,1820,33,1572,25,33
"1338","2020-04-28",135,16,200,419,2558,0.740813135261923,0,0,235,473,40,1860,51,1623,19,51
"1339","2020-04-29",123,16,214,406,2558,0.740813135261923,0,0,235,473,42,1902,60,1683,25,60
"1340","2020-04-30",115,16,193,395,2558,0.740813135261923,0,0,235,473,32,1934,49,1732,17,49
"1341","2020-05-01",106,16,178,389,2558,0.740813135261923,0,0,235,473,42,1976,29,1761,21,29
"1342","2020-05-02",108,16,183,397,2558,0.740813135261923,0,0,235,473,33,2009,32,1793,20,32
"1343","2020-05-03",104,16,194,383,2558,0.740813135261923,0,0,235,473,50,2059,49,1842,25,49
"1344","2020-05-04",108,16,194,364,2558,0.740813135261923,0,0,235,473,32,2091,41,1883,17,41
"1345","2020-05-05",110,16,186,351,2558,0.740813135261923,0,0,235,473,31,2122,53,1936,12,53
"1346","2020-05-06",115,16,181,336,2558,0.740813135261923,0,0,235,473,38,2160,63,1999,20,63
"1347","2020-05-07",111,16,167,315,2558,0.740813135261923,0,0,235,473,40,2200,55,2054,18,55
"1348","2020-05-08",114,16,147,304,2558,0.740813135261923,0,0,235,473,41,2241,57,2111,21,57
"1349","2020-05-09",110,16,132,279,2558,0.740813135261923,0,0,235,473,27,2268,49,2160,15,49
"1350","2020-05-10",104,16,131,262,2558,0.740813135261923,0,0,235,473,34,2302,43,2203,22,43
"1351","2020-05-11",92,16,141,248,2558,0.740813135261923,0,0,235,473,30,2332,41,2244,14,41
"1352","2020-05-12",89,16,130,241,2558,0.740813135261923,0,0,235,473,33,2365,46,2290,12,46
"1353","2020-05-13",85,16,125,238,2558,0.740813135261923,0,0,235,473,25,2390,37,2327,12,37
"1354","2020-05-14",86,16,109,235,2558,0.740813135261923,0,0,235,473,25,2415,50,2377,14,50
"1355","2020-05-15",84,16,118,235,2558,0.740813135261923,0,0,235,473,36,2451,46,2423,17,46
"1356","2020-05-16",71,16,109,215,2558,0.740813135261923,0,0,235,473,17,2468,35,2458,6,35
"1357","2020-05-17",70,16,101,225,2558,0.740813135261923,0,0,235,473,22,2490,23,2481,13,23
"1358","2020-05-18",68,16,120,233,2558,0.740813135261923,0,0,235,473,27,2517,27,2508,15,27
"1359","2020-05-19",65,16,127,232,2558,0.740813135261923,0,0,235,473,21,2538,32,2540,11,32
"1360","2020-05-20",57,16,127,221,2558,0.740813135261923,0,0,235,473,27,2565,34,2574,15,34
"1361","2020-05-21",60,16,112,217,2558,0.740813135261923,0,0,235,473,21,2586,25,2599,9,25
"1362","2020-05-22",61,16,124,226,2558,0.740813135261923,0,0,235,473,23,2609,32,2631,14,32
"1363","2020-05-23",63,16,125,223,2558,0.740813135261923,0,0,235,473,23,2632,29,2660,9,29
"1364","2020-05-24",60,16,115,225,2558,0.740813135261923,0,0,235,473,24,2656,17,2677,12,17
"1365","2020-05-25",62,16,123,232,2558,0.740813135261923,0,0,235,473,20,2676,39,2716,13,39
"1366","2020-05-26",53,16,126,226,2558,0.740813135261923,0,0,235,473,22,2698,21,2737,13,21
"1367","2020-05-27",55,16,136,220,2558,0.740813135261923,0,0,235,473,23,2721,28,2765,12,28
"1368","2020-05-28",56,16,127,212,2558,0.740813135261923,0,0,235,473,16,2737,23,2788,8,23
"1369","2020-05-29",50,16,118,199,2558,0.740813135261923,0,0,235,473,15,2752,21,2809,4,21
"1370","2020-05-30",50,16,118,194,2558,0.740813135261923,0,0,235,473,18,2770,25,2834,14,25
"1371","2020-05-31",52,16,129,174,2558,0.740813135261923,0,0,235,473,13,2783,27,2861,7,27
"1372","2020-06-01",52,16,134,166,2558,0.740813135261923,0,0,235,473,15,2798,21,2882,11,21
"1373","2020-06-02",59,16,148,165,2558,0.740813135261923,0,0,235,473,16,2814,22,2904,9,22
"1374","2020-06-03",61,16,147,158,2558,0.740813135261923,0,0,235,473,12,2826,30,2934,7,30
"1375","2020-06-04",52,16,139,155,2558,0.740813135261923,0,0,235,473,18,2844,29,2963,7,29
"1376","2020-06-05",55,16,143,149,2558,0.740813135261923,0,0,235,473,19,2863,21,2984,14,21
"1377","2020-06-06",55,16,145,139,2558,0.740813135261923,0,0,235,473,15,2878,27,3011,11,27
"1378","2020-06-07",50,16,132,126,2558,0.740813135261923,0,0,235,473,15,2893,26,3037,9,26
"1379","2020-03-13",1,17,37,32,2386,0.454735959765298,0,0,230,491,7,14,16,38,5,16
"1380","2020-03-14",2,17,39,53,2386,0.454735959765298,0,0,230,491,8,22,2,40,6,2
"1381","2020-03-15",5,17,40,69,2386,0.454735959765298,0,0,230,491,14,36,8,48,13,8
"1382","2020-03-16",9,17,42,87,2386,0.454735959765298,0,0,230,491,16,52,15,63,12,15
"1383","2020-03-17",11,17,43,102,2386,0.454735959765298,0,0,230,491,19,71,13,76,14,13
"1384","2020-03-18",15,17,36,119,2386,0.454735959765298,0,0,230,491,26,97,6,82,23,6
"1385","2020-03-19",18,17,37,143,2386,0.454735959765298,0,0,230,491,35,132,19,101,31,19
"1386","2020-03-20",22,17,43,156,2386,0.454735959765298,0,0,230,491,33,165,12,113,30,12
"1387","2020-03-21",25,17,46,189,2386,0.454735959765298,0,0,230,491,49,214,12,125,46,12
"1388","2020-03-22",30,17,61,217,2386,0.454735959765298,0,0,230,491,66,280,24,149,61,24
"1389","2020-03-23",32,17,72,232,2386,0.454735959765298,0,0,230,491,61,341,32,181,59,32
"1390","2020-03-24",39,17,88,246,2386,0.454735959765298,0,0,230,491,84,425,9,190,83,9
"1391","2020-03-25",41,17,87,264,2386,0.454735959765298,0,0,230,491,94,519,8,198,91,8
"1392","2020-03-26",52,17,81,283,2386,0.454735959765298,0,0,230,491,93,612,9,207,90,9
"1393","2020-03-27",56,17,93,279,2386,0.454735959765298,0,0,230,491,127,739,8,215,125,8
"1394","2020-03-28",62,17,91,294,2386,0.454735959765298,0,0,230,491,150,889,10,225,148,10
"1395","2020-03-29",66,17,87,296,2386,0.454735959765298,0,0,230,491,138,1027,2,227,138,2
"1396","2020-03-30",71,17,79,303,2386,0.454735959765298,0,0,230,491,189,1216,2,229,187,2
"1397","2020-03-31",74,17,80,308,2386,0.454735959765298,0,0,230,491,153,1369,6,235,149,6
"1398","2020-04-01",77,17,81,322,2386,0.454735959765298,0,0,230,491,204,1573,8,243,201,8
"1399","2020-04-02",73,17,95,328,2386,0.454735959765298,0,0,230,491,199,1772,17,260,198,17
"1400","2020-04-03",76,17,98,337,2386,0.454735959765298,0,0,230,491,248,2020,22,282,247,22
"1401","2020-04-04",79,17,111,334,2386,0.454735959765298,0,0,230,491,241,2261,23,305,239,23
"1402","2020-04-05",79,17,120,345,2386,0.454735959765298,0,0,230,491,252,2513,25,330,250,25
"1403","2020-04-06",82,17,117,353,2386,0.454735959765298,0,0,230,491,242,2755,17,347,240,17
"1404","2020-04-07",87,17,121,361,2386,0.454735959765298,0,0,230,491,289,3044,25,372,287,25
"1405","2020-04-08",87,17,118,361,2386,0.454735959765298,0,0,230,491,264,3308,21,393,263,21
"1406","2020-04-09",96,17,109,366,2386,0.454735959765298,0,0,230,491,331,3639,24,417,328,24
"1407","2020-04-10",99,17,103,374,2386,0.454735959765298,0,0,230,491,295,3934,16,433,293,16
"1408","2020-04-11",101,17,112,388,2386,0.454735959765298,0,0,230,491,264,4198,25,458,260,25
"1409","2020-04-12",109,17,116,380,2386,0.454735959765298,0,0,230,491,301,4499,24,482,298,24
"1410","2020-04-13",112,17,145,370,2386,0.454735959765298,0,0,230,491,265,4764,16,498,264,16
"1411","2020-04-14",108,17,142,363,2386,0.454735959765298,0,0,230,491,284,5048,35,533,283,35
"1412","2020-04-15",110,17,120,366,2386,0.454735959765298,0,0,230,491,205,5253,33,566,203,33
"1413","2020-04-16",104,17,118,360,2386,0.454735959765298,0,0,230,491,236,5489,34,600,234,34
"1414","2020-04-17",101,17,103,351,2386,0.454735959765298,0,0,230,491,202,5691,25,625,201,25
"1415","2020-04-18",102,17,97,346,2386,0.454735959765298,0,0,230,491,180,5871,20,645,179,20
"1416","2020-04-19",96,17,122,349,2386,0.454735959765298,0,0,230,491,159,6030,23,668,157,23
"1417","2020-04-20",96,17,128,342,2386,0.454735959765298,0,0,230,491,139,6169,16,684,138,16
"1418","2020-04-21",94,17,127,350,2386,0.454735959765298,0,0,230,491,98,6267,8,692,98,8
"1419","2020-04-22",90,17,126,343,2386,0.454735959765298,0,0,230,491,122,6389,27,719,121,27
"1420","2020-04-23",97,17,126,350,2386,0.454735959765298,0,0,230,491,87,6476,23,742,86,23
"1421","2020-04-24",95,17,146,356,2386,0.454735959765298,0,0,230,491,95,6571,15,757,94,15
"1422","2020-04-25",93,17,165,366,2386,0.454735959765298,0,0,230,491,61,6632,23,780,60,23
"1423","2020-04-26",100,17,185,378,2386,0.454735959765298,0,0,230,491,62,6694,27,807,61,27
"1424","2020-04-27",96,17,183,373,2386,0.454735959765298,0,0,230,491,57,6751,18,825,57,18
"1425","2020-04-28",97,17,193,379,2386,0.454735959765298,0,0,230,491,43,6794,17,842,43,17
"1426","2020-04-29",107,17,176,373,2386,0.454735959765298,0,0,230,491,34,6828,14,856,34,14
"1427","2020-04-30",104,17,190,384,2386,0.454735959765298,0,0,230,491,21,6849,16,872,20,16
"1428","2020-05-01",111,17,208,383,2386,0.454735959765298,0,0,230,491,15,6864,26,898,15,26
"1429","2020-05-02",113,17,184,373,2386,0.454735959765298,0,0,230,491,13,6877,19,917,12,19
"1430","2020-05-03",105,17,220,369,2386,0.454735959765298,0,0,230,491,20,6897,10,927,19,10
"1431","2020-05-04",103,17,210,364,2386,0.454735959765298,0,0,230,491,12,6909,10,937,11,10
"1432","2020-05-05",107,17,209,370,2386,0.454735959765298,0,0,230,491,10,6919,22,959,9,22
"1433","2020-05-06",105,17,193,360,2386,0.454735959765298,0,0,230,491,9,6928,17,976,9,17
"1434","2020-05-07",97,17,179,342,2386,0.454735959765298,0,0,230,491,13,6941,22,998,12,22
"1435","2020-05-08",95,17,173,327,2386,0.454735959765298,0,0,230,491,11,6952,9,1007,11,9
"1436","2020-05-09",87,17,159,309,2386,0.454735959765298,0,0,230,491,3,6955,12,1019,2,12
"1437","2020-05-10",79,17,144,304,2386,0.454735959765298,0,0,230,491,5,6960,24,1043,4,24
"1438","2020-05-11",84,17,159,298,2386,0.454735959765298,0,0,230,491,2,6962,24,1067,1,24
"1439","2020-05-12",74,17,176,293,2386,0.454735959765298,0,0,230,491,NA,NA,10,1077,NA,10
"1440","2020-05-13",72,17,201,274,2386,0.454735959765298,0,0,230,491,6,6968,6,1083,5,6
"1441","2020-05-14",74,17,205,274,2386,0.454735959765298,0,0,230,491,3,6971,12,1095,3,12
"1442","2020-05-15",69,17,201,270,2386,0.454735959765298,0,0,230,491,3,6974,19,1114,3,19
"1443","2020-05-16",75,17,200,266,2386,0.454735959765298,0,0,230,491,3,6977,20,1134,2,20
"1444","2020-05-17",86,17,206,250,2386,0.454735959765298,0,0,230,491,2,6979,22,1156,1,22
"1445","2020-05-18",87,17,175,243,2386,0.454735959765298,0,0,230,491,NA,NA,31,1187,NA,31
"1446","2020-05-19",89,17,174,240,2386,0.454735959765298,0,0,230,491,3,6982,35,1222,3,35
"1447","2020-05-20",84,17,157,230,2386,0.454735959765298,0,0,230,491,1,6983,21,1243,NA,21
"1448","2020-05-21",84,17,138,230,2386,0.454735959765298,0,0,230,491,1,6984,20,1263,1,20
"1449","2020-05-22",84,17,135,218,2386,0.454735959765298,0,0,230,491,1,6985,38,1301,1,38
"1450","2020-05-23",76,17,116,209,2386,0.454735959765298,0,0,230,491,1,6986,25,1326,1,25
"1451","2020-05-24",68,17,86,197,2386,0.454735959765298,0,0,230,491,1,6987,21,1347,1,21
"1452","2020-05-25",57,17,71,191,2386,0.454735959765298,0,0,230,491,2,6989,13,1360,1,13
"1453","2020-05-26",56,17,65,190,2386,0.454735959765298,0,0,230,491,NA,NA,23,1383,NA,23
"1454","2020-05-27",55,17,72,189,2386,0.454735959765298,0,0,230,491,1,6990,14,1397,1,14
"1455","2020-05-28",54,17,86,188,2386,0.454735959765298,0,0,230,491,3,6993,10,1407,2,10
"1456","2020-05-29",54,17,90,191,2386,0.454735959765298,0,0,230,491,3,6996,26,1433,3,26
"1457","2020-05-30",53,17,93,190,2386,0.454735959765298,0,0,230,491,2,6998,25,1458,2,25
"1458","2020-05-31",53,17,86,195,2386,0.454735959765298,0,0,230,491,4,7002,17,1475,3,17
"1459","2020-06-01",55,17,93,197,2386,0.454735959765298,0,0,230,491,1,7003,18,1493,1,18
"1460","2020-06-02",56,17,101,205,2386,0.454735959765298,0,0,230,491,1,7004,20,1513,NA,20
"1461","2020-06-03",60,17,97,194,2386,0.454735959765298,0,0,230,491,1,7005,13,1526,1,13
"1462","2020-06-04",64,17,99,197,2386,0.454735959765298,0,0,230,491,4,7009,13,1539,4,13
"1463","2020-06-05",64,17,95,200,2386,0.454735959765298,0,0,230,491,NA,NA,13,1552,NA,13
"1464","2020-06-06",66,17,85,204,2386,0.454735959765298,0,0,230,491,2,7011,9,1561,2,9
"1465","2020-06-07",67,17,75,207,2386,0.454735959765298,0,0,230,491,1,7012,8,1569,1,8
"1466","2020-03-13",1,18,25,27,2480,0.7375,0,0,228,546,7,13,20,32,3,20
"1467","2020-03-14",1,18,38,30,2480,0.7375,0,0,228,546,6,19,23,55,NA,23
"1468","2020-03-15",5,18,46,42,2480,0.7375,0,0,228,546,5,24,12,67,2,12
"1469","2020-03-16",5,18,61,56,2480,0.7375,0,0,228,546,8,32,12,79,3,12
"1470","2020-03-17",8,18,84,71,2480,0.7375,0,0,228,546,5,37,8,87,2,8
"1471","2020-03-18",11,18,86,86,2480,0.7375,0,0,228,546,10,47,10,97,5,10
"1472","2020-03-19",14,18,93,95,2480,0.7375,0,0,228,546,8,55,11,108,5,11
"1473","2020-03-20",19,18,100,108,2480,0.7375,0,0,228,546,8,63,19,127,7,19
"1474","2020-03-21",21,18,104,125,2480,0.7375,0,0,228,546,11,74,9,136,7,9
"1475","2020-03-22",21,18,110,134,2480,0.7375,0,0,228,546,17,91,11,147,15,11
"1476","2020-03-23",25,18,104,153,2480,0.7375,0,0,228,546,14,105,4,151,10,4
"1477","2020-03-24",28,18,104,167,2480,0.7375,0,0,228,546,13,118,10,161,9,10
"1478","2020-03-25",35,18,123,187,2480,0.7375,0,0,228,546,18,136,13,174,14,13
"1479","2020-03-26",35,18,124,193,2480,0.7375,0,0,228,546,14,150,17,191,11,17
"1480","2020-03-27",37,18,112,206,2480,0.7375,0,0,228,546,21,171,16,207,19,16
"1481","2020-03-28",42,18,95,222,2480,0.7375,0,0,228,546,23,194,21,228,19,21
"1482","2020-03-29",48,18,101,231,2480,0.7375,0,0,228,546,26,220,23,251,18,23
"1483","2020-03-30",51,18,120,236,2480,0.7375,0,0,228,546,23,243,26,277,17,26
"1484","2020-03-31",53,18,106,240,2480,0.7375,0,0,228,546,31,274,17,294,21,17
"1485","2020-04-01",48,18,127,251,2480,0.7375,0,0,228,546,16,290,15,309,14,15
"1486","2020-04-02",65,18,113,257,2480,0.7375,0,0,228,546,18,308,24,333,15,24
"1487","2020-04-03",73,18,111,269,2480,0.7375,0,0,228,546,19,327,32,365,13,32
"1488","2020-04-04",75,18,107,271,2480,0.7375,0,0,228,546,11,338,38,403,9,38
"1489","2020-04-05",77,18,130,274,2480,0.7375,0,0,228,546,22,360,21,424,16,21
"1490","2020-04-06",84,18,129,273,2480,0.7375,0,0,228,546,18,378,33,457,11,33
"1491","2020-04-07",85,18,119,282,2480,0.7375,0,0,228,546,20,398,36,493,18,36
"1492","2020-04-08",94,18,96,291,2480,0.7375,0,0,228,546,21,419,17,510,11,17
"1493","2020-04-09",85,18,81,305,2480,0.7375,0,0,228,546,15,434,11,521,12,11
"1494","2020-04-10",75,18,87,314,2480,0.7375,0,0,228,546,30,464,24,545,21,24
"1495","2020-04-11",80,18,92,323,2480,0.7375,0,0,228,546,18,482,21,566,13,21
"1496","2020-04-12",88,18,94,319,2480,0.7375,0,0,228,546,14,496,33,599,7,33
"1497","2020-04-13",95,18,87,339,2480,0.7375,0,0,228,546,22,518,23,622,16,23
"1498","2020-04-14",101,18,74,347,2480,0.7375,0,0,228,546,21,539,24,646,13,24
"1499","2020-04-15",103,18,66,360,2480,0.7375,0,0,228,546,16,555,27,673,12,27
"1500","2020-04-16",107,18,98,375,2480,0.7375,0,0,228,546,12,567,30,703,6,30
"1501","2020-04-17",112,18,129,400,2480,0.7375,0,0,228,546,19,586,48,751,10,48
"1502","2020-04-18",113,18,142,406,2480,0.7375,0,0,228,546,25,611,28,779,19,28
"1503","2020-04-19",112,18,138,411,2480,0.7375,0,0,228,546,20,631,9,788,18,9
"1504","2020-04-20",103,18,140,410,2480,0.7375,0,0,228,546,13,644,8,796,10,8
"1505","2020-04-21",106,18,158,413,2480,0.7375,0,0,228,546,19,663,15,811,15,15
"1506","2020-04-22",109,18,184,406,2480,0.7375,0,0,228,546,17,680,11,822,12,11
"1507","2020-04-23",114,18,175,408,2480,0.7375,0,0,228,546,27,707,10,832,21,10
"1508","2020-04-24",119,18,161,410,2480,0.7375,0,0,228,546,16,723,22,854,10,22
"1509","2020-04-25",119,18,179,422,2480,0.7375,0,0,228,546,19,742,25,879,15,25
"1510","2020-04-26",119,18,167,419,2480,0.7375,0,0,228,546,25,767,31,910,19,31
"1511","2020-04-27",125,18,149,399,2480,0.7375,0,0,228,546,16,783,37,947,12,37
"1512","2020-04-28",125,18,136,388,2480,0.7375,0,0,228,546,16,799,41,988,11,41
"1513","2020-04-29",121,18,126,381,2480,0.7375,0,0,228,546,11,810,25,1013,6,25
"1514","2020-04-30",116,18,137,395,2480,0.7375,0,0,228,546,19,829,33,1046,14,33
"1515","2020-05-01",117,18,168,373,2480,0.7375,0,0,228,546,17,846,20,1066,10,20
"1516","2020-05-02",110,18,159,377,2480,0.7375,0,0,228,546,16,862,18,1084,11,18
"1517","2020-05-03",104,18,142,372,2480,0.7375,0,0,228,546,14,876,11,1095,8,11
"1518","2020-05-04",98,18,122,373,2480,0.7375,0,0,228,546,21,897,34,1129,15,34
"1519","2020-05-05",96,18,116,370,2480,0.7375,0,0,228,546,16,913,29,1158,7,29
"1520","2020-05-06",95,18,97,365,2480,0.7375,0,0,228,546,19,932,24,1182,12,24
"1521","2020-05-07",94,18,91,361,2480,0.7375,0,0,228,546,10,942,34,1216,7,34
"1522","2020-05-08",97,18,78,362,2480,0.7375,0,0,228,546,15,957,16,1232,8,16
"1523","2020-05-09",109,18,72,352,2480,0.7375,0,0,228,546,15,972,27,1259,10,27
"1524","2020-05-10",111,18,56,360,2480,0.7375,0,0,228,546,11,983,17,1276,9,17
"1525","2020-05-11",115,18,68,361,2480,0.7375,0,0,228,546,6,989,19,1295,5,19
"1526","2020-05-12",107,18,86,371,2480,0.7375,0,0,228,546,11,1000,30,1325,7,30
"1527","2020-05-13",106,18,77,377,2480,0.7375,0,0,228,546,13,1013,21,1346,8,21
"1528","2020-05-14",110,18,68,393,2480,0.7375,0,0,228,546,15,1028,27,1373,11,27
"1529","2020-05-15",101,18,104,376,2480,0.7375,0,0,228,546,20,1048,26,1399,14,26
"1530","2020-05-16",90,18,95,359,2480,0.7375,0,0,228,546,22,1070,19,1418,15,19
"1531","2020-05-17",91,18,92,366,2480,0.7375,0,0,228,546,14,1084,13,1431,10,13
"1532","2020-05-18",93,18,106,362,2480,0.7375,0,0,228,546,14,1098,32,1463,7,32
"1533","2020-05-19",93,18,120,367,2480,0.7375,0,0,228,546,12,1110,22,1485,6,22
"1534","2020-05-20",98,18,142,361,2480,0.7375,0,0,228,546,12,1122,27,1512,8,27
"1535","2020-05-21",100,18,135,358,2480,0.7375,0,0,228,546,8,1130,17,1529,6,17
"1536","2020-05-22",102,18,147,349,2480,0.7375,0,0,228,546,14,1144,15,1544,10,15
"1537","2020-05-23",108,18,140,335,2480,0.7375,0,0,228,546,11,1155,14,1558,7,14
"1538","2020-05-24",105,18,148,344,2480,0.7375,0,0,228,546,9,1164,10,1568,5,10
"1539","2020-05-25",102,18,138,331,2480,0.7375,0,0,228,546,22,1186,6,1574,17,6
"1540","2020-05-26",108,18,126,321,2480,0.7375,0,0,228,546,11,1197,18,1592,10,18
"1541","2020-05-27",105,18,107,317,2480,0.7375,0,0,228,546,9,1206,16,1608,6,16
"1542","2020-05-28",102,18,94,311,2480,0.7375,0,0,228,546,5,1211,9,1617,4,9
"1543","2020-05-29",99,18,85,290,2480,0.7375,0,0,228,546,15,1226,4,1621,13,4
"1544","2020-05-30",96,18,101,278,2480,0.7375,0,0,228,546,13,1239,6,1627,11,6
"1545","2020-05-31",94,18,128,271,2480,0.7375,0,0,228,546,11,1250,1,1628,6,1
"1546","2020-06-01",91,18,135,260,2480,0.7375,0,0,228,546,6,1256,8,1636,5,8
"1547","2020-06-02",85,18,123,243,2480,0.7375,0,0,228,546,12,1268,5,1641,9,5
"1548","2020-06-03",78,18,107,233,2480,0.7375,0,0,228,546,10,1278,8,1649,10,8
"1549","2020-06-04",77,18,114,233,2480,0.7375,0,0,228,546,14,1292,6,1655,12,6
"1550","2020-06-05",71,18,109,216,2480,0.7375,0,0,228,546,14,1306,17,1672,11,17
"1551","2020-06-06",68,18,101,207,2480,0.7375,0,0,228,546,10,1316,21,1693,9,21
"1552","2020-06-07",62,18,74,186,2480,0.7375,0,0,228,546,13,1329,10,1703,11,10
"1553","2020-03-13",1,19,17,42,2192,0.408759124087591,0,0,196,375,16,36,6,19,1,6
"1554","2020-03-14",1,19,33,62,2192,0.408759124087591,0,0,196,375,18,54,16,35,2,16
"1555","2020-03-15",3,19,35,76,2192,0.408759124087591,0,0,196,375,17,71,7,42,5,7
"1556","2020-03-16",5,19,36,101,2192,0.408759124087591,0,0,196,375,16,87,9,51,5,9
"1557","2020-03-17",6,19,36,117,2192,0.408759124087591,0,0,196,375,27,114,16,67,13,16
"1558","2020-03-18",15,19,42,149,2192,0.408759124087591,0,0,196,375,26,140,22,89,11,22
"1559","2020-03-19",20,19,39,163,2192,0.408759124087591,0,0,196,375,20,160,12,101,9,12
"1560","2020-03-20",25,19,36,179,2192,0.408759124087591,0,0,196,375,37,197,13,114,23,13
"1561","2020-03-21",33,19,34,187,2192,0.408759124087591,0,0,196,375,33,230,16,130,20,16
"1562","2020-03-22",42,19,48,199,2192,0.408759124087591,0,0,196,375,27,257,14,144,15,14
"1563","2020-03-23",48,19,53,205,2192,0.408759124087591,0,0,196,375,54,311,7,151,33,7
"1564","2020-03-24",56,19,48,226,2192,0.408759124087591,0,0,196,375,42,353,10,161,28,10
"1565","2020-03-25",54,19,46,236,2192,0.408759124087591,0,0,196,375,44,397,19,180,29,19
"1566","2020-03-26",53,19,42,243,2192,0.408759124087591,0,0,196,375,38,435,9,189,23,9
"1567","2020-03-27",62,19,44,255,2192,0.408759124087591,0,0,196,375,51,486,14,203,33,14
"1568","2020-03-28",68,19,50,258,2192,0.408759124087591,0,0,196,375,46,532,19,222,33,19
"1569","2020-03-29",69,19,57,265,2192,0.408759124087591,0,0,196,375,46,578,12,234,31,12
"1570","2020-03-30",70,19,69,277,2192,0.408759124087591,0,0,196,375,55,633,20,254,40,20
"1571","2020-03-31",70,19,72,284,2192,0.408759124087591,0,0,196,375,46,679,9,263,27,9
"1572","2020-04-01",74,19,72,287,2192,0.408759124087591,0,0,196,375,52,731,23,286,34,23
"1573","2020-04-02",78,19,75,283,2192,0.408759124087591,0,0,196,375,56,787,37,323,39,37
"1574","2020-04-03",73,19,72,299,2192,0.408759124087591,0,0,196,375,53,840,12,335,29,12
"1575","2020-04-04",81,19,74,299,2192,0.408759124087591,0,0,196,375,64,904,18,353,40,18
"1576","2020-04-05",77,19,67,306,2192,0.408759124087591,0,0,196,375,64,968,11,364,46,11
"1577","2020-04-06",72,19,64,310,2192,0.408759124087591,0,0,196,375,45,1013,11,375,35,11
"1578","2020-04-07",79,19,62,310,2192,0.408759124087591,0,0,196,375,62,1075,28,403,48,28
"1579","2020-04-08",77,19,71,312,2192,0.408759124087591,0,0,196,375,58,1133,15,418,34,15
"1580","2020-04-09",79,19,71,319,2192,0.408759124087591,0,0,196,375,55,1188,19,437,35,19
"1581","2020-04-10",84,19,77,321,2192,0.408759124087591,0,0,196,375,47,1235,15,452,29,15
"1582","2020-04-11",73,19,74,322,2192,0.408759124087591,0,0,196,375,75,1310,40,492,47,40
"1583","2020-04-12",77,19,76,323,2192,0.408759124087591,0,0,196,375,57,1367,39,531,42,39
"1584","2020-04-13",89,19,71,324,2192,0.408759124087591,0,0,196,375,40,1407,17,548,27,17
"1585","2020-04-14",82,19,69,320,2192,0.408759124087591,0,0,196,375,39,1446,35,583,24,35
"1586","2020-04-15",82,19,73,327,2192,0.408759124087591,0,0,196,375,48,1494,51,634,34,51
"1587","2020-04-16",83,19,85,331,2192,0.408759124087591,0,0,196,375,30,1524,42,676,19,42
"1588","2020-04-17",84,19,86,322,2192,0.408759124087591,0,0,196,375,44,1568,25,701,23,25
"1589","2020-04-18",92,19,88,314,2192,0.408759124087591,0,0,196,375,28,1596,17,718,9,17
"1590","2020-04-19",90,19,78,337,2192,0.408759124087591,0,0,196,375,36,1632,18,736,19,18
"1591","2020-04-20",93,19,68,339,2192,0.408759124087591,0,0,196,375,37,1669,50,786,26,50
"1592","2020-04-21",103,19,61,335,2192,0.408759124087591,0,0,196,375,33,1702,16,802,19,16
"1593","2020-04-22",105,19,64,337,2192,0.408759124087591,0,0,196,375,23,1725,17,819,8,17
"1594","2020-04-23",105,19,66,335,2192,0.408759124087591,0,0,196,375,26,1751,12,831,13,12
"1595","2020-04-24",100,19,66,337,2192,0.408759124087591,0,0,196,375,31,1782,17,848,9,17
"1596","2020-04-25",97,19,61,343,2192,0.408759124087591,0,0,196,375,31,1813,52,900,14,52
"1597","2020-04-26",97,19,66,341,2192,0.408759124087591,0,0,196,375,49,1862,36,936,23,36
"1598","2020-04-27",90,19,80,350,2192,0.408759124087591,0,0,196,375,23,1885,39,975,14,39
"1599","2020-04-28",84,19,87,352,2192,0.408759124087591,0,0,196,375,33,1918,24,999,11,24
"1600","2020-04-29",88,19,82,364,2192,0.408759124087591,0,0,196,375,41,1959,32,1031,24,32
"1601","2020-04-30",86,19,87,368,2192,0.408759124087591,0,0,196,375,34,1993,19,1050,15,19
"1602","2020-05-01",97,19,82,360,2192,0.408759124087591,0,0,196,375,36,2029,39,1089,18,39
"1603","2020-05-02",86,19,97,355,2192,0.408759124087591,0,0,196,375,43,2072,20,1109,25,20
"1604","2020-05-03",91,19,100,353,2192,0.408759124087591,0,0,196,375,39,2111,16,1125,24,16
"1605","2020-05-04",90,19,90,343,2192,0.408759124087591,0,0,196,375,34,2145,11,1136,17,11
"1606","2020-05-05",90,19,87,344,2192,0.408759124087591,0,0,196,375,40,2185,11,1147,21,11
"1607","2020-05-06",88,19,93,332,2192,0.408759124087591,0,0,196,375,37,2222,13,1160,19,13
"1608","2020-05-07",105,19,92,324,2192,0.408759124087591,0,0,196,375,35,2257,10,1170,19,10
"1609","2020-05-08",99,19,111,318,2192,0.408759124087591,0,0,196,375,48,2305,27,1197,29,27
"1610","2020-05-09",105,19,120,305,2192,0.408759124087591,0,0,196,375,38,2343,40,1237,20,40
"1611","2020-05-10",105,19,121,296,2192,0.408759124087591,0,0,196,375,30,2373,30,1267,19,30
"1612","2020-05-11",104,19,123,290,2192,0.408759124087591,0,0,196,375,40,2413,47,1314,19,47
"1613","2020-05-12",101,19,101,281,2192,0.408759124087591,0,0,196,375,42,2455,17,1331,32,17
"1614","2020-05-13",101,19,108,268,2192,0.408759124087591,0,0,196,375,38,2493,22,1353,15,22
"1615","2020-05-14",85,19,111,266,2192,0.408759124087591,0,0,196,375,23,2516,21,1374,13,21
"1616","2020-05-15",80,19,113,258,2192,0.408759124087591,0,0,196,375,20,2536,16,1390,13,16
"1617","2020-05-16",80,19,108,243,2192,0.408759124087591,0,0,196,375,37,2573,29,1419,21,29
"1618","2020-05-17",72,19,96,236,2192,0.408759124087591,0,0,196,375,21,2594,17,1436,11,17
"1619","2020-05-18",68,19,84,228,2192,0.408759124087591,0,0,196,375,22,2616,13,1449,16,13
"1620","2020-05-19",67,19,70,233,2192,0.408759124087591,0,0,196,375,36,2652,30,1479,22,30
"1621","2020-05-20",61,19,60,232,2192,0.408759124087591,0,0,196,375,29,2681,14,1493,11,14
"1622","2020-05-21",62,19,58,228,2192,0.408759124087591,0,0,196,375,20,2701,9,1502,9,9
"1623","2020-05-22",54,19,66,223,2192,0.408759124087591,0,0,196,375,29,2730,15,1517,15,15
"1624","2020-05-23",51,19,72,218,2192,0.408759124087591,0,0,196,375,22,2752,31,1548,8,31
"1625","2020-05-24",52,19,75,219,2192,0.408759124087591,0,0,196,375,24,2776,34,1582,14,34
"1626","2020-05-25",55,19,77,220,2192,0.408759124087591,0,0,196,375,24,2800,28,1610,8,28
"1627","2020-05-26",61,19,69,218,2192,0.408759124087591,0,0,196,375,21,2821,13,1623,9,13
"1628","2020-05-27",65,19,70,206,2192,0.408759124087591,0,0,196,375,21,2842,12,1635,16,12
"1629","2020-05-28",62,19,69,194,2192,0.408759124087591,0,0,196,375,18,2860,4,1639,10,4
"1630","2020-05-29",63,19,57,188,2192,0.408759124087591,0,0,196,375,18,2878,8,1647,10,8
"1631","2020-05-30",60,19,55,181,2192,0.408759124087591,0,0,196,375,22,2900,5,1652,12,5
"1632","2020-05-31",58,19,48,176,2192,0.408759124087591,0,0,196,375,29,2929,7,1659,14,7
"1633","2020-06-01",60,19,55,170,2192,0.408759124087591,0,0,196,375,15,2944,15,1674,12,15
"1634","2020-06-02",53,19,67,168,2192,0.408759124087591,0,0,196,375,24,2968,8,1682,14,8
"1635","2020-06-03",44,19,70,165,2192,0.408759124087591,0,0,196,375,18,2986,7,1689,9,7
"1636","2020-06-04",37,19,72,157,2192,0.408759124087591,0,0,196,375,18,3004,4,1693,12,4
"1637","2020-06-05",40,19,75,155,2192,0.408759124087591,0,0,196,375,25,3029,4,1697,15,4
"1638","2020-06-06",39,19,69,143,2192,0.408759124087591,0,0,196,375,19,3048,15,1712,16,15
"1639","2020-06-07",35,19,65,127,2192,0.408759124087591,0,0,196,375,19,3067,14,1726,15,14
"1640","2020-03-16",1,20,48,44,4215,0.929774614472123,0,0,367,495,10,38,4,24,6,4
"1641","2020-03-17",1,20,49,52,4215,0.929774614472123,0,0,367,495,14,52,13,37,9,13
"1642","2020-03-18",2,20,50,65,4215,0.929774614472123,0,0,367,495,19,71,18,55,13,18
"1643","2020-03-19",5,20,41,83,4215,0.929774614472123,0,0,367,495,11,82,16,71,7,16
"1644","2020-03-20",7,20,53,94,4215,0.929774614472123,0,0,367,495,15,97,15,86,10,15
"1645","2020-03-21",12,20,63,103,4215,0.929774614472123,0,0,367,495,13,110,28,114,8,28
"1646","2020-03-22",15,20,64,116,4215,0.929774614472123,0,0,367,495,8,118,17,131,3,17
"1647","2020-03-23",19,20,67,132,4215,0.929774614472123,0,0,367,495,14,132,18,149,8,18
"1648","2020-03-24",23,20,86,155,4215,0.929774614472123,0,0,367,495,16,148,8,157,9,8
"1649","2020-03-25",30,20,95,166,4215,0.929774614472123,0,0,367,495,25,173,25,182,11,25
"1650","2020-03-26",30,20,99,171,4215,0.929774614472123,0,0,367,495,17,190,27,209,9,27
"1651","2020-03-27",37,20,122,180,4215,0.929774614472123,0,0,367,495,19,209,23,232,14,23
"1652","2020-03-28",40,20,122,203,4215,0.929774614472123,0,0,367,495,22,231,22,254,15,22
"1653","2020-03-29",44,20,108,231,4215,0.929774614472123,0,0,367,495,25,256,25,279,18,25
"1654","2020-03-30",51,20,110,251,4215,0.929774614472123,0,0,367,495,26,282,23,302,18,23
"1655","2020-03-31",60,20,112,274,4215,0.929774614472123,0,0,367,495,27,309,28,330,25,28
"1656","2020-04-01",62,20,112,285,4215,0.929774614472123,0,0,367,495,17,326,23,353,14,23
"1657","2020-04-02",63,20,133,316,4215,0.929774614472123,0,0,367,495,32,358,32,385,23,32
"1658","2020-04-03",66,20,155,336,4215,0.929774614472123,0,0,367,495,18,376,28,413,13,28
"1659","2020-04-04",76,20,168,367,4215,0.929774614472123,0,0,367,495,29,405,30,443,23,30
"1660","2020-04-05",85,20,167,397,4215,0.929774614472123,0,0,367,495,19,424,38,481,13,38
"1661","2020-04-06",87,20,181,437,4215,0.929774614472123,0,0,367,495,32,456,25,506,22,25
"1662","2020-04-07",90,20,168,459,4215,0.929774614472123,0,0,367,495,34,490,37,543,26,37
"1663","2020-04-08",93,20,150,502,4215,0.929774614472123,0,0,367,495,30,520,24,567,20,24
"1664","2020-04-09",116,20,137,548,4215,0.929774614472123,0,0,367,495,24,544,29,596,15,29
"1665","2020-04-10",134,20,122,581,4215,0.929774614472123,0,0,367,495,38,582,24,620,25,24
"1666","2020-04-11",133,20,106,595,4215,0.929774614472123,0,0,367,495,26,608,28,648,17,28
"1667","2020-04-12",140,20,121,620,4215,0.929774614472123,0,0,367,495,28,636,32,680,16,32
"1668","2020-04-13",159,20,117,661,4215,0.929774614472123,0,0,367,495,26,662,26,706,17,26
"1669","2020-04-14",170,20,94,670,4215,0.929774614472123,0,0,367,495,28,690,30,736,21,30
"1670","2020-04-15",184,20,76,690,4215,0.929774614472123,0,0,367,495,26,716,25,761,19,25
"1671","2020-04-16",181,20,75,724,4215,0.929774614472123,0,0,367,495,25,741,31,792,17,31
"1672","2020-04-17",181,20,101,773,4215,0.929774614472123,0,0,367,495,42,783,31,823,33,31
"1673","2020-04-18",195,20,119,758,4215,0.929774614472123,0,0,367,495,23,806,30,853,20,30
"1674","2020-04-19",210,20,147,792,4215,0.929774614472123,0,0,367,495,31,837,25,878,21,25
"1675","2020-04-20",217,20,147,798,4215,0.929774614472123,0,0,367,495,24,861,31,909,17,31
"1676","2020-04-21",221,20,142,794,4215,0.929774614472123,0,0,367,495,19,880,25,934,12,25
"1677","2020-04-22",229,20,143,801,4215,0.929774614472123,0,0,367,495,43,923,25,959,30,25
"1678","2020-04-23",239,20,153,801,4215,0.929774614472123,0,0,367,495,23,946,18,977,18,18
"1679","2020-04-24",229,20,136,808,4215,0.929774614472123,0,0,367,495,29,975,32,1009,19,32
"1680","2020-04-25",228,20,123,817,4215,0.929774614472123,0,0,367,495,15,990,39,1048,13,39
"1681","2020-04-26",218,20,114,804,4215,0.929774614472123,0,0,367,495,32,1022,37,1085,24,37
"1682","2020-04-27",203,20,140,817,4215,0.929774614472123,0,0,367,495,24,1046,25,1110,16,25
"1683","2020-04-28",213,20,157,807,4215,0.929774614472123,0,0,367,495,32,1078,28,1138,20,28
"1684","2020-04-29",218,20,151,794,4215,0.929774614472123,0,0,367,495,36,1114,31,1169,24,31
"1685","2020-04-30",219,20,145,807,4215,0.929774614472123,0,0,367,495,26,1140,25,1194,15,25
"1686","2020-05-01",228,20,122,816,4215,0.929774614472123,0,0,367,495,25,1165,36,1230,15,36
"1687","2020-05-02",222,20,100,828,4215,0.929774614472123,0,0,367,495,14,1179,32,1262,11,32
"1688","2020-05-03",223,20,87,848,4215,0.929774614472123,0,0,367,495,30,1209,31,1293,21,31
"1689","2020-05-04",229,20,84,846,4215,0.929774614472123,0,0,367,495,17,1226,33,1326,9,33
"1690","2020-05-05",216,20,61,845,4215,0.929774614472123,0,0,367,495,15,1241,51,1377,10,51
"1691","2020-05-06",217,20,65,846,4215,0.929774614472123,0,0,367,495,19,1260,22,1399,11,22
"1692","2020-05-07",226,20,62,833,4215,0.929774614472123,0,0,367,495,15,1275,28,1427,8,28
"1693","2020-05-08",229,20,65,853,4215,0.929774614472123,0,0,367,495,10,1285,36,1463,6,36
"1694","2020-05-09",234,20,89,840,4215,0.929774614472123,0,0,367,495,19,1304,28,1491,10,28
"1695","2020-05-10",240,20,124,854,4215,0.929774614472123,0,0,367,495,16,1320,13,1504,10,13
"1696","2020-05-11",245,20,158,839,4215,0.929774614472123,0,0,367,495,13,1333,25,1529,5,25
"1697","2020-05-12",248,20,164,816,4215,0.929774614472123,0,0,367,495,11,1344,19,1548,8,19
"1698","2020-05-13",238,20,140,794,4215,0.929774614472123,0,0,367,495,9,1353,20,1568,6,20
"1699","2020-05-14",236,20,120,769,4215,0.929774614472123,0,0,367,495,14,1367,24,1592,12,24
"1700","2020-05-15",231,20,113,741,4215,0.929774614472123,0,0,367,495,10,1377,33,1625,7,33
"1701","2020-05-16",238,20,110,705,4215,0.929774614472123,0,0,367,495,13,1390,35,1660,7,35
"1702","2020-05-17",234,20,111,682,4215,0.929774614472123,0,0,367,495,9,1399,30,1690,2,30
"1703","2020-05-18",226,20,112,661,4215,0.929774614472123,0,0,367,495,9,1408,27,1717,5,27
"1704","2020-05-19",220,20,100,629,4215,0.929774614472123,0,0,367,495,14,1422,25,1742,8,25
"1705","2020-05-20",218,20,107,589,4215,0.929774614472123,0,0,367,495,11,1433,22,1764,6,22
"1706","2020-05-21",195,20,117,547,4215,0.929774614472123,0,0,367,495,18,1451,16,1780,12,16
"1707","2020-05-22",191,20,105,507,4215,0.929774614472123,0,0,367,495,14,1465,27,1807,9,27
"1708","2020-05-23",173,20,117,479,4215,0.929774614472123,0,0,367,495,19,1484,26,1833,12,26
"1709","2020-05-24",158,20,140,459,4215,0.929774614472123,0,0,367,495,14,1498,17,1850,12,17
"1710","2020-05-25",149,20,163,421,4215,0.929774614472123,0,0,367,495,13,1511,18,1868,11,18
"1711","2020-05-26",143,20,163,406,4215,0.929774614472123,0,0,367,495,13,1524,16,1884,6,16
"1712","2020-05-27",132,20,174,392,4215,0.929774614472123,0,0,367,495,25,1549,19,1903,17,19
"1713","2020-05-28",124,20,175,361,4215,0.929774614472123,0,0,367,495,22,1571,17,1920,9,17
"1714","2020-05-29",114,20,161,343,4215,0.929774614472123,0,0,367,495,12,1583,16,1936,8,16
"1715","2020-05-30",112,20,163,323,4215,0.929774614472123,0,0,367,495,17,1600,25,1961,12,25
"1716","2020-05-31",107,20,170,300,4215,0.929774614472123,0,0,367,495,11,1611,19,1980,10,19
"1717","2020-06-01",96,20,146,291,4215,0.929774614472123,0,0,367,495,30,1641,16,1996,24,16
"1718","2020-06-02",91,20,137,286,4215,0.929774614472123,0,0,367,495,10,1651,26,2022,10,26
"1719","2020-06-03",84,20,132,263,4215,0.929774614472123,0,0,367,495,11,1662,26,2048,7,26
"1720","2020-06-04",79,20,142,264,4215,0.929774614472123,0,0,367,495,17,1679,27,2075,11,27
"1721","2020-06-05",82,20,135,263,4215,0.929774614472123,0,0,367,495,11,1690,31,2106,9,31
"1722","2020-06-06",87,20,125,259,4215,0.929774614472123,0,0,367,495,17,1707,26,2132,17,26
"1723","2020-06-07",83,20,129,254,4215,0.929774614472123,0,0,367,495,17,1724,30,2162,14,30
