"","Date","Absents","Paramset","Infections_or_Exposed_per_day_Patient","Infections_or_Exposed_per_day_HCW","total_infections","nosocomial_proportion","PCR_pooled","LFD_pooled","HCW_symp_test","patient_symp_test","new_hcw_infs","cumulative_hcw_infs","new_pat_infs","cumulative_pats_infs","new_nosocomial_hcw_infs","new_nosocomial_pat_infs"
"1","2020-03-13",8,1,120,285,8278,0.294153177095917,1950,9070,920,1351,98,285,40,76,13,40
"2","2020-03-14",29,1,150,395,8278,0.294153177095917,1950,9070,920,1351,110,395,40,116,19,40
"3","2020-03-15",65,1,140,508,8278,0.294153177095917,1950,9070,920,1351,113,508,22,138,31,22
"4","2020-03-16",80,1,140,636,8278,0.294153177095917,1950,9070,920,1351,128,636,17,155,45,17
"5","2020-03-17",92,1,123,761,8278,0.294153177095917,1950,9070,920,1351,126,762,12,167,43,12
"6","2020-03-18",127,1,134,888,8278,0.294153177095917,1950,9070,920,1351,140,902,19,186,51,19
"7","2020-03-19",156,1,154,1005,8278,0.294153177095917,1950,9070,920,1351,143,1045,36,222,66,36
"8","2020-03-20",260,1,180,1105,8278,0.294153177095917,1950,9070,920,1351,131,1176,44,266,58,44
"9","2020-03-21",356,1,185,1220,8278,0.294153177095917,1950,9070,920,1351,153,1329,35,301,70,35
"10","2020-03-22",372,1,171,1298,8278,0.294153177095917,1950,9070,920,1351,132,1461,16,317,56,16
"11","2020-03-23",374,1,177,1386,8278,0.294153177095917,1950,9070,920,1351,150,1611,36,353,76,36
"12","2020-03-24",394,1,212,1444,8278,0.294153177095917,1950,9070,920,1351,140,1751,57,410,64,57
"13","2020-03-25",415,1,216,1496,8278,0.294153177095917,1950,9070,920,1351,152,1903,42,452,67,42
"14","2020-03-26",435,1,203,1536,8278,0.294153177095917,1950,9070,920,1351,141,2044,25,477,69,25
"15","2020-03-27",562,1,195,1541,8278,0.294153177095917,1950,9070,920,1351,127,2171,26,503,53,26
"16","2020-03-28",529,1,188,1584,8278,0.294153177095917,1950,9070,920,1351,151,2322,25,528,76,25
"17","2020-03-29",525,1,165,1574,8278,0.294153177095917,1950,9070,920,1351,129,2451,8,536,49,8
"18","2020-03-30",539,1,173,1577,8278,0.294153177095917,1950,9070,920,1351,132,2583,25,561,50,25
"19","2020-03-31",550,1,198,1586,8278,0.294153177095917,1950,9070,920,1351,137,2720,49,610,67,49
"20","2020-04-01",556,1,200,1590,8278,0.294153177095917,1950,9070,920,1351,120,2840,31,641,48,31
"21","2020-04-02",553,1,171,1559,8278,0.294153177095917,1950,9070,920,1351,129,2969,19,660,50,19
"22","2020-04-03",561,1,180,1552,8278,0.294153177095917,1950,9070,920,1351,124,3093,22,682,46,22
"23","2020-04-04",560,1,183,1560,8278,0.294153177095917,1950,9070,920,1351,122,3215,31,713,53,31
"24","2020-04-05",517,1,160,1551,8278,0.294153177095917,1950,9070,920,1351,114,3329,14,727,53,14
"25","2020-04-06",517,1,146,1515,8278,0.294153177095917,1950,9070,920,1351,109,3438,12,739,49,12
"26","2020-04-07",495,1,165,1512,8278,0.294153177095917,1950,9070,920,1351,128,3566,22,761,42,22
"27","2020-04-08",483,1,198,1479,8278,0.294153177095917,1950,9070,920,1351,108,3674,53,814,33,53
"28","2020-04-09",484,1,238,1443,8278,0.294153177095917,1950,9070,920,1351,111,3785,54,868,44,54
"29","2020-04-10",490,1,227,1443,8278,0.294153177095917,1950,9070,920,1351,114,3899,33,901,44,33
"30","2020-04-11",481,1,227,1424,8278,0.294153177095917,1950,9070,920,1351,104,4003,36,937,37,36
"31","2020-04-12",454,1,202,1403,8278,0.294153177095917,1950,9070,920,1351,93,4096,27,964,31,27
"32","2020-04-13",437,1,207,1409,8278,0.294153177095917,1950,9070,920,1351,108,4204,29,993,34,29
"33","2020-04-14",417,1,247,1389,8278,0.294153177095917,1950,9070,920,1351,110,4314,56,1049,44,56
"34","2020-04-15",409,1,213,1369,8278,0.294153177095917,1950,9070,920,1351,109,4423,18,1067,38,18
"35","2020-04-16",411,1,187,1356,8278,0.294153177095917,1950,9070,920,1351,113,4536,16,1083,46,16
"36","2020-04-17",440,1,167,1329,8278,0.294153177095917,1950,9070,920,1351,90,4626,15,1098,44,15
"37","2020-04-18",465,1,152,1314,8278,0.294153177095917,1950,9070,920,1351,88,4714,8,1106,25,8
"38","2020-04-19",415,1,151,1296,8278,0.294153177095917,1950,9070,920,1351,91,4805,23,1129,30,23
"39","2020-04-20",408,1,200,1266,8278,0.294153177095917,1950,9070,920,1351,83,4888,52,1181,24,52
"40","2020-04-21",402,1,256,1248,8278,0.294153177095917,1950,9070,920,1351,88,4976,66,1247,34,66
"41","2020-04-22",403,1,255,1226,8278,0.294153177095917,1950,9070,920,1351,94,5070,38,1285,39,38
"42","2020-04-23",388,1,232,1204,8278,0.294153177095917,1950,9070,920,1351,81,5151,24,1309,20,24
"43","2020-04-24",396,1,224,1176,8278,0.294153177095917,1950,9070,920,1351,89,5240,26,1335,37,26
"44","2020-04-25",397,1,235,1139,8278,0.294153177095917,1950,9070,920,1351,65,5305,37,1372,16,37
"45","2020-04-26",379,1,233,1093,8278,0.294153177095917,1950,9070,920,1351,62,5367,27,1399,17,27
"46","2020-04-27",370,1,259,1054,8278,0.294153177095917,1950,9070,920,1351,60,5427,48,1447,22,48
"47","2020-04-28",362,1,260,1005,8278,0.294153177095917,1950,9070,920,1351,53,5480,36,1483,14,36
"48","2020-04-29",344,1,215,951,8278,0.294153177095917,1950,9070,920,1351,46,5526,14,1497,15,14
"49","2020-04-30",336,1,199,940,8278,0.294153177095917,1950,9070,920,1351,70,5596,28,1525,21,28
"50","2020-05-01",328,1,211,908,8278,0.294153177095917,1950,9070,920,1351,49,5645,41,1566,18,41
"51","2020-05-02",304,1,219,867,8278,0.294153177095917,1950,9070,920,1351,57,5702,28,1594,18,28
"52","2020-05-03",280,1,196,844,8278,0.294153177095917,1950,9070,920,1351,70,5772,21,1615,23,21
"53","2020-05-04",266,1,183,805,8278,0.294153177095917,1950,9070,920,1351,40,5812,21,1636,8,21
"54","2020-05-05",254,1,163,786,8278,0.294153177095917,1950,9070,920,1351,47,5859,10,1646,13,10
"55","2020-05-06",241,1,165,754,8278,0.294153177095917,1950,9070,920,1351,43,5902,16,1662,11,16
"56","2020-05-07",241,1,208,717,8278,0.294153177095917,1950,9070,920,1351,50,5952,61,1723,18,61
"57","2020-05-08",223,1,241,700,8278,0.294153177095917,1950,9070,920,1351,47,5999,45,1768,6,45
"58","2020-05-09",208,1,248,672,8278,0.294153177095917,1950,9070,920,1351,41,6040,32,1800,7,32
"59","2020-05-10",222,1,219,638,8278,0.294153177095917,1950,9070,920,1351,32,6072,22,1822,7,22
"60","2020-05-11",216,1,214,620,8278,0.294153177095917,1950,9070,920,1351,39,6111,28,1850,9,28
"61","2020-05-12",201,1,210,600,8278,0.294153177095917,1950,9070,920,1351,44,6155,17,1867,14,17
"62","2020-05-13",205,1,238,593,8278,0.294153177095917,1950,9070,920,1351,39,6194,53,1920,6,53
"63","2020-05-14",196,1,231,566,8278,0.294153177095917,1950,9070,920,1351,33,6227,30,1950,9,30
"64","2020-05-15",200,1,208,535,8278,0.294153177095917,1950,9070,920,1351,31,6258,24,1974,12,24
"65","2020-05-16",194,1,190,521,8278,0.294153177095917,1950,9070,920,1351,44,6302,14,1988,12,14
"66","2020-05-17",159,1,187,500,8278,0.294153177095917,1950,9070,920,1351,31,6333,15,2003,7,15
"67","2020-05-18",157,1,213,483,8278,0.294153177095917,1950,9070,920,1351,30,6363,55,2058,7,55
"68","2020-05-19",154,1,211,458,8278,0.294153177095917,1950,9070,920,1351,26,6389,31,2089,7,31
"69","2020-05-20",153,1,191,441,8278,0.294153177095917,1950,9070,920,1351,36,6425,18,2107,9,18
"70","2020-05-21",151,1,208,428,8278,0.294153177095917,1950,9070,920,1351,25,6450,25,2132,7,25
"71","2020-05-22",143,1,201,421,8278,0.294153177095917,1950,9070,920,1351,30,6480,32,2164,6,32
"72","2020-05-23",151,1,193,401,8278,0.294153177095917,1950,9070,920,1351,30,6510,29,2193,3,29
"73","2020-05-24",137,1,180,389,8278,0.294153177095917,1950,9070,920,1351,22,6532,17,2210,6,17
"74","2020-05-25",132,1,201,370,8278,0.294153177095917,1950,9070,920,1351,18,6550,47,2257,6,47
"75","2020-05-26",129,1,213,342,8278,0.294153177095917,1950,9070,920,1351,22,6572,37,2294,8,37
"76","2020-05-27",126,1,202,329,8278,0.294153177095917,1950,9070,920,1351,22,6594,24,2318,5,24
"77","2020-05-28",126,1,185,307,8278,0.294153177095917,1950,9070,920,1351,15,6609,11,2329,3,11
"78","2020-05-29",119,1,202,291,8278,0.294153177095917,1950,9070,920,1351,11,6620,41,2370,2,41
"79","2020-05-30",105,1,197,268,8278,0.294153177095917,1950,9070,920,1351,14,6634,25,2395,5,25
"80","2020-05-31",88,1,238,256,8278,0.294153177095917,1950,9070,920,1351,20,6654,59,2454,7,59
"81","2020-06-01",81,1,244,247,8278,0.294153177095917,1950,9070,920,1351,18,6672,42,2496,3,42
"82","2020-06-02",73,1,236,234,8278,0.294153177095917,1950,9070,920,1351,20,6692,32,2528,4,32
"83","2020-06-03",71,1,256,216,8278,0.294153177095917,1950,9070,920,1351,12,6704,57,2585,3,57
"84","2020-06-04",62,1,270,207,8278,0.294153177095917,1950,9070,920,1351,14,6718,65,2650,4,65
"85","2020-06-05",59,1,268,207,8278,0.294153177095917,1950,9070,920,1351,15,6733,53,2703,5,53
"86","2020-06-06",61,1,265,198,8278,0.294153177095917,1950,9070,920,1351,11,6744,42,2745,1,42
"87","2020-06-07",59,1,249,189,8278,0.294153177095917,1950,9070,920,1351,11,6755,36,2781,3,36
"88","2020-03-13",3,2,90,135,7105,0.601125967628431,2025,8082,754,955,67,196,45,83,10,45
"89","2020-03-14",10,2,112,203,7105,0.601125967628431,2025,8082,754,955,78,274,43,126,17,43
"90","2020-03-15",26,2,127,264,7105,0.601125967628431,2025,8082,754,955,87,361,46,172,18,46
"91","2020-03-16",33,2,112,345,7105,0.601125967628431,2025,8082,754,955,92,453,27,199,31,27
"92","2020-03-17",43,2,142,432,7105,0.601125967628431,2025,8082,754,955,103,556,23,222,42,23
"93","2020-03-18",52,2,124,525,7105,0.601125967628431,2025,8082,754,955,99,655,26,248,42,26
"94","2020-03-19",71,2,128,630,7105,0.601125967628431,2025,8082,754,955,129,784,18,266,55,18
"95","2020-03-20",121,2,166,720,7105,0.601125967628431,2025,8082,754,955,145,929,19,285,78,19
"96","2020-03-21",158,2,150,824,7105,0.601125967628431,2025,8082,754,955,113,1042,19,304,51,19
"97","2020-03-22",214,2,158,909,7105,0.601125967628431,2025,8082,754,955,137,1179,16,320,63,16
"98","2020-03-23",227,2,182,1014,7105,0.601125967628431,2025,8082,754,955,144,1323,21,341,79,21
"99","2020-03-24",233,2,219,1085,7105,0.601125967628431,2025,8082,754,955,163,1486,21,362,95,21
"100","2020-03-25",270,2,245,1161,7105,0.601125967628431,2025,8082,754,955,148,1634,36,398,83,36
"101","2020-03-26",288,2,262,1274,7105,0.601125967628431,2025,8082,754,955,137,1771,41,439,79,41
"102","2020-03-27",411,2,249,1359,7105,0.601125967628431,2025,8082,754,955,121,1892,29,468,74,30
"103","2020-03-28",430,2,231,1460,7105,0.601125967628431,2025,8082,754,955,139,2031,42,510,81,42
"104","2020-03-29",424,2,218,1514,7105,0.601125967628431,2025,8082,754,955,127,2158,35,545,59,35
"105","2020-03-30",438,2,204,1576,7105,0.601125967628431,2025,8082,754,955,127,2285,31,576,69,31
"106","2020-03-31",440,2,228,1636,7105,0.601125967628431,2025,8082,754,955,139,2424,40,616,83,40
"107","2020-04-01",469,2,198,1738,7105,0.601125967628431,2025,8082,754,955,116,2540,36,652,68,36
"108","2020-04-02",493,2,181,1794,7105,0.601125967628431,2025,8082,754,955,138,2678,27,679,60,27
"109","2020-04-03",595,2,174,1817,7105,0.601125967628431,2025,8082,754,955,123,2801,38,717,59,38
"110","2020-04-04",634,2,163,1792,7105,0.601125967628431,2025,8082,754,955,125,2926,39,756,61,39
"111","2020-04-05",592,2,186,1847,7105,0.601125967628431,2025,8082,754,955,129,3055,36,792,51,36
"112","2020-04-06",607,2,242,1856,7105,0.601125967628431,2025,8082,754,955,114,3169,32,824,52,32
"113","2020-04-07",613,2,263,1858,7105,0.601125967628431,2025,8082,754,955,124,3293,28,852,61,28
"114","2020-04-08",604,2,243,1821,7105,0.601125967628431,2025,8082,754,955,121,3414,30,882,55,30
"115","2020-04-09",603,2,232,1795,7105,0.601125967628431,2025,8082,754,955,116,3530,20,902,52,20
"116","2020-04-10",598,2,246,1734,7105,0.601125967628431,2025,8082,754,955,119,3649,17,919,53,17
"117","2020-04-11",563,2,268,1679,7105,0.601125967628431,2025,8082,754,955,97,3746,17,936,39,17
"118","2020-04-12",555,2,276,1641,7105,0.601125967628431,2025,8082,754,955,121,3867,46,982,53,46
"119","2020-04-13",547,2,271,1610,7105,0.601125967628431,2025,8082,754,955,97,3964,41,1023,40,41
"120","2020-04-14",522,2,272,1544,7105,0.601125967628431,2025,8082,754,955,111,4075,29,1052,53,29
"121","2020-04-15",513,2,263,1471,7105,0.601125967628431,2025,8082,754,955,105,4180,61,1113,55,61
"122","2020-04-16",510,2,238,1421,7105,0.601125967628431,2025,8082,754,955,106,4286,34,1147,46,34
"123","2020-04-17",521,2,272,1374,7105,0.601125967628431,2025,8082,754,955,79,4365,30,1177,29,30
"124","2020-04-18",535,2,263,1337,7105,0.601125967628431,2025,8082,754,955,99,4464,29,1206,40,29
"125","2020-04-19",469,2,245,1296,7105,0.601125967628431,2025,8082,754,955,93,4557,26,1232,37,26
"126","2020-04-20",462,2,209,1232,7105,0.601125967628431,2025,8082,754,955,78,4635,19,1251,31,19
"127","2020-04-21",464,2,205,1200,7105,0.601125967628431,2025,8082,754,955,84,4719,50,1301,30,50
"128","2020-04-22",445,2,173,1132,7105,0.601125967628431,2025,8082,754,955,86,4805,43,1344,33,43
"129","2020-04-23",410,2,176,1097,7105,0.601125967628431,2025,8082,754,955,77,4882,39,1383,30,39
"130","2020-04-24",387,2,195,1041,7105,0.601125967628431,2025,8082,754,955,75,4957,49,1432,28,49
"131","2020-04-25",364,2,223,986,7105,0.601125967628431,2025,8082,754,955,89,5046,30,1462,43,30
"132","2020-04-26",328,2,216,944,7105,0.601125967628431,2025,8082,754,955,57,5103,34,1496,22,34
"133","2020-04-27",314,2,211,881,7105,0.601125967628431,2025,8082,754,955,72,5175,33,1529,30,33
"134","2020-04-28",292,2,241,828,7105,0.601125967628431,2025,8082,754,955,54,5229,21,1550,23,21
"135","2020-04-29",286,2,241,780,7105,0.601125967628431,2025,8082,754,955,72,5301,36,1586,34,36
"136","2020-04-30",284,2,226,754,7105,0.601125967628431,2025,8082,754,955,65,5366,24,1610,18,24
"137","2020-05-01",264,2,206,721,7105,0.601125967628431,2025,8082,754,955,57,5423,20,1630,15,20
"138","2020-05-02",256,2,206,682,7105,0.601125967628431,2025,8082,754,955,57,5480,28,1658,19,28
"139","2020-05-03",244,2,238,669,7105,0.601125967628431,2025,8082,754,955,53,5533,41,1699,15,41
"140","2020-05-04",230,2,231,639,7105,0.601125967628431,2025,8082,754,955,50,5583,34,1733,18,34
"141","2020-05-05",217,2,233,616,7105,0.601125967628431,2025,8082,754,955,57,5640,37,1770,20,37
"142","2020-05-06",205,2,261,570,7105,0.601125967628431,2025,8082,754,955,48,5688,36,1806,12,36
"143","2020-05-07",211,2,244,544,7105,0.601125967628431,2025,8082,754,955,52,5740,37,1843,17,37
"144","2020-05-08",202,2,208,519,7105,0.601125967628431,2025,8082,754,955,49,5789,24,1867,15,24
"145","2020-05-09",202,2,194,488,7105,0.601125967628431,2025,8082,754,955,41,5830,17,1884,10,17
"146","2020-05-10",184,2,203,463,7105,0.601125967628431,2025,8082,754,955,38,5868,23,1907,13,23
"147","2020-05-11",160,2,236,429,7105,0.601125967628431,2025,8082,754,955,39,5907,20,1927,17,20
"148","2020-05-12",149,2,269,398,7105,0.601125967628431,2025,8082,754,955,44,5951,19,1946,9,19
"149","2020-05-13",139,2,250,384,7105,0.601125967628431,2025,8082,754,955,29,5980,30,1976,8,30
"150","2020-05-14",126,2,245,368,7105,0.601125967628431,2025,8082,754,955,33,6013,25,2001,7,25
"151","2020-05-15",126,2,251,361,7105,0.601125967628431,2025,8082,754,955,34,6047,34,2035,16,34
"152","2020-05-16",123,2,256,339,7105,0.601125967628431,2025,8082,754,955,42,6089,37,2072,10,37
"153","2020-05-17",104,2,304,327,7105,0.601125967628431,2025,8082,754,955,21,6110,28,2100,6,28
"154","2020-05-18",104,2,290,312,7105,0.601125967628431,2025,8082,754,955,26,6136,52,2152,11,52
"155","2020-05-19",99,2,268,298,7105,0.601125967628431,2025,8082,754,955,27,6163,83,2235,9,83
"156","2020-05-20",97,2,291,286,7105,0.601125967628431,2025,8082,754,955,27,6190,53,2288,4,53
"157","2020-05-21",94,2,308,264,7105,0.601125967628431,2025,8082,754,955,29,6219,33,2321,6,33
"158","2020-05-22",89,2,309,253,7105,0.601125967628431,2025,8082,754,955,26,6245,20,2341,8,20
"159","2020-05-23",85,2,289,255,7105,0.601125967628431,2025,8082,754,955,21,6266,23,2364,5,23
"160","2020-05-24",77,2,261,245,7105,0.601125967628431,2025,8082,754,955,33,6299,28,2392,13,28
"161","2020-05-25",73,2,233,232,7105,0.601125967628431,2025,8082,754,955,19,6318,18,2410,3,18
"162","2020-05-26",77,2,225,218,7105,0.601125967628431,2025,8082,754,955,13,6331,21,2431,4,21
"163","2020-05-27",76,2,209,209,7105,0.601125967628431,2025,8082,754,955,16,6347,16,2447,5,16
"164","2020-05-28",74,2,189,199,7105,0.601125967628431,2025,8082,754,955,22,6369,20,2467,12,20
"165","2020-05-29",69,2,166,192,7105,0.601125967628431,2025,8082,754,955,16,6385,18,2485,3,18
"166","2020-05-30",58,2,156,182,7105,0.601125967628431,2025,8082,754,955,13,6398,46,2531,3,46
"167","2020-05-31",62,2,169,168,7105,0.601125967628431,2025,8082,754,955,15,6413,39,2570,NA,39
"168","2020-06-01",58,2,167,158,7105,0.601125967628431,2025,8082,754,955,11,6424,26,2596,2,26
"169","2020-06-02",52,2,200,154,7105,0.601125967628431,2025,8082,754,955,17,6441,26,2622,1,26
"170","2020-06-03",51,2,211,148,7105,0.601125967628431,2025,8082,754,955,12,6453,23,2645,2,23
"171","2020-06-04",50,2,203,143,7105,0.601125967628431,2025,8082,754,955,13,6466,38,2683,3,38
"172","2020-06-05",48,2,218,135,7105,0.601125967628431,2025,8082,754,955,19,6485,32,2715,6,32
"173","2020-06-06",52,2,211,131,7105,0.601125967628431,2025,8082,754,955,8,6493,33,2748,1,33
"174","2020-06-07",41,2,196,119,7105,0.601125967628431,2025,8082,754,955,12,6505,35,2783,3,35
"175","2020-03-13",4,3,246,246,8264,0.427879961277832,2055,8551,885,2192,33,70,33,72,14,33
"176","2020-03-14",23,3,302,343,8264,0.427879961277832,2055,8551,885,2192,38,108,20,92,21,20
"177","2020-03-15",41,3,330,432,8264,0.427879961277832,2055,8551,885,2192,63,171,25,117,42,25
"178","2020-03-16",45,3,377,534,8264,0.427879961277832,2055,8551,885,2192,52,223,13,130,35,13
"179","2020-03-17",63,3,353,660,8264,0.427879961277832,2055,8551,885,2192,77,300,20,150,49,20
"180","2020-03-18",88,3,337,794,8264,0.427879961277832,2055,8551,885,2192,77,377,45,195,55,45
"181","2020-03-19",116,3,312,900,8264,0.427879961277832,2055,8551,885,2192,95,472,25,220,74,25
"182","2020-03-20",182,3,318,1025,8264,0.427879961277832,2055,8551,885,2192,102,574,30,250,80,30
"183","2020-03-21",223,3,321,1142,8264,0.427879961277832,2055,8551,885,2192,113,687,19,269,96,19
"184","2020-03-22",312,3,308,1245,8264,0.427879961277832,2055,8551,885,2192,125,812,23,292,103,23
"185","2020-03-23",330,3,292,1353,8264,0.427879961277832,2055,8551,885,2192,136,948,23,315,114,23
"186","2020-03-24",337,3,300,1443,8264,0.427879961277832,2055,8551,885,2192,143,1091,28,343,120,28
"187","2020-03-25",363,3,278,1529,8264,0.427879961277832,2055,8551,885,2192,155,1246,28,371,138,28
"188","2020-03-26",392,3,317,1609,8264,0.427879961277832,2055,8551,885,2192,160,1406,42,413,126,42
"189","2020-03-27",502,3,336,1690,8264,0.427879961277832,2055,8551,885,2192,171,1577,48,461,150,48
"190","2020-03-28",547,3,320,1736,8264,0.427879961277832,2055,8551,885,2192,169,1746,54,515,151,54
"191","2020-03-29",507,3,286,1792,8264,0.427879961277832,2055,8551,885,2192,186,1932,58,573,158,58
"192","2020-03-30",535,3,269,1839,8264,0.427879961277832,2055,8551,885,2192,171,2103,54,627,155,54
"193","2020-03-31",545,3,261,1866,8264,0.427879961277832,2055,8551,885,2192,157,2260,36,663,143,36
"194","2020-04-01",574,3,252,1908,8264,0.427879961277832,2055,8551,885,2192,170,2430,30,693,149,30
"195","2020-04-02",582,3,258,1905,8264,0.427879961277832,2055,8551,885,2192,224,2654,28,721,201,28
"196","2020-04-03",714,3,265,1956,8264,0.427879961277832,2055,8551,885,2192,182,2836,34,755,163,34
"197","2020-04-04",691,3,262,1976,8264,0.427879961277832,2055,8551,885,2192,207,3043,23,778,190,23
"198","2020-04-05",659,3,293,1954,8264,0.427879961277832,2055,8551,885,2192,162,3205,32,810,143,32
"199","2020-04-06",649,3,303,1924,8264,0.427879961277832,2055,8551,885,2192,185,3390,32,842,171,32
"200","2020-04-07",628,3,327,1920,8264,0.427879961277832,2055,8551,885,2192,173,3563,55,897,156,55
"201","2020-04-08",614,3,325,1896,8264,0.427879961277832,2055,8551,885,2192,167,3730,32,929,147,32
"202","2020-04-09",623,3,309,1839,8264,0.427879961277832,2055,8551,885,2192,182,3912,25,954,163,25
"203","2020-04-10",641,3,324,1797,8264,0.427879961277832,2055,8551,885,2192,166,4078,31,985,142,31
"204","2020-04-11",660,3,320,1763,8264,0.427879961277832,2055,8551,885,2192,137,4215,36,1021,127,36
"205","2020-04-12",591,3,318,1717,8264,0.427879961277832,2055,8551,885,2192,148,4363,39,1060,131,39
"206","2020-04-13",577,3,304,1694,8264,0.427879961277832,2055,8551,885,2192,121,4484,27,1087,101,27
"207","2020-04-14",555,3,303,1621,8264,0.427879961277832,2055,8551,885,2192,117,4601,37,1124,102,37
"208","2020-04-15",542,3,307,1585,8264,0.427879961277832,2055,8551,885,2192,114,4715,19,1143,108,19
"209","2020-04-16",522,3,326,1512,8264,0.427879961277832,2055,8551,885,2192,128,4843,22,1165,112,22
"210","2020-04-17",537,3,316,1486,8264,0.427879961277832,2055,8551,885,2192,106,4949,25,1190,95,25
"211","2020-04-18",518,3,329,1408,8264,0.427879961277832,2055,8551,885,2192,117,5066,28,1218,98,28
"212","2020-04-19",476,3,318,1365,8264,0.427879961277832,2055,8551,885,2192,89,5155,24,1242,77,24
"213","2020-04-20",464,3,307,1311,8264,0.427879961277832,2055,8551,885,2192,72,5227,20,1262,61,20
"214","2020-04-21",468,3,297,1258,8264,0.427879961277832,2055,8551,885,2192,88,5315,27,1289,74,27
"215","2020-04-22",457,3,295,1224,8264,0.427879961277832,2055,8551,885,2192,77,5392,34,1323,66,34
"216","2020-04-23",439,3,292,1193,8264,0.427879961277832,2055,8551,885,2192,71,5463,32,1355,54,32
"217","2020-04-24",406,3,306,1134,8264,0.427879961277832,2055,8551,885,2192,60,5523,40,1395,52,40
"218","2020-04-25",383,3,299,1089,8264,0.427879961277832,2055,8551,885,2192,57,5580,29,1424,50,29
"219","2020-04-26",365,3,290,1030,8264,0.427879961277832,2055,8551,885,2192,45,5625,31,1455,35,31
"220","2020-04-27",351,3,307,974,8264,0.427879961277832,2055,8551,885,2192,47,5672,24,1479,39,24
"221","2020-04-28",335,3,311,905,8264,0.427879961277832,2055,8551,885,2192,55,5727,20,1499,42,20
"222","2020-04-29",319,3,333,881,8264,0.427879961277832,2055,8551,885,2192,47,5774,27,1526,39,27
"223","2020-04-30",308,3,319,826,8264,0.427879961277832,2055,8551,885,2192,45,5819,26,1552,34,26
"224","2020-05-01",292,3,322,791,8264,0.427879961277832,2055,8551,885,2192,23,5842,24,1576,17,24
"225","2020-05-02",294,3,307,758,8264,0.427879961277832,2055,8551,885,2192,27,5869,26,1602,19,26
"226","2020-05-03",267,3,307,711,8264,0.427879961277832,2055,8551,885,2192,28,5897,47,1649,18,47
"227","2020-05-04",267,3,311,680,8264,0.427879961277832,2055,8551,885,2192,34,5931,56,1705,23,56
"228","2020-05-05",243,3,311,638,8264,0.427879961277832,2055,8551,885,2192,29,5960,32,1737,15,32
"229","2020-05-06",239,3,306,607,8264,0.427879961277832,2055,8551,885,2192,19,5979,40,1777,10,40
"230","2020-05-07",227,3,336,579,8264,0.427879961277832,2055,8551,885,2192,24,6003,43,1820,14,43
"231","2020-05-08",195,3,323,548,8264,0.427879961277832,2055,8551,885,2192,29,6032,27,1847,15,27
"232","2020-05-09",191,3,364,520,8264,0.427879961277832,2055,8551,885,2192,17,6049,24,1871,7,24
"233","2020-05-10",167,3,350,491,8264,0.427879961277832,2055,8551,885,2192,26,6075,23,1894,24,23
"234","2020-05-11",157,3,364,455,8264,0.427879961277832,2055,8551,885,2192,22,6097,20,1914,15,20
"235","2020-05-12",151,3,357,433,8264,0.427879961277832,2055,8551,885,2192,21,6118,34,1948,13,34
"236","2020-05-13",148,3,347,409,8264,0.427879961277832,2055,8551,885,2192,21,6139,24,1972,14,24
"237","2020-05-14",145,3,333,384,8264,0.427879961277832,2055,8551,885,2192,18,6157,38,2010,8,38
"238","2020-05-15",138,3,318,364,8264,0.427879961277832,2055,8551,885,2192,25,6182,20,2030,17,20
"239","2020-05-16",130,3,310,353,8264,0.427879961277832,2055,8551,885,2192,29,6211,29,2059,22,29
"240","2020-05-17",115,3,292,350,8264,0.427879961277832,2055,8551,885,2192,29,6240,27,2086,18,27
"241","2020-05-18",105,3,278,347,8264,0.427879961277832,2055,8551,885,2192,9,6249,20,2106,5,20
"242","2020-05-19",103,3,308,333,8264,0.427879961277832,2055,8551,885,2192,22,6271,14,2120,19,14
"243","2020-05-20",94,3,315,322,8264,0.427879961277832,2055,8551,885,2192,21,6292,19,2139,17,19
"244","2020-05-21",97,3,296,315,8264,0.427879961277832,2055,8551,885,2192,17,6309,23,2162,12,23
"245","2020-05-22",101,3,319,303,8264,0.427879961277832,2055,8551,885,2192,10,6319,20,2182,7,20
"246","2020-05-23",110,3,315,303,8264,0.427879961277832,2055,8551,885,2192,15,6334,61,2243,11,61
"247","2020-05-24",106,3,316,270,8264,0.427879961277832,2055,8551,885,2192,14,6348,52,2295,10,52
"248","2020-05-25",97,3,344,264,8264,0.427879961277832,2055,8551,885,2192,18,6366,42,2337,10,42
"249","2020-05-26",94,3,372,262,8264,0.427879961277832,2055,8551,885,2192,14,6380,53,2390,6,53
"250","2020-05-27",97,3,385,245,8264,0.427879961277832,2055,8551,885,2192,15,6395,43,2433,12,43
"251","2020-05-28",87,3,347,225,8264,0.427879961277832,2055,8551,885,2192,13,6408,38,2471,12,38
"252","2020-05-29",80,3,332,208,8264,0.427879961277832,2055,8551,885,2192,12,6420,55,2526,7,55
"253","2020-05-30",74,3,318,203,8264,0.427879961277832,2055,8551,885,2192,10,6430,61,2587,8,61
"254","2020-05-31",64,3,306,199,8264,0.427879961277832,2055,8551,885,2192,11,6441,37,2624,7,37
"255","2020-06-01",65,3,328,184,8264,0.427879961277832,2055,8551,885,2192,12,6453,30,2654,8,30
"256","2020-06-02",61,3,341,179,8264,0.427879961277832,2055,8551,885,2192,9,6462,45,2699,6,45
"257","2020-06-03",57,3,345,173,8264,0.427879961277832,2055,8551,885,2192,12,6474,43,2742,10,43
"258","2020-06-04",64,3,345,158,8264,0.427879961277832,2055,8551,885,2192,12,6486,38,2780,4,38
"259","2020-06-05",60,3,343,149,8264,0.427879961277832,2055,8551,885,2192,4,6490,25,2805,3,25
"260","2020-06-06",51,3,328,145,8264,0.427879961277832,2055,8551,885,2192,5,6495,48,2853,3,48
"261","2020-06-07",53,3,307,139,8264,0.427879961277832,2055,8551,885,2192,9,6504,42,2895,4,42
"262","2020-03-13",2,4,60,134,6718,0.633224173861268,2055,7950,751,1175,103,281,73,157,21,73
"263","2020-03-14",7,4,60,183,6718,0.633224173861268,2055,7950,751,1175,121,402,89,246,45,89
"264","2020-03-15",30,4,66,235,6718,0.633224173861268,2055,7950,751,1175,122,524,35,281,47,35
"265","2020-03-16",33,4,112,288,6718,0.633224173861268,2055,7950,751,1175,131,655,21,302,56,21
"266","2020-03-17",34,4,168,359,6718,0.633224173861268,2055,7950,751,1175,158,813,25,327,77,25
"267","2020-03-18",41,4,206,406,6718,0.633224173861268,2055,7950,751,1175,154,967,27,354,84,27
"268","2020-03-19",61,4,178,498,6718,0.633224173861268,2055,7950,751,1175,126,1093,29,383,52,29
"269","2020-03-20",110,4,167,565,6718,0.633224173861268,2055,7950,751,1175,156,1249,23,406,79,23
"270","2020-03-21",166,4,195,644,6718,0.633224173861268,2055,7950,751,1175,177,1426,14,420,101,14
"271","2020-03-22",185,4,183,722,6718,0.633224173861268,2055,7950,751,1175,150,1576,57,477,82,57
"272","2020-03-23",193,4,237,788,6718,0.633224173861268,2055,7950,751,1175,183,1759,59,536,108,59
"273","2020-03-24",210,4,288,890,6718,0.633224173861268,2055,7950,751,1175,151,1910,17,553,85,17
"274","2020-03-25",222,4,279,953,6718,0.633224173861268,2055,7950,751,1175,167,2077,13,566,88,13
"275","2020-03-26",240,4,257,1047,6718,0.633224173861268,2055,7950,751,1175,143,2220,51,617,85,51
"276","2020-03-27",338,4,253,1114,6718,0.633224173861268,2055,7950,751,1175,140,2360,20,637,84,20
"277","2020-03-28",341,4,222,1189,6718,0.633224173861268,2055,7950,751,1175,180,2540,18,655,104,18
"278","2020-03-29",339,4,199,1256,6718,0.633224173861268,2055,7950,751,1175,164,2704,16,671,97,16
"279","2020-03-30",361,4,169,1310,6718,0.633224173861268,2055,7950,751,1175,172,2876,45,716,108,45
"280","2020-03-31",380,4,165,1380,6718,0.633224173861268,2055,7950,751,1175,133,3009,19,735,80,19
"281","2020-04-01",413,4,210,1427,6718,0.633224173861268,2055,7950,751,1175,146,3155,19,754,81,19
"282","2020-04-02",425,4,269,1459,6718,0.633224173861268,2055,7950,751,1175,130,3285,16,770,75,16
"283","2020-04-03",473,4,306,1481,6718,0.633224173861268,2055,7950,751,1175,152,3437,36,806,84,36
"284","2020-04-04",491,4,322,1528,6718,0.633224173861268,2055,7950,751,1175,131,3568,16,822,71,16
"285","2020-04-05",463,4,289,1552,6718,0.633224173861268,2055,7950,751,1175,129,3697,18,840,69,18
"286","2020-04-06",454,4,256,1616,6718,0.633224173861268,2055,7950,751,1175,146,3843,45,885,64,45
"287","2020-04-07",443,4,234,1655,6718,0.633224173861268,2055,7950,751,1175,129,3972,23,908,69,23
"288","2020-04-08",452,4,205,1645,6718,0.633224173861268,2055,7950,751,1175,119,4091,13,921,53,13
"289","2020-04-09",456,4,205,1621,6718,0.633224173861268,2055,7950,751,1175,101,4192,7,928,49,7
"290","2020-04-10",548,4,237,1619,6718,0.633224173861268,2055,7950,751,1175,117,4309,15,943,49,15
"291","2020-04-11",545,4,245,1596,6718,0.633224173861268,2055,7950,751,1175,130,4439,18,961,59,18
"292","2020-04-12",528,4,261,1541,6718,0.633224173861268,2055,7950,751,1175,104,4543,14,975,43,14
"293","2020-04-13",533,4,253,1523,6718,0.633224173861268,2055,7950,751,1175,99,4642,14,989,46,14
"294","2020-04-14",540,4,222,1482,6718,0.633224173861268,2055,7950,751,1175,86,4728,23,1012,49,23
"295","2020-04-15",514,4,216,1441,6718,0.633224173861268,2055,7950,751,1175,124,4852,25,1037,57,25
"296","2020-04-16",516,4,245,1405,6718,0.633224173861268,2055,7950,751,1175,86,4938,11,1048,43,11
"297","2020-04-17",504,4,229,1355,6718,0.633224173861268,2055,7950,751,1175,82,5020,19,1067,38,19
"298","2020-04-18",515,4,222,1309,6718,0.633224173861268,2055,7950,751,1175,100,5120,7,1074,44,7
"299","2020-04-19",471,4,216,1262,6718,0.633224173861268,2055,7950,751,1175,69,5189,9,1083,30,9
"300","2020-04-20",446,4,195,1214,6718,0.633224173861268,2055,7950,751,1175,89,5278,50,1133,26,50
"301","2020-04-21",428,4,175,1172,6718,0.633224173861268,2055,7950,751,1175,77,5355,19,1152,31,19
"302","2020-04-22",437,4,159,1143,6718,0.633224173861268,2055,7950,751,1175,78,5433,26,1178,19,26
"303","2020-04-23",419,4,174,1106,6718,0.633224173861268,2055,7950,751,1175,74,5507,47,1225,31,47
"304","2020-04-24",397,4,165,1062,6718,0.633224173861268,2055,7950,751,1175,52,5559,35,1260,27,35
"305","2020-04-25",391,4,190,1026,6718,0.633224173861268,2055,7950,751,1175,94,5653,76,1336,43,76
"306","2020-04-26",357,4,223,976,6718,0.633224173861268,2055,7950,751,1175,79,5732,55,1391,44,55
"307","2020-04-27",354,4,218,935,6718,0.633224173861268,2055,7950,751,1175,65,5797,34,1425,22,34
"308","2020-04-28",339,4,231,873,6718,0.633224173861268,2055,7950,751,1175,71,5868,20,1445,26,20
"309","2020-04-29",322,4,221,838,6718,0.633224173861268,2055,7950,751,1175,59,5927,14,1459,18,14
"310","2020-04-30",312,4,231,782,6718,0.633224173861268,2055,7950,751,1175,62,5989,16,1475,33,16
"311","2020-05-01",294,4,258,760,6718,0.633224173861268,2055,7950,751,1175,51,6040,39,1514,18,39
"312","2020-05-02",266,4,295,735,6718,0.633224173861268,2055,7950,751,1175,49,6089,20,1534,24,20
"313","2020-05-03",240,4,258,707,6718,0.633224173861268,2055,7950,751,1175,31,6120,25,1559,11,25
"314","2020-05-04",229,4,232,676,6718,0.633224173861268,2055,7950,751,1175,62,6182,28,1587,21,28
"315","2020-05-05",211,4,217,641,6718,0.633224173861268,2055,7950,751,1175,36,6218,21,1608,14,21
"316","2020-05-06",215,4,263,609,6718,0.633224173861268,2055,7950,751,1175,55,6273,9,1617,20,9
"317","2020-05-07",213,4,244,585,6718,0.633224173861268,2055,7950,751,1175,37,6310,21,1638,13,21
"318","2020-05-08",202,4,243,546,6718,0.633224173861268,2055,7950,751,1175,40,6350,37,1675,12,37
"319","2020-05-09",209,4,227,546,6718,0.633224173861268,2055,7950,751,1175,29,6379,33,1708,10,33
"320","2020-05-10",196,4,234,529,6718,0.633224173861268,2055,7950,751,1175,35,6414,61,1769,15,61
"321","2020-05-11",191,4,233,507,6718,0.633224173861268,2055,7950,751,1175,35,6449,23,1792,15,23
"322","2020-05-12",183,4,255,498,6718,0.633224173861268,2055,7950,751,1175,31,6480,19,1811,14,19
"323","2020-05-13",167,4,242,488,6718,0.633224173861268,2055,7950,751,1175,39,6519,16,1827,17,16
"324","2020-05-14",161,4,214,468,6718,0.633224173861268,2055,7950,751,1175,33,6552,34,1861,13,34
"325","2020-05-15",153,4,190,466,6718,0.633224173861268,2055,7950,751,1175,26,6578,19,1880,7,19
"326","2020-05-16",137,4,171,442,6718,0.633224173861268,2055,7950,751,1175,28,6606,22,1902,15,22
"327","2020-05-17",136,4,183,425,6718,0.633224173861268,2055,7950,751,1175,34,6640,28,1930,12,28
"328","2020-05-18",139,4,215,404,6718,0.633224173861268,2055,7950,751,1175,22,6662,20,1950,6,20
"329","2020-05-19",141,4,218,386,6718,0.633224173861268,2055,7950,751,1175,24,6686,20,1970,12,20
"330","2020-05-20",145,4,198,378,6718,0.633224173861268,2055,7950,751,1175,29,6715,20,1990,11,20
"331","2020-05-21",138,4,190,355,6718,0.633224173861268,2055,7950,751,1175,19,6734,24,2014,7,24
"332","2020-05-22",126,4,186,334,6718,0.633224173861268,2055,7950,751,1175,26,6760,17,2031,11,17
"333","2020-05-23",139,4,183,325,6718,0.633224173861268,2055,7950,751,1175,21,6781,11,2042,8,11
"334","2020-05-24",131,4,203,297,6718,0.633224173861268,2055,7950,751,1175,29,6810,12,2054,11,12
"335","2020-05-25",119,4,247,286,6718,0.633224173861268,2055,7950,751,1175,15,6825,13,2067,4,13
"336","2020-05-26",118,4,241,260,6718,0.633224173861268,2055,7950,751,1175,17,6842,14,2081,2,14
"337","2020-05-27",107,4,220,240,6718,0.633224173861268,2055,7950,751,1175,17,6859,8,2089,7,8
"338","2020-05-28",99,4,207,224,6718,0.633224173861268,2055,7950,751,1175,7,6866,13,2102,1,13
"339","2020-05-29",101,4,188,212,6718,0.633224173861268,2055,7950,751,1175,10,6876,62,2164,3,62
"340","2020-05-30",93,4,177,195,6718,0.633224173861268,2055,7950,751,1175,16,6892,55,2219,5,55
"341","2020-05-31",84,4,163,188,6718,0.633224173861268,2055,7950,751,1175,17,6909,28,2247,7,28
"342","2020-06-01",78,4,156,177,6718,0.633224173861268,2055,7950,751,1175,9,6918,33,2280,5,33
"343","2020-06-02",68,4,132,172,6718,0.633224173861268,2055,7950,751,1175,17,6935,22,2302,8,22
"344","2020-06-03",67,4,118,165,6718,0.633224173861268,2055,7950,751,1175,13,6948,86,2388,6,86
"345","2020-06-04",69,4,114,147,6718,0.633224173861268,2055,7950,751,1175,11,6959,64,2452,5,64
"346","2020-06-05",57,4,109,140,6718,0.633224173861268,2055,7950,751,1175,12,6971,33,2485,3,33
"347","2020-06-06",53,4,129,143,6718,0.633224173861268,2055,7950,751,1175,11,6982,28,2513,3,28
"348","2020-06-07",52,4,171,141,6718,0.633224173861268,2055,7950,751,1175,10,6992,44,2557,5,44
"349","2020-03-13",4,5,45,145,7120,0.528089887640449,2100,8190,807,955,40,90,31,105,8,31
"350","2020-03-14",23,5,71,219,7120,0.528089887640449,2100,8190,807,955,45,135,18,123,21,18
"351","2020-03-15",28,5,96,285,7120,0.528089887640449,2100,8190,807,955,50,185,61,184,21,61
"352","2020-03-16",29,5,101,361,7120,0.528089887640449,2100,8190,807,955,53,238,26,210,30,26
"353","2020-03-17",39,5,104,431,7120,0.528089887640449,2100,8190,807,955,68,306,34,244,45,34
"354","2020-03-18",64,5,104,520,7120,0.528089887640449,2100,8190,807,955,67,373,24,268,45,24
"355","2020-03-19",80,5,129,611,7120,0.528089887640449,2100,8190,807,955,100,473,31,299,68,31
"356","2020-03-20",132,5,172,702,7120,0.528089887640449,2100,8190,807,955,95,568,25,324,76,25
"357","2020-03-21",166,5,186,819,7120,0.528089887640449,2100,8190,807,955,105,673,39,363,83,39
"358","2020-03-22",191,5,182,938,7120,0.528089887640449,2100,8190,807,955,130,803,46,409,107,46
"359","2020-03-23",210,5,182,984,7120,0.528089887640449,2100,8190,807,955,110,913,44,453,80,44
"360","2020-03-24",239,5,199,1084,7120,0.528089887640449,2100,8190,807,955,143,1056,39,492,124,39
"361","2020-03-25",253,5,196,1164,7120,0.528089887640449,2100,8190,807,955,153,1209,27,519,130,27
"362","2020-03-26",268,5,170,1258,7120,0.528089887640449,2100,8190,807,955,131,1340,22,541,115,22
"363","2020-03-27",361,5,153,1340,7120,0.528089887640449,2100,8190,807,955,196,1536,26,567,170,26
"364","2020-03-28",372,5,137,1428,7120,0.528089887640449,2100,8190,807,955,164,1700,36,603,135,36
"365","2020-03-29",446,5,132,1491,7120,0.528089887640449,2100,8190,807,955,220,1920,25,628,200,25
"366","2020-03-30",466,5,155,1549,7120,0.528089887640449,2100,8190,807,955,210,2130,28,656,175,28
"367","2020-03-31",456,5,196,1612,7120,0.528089887640449,2100,8190,807,955,216,2346,23,679,192,23
"368","2020-04-01",463,5,220,1635,7120,0.528089887640449,2100,8190,807,955,233,2579,38,717,206,38
"369","2020-04-02",487,5,212,1666,7120,0.528089887640449,2100,8190,807,955,217,2796,40,757,194,40
"370","2020-04-03",597,5,224,1706,7120,0.528089887640449,2100,8190,807,955,188,2984,48,805,172,48
"371","2020-04-04",635,5,230,1725,7120,0.528089887640449,2100,8190,807,955,198,3182,43,848,181,43
"372","2020-04-05",565,5,207,1733,7120,0.528089887640449,2100,8190,807,955,242,3424,33,881,220,33
"373","2020-04-06",562,5,217,1703,7120,0.528089887640449,2100,8190,807,955,178,3602,41,922,155,41
"374","2020-04-07",557,5,225,1703,7120,0.528089887640449,2100,8190,807,955,178,3780,35,957,166,35
"375","2020-04-08",575,5,220,1687,7120,0.528089887640449,2100,8190,807,955,166,3946,27,984,151,27
"376","2020-04-09",584,5,204,1658,7120,0.528089887640449,2100,8190,807,955,166,4112,27,1011,147,27
"377","2020-04-10",589,5,201,1639,7120,0.528089887640449,2100,8190,807,955,161,4273,28,1039,133,28
"378","2020-04-11",599,5,180,1591,7120,0.528089887640449,2100,8190,807,955,172,4445,25,1064,148,25
"379","2020-04-12",553,5,170,1575,7120,0.528089887640449,2100,8190,807,955,143,4588,28,1092,131,28
"380","2020-04-13",528,5,165,1526,7120,0.528089887640449,2100,8190,807,955,132,4720,47,1139,120,47
"381","2020-04-14",515,5,215,1472,7120,0.528089887640449,2100,8190,807,955,144,4864,31,1170,129,31
"382","2020-04-15",499,5,252,1428,7120,0.528089887640449,2100,8190,807,955,107,4971,36,1206,89,36
"383","2020-04-16",489,5,222,1385,7120,0.528089887640449,2100,8190,807,955,93,5064,37,1243,82,37
"384","2020-04-17",510,5,204,1335,7120,0.528089887640449,2100,8190,807,955,112,5176,30,1273,100,30
"385","2020-04-18",474,5,189,1275,7120,0.528089887640449,2100,8190,807,955,63,5239,38,1311,51,38
"386","2020-04-19",450,5,207,1249,7120,0.528089887640449,2100,8190,807,955,88,5327,26,1337,69,26
"387","2020-04-20",440,5,246,1192,7120,0.528089887640449,2100,8190,807,955,77,5404,33,1370,59,33
"388","2020-04-21",421,5,263,1152,7120,0.528089887640449,2100,8190,807,955,69,5473,18,1388,58,18
"389","2020-04-22",412,5,255,1096,7120,0.528089887640449,2100,8190,807,955,80,5553,10,1398,65,10
"390","2020-04-23",391,5,209,1043,7120,0.528089887640449,2100,8190,807,955,63,5616,21,1419,49,21
"391","2020-04-24",370,5,186,999,7120,0.528089887640449,2100,8190,807,955,48,5664,27,1446,32,27
"392","2020-04-25",372,5,185,949,7120,0.528089887640449,2100,8190,807,955,40,5704,15,1461,28,15
"393","2020-04-26",311,5,197,895,7120,0.528089887640449,2100,8190,807,955,56,5760,15,1476,41,15
"394","2020-04-27",300,5,221,865,7120,0.528089887640449,2100,8190,807,955,47,5807,20,1496,35,20
"395","2020-04-28",291,5,217,842,7120,0.528089887640449,2100,8190,807,955,45,5852,16,1512,38,16
"396","2020-04-29",282,5,194,827,7120,0.528089887640449,2100,8190,807,955,31,5883,16,1528,25,16
"397","2020-04-30",289,5,192,818,7120,0.528089887640449,2100,8190,807,955,40,5923,52,1580,28,52
"398","2020-05-01",277,5,208,784,7120,0.528089887640449,2100,8190,807,955,26,5949,36,1616,18,36
"399","2020-05-02",262,5,230,770,7120,0.528089887640449,2100,8190,807,955,35,5984,24,1640,25,24
"400","2020-05-03",275,5,253,716,7120,0.528089887640449,2100,8190,807,955,32,6016,29,1669,18,29
"401","2020-05-04",272,5,226,684,7120,0.528089887640449,2100,8190,807,955,24,6040,13,1682,13,13
"402","2020-05-05",262,5,208,654,7120,0.528089887640449,2100,8190,807,955,19,6059,38,1720,6,38
"403","2020-05-06",254,5,230,616,7120,0.528089887640449,2100,8190,807,955,16,6075,26,1746,10,26
"404","2020-05-07",232,5,222,584,7120,0.528089887640449,2100,8190,807,955,20,6095,24,1770,12,24
"405","2020-05-08",202,5,216,548,7120,0.528089887640449,2100,8190,807,955,17,6112,14,1784,9,14
"406","2020-05-09",208,5,201,513,7120,0.528089887640449,2100,8190,807,955,16,6128,15,1799,8,15
"407","2020-05-10",177,5,203,500,7120,0.528089887640449,2100,8190,807,955,13,6141,46,1845,8,46
"408","2020-05-11",163,5,198,489,7120,0.528089887640449,2100,8190,807,955,17,6158,34,1879,8,34
"409","2020-05-12",149,5,199,473,7120,0.528089887640449,2100,8190,807,955,23,6181,25,1904,12,25
"410","2020-05-13",144,5,200,450,7120,0.528089887640449,2100,8190,807,955,17,6198,35,1939,4,35
"411","2020-05-14",143,5,245,429,7120,0.528089887640449,2100,8190,807,955,12,6210,47,1986,4,47
"412","2020-05-15",148,5,259,428,7120,0.528089887640449,2100,8190,807,955,16,6226,46,2032,7,46
"413","2020-05-16",135,5,251,419,7120,0.528089887640449,2100,8190,807,955,18,6244,51,2083,8,51
"414","2020-05-17",132,5,230,404,7120,0.528089887640449,2100,8190,807,955,12,6256,49,2132,4,49
"415","2020-05-18",128,5,206,390,7120,0.528089887640449,2100,8190,807,955,26,6282,27,2159,20,27
"416","2020-05-19",131,5,175,364,7120,0.528089887640449,2100,8190,807,955,13,6295,31,2190,9,31
"417","2020-05-20",128,5,204,349,7120,0.528089887640449,2100,8190,807,955,7,6302,26,2216,4,26
"418","2020-05-21",127,5,209,332,7120,0.528089887640449,2100,8190,807,955,9,6311,19,2235,5,19
"419","2020-05-22",121,5,209,323,7120,0.528089887640449,2100,8190,807,955,9,6320,26,2261,4,26
"420","2020-05-23",122,5,202,303,7120,0.528089887640449,2100,8190,807,955,11,6331,12,2273,5,12
"421","2020-05-24",100,5,184,303,7120,0.528089887640449,2100,8190,807,955,11,6342,36,2309,5,36
"422","2020-05-25",94,5,196,279,7120,0.528089887640449,2100,8190,807,955,7,6349,42,2351,2,42
"423","2020-05-26",84,5,200,270,7120,0.528089887640449,2100,8190,807,955,6,6355,45,2396,4,45
"424","2020-05-27",79,5,199,249,7120,0.528089887640449,2100,8190,807,955,8,6363,38,2434,2,38
"425","2020-05-28",72,5,194,231,7120,0.528089887640449,2100,8190,807,955,6,6369,30,2464,5,30
"426","2020-05-29",65,5,171,221,7120,0.528089887640449,2100,8190,807,955,9,6378,19,2483,6,19
"427","2020-05-30",61,5,182,200,7120,0.528089887640449,2100,8190,807,955,8,6386,41,2524,3,41
"428","2020-05-31",74,5,180,195,7120,0.528089887640449,2100,8190,807,955,5,6391,24,2548,1,24
"429","2020-06-01",72,5,180,183,7120,0.528089887640449,2100,8190,807,955,10,6401,27,2575,5,27
"430","2020-06-02",75,5,196,169,7120,0.528089887640449,2100,8190,807,955,8,6409,20,2595,2,20
"431","2020-06-03",75,5,226,154,7120,0.528089887640449,2100,8190,807,955,6,6415,17,2612,2,17
"432","2020-06-04",68,5,224,145,7120,0.528089887640449,2100,8190,807,955,4,6419,19,2631,1,19
"433","2020-06-05",67,5,231,136,7120,0.528089887640449,2100,8190,807,955,2,6421,19,2650,1,19
"434","2020-06-06",64,5,210,124,7120,0.528089887640449,2100,8190,807,955,13,6434,43,2693,5,43
"435","2020-06-07",50,5,204,119,7120,0.528089887640449,2100,8190,807,955,3,6437,23,2716,1,23
"436","2020-03-12",1,6,132,94,6887,0.627413968346159,2010,8307,612,1786,55,100,49,98,NA,49
"437","2020-03-13",5,6,139,168,6887,0.627413968346159,2010,8307,612,1786,69,169,28,126,8,28
"438","2020-03-14",15,6,133,231,6887,0.627413968346159,2010,8307,612,1786,56,225,19,145,19,19
"439","2020-03-15",21,6,136,313,6887,0.627413968346159,2010,8307,612,1786,94,319,62,207,31,62
"440","2020-03-16",26,6,182,399,6887,0.627413968346159,2010,8307,612,1786,80,399,29,236,32,29
"441","2020-03-17",33,6,181,495,6887,0.627413968346159,2010,8307,612,1786,94,493,67,303,52,67
"442","2020-03-18",49,6,185,586,6887,0.627413968346159,2010,8307,612,1786,89,582,54,357,51,54
"443","2020-03-19",83,6,181,698,6887,0.627413968346159,2010,8307,612,1786,130,712,56,413,76,56
"444","2020-03-20",134,6,225,776,6887,0.627413968346159,2010,8307,612,1786,120,832,38,451,78,38
"445","2020-03-21",178,6,207,870,6887,0.627413968346159,2010,8307,612,1786,134,966,16,467,91,16
"446","2020-03-22",214,6,181,936,6887,0.627413968346159,2010,8307,612,1786,131,1097,51,518,85,51
"447","2020-03-23",235,6,158,1012,6887,0.627413968346159,2010,8307,612,1786,162,1259,18,536,114,18
"448","2020-03-24",249,6,153,1096,6887,0.627413968346159,2010,8307,612,1786,146,1405,17,553,103,17
"449","2020-03-25",278,6,141,1213,6887,0.627413968346159,2010,8307,612,1786,174,1579,13,566,121,13
"450","2020-03-26",294,6,132,1276,6887,0.627413968346159,2010,8307,612,1786,197,1776,7,573,156,7
"451","2020-03-27",388,6,117,1295,6887,0.627413968346159,2010,8307,612,1786,161,1937,47,620,120,47
"452","2020-03-28",450,6,113,1330,6887,0.627413968346159,2010,8307,612,1786,152,2089,50,670,108,51
"453","2020-03-29",433,6,132,1394,6887,0.627413968346159,2010,8307,612,1786,188,2277,27,697,140,27
"454","2020-03-30",420,6,224,1444,6887,0.627413968346159,2010,8307,612,1786,186,2463,52,749,124,52
"455","2020-03-31",437,6,276,1488,6887,0.627413968346159,2010,8307,612,1786,182,2645,49,798,141,49
"456","2020-04-01",448,6,269,1515,6887,0.627413968346159,2010,8307,612,1786,182,2827,33,831,145,33
"457","2020-04-02",442,6,260,1534,6887,0.627413968346159,2010,8307,612,1786,156,2983,23,854,121,23
"458","2020-04-03",523,6,245,1553,6887,0.627413968346159,2010,8307,612,1786,178,3161,18,872,134,18
"459","2020-04-04",505,6,214,1564,6887,0.627413968346159,2010,8307,612,1786,151,3312,33,905,108,33
"460","2020-04-05",488,6,197,1554,6887,0.627413968346159,2010,8307,612,1786,152,3464,57,962,112,57
"461","2020-04-06",503,6,189,1543,6887,0.627413968346159,2010,8307,612,1786,135,3599,28,990,89,28
"462","2020-04-07",510,6,222,1525,6887,0.627413968346159,2010,8307,612,1786,161,3760,57,1047,114,57
"463","2020-04-08",509,6,269,1481,6887,0.627413968346159,2010,8307,612,1786,135,3895,36,1083,99,36
"464","2020-04-09",515,6,256,1477,6887,0.627413968346159,2010,8307,612,1786,135,4030,51,1134,100,51
"465","2020-04-10",536,6,254,1467,6887,0.627413968346159,2010,8307,612,1786,124,4154,30,1164,95,30
"466","2020-04-11",541,6,227,1426,6887,0.627413968346159,2010,8307,612,1786,122,4276,21,1185,88,21
"467","2020-04-12",486,6,253,1394,6887,0.627413968346159,2010,8307,612,1786,106,4382,22,1207,68,22
"468","2020-04-13",478,6,249,1319,6887,0.627413968346159,2010,8307,612,1786,121,4503,24,1231,73,24
"469","2020-04-14",452,6,236,1292,6887,0.627413968346159,2010,8307,612,1786,85,4588,16,1247,51,16
"470","2020-04-15",453,6,227,1255,6887,0.627413968346159,2010,8307,612,1786,107,4695,26,1273,70,26
"471","2020-04-16",441,6,201,1233,6887,0.627413968346159,2010,8307,612,1786,99,4794,29,1302,65,29
"472","2020-04-17",455,6,179,1193,6887,0.627413968346159,2010,8307,612,1786,78,4872,28,1330,51,28
"473","2020-04-18",424,6,177,1162,6887,0.627413968346159,2010,8307,612,1786,83,4955,21,1351,54,21
"474","2020-04-19",419,6,172,1128,6887,0.627413968346159,2010,8307,612,1786,72,5027,16,1367,44,16
"475","2020-04-20",399,6,164,1089,6887,0.627413968346159,2010,8307,612,1786,64,5091,21,1388,38,21
"476","2020-04-21",394,6,191,1059,6887,0.627413968346159,2010,8307,612,1786,66,5157,37,1425,36,37
"477","2020-04-22",381,6,201,1022,6887,0.627413968346159,2010,8307,612,1786,77,5234,18,1443,40,18
"478","2020-04-23",370,6,223,1005,6887,0.627413968346159,2010,8307,612,1786,65,5299,54,1497,30,54
"479","2020-04-24",330,6,234,985,6887,0.627413968346159,2010,8307,612,1786,57,5356,38,1535,24,38
"480","2020-04-25",373,6,224,961,6887,0.627413968346159,2010,8307,612,1786,57,5413,31,1566,32,31
"481","2020-04-26",335,6,219,914,6887,0.627413968346159,2010,8307,612,1786,49,5462,26,1592,29,26
"482","2020-04-27",318,6,225,887,6887,0.627413968346159,2010,8307,612,1786,36,5498,36,1628,21,36
"483","2020-04-28",299,6,277,865,6887,0.627413968346159,2010,8307,612,1786,49,5547,32,1660,25,32
"484","2020-04-29",281,6,309,840,6887,0.627413968346159,2010,8307,612,1786,47,5594,31,1691,19,31
"485","2020-04-30",294,6,324,797,6887,0.627413968346159,2010,8307,612,1786,47,5641,51,1742,19,51
"486","2020-05-01",297,6,279,780,6887,0.627413968346159,2010,8307,612,1786,40,5681,25,1767,11,25
"487","2020-05-02",281,6,279,755,6887,0.627413968346159,2010,8307,612,1786,30,5711,25,1792,13,25
"488","2020-05-03",260,6,260,718,6887,0.627413968346159,2010,8307,612,1786,33,5744,20,1812,13,20
"489","2020-05-04",254,6,266,686,6887,0.627413968346159,2010,8307,612,1786,32,5776,13,1825,16,13
"490","2020-05-05",264,6,246,665,6887,0.627413968346159,2010,8307,612,1786,37,5813,23,1848,12,23
"491","2020-05-06",263,6,225,646,6887,0.627413968346159,2010,8307,612,1786,35,5848,17,1865,20,17
"492","2020-05-07",242,6,219,624,6887,0.627413968346159,2010,8307,612,1786,39,5887,22,1887,20,22
"493","2020-05-08",221,6,184,596,6887,0.627413968346159,2010,8307,612,1786,30,5917,20,1907,7,20
"494","2020-05-09",205,6,183,558,6887,0.627413968346159,2010,8307,612,1786,28,5945,29,1936,11,29
"495","2020-05-10",193,6,200,526,6887,0.627413968346159,2010,8307,612,1786,28,5973,14,1950,8,14
"496","2020-05-11",174,6,205,498,6887,0.627413968346159,2010,8307,612,1786,24,5997,16,1966,9,16
"497","2020-05-12",158,6,204,479,6887,0.627413968346159,2010,8307,612,1786,29,6026,12,1978,13,12
"498","2020-05-13",153,6,193,448,6887,0.627413968346159,2010,8307,612,1786,17,6043,54,2032,7,54
"499","2020-05-14",142,6,187,426,6887,0.627413968346159,2010,8307,612,1786,25,6068,39,2071,9,39
"500","2020-05-15",144,6,244,404,6887,0.627413968346159,2010,8307,612,1786,34,6102,31,2102,13,31
"501","2020-05-16",142,6,244,402,6887,0.627413968346159,2010,8307,612,1786,25,6127,39,2141,5,39
"502","2020-05-17",135,6,229,402,6887,0.627413968346159,2010,8307,612,1786,20,6147,37,2178,6,37
"503","2020-05-18",126,6,225,387,6887,0.627413968346159,2010,8307,612,1786,23,6170,30,2208,5,30
"504","2020-05-19",121,6,251,375,6887,0.627413968346159,2010,8307,612,1786,22,6192,18,2226,6,18
"505","2020-05-20",116,6,259,343,6887,0.627413968346159,2010,8307,612,1786,21,6213,21,2247,4,21
"506","2020-05-21",123,6,278,336,6887,0.627413968346159,2010,8307,612,1786,19,6232,20,2267,4,20
"507","2020-05-22",115,6,249,316,6887,0.627413968346159,2010,8307,612,1786,19,6251,22,2289,6,22
"508","2020-05-23",109,6,216,309,6887,0.627413968346159,2010,8307,612,1786,24,6275,34,2323,4,34
"509","2020-05-24",106,6,185,296,6887,0.627413968346159,2010,8307,612,1786,18,6293,34,2357,9,34
"510","2020-05-25",105,6,186,284,6887,0.627413968346159,2010,8307,612,1786,18,6311,18,2375,4,18
"511","2020-05-26",105,6,182,263,6887,0.627413968346159,2010,8307,612,1786,14,6325,15,2390,4,15
"512","2020-05-27",98,6,162,256,6887,0.627413968346159,2010,8307,612,1786,11,6336,14,2404,3,14
"513","2020-05-28",86,6,158,239,6887,0.627413968346159,2010,8307,612,1786,14,6350,14,2418,5,14
"514","2020-05-29",80,6,188,239,6887,0.627413968346159,2010,8307,612,1786,20,6370,7,2425,4,7
"515","2020-05-30",76,6,180,242,6887,0.627413968346159,2010,8307,612,1786,11,6381,9,2434,4,9
"516","2020-05-31",73,6,231,236,6887,0.627413968346159,2010,8307,612,1786,11,6392,18,2452,2,18
"517","2020-06-01",76,6,225,231,6887,0.627413968346159,2010,8307,612,1786,12,6404,57,2509,4,57
"518","2020-06-02",67,6,196,225,6887,0.627413968346159,2010,8307,612,1786,7,6411,48,2557,3,48
"519","2020-06-03",71,6,201,221,6887,0.627413968346159,2010,8307,612,1786,8,6419,16,2573,3,16
"520","2020-06-04",80,6,185,205,6887,0.627413968346159,2010,8307,612,1786,13,6432,20,2593,5,20
"521","2020-06-05",83,6,165,205,6887,0.627413968346159,2010,8307,612,1786,8,6440,30,2623,2,30
"522","2020-06-06",78,6,153,196,6887,0.627413968346159,2010,8307,612,1786,10,6450,56,2679,1,56
"523","2020-06-07",72,6,135,190,6887,0.627413968346159,2010,8307,612,1786,15,6465,29,2708,1,29
"524","2020-03-08",2,7,0,0,8321,0.291070784761447,2130,9205,769,685,NA,NA,NA,NA,NA,NA
"525","2020-03-09",2,7,0,0,8321,0.291070784761447,2130,9205,769,685,NA,NA,NA,NA,NA,NA
"526","2020-03-10",0,7,0,0,8321,0.291070784761447,2130,9205,769,685,NA,NA,5,5,NA,5
"527","2020-03-11",0,7,0,0,8321,0.291070784761447,2130,9205,769,685,24,24,21,26,1,21
"528","2020-03-12",1,7,49,167,8321,0.291070784761447,2130,9205,769,685,29,53,71,97,4,71
"529","2020-03-13",14,7,63,245,8321,0.291070784761447,2130,9205,769,685,39,92,51,148,10,51
"530","2020-03-14",23,7,62,346,8321,0.291070784761447,2130,9205,769,685,42,134,27,175,18,27
"531","2020-03-15",62,7,83,446,8321,0.291070784761447,2130,9205,769,685,53,187,14,189,28,14
"532","2020-03-16",74,7,75,563,8321,0.291070784761447,2130,9205,769,685,59,246,19,208,25,19
"533","2020-03-17",72,7,111,683,8321,0.291070784761447,2130,9205,769,685,46,292,36,244,25,36
"534","2020-03-18",90,7,133,809,8321,0.291070784761447,2130,9205,769,685,67,359,10,254,38,10
"535","2020-03-19",114,7,139,922,8321,0.291070784761447,2130,9205,769,685,78,437,13,267,42,13
"536","2020-03-20",208,7,170,1019,8321,0.291070784761447,2130,9205,769,685,100,537,43,310,67,43
"537","2020-03-21",235,7,165,1134,8321,0.291070784761447,2130,9205,769,685,96,633,38,348,78,38
"538","2020-03-22",293,7,158,1250,8321,0.291070784761447,2130,9205,769,685,94,727,36,384,70,36
"539","2020-03-23",321,7,180,1343,8321,0.291070784761447,2130,9205,769,685,96,823,29,413,72,29
"540","2020-03-24",317,7,207,1428,8321,0.291070784761447,2130,9205,769,685,119,942,27,440,95,27
"541","2020-03-25",354,7,192,1479,8321,0.291070784761447,2130,9205,769,685,133,1075,26,466,99,26
"542","2020-03-26",384,7,193,1531,8321,0.291070784761447,2130,9205,769,685,123,1198,28,494,91,28
"543","2020-03-27",502,7,189,1583,8321,0.291070784761447,2130,9205,769,685,122,1320,16,510,98,16
"544","2020-03-28",567,7,198,1625,8321,0.291070784761447,2130,9205,769,685,156,1476,3,513,125,3
"545","2020-03-29",513,7,188,1615,8321,0.291070784761447,2130,9205,769,685,136,1612,13,526,102,13
"546","2020-03-30",526,7,206,1628,8321,0.291070784761447,2130,9205,769,685,164,1776,22,548,144,22
"547","2020-03-31",534,7,256,1618,8321,0.291070784761447,2130,9205,769,685,193,1969,15,563,169,15
"548","2020-04-01",527,7,253,1657,8321,0.291070784761447,2130,9205,769,685,160,2129,12,575,130,12
"549","2020-04-02",529,7,241,1664,8321,0.291070784761447,2130,9205,769,685,159,2288,25,600,131,25
"550","2020-04-03",600,7,219,1655,8321,0.291070784761447,2130,9205,769,685,161,2449,24,624,134,24
"551","2020-04-04",591,7,252,1646,8321,0.291070784761447,2130,9205,769,685,142,2591,14,638,122,14
"552","2020-04-05",551,7,273,1645,8321,0.291070784761447,2130,9205,769,685,181,2772,7,645,157,7
"553","2020-04-06",531,7,262,1612,8321,0.291070784761447,2130,9205,769,685,136,2908,13,658,110,13
"554","2020-04-07",531,7,226,1627,8321,0.291070784761447,2130,9205,769,685,171,3079,14,672,148,14
"555","2020-04-08",532,7,213,1603,8321,0.291070784761447,2130,9205,769,685,165,3244,23,695,138,23
"556","2020-04-09",521,7,246,1572,8321,0.291070784761447,2130,9205,769,685,159,3403,59,754,136,59
"557","2020-04-10",526,7,236,1568,8321,0.291070784761447,2130,9205,769,685,115,3518,60,814,98,60
"558","2020-04-11",499,7,213,1543,8321,0.291070784761447,2130,9205,769,685,167,3685,32,846,144,32
"559","2020-04-12",450,7,198,1534,8321,0.291070784761447,2130,9205,769,685,123,3808,16,862,109,16
"560","2020-04-13",446,7,186,1493,8321,0.291070784761447,2130,9205,769,685,139,3947,18,880,102,18
"561","2020-04-14",434,7,175,1486,8321,0.291070784761447,2130,9205,769,685,131,4078,4,884,109,4
"562","2020-04-15",433,7,162,1448,8321,0.291070784761447,2130,9205,769,685,138,4216,28,912,110,28
"563","2020-04-16",439,7,172,1419,8321,0.291070784761447,2130,9205,769,685,132,4348,11,923,112,11
"564","2020-04-17",477,7,191,1370,8321,0.291070784761447,2130,9205,769,685,93,4441,11,934,79,11
"565","2020-04-18",491,7,229,1332,8321,0.291070784761447,2130,9205,769,685,110,4551,12,946,97,12
"566","2020-04-19",451,7,240,1309,8321,0.291070784761447,2130,9205,769,685,92,4643,11,957,76,11
"567","2020-04-20",438,7,232,1276,8321,0.291070784761447,2130,9205,769,685,110,4753,13,970,81,13
"568","2020-04-21",422,7,230,1236,8321,0.291070784761447,2130,9205,769,685,76,4829,8,978,51,8
"569","2020-04-22",402,7,251,1209,8321,0.291070784761447,2130,9205,769,685,77,4906,NA,NA,68,NA
"570","2020-04-23",389,7,267,1156,8321,0.291070784761447,2130,9205,769,685,101,5007,7,985,77,7
"571","2020-04-24",367,7,279,1107,8321,0.291070784761447,2130,9205,769,685,64,5071,42,1027,51,42
"572","2020-04-25",363,7,282,1080,8321,0.291070784761447,2130,9205,769,685,55,5126,14,1041,46,14
"573","2020-04-26",353,7,262,1039,8321,0.291070784761447,2130,9205,769,685,71,5197,29,1070,58,29
"574","2020-04-27",339,7,224,1020,8321,0.291070784761447,2130,9205,769,685,76,5273,19,1089,60,19
"575","2020-04-28",330,7,195,984,8321,0.291070784761447,2130,9205,769,685,47,5320,23,1112,35,23
"576","2020-04-29",337,7,191,926,8321,0.291070784761447,2130,9205,769,685,50,5370,14,1126,35,14
"577","2020-04-30",320,7,188,898,8321,0.291070784761447,2130,9205,769,685,51,5421,14,1140,40,14
"578","2020-05-01",302,7,169,846,8321,0.291070784761447,2130,9205,769,685,54,5475,11,1151,36,11
"579","2020-05-02",294,7,149,826,8321,0.291070784761447,2130,9205,769,685,44,5519,15,1166,29,15
"580","2020-05-03",260,7,140,806,8321,0.291070784761447,2130,9205,769,685,40,5559,15,1181,33,15
"581","2020-05-04",255,7,151,768,8321,0.291070784761447,2130,9205,769,685,52,5611,7,1188,36,7
"582","2020-05-05",249,7,173,756,8321,0.291070784761447,2130,9205,769,685,44,5655,6,1194,35,6
"583","2020-05-06",234,7,173,726,8321,0.291070784761447,2130,9205,769,685,37,5692,6,1200,16,6
"584","2020-05-07",244,7,182,709,8321,0.291070784761447,2130,9205,769,685,26,5718,6,1206,16,6
"585","2020-05-08",233,7,208,684,8321,0.291070784761447,2130,9205,769,685,38,5756,19,1225,27,19
"586","2020-05-09",217,7,214,657,8321,0.291070784761447,2130,9205,769,685,31,5787,37,1262,24,37
"587","2020-05-10",229,7,251,646,8321,0.291070784761447,2130,9205,769,685,27,5814,37,1299,16,37
"588","2020-05-11",226,7,283,647,8321,0.291070784761447,2130,9205,769,685,28,5842,25,1324,16,25
"589","2020-05-12",217,7,265,623,8321,0.291070784761447,2130,9205,769,685,17,5859,28,1352,10,28
"590","2020-05-13",213,7,250,612,8321,0.291070784761447,2130,9205,769,685,20,5879,36,1388,15,36
"591","2020-05-14",199,7,225,592,8321,0.291070784761447,2130,9205,769,685,25,5904,30,1418,16,30
"592","2020-05-15",194,7,219,580,8321,0.291070784761447,2130,9205,769,685,22,5926,53,1471,10,53
"593","2020-05-16",198,7,213,555,8321,0.291070784761447,2130,9205,769,685,17,5943,24,1495,8,24
"594","2020-05-17",178,7,228,519,8321,0.291070784761447,2130,9205,769,685,15,5958,18,1513,7,18
"595","2020-05-18",171,7,226,503,8321,0.291070784761447,2130,9205,769,685,15,5973,12,1525,7,12
"596","2020-05-19",159,7,216,480,8321,0.291070784761447,2130,9205,769,685,20,5993,11,1536,9,11
"597","2020-05-20",159,7,224,456,8321,0.291070784761447,2130,9205,769,685,18,6011,9,1545,10,9
"598","2020-05-21",154,7,209,422,8321,0.291070784761447,2130,9205,769,685,11,6022,23,1568,5,23
"599","2020-05-22",152,7,216,398,8321,0.291070784761447,2130,9205,769,685,13,6035,36,1604,7,36
"600","2020-05-23",145,7,206,375,8321,0.291070784761447,2130,9205,769,685,10,6045,36,1640,6,36
"601","2020-05-24",129,7,213,365,8321,0.291070784761447,2130,9205,769,685,16,6061,22,1662,7,22
"602","2020-05-25",119,7,225,352,8321,0.291070784761447,2130,9205,769,685,7,6068,11,1673,3,11
"603","2020-05-26",117,7,230,330,8321,0.291070784761447,2130,9205,769,685,20,6088,19,1692,10,19
"604","2020-05-27",112,7,240,310,8321,0.291070784761447,2130,9205,769,685,14,6102,34,1726,6,34
"605","2020-05-28",108,7,247,286,8321,0.291070784761447,2130,9205,769,685,11,6113,16,1742,8,16
"606","2020-05-29",93,7,221,259,8321,0.291070784761447,2130,9205,769,685,8,6121,16,1758,6,16
"607","2020-05-30",89,7,200,246,8321,0.291070784761447,2130,9205,769,685,10,6131,4,1762,5,4
"608","2020-05-31",73,7,193,232,8321,0.291070784761447,2130,9205,769,685,13,6144,20,1782,5,20
"609","2020-06-01",74,7,191,217,8321,0.291070784761447,2130,9205,769,685,14,6158,60,1842,8,60
"610","2020-06-02",63,7,166,201,8321,0.291070784761447,2130,9205,769,685,6,6164,61,1903,5,61
"611","2020-06-03",58,7,186,203,8321,0.291070784761447,2130,9205,769,685,9,6173,34,1937,4,34
"612","2020-06-04",53,7,205,187,8321,0.291070784761447,2130,9205,769,685,12,6185,13,1950,5,13
"613","2020-06-05",57,7,211,177,8321,0.291070784761447,2130,9205,769,685,8,6193,8,1958,3,8
"614","2020-06-06",55,7,199,177,8321,0.291070784761447,2130,9205,769,685,8,6201,12,1970,2,12
"615","2020-06-07",59,7,189,171,8321,0.291070784761447,2130,9205,769,685,6,6207,36,2006,4,36
"616","2020-03-13",4,8,154,199,7850,0.48203821656051,2055,8605,890,2044,64,173,10,53,8,10
"617","2020-03-14",17,8,221,281,7850,0.48203821656051,2055,8605,890,2044,58,231,4,57,16,4
"618","2020-03-15",25,8,273,383,7850,0.48203821656051,2055,8605,890,2044,47,278,40,97,13,40
"619","2020-03-16",32,8,288,468,7850,0.48203821656051,2055,8605,890,2044,95,373,26,123,39,26
"620","2020-03-17",51,8,281,576,7850,0.48203821656051,2055,8605,890,2044,82,455,27,150,35,27
"621","2020-03-18",79,8,280,673,7850,0.48203821656051,2055,8605,890,2044,94,549,10,160,43,10
"622","2020-03-19",110,8,277,771,7850,0.48203821656051,2055,8605,890,2044,88,637,16,176,43,16
"623","2020-03-20",160,8,271,864,7850,0.48203821656051,2055,8605,890,2044,103,740,10,186,58,10
"624","2020-03-21",231,8,247,990,7850,0.48203821656051,2055,8605,890,2044,103,843,52,238,68,52
"625","2020-03-22",290,8,257,1091,7850,0.48203821656051,2055,8605,890,2044,85,928,26,264,42,26
"626","2020-03-23",307,8,270,1221,7850,0.48203821656051,2055,8605,890,2044,113,1041,25,289,68,25
"627","2020-03-24",309,8,254,1304,7850,0.48203821656051,2055,8605,890,2044,89,1130,47,336,50,47
"628","2020-03-25",317,8,247,1415,7850,0.48203821656051,2055,8605,890,2044,123,1253,42,378,72,42
"629","2020-03-26",334,8,228,1499,7850,0.48203821656051,2055,8605,890,2044,89,1342,39,417,47,39
"630","2020-03-27",499,8,216,1561,7850,0.48203821656051,2055,8605,890,2044,139,1481,48,465,92,48
"631","2020-03-28",506,8,203,1630,7850,0.48203821656051,2055,8605,890,2044,83,1564,61,526,49,61
"632","2020-03-29",484,8,207,1709,7850,0.48203821656051,2055,8605,890,2044,160,1724,27,553,101,27
"633","2020-03-30",502,8,206,1772,7850,0.48203821656051,2055,8605,890,2044,117,1841,22,575,73,22
"634","2020-03-31",500,8,234,1817,7850,0.48203821656051,2055,8605,890,2044,138,1979,16,591,84,16
"635","2020-04-01",543,8,224,1890,7850,0.48203821656051,2055,8605,890,2044,105,2084,22,613,58,22
"636","2020-04-02",569,8,237,1952,7850,0.48203821656051,2055,8605,890,2044,107,2191,58,671,62,58
"637","2020-04-03",684,8,241,1944,7850,0.48203821656051,2055,8605,890,2044,99,2290,32,703,58,32
"638","2020-04-04",696,8,238,1947,7850,0.48203821656051,2055,8605,890,2044,114,2404,49,752,59,49
"639","2020-04-05",655,8,272,1952,7850,0.48203821656051,2055,8605,890,2044,128,2532,39,791,81,39
"640","2020-04-06",645,8,282,1949,7850,0.48203821656051,2055,8605,890,2044,136,2668,20,811,77,20
"641","2020-04-07",664,8,285,1904,7850,0.48203821656051,2055,8605,890,2044,101,2769,24,835,51,24
"642","2020-04-08",653,8,316,1878,7850,0.48203821656051,2055,8605,890,2044,99,2868,47,882,64,47
"643","2020-04-09",646,8,305,1795,7850,0.48203821656051,2055,8605,890,2044,116,2984,63,945,65,63
"644","2020-04-10",634,8,301,1740,7850,0.48203821656051,2055,8605,890,2044,110,3094,25,970,59,25
"645","2020-04-11",638,8,323,1701,7850,0.48203821656051,2055,8605,890,2044,92,3186,22,992,45,22
"646","2020-04-12",609,8,368,1634,7850,0.48203821656051,2055,8605,890,2044,95,3281,42,1034,46,42
"647","2020-04-13",587,8,351,1578,7850,0.48203821656051,2055,8605,890,2044,107,3388,33,1067,58,33
"648","2020-04-14",570,8,358,1508,7850,0.48203821656051,2055,8605,890,2044,96,3484,37,1104,53,37
"649","2020-04-15",558,8,335,1423,7850,0.48203821656051,2055,8605,890,2044,93,3577,39,1143,48,39
"650","2020-04-16",533,8,316,1375,7850,0.48203821656051,2055,8605,890,2044,103,3680,33,1176,54,33
"651","2020-04-17",508,8,317,1351,7850,0.48203821656051,2055,8605,890,2044,88,3768,18,1194,51,18
"652","2020-04-18",474,8,343,1327,7850,0.48203821656051,2055,8605,890,2044,90,3858,32,1226,50,32
"653","2020-04-19",432,8,378,1264,7850,0.48203821656051,2055,8605,890,2044,64,3922,21,1247,29,21
"654","2020-04-20",433,8,369,1233,7850,0.48203821656051,2055,8605,890,2044,89,4011,18,1265,44,18
"655","2020-04-21",416,8,353,1191,7850,0.48203821656051,2055,8605,890,2044,83,4094,33,1298,42,33
"656","2020-04-22",399,8,318,1139,7850,0.48203821656051,2055,8605,890,2044,71,4165,55,1353,42,55
"657","2020-04-23",387,8,299,1085,7850,0.48203821656051,2055,8605,890,2044,89,4254,50,1403,44,50
"658","2020-04-24",347,8,288,1050,7850,0.48203821656051,2055,8605,890,2044,57,4311,45,1448,25,45
"659","2020-04-25",361,8,288,1020,7850,0.48203821656051,2055,8605,890,2044,59,4370,58,1506,26,58
"660","2020-04-26",361,8,322,964,7850,0.48203821656051,2055,8605,890,2044,54,4424,37,1543,24,37
"661","2020-04-27",347,8,342,924,7850,0.48203821656051,2055,8605,890,2044,68,4492,50,1593,32,50
"662","2020-04-28",323,8,327,895,7850,0.48203821656051,2055,8605,890,2044,67,4559,48,1641,21,48
"663","2020-04-29",317,8,310,862,7850,0.48203821656051,2055,8605,890,2044,58,4617,40,1681,27,40
"664","2020-04-30",318,8,313,819,7850,0.48203821656051,2055,8605,890,2044,42,4659,39,1720,19,39
"665","2020-05-01",332,8,294,797,7850,0.48203821656051,2055,8605,890,2044,65,4724,32,1752,32,32
"666","2020-05-02",306,8,301,756,7850,0.48203821656051,2055,8605,890,2044,57,4781,35,1787,18,35
"667","2020-05-03",275,8,279,728,7850,0.48203821656051,2055,8605,890,2044,50,4831,37,1824,19,37
"668","2020-05-04",261,8,290,708,7850,0.48203821656051,2055,8605,890,2044,68,4899,43,1867,28,43
"669","2020-05-05",253,8,298,692,7850,0.48203821656051,2055,8605,890,2044,41,4940,38,1905,21,38
"670","2020-05-06",246,8,311,665,7850,0.48203821656051,2055,8605,890,2044,46,4986,65,1970,12,65
"671","2020-05-07",240,8,314,647,7850,0.48203821656051,2055,8605,890,2044,39,5025,37,2007,15,37
"672","2020-05-08",213,8,313,629,7850,0.48203821656051,2055,8605,890,2044,50,5075,19,2026,15,19
"673","2020-05-09",206,8,314,591,7850,0.48203821656051,2055,8605,890,2044,53,5128,25,2051,18,25
"674","2020-05-10",200,8,321,559,7850,0.48203821656051,2055,8605,890,2044,43,5171,23,2074,13,23
"675","2020-05-11",202,8,321,537,7850,0.48203821656051,2055,8605,890,2044,44,5215,24,2098,15,24
"676","2020-05-12",193,8,299,520,7850,0.48203821656051,2055,8605,890,2044,46,5261,46,2144,11,46
"677","2020-05-13",182,8,300,478,7850,0.48203821656051,2055,8605,890,2044,34,5295,25,2169,15,25
"678","2020-05-14",168,8,300,456,7850,0.48203821656051,2055,8605,890,2044,47,5342,14,2183,14,14
"679","2020-05-15",165,8,338,440,7850,0.48203821656051,2055,8605,890,2044,28,5370,15,2198,8,15
"680","2020-05-16",167,8,333,409,7850,0.48203821656051,2055,8605,890,2044,35,5405,8,2206,8,8
"681","2020-05-17",154,8,331,384,7850,0.48203821656051,2055,8605,890,2044,33,5438,20,2226,13,20
"682","2020-05-18",148,8,339,365,7850,0.48203821656051,2055,8605,890,2044,26,5464,59,2285,6,59
"683","2020-05-19",132,8,346,345,7850,0.48203821656051,2055,8605,890,2044,28,5492,47,2332,11,47
"684","2020-05-20",126,8,354,333,7850,0.48203821656051,2055,8605,890,2044,18,5510,64,2396,5,64
"685","2020-05-21",124,8,374,314,7850,0.48203821656051,2055,8605,890,2044,35,5545,33,2429,9,33
"686","2020-05-22",116,8,376,313,7850,0.48203821656051,2055,8605,890,2044,27,5572,25,2454,11,25
"687","2020-05-23",112,8,328,296,7850,0.48203821656051,2055,8605,890,2044,32,5604,22,2476,6,22
"688","2020-05-24",87,8,328,270,7850,0.48203821656051,2055,8605,890,2044,24,5628,49,2525,9,49
"689","2020-05-25",74,8,306,259,7850,0.48203821656051,2055,8605,890,2044,21,5649,31,2556,14,31
"690","2020-05-26",72,8,302,253,7850,0.48203821656051,2055,8605,890,2044,28,5677,52,2608,10,52
"691","2020-05-27",77,8,296,233,7850,0.48203821656051,2055,8605,890,2044,24,5701,56,2664,3,56
"692","2020-05-28",78,8,282,219,7850,0.48203821656051,2055,8605,890,2044,21,5722,43,2707,9,43
"693","2020-05-29",63,8,293,197,7850,0.48203821656051,2055,8605,890,2044,20,5742,31,2738,5,31
"694","2020-05-30",58,8,271,186,7850,0.48203821656051,2055,8605,890,2044,16,5758,16,2754,5,16
"695","2020-05-31",69,8,273,171,7850,0.48203821656051,2055,8605,890,2044,18,5776,16,2770,6,16
"696","2020-06-01",66,8,262,165,7850,0.48203821656051,2055,8605,890,2044,11,5787,30,2800,1,30
"697","2020-06-02",60,8,249,165,7850,0.48203821656051,2055,8605,890,2044,17,5804,24,2824,4,24
"698","2020-06-03",55,8,235,158,7850,0.48203821656051,2055,8605,890,2044,14,5818,25,2849,4,25
"699","2020-06-04",52,8,225,158,7850,0.48203821656051,2055,8605,890,2044,10,5828,47,2896,1,47
"700","2020-06-05",62,8,217,142,7850,0.48203821656051,2055,8605,890,2044,15,5843,26,2922,2,26
"701","2020-06-06",63,8,231,136,7850,0.48203821656051,2055,8605,890,2044,17,5860,30,2952,3,30
"702","2020-06-07",46,8,227,134,7850,0.48203821656051,2055,8605,890,2044,8,5868,33,2985,2,33
"703","2020-03-07",1,9,0,0,6684,0.88704368641532,2010,7055,583,1708,NA,NA,NA,NA,NA,NA
"704","2020-03-08",2,9,0,0,6684,0.88704368641532,2010,7055,583,1708,NA,NA,NA,NA,NA,NA
"705","2020-03-09",1,9,0,0,6684,0.88704368641532,2010,7055,583,1708,NA,NA,NA,NA,NA,NA
"706","2020-03-10",0,9,0,0,6684,0.88704368641532,2010,7055,583,1708,NA,NA,7,7,NA,7
"707","2020-03-11",0,9,0,0,6684,0.88704368641532,2010,7055,583,1708,13,13,23,30,4,23
"708","2020-03-12",0,9,0,0,6684,0.88704368641532,2010,7055,583,1708,9,22,13,43,8,13
"709","2020-03-13",1,9,98,61,6684,0.88704368641532,2010,7055,583,1708,27,49,10,53,13,10
"710","2020-03-14",3,9,104,94,6684,0.88704368641532,2010,7055,583,1708,30,79,3,56,13,3
"711","2020-03-15",15,9,101,125,6684,0.88704368641532,2010,7055,583,1708,34,113,7,63,22,7
"712","2020-03-16",19,9,108,174,6684,0.88704368641532,2010,7055,583,1708,33,146,9,72,24,9
"713","2020-03-17",19,9,157,237,6684,0.88704368641532,2010,7055,583,1708,40,186,8,80,27,8
"714","2020-03-18",27,9,144,306,6684,0.88704368641532,2010,7055,583,1708,34,220,3,83,22,3
"715","2020-03-19",40,9,140,365,6684,0.88704368641532,2010,7055,583,1708,53,273,25,108,40,25
"716","2020-03-20",68,9,147,453,6684,0.88704368641532,2010,7055,583,1708,57,330,58,166,47,58
"717","2020-03-21",85,9,192,541,6684,0.88704368641532,2010,7055,583,1708,70,400,70,236,59,70
"718","2020-03-22",105,9,237,631,6684,0.88704368641532,2010,7055,583,1708,68,468,44,280,57,44
"719","2020-03-23",127,9,232,719,6684,0.88704368641532,2010,7055,583,1708,84,552,62,342,69,62
"720","2020-03-24",129,9,216,821,6684,0.88704368641532,2010,7055,583,1708,100,652,76,418,87,76
"721","2020-03-25",143,9,195,932,6684,0.88704368641532,2010,7055,583,1708,106,758,69,487,93,69
"722","2020-03-26",169,9,171,1043,6684,0.88704368641532,2010,7055,583,1708,131,889,66,553,113,66
"723","2020-03-27",222,9,166,1150,6684,0.88704368641532,2010,7055,583,1708,104,993,52,605,97,52
"724","2020-03-28",338,9,174,1233,6684,0.88704368641532,2010,7055,583,1708,135,1128,48,653,120,48
"725","2020-03-29",349,9,227,1363,6684,0.88704368641532,2010,7055,583,1708,129,1257,38,691,123,38
"726","2020-03-30",338,9,219,1462,6684,0.88704368641532,2010,7055,583,1708,169,1426,55,746,157,55
"727","2020-03-31",378,9,206,1587,6684,0.88704368641532,2010,7055,583,1708,141,1567,33,779,132,33
"728","2020-04-01",422,9,190,1695,6684,0.88704368641532,2010,7055,583,1708,198,1765,25,804,184,25
"729","2020-04-02",453,9,175,1787,6684,0.88704368641532,2010,7055,583,1708,196,1961,16,820,187,16
"730","2020-04-03",617,9,161,1878,6684,0.88704368641532,2010,7055,583,1708,195,2156,16,836,180,16
"731","2020-04-04",594,9,146,1945,6684,0.88704368641532,2010,7055,583,1708,217,2373,49,885,209,49
"732","2020-04-05",609,9,138,2002,6684,0.88704368641532,2010,7055,583,1708,205,2578,24,909,192,24
"733","2020-04-06",638,9,145,2071,6684,0.88704368641532,2010,7055,583,1708,183,2761,11,920,167,11
"734","2020-04-07",664,9,195,2086,6684,0.88704368641532,2010,7055,583,1708,189,2950,12,932,181,12
"735","2020-04-08",673,9,201,2074,6684,0.88704368641532,2010,7055,583,1708,184,3134,8,940,174,8
"736","2020-04-09",677,9,258,2076,6684,0.88704368641532,2010,7055,583,1708,224,3358,9,949,210,9
"737","2020-04-10",765,9,264,2074,6684,0.88704368641532,2010,7055,583,1708,162,3520,79,1028,148,79
"738","2020-04-11",771,9,286,2127,6684,0.88704368641532,2010,7055,583,1708,155,3675,38,1066,149,38
"739","2020-04-12",711,9,260,2076,6684,0.88704368641532,2010,7055,583,1708,171,3846,60,1126,159,60
"740","2020-04-13",722,9,267,1993,6684,0.88704368641532,2010,7055,583,1708,126,3972,38,1164,118,38
"741","2020-04-14",686,9,244,1953,6684,0.88704368641532,2010,7055,583,1708,151,4123,17,1181,143,17
"742","2020-04-15",674,9,230,1885,6684,0.88704368641532,2010,7055,583,1708,113,4236,33,1214,105,33
"743","2020-04-16",671,9,198,1794,6684,0.88704368641532,2010,7055,583,1708,154,4390,59,1273,143,59
"744","2020-04-17",674,9,183,1692,6684,0.88704368641532,2010,7055,583,1708,109,4499,42,1315,103,42
"745","2020-04-18",653,9,177,1590,6684,0.88704368641532,2010,7055,583,1708,95,4594,27,1342,86,27
"746","2020-04-19",585,9,169,1504,6684,0.88704368641532,2010,7055,583,1708,94,4688,17,1359,85,17
"747","2020-04-20",541,9,164,1425,6684,0.88704368641532,2010,7055,583,1708,100,4788,11,1370,93,11
"748","2020-04-21",523,9,152,1307,6684,0.88704368641532,2010,7055,583,1708,109,4897,11,1381,99,11
"749","2020-04-22",503,9,165,1185,6684,0.88704368641532,2010,7055,583,1708,79,4976,46,1427,65,46
"750","2020-04-23",473,9,214,1095,6684,0.88704368641532,2010,7055,583,1708,82,5058,41,1468,75,41
"751","2020-04-24",401,9,236,992,6684,0.88704368641532,2010,7055,583,1708,75,5133,22,1490,70,22
"752","2020-04-25",375,9,260,904,6684,0.88704368641532,2010,7055,583,1708,95,5228,20,1510,90,20
"753","2020-04-26",354,9,235,820,6684,0.88704368641532,2010,7055,583,1708,54,5282,29,1539,45,29
"754","2020-04-27",339,9,223,757,6684,0.88704368641532,2010,7055,583,1708,53,5335,21,1560,47,21
"755","2020-04-28",310,9,240,703,6684,0.88704368641532,2010,7055,583,1708,58,5393,14,1574,51,14
"756","2020-04-29",295,9,234,655,6684,0.88704368641532,2010,7055,583,1708,41,5434,22,1596,36,22
"757","2020-04-30",274,9,220,616,6684,0.88704368641532,2010,7055,583,1708,62,5496,42,1638,59,42
"758","2020-05-01",239,9,230,576,6684,0.88704368641532,2010,7055,583,1708,48,5544,23,1661,42,23
"759","2020-05-02",228,9,217,558,6684,0.88704368641532,2010,7055,583,1708,55,5599,13,1674,48,13
"760","2020-05-03",197,9,202,524,6684,0.88704368641532,2010,7055,583,1708,53,5652,14,1688,46,14
"761","2020-05-04",190,9,183,492,6684,0.88704368641532,2010,7055,583,1708,25,5677,32,1720,21,32
"762","2020-05-05",178,9,196,456,6684,0.88704368641532,2010,7055,583,1708,28,5705,59,1779,23,59
"763","2020-05-06",167,9,196,447,6684,0.88704368641532,2010,7055,583,1708,20,5725,42,1821,18,42
"764","2020-05-07",174,9,207,430,6684,0.88704368641532,2010,7055,583,1708,15,5740,23,1844,12,23
"765","2020-05-08",151,9,200,406,6684,0.88704368641532,2010,7055,583,1708,13,5753,34,1878,12,34
"766","2020-05-09",134,9,180,379,6684,0.88704368641532,2010,7055,583,1708,36,5789,19,1897,29,19
"767","2020-05-10",137,9,188,356,6684,0.88704368641532,2010,7055,583,1708,20,5809,14,1911,14,14
"768","2020-05-11",127,9,184,334,6684,0.88704368641532,2010,7055,583,1708,25,5834,23,1934,19,23
"769","2020-05-12",125,9,195,311,6684,0.88704368641532,2010,7055,583,1708,7,5841,17,1951,6,17
"770","2020-05-13",122,9,218,300,6684,0.88704368641532,2010,7055,583,1708,16,5857,19,1970,11,19
"771","2020-05-14",109,9,242,278,6684,0.88704368641532,2010,7055,583,1708,17,5874,10,1980,12,10
"772","2020-05-15",104,9,238,264,6684,0.88704368641532,2010,7055,583,1708,17,5891,52,2032,13,52
"773","2020-05-16",110,9,227,266,6684,0.88704368641532,2010,7055,583,1708,15,5906,41,2073,11,41
"774","2020-05-17",110,9,230,261,6684,0.88704368641532,2010,7055,583,1708,19,5925,13,2086,17,13
"775","2020-05-18",105,9,244,248,6684,0.88704368641532,2010,7055,583,1708,13,5938,26,2112,9,26
"776","2020-05-19",97,9,229,241,6684,0.88704368641532,2010,7055,583,1708,20,5958,87,2199,15,87
"777","2020-05-20",91,9,209,221,6684,0.88704368641532,2010,7055,583,1708,13,5971,51,2250,9,51
"778","2020-05-21",83,9,206,210,6684,0.88704368641532,2010,7055,583,1708,12,5983,42,2292,8,42
"779","2020-05-22",77,9,216,191,6684,0.88704368641532,2010,7055,583,1708,6,5989,17,2309,3,17
"780","2020-05-23",82,9,234,178,6684,0.88704368641532,2010,7055,583,1708,10,5999,17,2326,9,17
"781","2020-05-24",70,9,220,173,6684,0.88704368641532,2010,7055,583,1708,9,6008,21,2347,7,21
"782","2020-05-25",65,9,205,166,6684,0.88704368641532,2010,7055,583,1708,9,6017,31,2378,6,31
"783","2020-05-26",64,9,229,154,6684,0.88704368641532,2010,7055,583,1708,8,6025,25,2403,6,25
"784","2020-05-27",64,9,230,135,6684,0.88704368641532,2010,7055,583,1708,9,6034,15,2418,5,15
"785","2020-05-28",61,9,254,130,6684,0.88704368641532,2010,7055,583,1708,13,6047,39,2457,12,39
"786","2020-05-29",56,9,266,124,6684,0.88704368641532,2010,7055,583,1708,2,6049,23,2480,2,23
"787","2020-05-30",48,9,243,114,6684,0.88704368641532,2010,7055,583,1708,9,6058,12,2492,4,12
"788","2020-05-31",45,9,233,102,6684,0.88704368641532,2010,7055,583,1708,7,6065,13,2505,6,13
"789","2020-06-01",46,9,237,95,6684,0.88704368641532,2010,7055,583,1708,2,6067,35,2540,2,35
"790","2020-06-02",40,9,237,98,6684,0.88704368641532,2010,7055,583,1708,3,6070,24,2564,NA,24
"791","2020-06-03",35,9,216,99,6684,0.88704368641532,2010,7055,583,1708,4,6074,22,2586,1,22
"792","2020-06-04",37,9,233,107,6684,0.88704368641532,2010,7055,583,1708,5,6079,17,2603,3,17
"793","2020-06-05",42,9,236,103,6684,0.88704368641532,2010,7055,583,1708,3,6082,47,2650,1,47
"794","2020-06-06",44,9,234,106,6684,0.88704368641532,2010,7055,583,1708,11,6093,58,2708,7,58
"795","2020-06-07",38,9,237,103,6684,0.88704368641532,2010,7055,583,1708,6,6099,28,2736,4,28
"796","2020-03-13",3,10,191,53,6396,0.834271419637273,2055,7317,783,1832,48,135,31,79,6,31
"797","2020-03-14",7,10,217,74,6396,0.834271419637273,2055,7317,783,1832,68,203,33,112,18,33
"798","2020-03-15",8,10,207,103,6396,0.834271419637273,2055,7317,783,1832,61,264,35,147,25,35
"799","2020-03-16",13,10,233,150,6396,0.834271419637273,2055,7317,783,1832,81,345,13,160,40,13
"800","2020-03-17",15,10,224,197,6396,0.834271419637273,2055,7317,783,1832,89,434,42,202,48,42
"801","2020-03-18",22,10,252,241,6396,0.834271419637273,2055,7317,783,1832,96,530,13,215,45,13
"802","2020-03-19",28,10,261,291,6396,0.834271419637273,2055,7317,783,1832,115,645,22,237,72,22
"803","2020-03-20",47,10,244,344,6396,0.834271419637273,2055,7317,783,1832,113,758,47,284,77,47
"804","2020-03-21",52,10,259,405,6396,0.834271419637273,2055,7317,783,1832,126,884,21,305,81,21
"805","2020-03-22",81,10,245,476,6396,0.834271419637273,2055,7317,783,1832,124,1008,28,333,92,28
"806","2020-03-23",85,10,232,516,6396,0.834271419637273,2055,7317,783,1832,130,1138,44,377,93,44
"807","2020-03-24",100,10,228,580,6396,0.834271419637273,2055,7317,783,1832,125,1263,48,425,79,48
"808","2020-03-25",108,10,210,645,6396,0.834271419637273,2055,7317,783,1832,135,1398,54,479,98,54
"809","2020-03-26",127,10,201,722,6396,0.834271419637273,2055,7317,783,1832,175,1573,68,547,134,68
"810","2020-03-27",185,10,178,816,6396,0.834271419637273,2055,7317,783,1832,157,1730,37,584,116,37
"811","2020-03-28",222,10,155,876,6396,0.834271419637273,2055,7317,783,1832,179,1909,33,617,139,33
"812","2020-03-29",255,10,140,956,6396,0.834271419637273,2055,7317,783,1832,154,2063,23,640,110,23
"813","2020-03-30",275,10,141,1045,6396,0.834271419637273,2055,7317,783,1832,168,2231,26,666,129,26
"814","2020-03-31",265,10,159,1113,6396,0.834271419637273,2055,7317,783,1832,171,2402,62,728,142,62
"815","2020-04-01",288,10,218,1188,6396,0.834271419637273,2055,7317,783,1832,202,2604,14,742,171,14
"816","2020-04-02",306,10,239,1278,6396,0.834271419637273,2055,7317,783,1832,177,2781,23,765,134,23
"817","2020-04-03",382,10,244,1368,6396,0.834271419637273,2055,7317,783,1832,175,2956,18,783,144,18
"818","2020-04-04",406,10,248,1455,6396,0.834271419637273,2055,7317,783,1832,143,3099,24,807,111,24
"819","2020-04-05",424,10,234,1560,6396,0.834271419637273,2055,7317,783,1832,173,3272,42,849,147,42
"820","2020-04-06",450,10,217,1635,6396,0.834271419637273,2055,7317,783,1832,141,3413,66,915,109,66
"821","2020-04-07",459,10,230,1773,6396,0.834271419637273,2055,7317,783,1832,153,3566,56,971,126,56
"822","2020-04-08",490,10,231,1799,6396,0.834271419637273,2055,7317,783,1832,129,3695,28,999,86,28
"823","2020-04-09",516,10,209,1848,6396,0.834271419637273,2055,7317,783,1832,139,3834,26,1025,99,26
"824","2020-04-10",646,10,201,1921,6396,0.834271419637273,2055,7317,783,1832,130,3964,46,1071,98,46
"825","2020-04-11",651,10,184,1957,6396,0.834271419637273,2055,7317,783,1832,108,4072,50,1121,90,50
"826","2020-04-12",636,10,176,1988,6396,0.834271419637273,2055,7317,783,1832,118,4190,49,1170,82,49
"827","2020-04-13",649,10,183,1979,6396,0.834271419637273,2055,7317,783,1832,122,4312,36,1206,94,36
"828","2020-04-14",664,10,205,1978,6396,0.834271419637273,2055,7317,783,1832,95,4407,63,1269,61,63
"829","2020-04-15",657,10,254,1922,6396,0.834271419637273,2055,7317,783,1832,104,4511,43,1312,75,43
"830","2020-04-16",668,10,232,1929,6396,0.834271419637273,2055,7317,783,1832,110,4621,21,1333,76,21
"831","2020-04-17",732,10,231,1847,6396,0.834271419637273,2055,7317,783,1832,94,4715,64,1397,62,64
"832","2020-04-18",717,10,204,1821,6396,0.834271419637273,2055,7317,783,1832,94,4809,33,1430,67,33
"833","2020-04-19",633,10,227,1768,6396,0.834271419637273,2055,7317,783,1832,97,4906,23,1453,70,23
"834","2020-04-20",609,10,204,1644,6396,0.834271419637273,2055,7317,783,1832,73,4979,17,1470,52,17
"835","2020-04-21",587,10,205,1567,6396,0.834271419637273,2055,7317,783,1832,78,5057,24,1494,55,24
"836","2020-04-22",596,10,198,1493,6396,0.834271419637273,2055,7317,783,1832,57,5114,9,1503,36,9
"837","2020-04-23",568,10,233,1422,6396,0.834271419637273,2055,7317,783,1832,77,5191,20,1523,48,20
"838","2020-04-24",490,10,240,1328,6396,0.834271419637273,2055,7317,783,1832,71,5262,38,1561,46,38
"839","2020-04-25",493,10,221,1275,6396,0.834271419637273,2055,7317,783,1832,64,5326,59,1620,29,59
"840","2020-04-26",460,10,209,1214,6396,0.834271419637273,2055,7317,783,1832,69,5395,24,1644,44,24
"841","2020-04-27",444,10,202,1128,6396,0.834271419637273,2055,7317,783,1832,36,5431,15,1659,20,15
"842","2020-04-28",434,10,195,1050,6396,0.834271419637273,2055,7317,783,1832,45,5476,52,1711,21,52
"843","2020-04-29",392,10,234,985,6396,0.834271419637273,2055,7317,783,1832,50,5526,30,1741,25,30
"844","2020-04-30",378,10,272,941,6396,0.834271419637273,2055,7317,783,1832,62,5588,22,1763,34,22
"845","2020-05-01",345,10,276,873,6396,0.834271419637273,2055,7317,783,1832,46,5634,17,1780,24,17
"846","2020-05-02",343,10,270,795,6396,0.834271419637273,2055,7317,783,1832,50,5684,18,1798,25,18
"847","2020-05-03",329,10,258,714,6396,0.834271419637273,2055,7317,783,1832,49,5733,57,1855,28,57
"848","2020-05-04",313,10,236,650,6396,0.834271419637273,2055,7317,783,1832,36,5769,19,1874,21,19
"849","2020-05-05",267,10,220,595,6396,0.834271419637273,2055,7317,783,1832,36,5805,31,1905,22,31
"850","2020-05-06",257,10,210,552,6396,0.834271419637273,2055,7317,783,1832,24,5829,56,1961,9,56
"851","2020-05-07",237,10,190,510,6396,0.834271419637273,2055,7317,783,1832,38,5867,31,1992,12,31
"852","2020-05-08",199,10,204,466,6396,0.834271419637273,2055,7317,783,1832,32,5899,20,2012,14,20
"853","2020-05-09",164,10,207,421,6396,0.834271419637273,2055,7317,783,1832,36,5935,14,2026,14,14
"854","2020-05-10",134,10,206,384,6396,0.834271419637273,2055,7317,783,1832,23,5958,22,2048,12,22
"855","2020-05-11",124,10,205,340,6396,0.834271419637273,2055,7317,783,1832,24,5982,44,2092,11,44
"856","2020-05-12",121,10,191,312,6396,0.834271419637273,2055,7317,783,1832,24,6006,60,2152,13,60
"857","2020-05-13",116,10,199,277,6396,0.834271419637273,2055,7317,783,1832,29,6035,20,2172,13,20
"858","2020-05-14",109,10,211,251,6396,0.834271419637273,2055,7317,783,1832,26,6061,22,2194,12,22
"859","2020-05-15",108,10,199,229,6396,0.834271419637273,2055,7317,783,1832,31,6092,59,2253,9,59
"860","2020-05-16",107,10,201,212,6396,0.834271419637273,2055,7317,783,1832,21,6113,44,2297,5,44
"861","2020-05-17",95,10,184,197,6396,0.834271419637273,2055,7317,783,1832,26,6139,62,2359,16,62
"862","2020-05-18",83,10,171,194,6396,0.834271419637273,2055,7317,783,1832,26,6165,40,2399,7,40
"863","2020-05-19",80,10,194,178,6396,0.834271419637273,2055,7317,783,1832,20,6185,25,2424,10,25
"864","2020-05-20",74,10,212,169,6396,0.834271419637273,2055,7317,783,1832,15,6200,61,2485,7,61
"865","2020-05-21",66,10,215,171,6396,0.834271419637273,2055,7317,783,1832,17,6217,58,2543,11,58
"866","2020-05-22",63,10,214,159,6396,0.834271419637273,2055,7317,783,1832,16,6233,53,2596,9,53
"867","2020-05-23",60,10,190,152,6396,0.834271419637273,2055,7317,783,1832,18,6251,37,2633,8,37
"868","2020-05-24",57,10,178,140,6396,0.834271419637273,2055,7317,783,1832,20,6271,22,2655,12,22
"869","2020-05-25",60,10,183,142,6396,0.834271419637273,2055,7317,783,1832,14,6285,22,2677,4,22
"870","2020-05-26",54,10,193,140,6396,0.834271419637273,2055,7317,783,1832,17,6302,34,2711,5,34
"871","2020-05-27",55,10,173,134,6396,0.834271419637273,2055,7317,783,1832,12,6314,18,2729,6,18
"872","2020-05-28",56,10,176,131,6396,0.834271419637273,2055,7317,783,1832,19,6333,14,2743,5,14
"873","2020-05-29",58,10,178,126,6396,0.834271419637273,2055,7317,783,1832,15,6348,13,2756,1,13
"874","2020-05-30",55,10,183,115,6396,0.834271419637273,2055,7317,783,1832,12,6360,11,2767,6,11
"875","2020-05-31",43,10,164,106,6396,0.834271419637273,2055,7317,783,1832,5,6365,26,2793,2,26
"876","2020-06-01",40,10,154,95,6396,0.834271419637273,2055,7317,783,1832,10,6375,19,2812,2,19
"877","2020-06-02",38,10,146,95,6396,0.834271419637273,2055,7317,783,1832,16,6391,39,2851,6,39
"878","2020-06-03",31,10,127,95,6396,0.834271419637273,2055,7317,783,1832,9,6400,33,2884,2,33
"879","2020-06-04",32,10,109,92,6396,0.834271419637273,2055,7317,783,1832,12,6412,18,2902,4,18
"880","2020-06-05",28,10,110,82,6396,0.834271419637273,2055,7317,783,1832,10,6422,47,2949,5,47
"881","2020-06-06",25,10,153,80,6396,0.834271419637273,2055,7317,783,1832,9,6431,25,2974,3,25
"882","2020-06-07",24,10,160,75,6396,0.834271419637273,2055,7317,783,1832,5,6436,20,2994,2,20
"883","2020-03-13",5,11,106,199,7963,0.591736782619616,2040,8309,855,1620,82,246,72,184,6,72
"884","2020-03-14",6,11,150,266,7963,0.591736782619616,2040,8309,855,1620,97,343,77,261,28,77
"885","2020-03-15",34,11,154,353,7963,0.591736782619616,2040,8309,855,1620,90,433,55,316,33,55
"886","2020-03-16",45,11,163,482,7963,0.591736782619616,2040,8309,855,1620,103,536,93,409,36,93
"887","2020-03-17",56,11,194,602,7963,0.591736782619616,2040,8309,855,1620,129,665,53,462,57,53
"888","2020-03-18",80,11,201,746,7963,0.591736782619616,2040,8309,855,1620,144,809,54,516,72,54
"889","2020-03-19",104,11,147,890,7963,0.591736782619616,2040,8309,855,1620,123,932,44,560,60,44
"890","2020-03-20",177,11,151,1059,7963,0.591736782619616,2040,8309,855,1620,155,1087,48,608,87,48
"891","2020-03-21",265,11,209,1205,7963,0.591736782619616,2040,8309,855,1620,155,1242,43,651,83,43
"892","2020-03-22",309,11,273,1349,7963,0.591736782619616,2040,8309,855,1620,154,1396,40,691,96,40
"893","2020-03-23",328,11,270,1522,7963,0.591736782619616,2040,8309,855,1620,166,1562,37,728,97,37
"894","2020-03-24",340,11,236,1662,7963,0.591736782619616,2040,8309,855,1620,159,1721,54,782,96,54
"895","2020-03-25",367,11,188,1785,7963,0.591736782619616,2040,8309,855,1620,178,1899,46,828,109,46
"896","2020-03-26",413,11,190,1900,7963,0.591736782619616,2040,8309,855,1620,166,2065,53,881,104,53
"897","2020-03-27",612,11,187,2008,7963,0.591736782619616,2040,8309,855,1620,185,2250,52,933,125,52
"898","2020-03-28",636,11,159,2115,7963,0.591736782619616,2040,8309,855,1620,162,2412,42,975,102,42
"899","2020-03-29",646,11,153,2175,7963,0.591736782619616,2040,8309,855,1620,183,2595,15,990,124,15
"900","2020-03-30",670,11,160,2236,7963,0.591736782619616,2040,8309,855,1620,165,2760,27,1017,99,27
"901","2020-03-31",691,11,159,2283,7963,0.591736782619616,2040,8309,855,1620,189,2949,28,1045,118,28
"902","2020-04-01",714,11,173,2354,7963,0.591736782619616,2040,8309,855,1620,173,3122,23,1068,107,23
"903","2020-04-02",736,11,237,2361,7963,0.591736782619616,2040,8309,855,1620,147,3269,42,1110,97,42
"904","2020-04-03",839,11,257,2367,7963,0.591736782619616,2040,8309,855,1620,181,3450,43,1153,120,43
"905","2020-04-04",843,11,252,2375,7963,0.591736782619616,2040,8309,855,1620,172,3622,27,1180,107,27
"906","2020-04-05",762,11,277,2318,7963,0.591736782619616,2040,8309,855,1620,146,3768,58,1238,94,58
"907","2020-04-06",774,11,277,2285,7963,0.591736782619616,2040,8309,855,1620,141,3909,45,1283,87,45
"908","2020-04-07",781,11,309,2258,7963,0.591736782619616,2040,8309,855,1620,139,4048,57,1340,77,57
"909","2020-04-08",780,11,294,2179,7963,0.591736782619616,2040,8309,855,1620,140,4188,51,1391,93,51
"910","2020-04-09",761,11,293,2115,7963,0.591736782619616,2040,8309,855,1620,120,4308,40,1431,68,40
"911","2020-04-10",753,11,312,1997,7963,0.591736782619616,2040,8309,855,1620,134,4442,42,1473,75,42
"912","2020-04-11",727,11,349,1909,7963,0.591736782619616,2040,8309,855,1620,130,4572,28,1501,65,28
"913","2020-04-12",693,11,287,1824,7963,0.591736782619616,2040,8309,855,1620,115,4687,28,1529,67,28
"914","2020-04-13",666,11,271,1726,7963,0.591736782619616,2040,8309,855,1620,114,4801,23,1552,58,23
"915","2020-04-14",625,11,307,1628,7963,0.591736782619616,2040,8309,855,1620,95,4896,36,1588,51,36
"916","2020-04-15",620,11,318,1532,7963,0.591736782619616,2040,8309,855,1620,108,5004,31,1619,60,31
"917","2020-04-16",590,11,311,1446,7963,0.591736782619616,2040,8309,855,1620,102,5106,45,1664,55,45
"918","2020-04-17",529,11,267,1375,7963,0.591736782619616,2040,8309,855,1620,116,5222,26,1690,63,26
"919","2020-04-18",516,11,242,1250,7963,0.591736782619616,2040,8309,855,1620,78,5300,42,1732,42,42
"920","2020-04-19",459,11,233,1176,7963,0.591736782619616,2040,8309,855,1620,90,5390,40,1772,42,40
"921","2020-04-20",436,11,209,1108,7963,0.591736782619616,2040,8309,855,1620,90,5480,35,1807,37,35
"922","2020-04-21",406,11,224,1030,7963,0.591736782619616,2040,8309,855,1620,67,5547,26,1833,33,26
"923","2020-04-22",371,11,234,980,7963,0.591736782619616,2040,8309,855,1620,75,5622,42,1875,32,42
"924","2020-04-23",365,11,272,916,7963,0.591736782619616,2040,8309,855,1620,82,5704,37,1912,47,37
"925","2020-04-24",351,11,248,862,7963,0.591736782619616,2040,8309,855,1620,54,5758,41,1953,21,41
"926","2020-04-25",331,11,220,812,7963,0.591736782619616,2040,8309,855,1620,56,5814,31,1984,20,31
"927","2020-04-26",288,11,216,778,7963,0.591736782619616,2040,8309,855,1620,52,5866,33,2017,21,33
"928","2020-04-27",259,11,194,733,7963,0.591736782619616,2040,8309,855,1620,57,5923,37,2054,16,37
"929","2020-04-28",250,11,187,704,7963,0.591736782619616,2040,8309,855,1620,48,5971,34,2088,15,34
"930","2020-04-29",238,11,227,657,7963,0.591736782619616,2040,8309,855,1620,59,6030,43,2131,21,43
"931","2020-04-30",226,11,295,615,7963,0.591736782619616,2040,8309,855,1620,41,6071,34,2165,14,34
"932","2020-05-01",194,11,332,568,7963,0.591736782619616,2040,8309,855,1620,53,6124,18,2183,16,18
"933","2020-05-02",201,11,326,534,7963,0.591736782619616,2040,8309,855,1620,43,6167,48,2231,17,48
"934","2020-05-03",191,11,310,497,7963,0.591736782619616,2040,8309,855,1620,27,6194,43,2274,5,43
"935","2020-05-04",196,11,305,465,7963,0.591736782619616,2040,8309,855,1620,43,6237,37,2311,15,37
"936","2020-05-05",185,11,296,437,7963,0.591736782619616,2040,8309,855,1620,25,6262,28,2339,7,28
"937","2020-05-06",176,11,324,400,7963,0.591736782619616,2040,8309,855,1620,39,6301,22,2361,12,22
"938","2020-05-07",169,11,314,372,7963,0.591736782619616,2040,8309,855,1620,34,6335,55,2416,10,55
"939","2020-05-08",158,11,333,346,7963,0.591736782619616,2040,8309,855,1620,33,6368,35,2451,11,35
"940","2020-05-09",140,11,329,327,7963,0.591736782619616,2040,8309,855,1620,29,6397,57,2508,13,57
"941","2020-05-10",129,11,295,315,7963,0.591736782619616,2040,8309,855,1620,32,6429,33,2541,10,33
"942","2020-05-11",107,11,265,307,7963,0.591736782619616,2040,8309,855,1620,21,6450,47,2588,4,47
"943","2020-05-12",105,11,245,291,7963,0.591736782619616,2040,8309,855,1620,32,6482,39,2627,9,39
"944","2020-05-13",110,11,278,285,7963,0.591736782619616,2040,8309,855,1620,25,6507,26,2653,7,26
"945","2020-05-14",99,11,270,275,7963,0.591736782619616,2040,8309,855,1620,26,6533,32,2685,7,32
"946","2020-05-15",84,11,268,265,7963,0.591736782619616,2040,8309,855,1620,19,6552,29,2714,5,29
"947","2020-05-16",86,11,250,255,7963,0.591736782619616,2040,8309,855,1620,28,6580,40,2754,8,40
"948","2020-05-17",81,11,226,247,7963,0.591736782619616,2040,8309,855,1620,32,6612,28,2782,8,28
"949","2020-05-18",83,11,213,235,7963,0.591736782619616,2040,8309,855,1620,28,6640,26,2808,8,26
"950","2020-05-19",80,11,238,218,7963,0.591736782619616,2040,8309,855,1620,23,6663,50,2858,7,50
"951","2020-05-20",72,11,228,207,7963,0.591736782619616,2040,8309,855,1620,16,6679,36,2894,2,36
"952","2020-05-21",76,11,242,197,7963,0.591736782619616,2040,8309,855,1620,25,6704,38,2932,6,38
"953","2020-05-22",75,11,244,176,7963,0.591736782619616,2040,8309,855,1620,19,6723,42,2974,6,42
"954","2020-05-23",69,11,234,171,7963,0.591736782619616,2040,8309,855,1620,25,6748,43,3017,4,43
"955","2020-05-24",65,11,207,177,7963,0.591736782619616,2040,8309,855,1620,9,6757,36,3053,2,36
"956","2020-05-25",62,11,220,177,7963,0.591736782619616,2040,8309,855,1620,24,6781,58,3111,5,58
"957","2020-05-26",52,11,261,163,7963,0.591736782619616,2040,8309,855,1620,14,6795,58,3169,3,58
"958","2020-05-27",48,11,265,170,7963,0.591736782619616,2040,8309,855,1620,11,6806,44,3213,2,44
"959","2020-05-28",40,11,237,161,7963,0.591736782619616,2040,8309,855,1620,11,6817,33,3246,3,33
"960","2020-05-29",36,11,253,162,7963,0.591736782619616,2040,8309,855,1620,16,6833,38,3284,5,38
"961","2020-05-30",42,11,261,145,7963,0.591736782619616,2040,8309,855,1620,13,6846,34,3318,7,34
"962","2020-05-31",38,11,288,142,7963,0.591736782619616,2040,8309,855,1620,16,6862,40,3358,1,40
"963","2020-06-01",36,11,307,129,7963,0.591736782619616,2040,8309,855,1620,10,6872,47,3405,2,47
"964","2020-06-02",41,11,279,118,7963,0.591736782619616,2040,8309,855,1620,12,6884,46,3451,2,46
"965","2020-06-03",45,11,246,119,7963,0.591736782619616,2040,8309,855,1620,9,6893,49,3500,7,49
"966","2020-06-04",44,11,202,117,7963,0.591736782619616,2040,8309,855,1620,5,6898,43,3543,3,43
"967","2020-06-05",46,11,191,113,7963,0.591736782619616,2040,8309,855,1620,9,6907,46,3589,1,46
"968","2020-06-06",37,11,187,113,7963,0.591736782619616,2040,8309,855,1620,9,6916,37,3626,NA,37
"969","2020-06-07",41,11,155,104,7963,0.591736782619616,2040,8309,855,1620,14,6930,36,3662,3,36
"970","2020-03-12",2,12,68,129,7605,0.359894806048652,1995,8869,735,1289,50,91,9,34,8,9
"971","2020-03-13",8,12,121,196,7605,0.359894806048652,1995,8869,735,1289,43,134,4,38,11,4
"972","2020-03-14",13,12,155,273,7605,0.359894806048652,1995,8869,735,1289,49,183,3,41,18,3
"973","2020-03-15",35,12,167,360,7605,0.359894806048652,1995,8869,735,1289,52,235,7,48,16,7
"974","2020-03-16",45,12,164,450,7605,0.359894806048652,1995,8869,735,1289,53,288,45,93,31,45
"975","2020-03-17",59,12,152,553,7605,0.359894806048652,1995,8869,735,1289,74,362,59,152,35,59
"976","2020-03-18",86,12,154,644,7605,0.359894806048652,1995,8869,735,1289,50,412,52,204,25,52
"977","2020-03-19",104,12,144,756,7605,0.359894806048652,1995,8869,735,1289,108,520,22,226,78,22
"978","2020-03-20",178,12,146,863,7605,0.359894806048652,1995,8869,735,1289,86,606,16,242,48,16
"979","2020-03-21",311,12,149,945,7605,0.359894806048652,1995,8869,735,1289,95,701,49,291,66,49
"980","2020-03-22",308,12,135,1046,7605,0.359894806048652,1995,8869,735,1289,99,800,22,313,75,22
"981","2020-03-23",304,12,139,1145,7605,0.359894806048652,1995,8869,735,1289,95,895,64,377,68,64
"982","2020-03-24",312,12,130,1247,7605,0.359894806048652,1995,8869,735,1289,144,1039,81,458,109,81
"983","2020-03-25",322,12,152,1323,7605,0.359894806048652,1995,8869,735,1289,121,1160,52,510,90,52
"984","2020-03-26",359,12,188,1369,7605,0.359894806048652,1995,8869,735,1289,155,1315,30,540,110,30
"985","2020-03-27",489,12,180,1409,7605,0.359894806048652,1995,8869,735,1289,128,1443,42,582,97,42
"986","2020-03-28",467,12,191,1458,7605,0.359894806048652,1995,8869,735,1289,149,1592,25,607,112,25
"987","2020-03-29",453,12,191,1460,7605,0.359894806048652,1995,8869,735,1289,137,1729,14,621,106,14
"988","2020-03-30",455,12,190,1476,7605,0.359894806048652,1995,8869,735,1289,119,1848,6,627,82,6
"989","2020-03-31",458,12,210,1496,7605,0.359894806048652,1995,8869,735,1289,151,1999,20,647,116,20
"990","2020-04-01",466,12,204,1488,7605,0.359894806048652,1995,8869,735,1289,158,2157,67,714,129,67
"991","2020-04-02",476,12,182,1511,7605,0.359894806048652,1995,8869,735,1289,128,2285,80,794,101,80
"992","2020-04-03",507,12,197,1510,7605,0.359894806048652,1995,8869,735,1289,140,2425,76,870,117,76
"993","2020-04-04",493,12,229,1522,7605,0.359894806048652,1995,8869,735,1289,150,2575,57,927,123,57
"994","2020-04-05",480,12,221,1525,7605,0.359894806048652,1995,8869,735,1289,151,2726,22,949,114,22
"995","2020-04-06",479,12,221,1503,7605,0.359894806048652,1995,8869,735,1289,191,2917,32,981,163,32
"996","2020-04-07",476,12,216,1494,7605,0.359894806048652,1995,8869,735,1289,160,3077,20,1001,127,20
"997","2020-04-08",487,12,212,1483,7605,0.359894806048652,1995,8869,735,1289,133,3210,14,1015,113,14
"998","2020-04-09",471,12,201,1460,7605,0.359894806048652,1995,8869,735,1289,107,3317,22,1037,82,22
"999","2020-04-10",509,12,185,1472,7605,0.359894806048652,1995,8869,735,1289,143,3460,62,1099,104,62
"1000","2020-04-11",507,12,189,1441,7605,0.359894806048652,1995,8869,735,1289,114,3574,46,1145,83,46
"1001","2020-04-12",467,12,221,1425,7605,0.359894806048652,1995,8869,735,1289,103,3677,46,1191,80,46
"1002","2020-04-13",448,12,234,1401,7605,0.359894806048652,1995,8869,735,1289,122,3799,29,1220,88,29
"1003","2020-04-14",452,12,233,1352,7605,0.359894806048652,1995,8869,735,1289,122,3921,16,1236,93,16
"1004","2020-04-15",440,12,265,1336,7605,0.359894806048652,1995,8869,735,1289,97,4018,32,1268,69,32
"1005","2020-04-16",446,12,253,1330,7605,0.359894806048652,1995,8869,735,1289,114,4132,59,1327,77,59
"1006","2020-04-17",456,12,249,1299,7605,0.359894806048652,1995,8869,735,1289,81,4213,22,1349,61,22
"1007","2020-04-18",465,12,234,1296,7605,0.359894806048652,1995,8869,735,1289,102,4315,30,1379,78,30
"1008","2020-04-19",412,12,236,1272,7605,0.359894806048652,1995,8869,735,1289,84,4399,20,1399,54,20
"1009","2020-04-20",402,12,237,1227,7605,0.359894806048652,1995,8869,735,1289,77,4476,12,1411,55,12
"1010","2020-04-21",393,12,271,1184,7605,0.359894806048652,1995,8869,735,1289,85,4561,7,1418,64,7
"1011","2020-04-22",392,12,251,1174,7605,0.359894806048652,1995,8869,735,1289,100,4661,9,1427,65,9
"1012","2020-04-23",368,12,260,1126,7605,0.359894806048652,1995,8869,735,1289,75,4736,18,1445,54,18
"1013","2020-04-24",358,12,261,1099,7605,0.359894806048652,1995,8869,735,1289,72,4808,14,1459,43,14
"1014","2020-04-25",342,12,251,1088,7605,0.359894806048652,1995,8869,735,1289,60,4868,33,1492,35,33
"1015","2020-04-26",329,12,256,1046,7605,0.359894806048652,1995,8869,735,1289,53,4921,50,1542,32,50
"1016","2020-04-27",322,12,254,1020,7605,0.359894806048652,1995,8869,735,1289,74,4995,29,1571,49,29
"1017","2020-04-28",309,12,255,968,7605,0.359894806048652,1995,8869,735,1289,51,5046,46,1617,31,46
"1018","2020-04-29",299,12,256,937,7605,0.359894806048652,1995,8869,735,1289,58,5104,18,1635,31,18
"1019","2020-04-30",292,12,225,895,7605,0.359894806048652,1995,8869,735,1289,44,5148,40,1675,28,40
"1020","2020-05-01",294,12,214,874,7605,0.359894806048652,1995,8869,735,1289,59,5207,54,1729,40,54
"1021","2020-05-02",299,12,226,845,7605,0.359894806048652,1995,8869,735,1289,51,5258,57,1786,30,57
"1022","2020-05-03",268,12,241,821,7605,0.359894806048652,1995,8869,735,1289,55,5313,20,1806,30,20
"1023","2020-05-04",266,12,248,783,7605,0.359894806048652,1995,8869,735,1289,44,5357,15,1821,31,15
"1024","2020-05-05",272,12,264,763,7605,0.359894806048652,1995,8869,735,1289,51,5408,15,1836,31,15
"1025","2020-05-06",265,12,253,751,7605,0.359894806048652,1995,8869,735,1289,33,5441,60,1896,17,60
"1026","2020-05-07",274,12,254,732,7605,0.359894806048652,1995,8869,735,1289,37,5478,29,1925,23,29
"1027","2020-05-08",247,12,228,707,7605,0.359894806048652,1995,8869,735,1289,32,5510,24,1949,15,24
"1028","2020-05-09",230,12,213,681,7605,0.359894806048652,1995,8869,735,1289,43,5553,22,1971,20,22
"1029","2020-05-10",226,12,200,660,7605,0.359894806048652,1995,8869,735,1289,49,5602,35,2006,23,35
"1030","2020-05-11",220,12,195,635,7605,0.359894806048652,1995,8869,735,1289,35,5637,29,2035,15,29
"1031","2020-05-12",215,12,195,615,7605,0.359894806048652,1995,8869,735,1289,38,5675,46,2081,24,46
"1032","2020-05-13",202,12,211,572,7605,0.359894806048652,1995,8869,735,1289,37,5712,31,2112,26,31
"1033","2020-05-14",192,12,216,551,7605,0.359894806048652,1995,8869,735,1289,27,5739,17,2129,18,17
"1034","2020-05-15",197,12,222,508,7605,0.359894806048652,1995,8869,735,1289,44,5783,13,2142,22,13
"1035","2020-05-16",193,12,212,501,7605,0.359894806048652,1995,8869,735,1289,27,5810,10,2152,11,10
"1036","2020-05-17",176,12,217,467,7605,0.359894806048652,1995,8869,735,1289,28,5838,25,2177,15,25
"1037","2020-05-18",169,12,250,447,7605,0.359894806048652,1995,8869,735,1289,21,5859,60,2237,10,60
"1038","2020-05-19",144,12,314,428,7605,0.359894806048652,1995,8869,735,1289,18,5877,27,2264,15,27
"1039","2020-05-20",146,12,317,417,7605,0.359894806048652,1995,8869,735,1289,33,5910,19,2283,18,19
"1040","2020-05-21",132,12,297,402,7605,0.359894806048652,1995,8869,735,1289,16,5926,20,2303,10,20
"1041","2020-05-22",123,12,282,376,7605,0.359894806048652,1995,8869,735,1289,19,5945,20,2323,12,20
"1042","2020-05-23",124,12,260,349,7605,0.359894806048652,1995,8869,735,1289,26,5971,23,2346,11,23
"1043","2020-05-24",112,12,249,352,7605,0.359894806048652,1995,8869,735,1289,21,5992,35,2381,10,35
"1044","2020-05-25",110,12,224,332,7605,0.359894806048652,1995,8869,735,1289,14,6006,62,2443,5,62
"1045","2020-05-26",112,12,218,305,7605,0.359894806048652,1995,8869,735,1289,10,6016,38,2481,8,38
"1046","2020-05-27",106,12,201,290,7605,0.359894806048652,1995,8869,735,1289,15,6031,30,2511,10,30
"1047","2020-05-28",106,12,189,276,7605,0.359894806048652,1995,8869,735,1289,16,6047,19,2530,8,19
"1048","2020-05-29",109,12,187,259,7605,0.359894806048652,1995,8869,735,1289,7,6054,13,2543,2,13
"1049","2020-05-30",107,12,208,241,7605,0.359894806048652,1995,8869,735,1289,8,6062,18,2561,1,18
"1050","2020-05-31",93,12,224,233,7605,0.359894806048652,1995,8869,735,1289,11,6073,13,2574,5,13
"1051","2020-06-01",87,12,218,219,7605,0.359894806048652,1995,8869,735,1289,13,6086,16,2590,6,16
"1052","2020-06-02",78,12,222,209,7605,0.359894806048652,1995,8869,735,1289,14,6100,6,2596,6,6
"1053","2020-06-03",77,12,200,197,7605,0.359894806048652,1995,8869,735,1289,18,6118,6,2602,6,6
"1054","2020-06-04",71,12,206,187,7605,0.359894806048652,1995,8869,735,1289,9,6127,10,2612,3,10
"1055","2020-06-05",69,12,206,185,7605,0.359894806048652,1995,8869,735,1289,12,6139,15,2627,4,15
"1056","2020-06-06",76,12,218,173,7605,0.359894806048652,1995,8869,735,1289,15,6154,18,2645,5,18
"1057","2020-06-07",69,12,221,161,7605,0.359894806048652,1995,8869,735,1289,9,6163,55,2700,3,55
"1058","2020-03-12",1,13,36,47,6668,0.77999400119976,1935,6994,687,971,62,100,14,20,8,14
"1059","2020-03-13",2,13,54,71,6668,0.77999400119976,1935,6994,687,971,45,145,7,27,11,7
"1060","2020-03-14",14,13,85,105,6668,0.77999400119976,1935,6994,687,971,74,219,20,47,12,20
"1061","2020-03-15",18,13,83,148,6668,0.77999400119976,1935,6994,687,971,66,285,23,70,18,23
"1062","2020-03-16",17,13,126,194,6668,0.77999400119976,1935,6994,687,971,78,363,27,97,34,27
"1063","2020-03-17",25,13,140,246,6668,0.77999400119976,1935,6994,687,971,71,434,9,106,36,9
"1064","2020-03-18",32,13,161,298,6668,0.77999400119976,1935,6994,687,971,93,527,14,120,50,14
"1065","2020-03-19",40,13,162,374,6668,0.77999400119976,1935,6994,687,971,100,627,39,159,61,39
"1066","2020-03-20",64,13,179,432,6668,0.77999400119976,1935,6994,687,971,110,737,45,204,69,45
"1067","2020-03-21",75,13,185,502,6668,0.77999400119976,1935,6994,687,971,143,880,38,242,95,38
"1068","2020-03-22",100,13,188,599,6668,0.77999400119976,1935,6994,687,971,156,1036,23,265,105,23
"1069","2020-03-23",112,13,187,677,6668,0.77999400119976,1935,6994,687,971,93,1129,28,293,60,28
"1070","2020-03-24",125,13,215,762,6668,0.77999400119976,1935,6994,687,971,148,1277,47,340,100,47
"1071","2020-03-25",148,13,232,864,6668,0.77999400119976,1935,6994,687,971,136,1413,27,367,88,27
"1072","2020-03-26",173,13,216,962,6668,0.77999400119976,1935,6994,687,971,157,1570,13,380,112,13
"1073","2020-03-27",246,13,210,1063,6668,0.77999400119976,1935,6994,687,971,157,1727,17,397,113,17
"1074","2020-03-28",296,13,213,1123,6668,0.77999400119976,1935,6994,687,971,171,1898,10,407,131,10
"1075","2020-03-29",327,13,219,1198,6668,0.77999400119976,1935,6994,687,971,154,2052,17,424,121,17
"1076","2020-03-30",359,13,224,1285,6668,0.77999400119976,1935,6994,687,971,154,2206,33,457,107,33
"1077","2020-03-31",370,13,253,1380,6668,0.77999400119976,1935,6994,687,971,184,2390,53,510,123,53
"1078","2020-04-01",387,13,262,1444,6668,0.77999400119976,1935,6994,687,971,147,2537,53,563,109,53
"1079","2020-04-02",411,13,254,1517,6668,0.77999400119976,1935,6994,687,971,162,2699,36,599,115,36
"1080","2020-04-03",529,13,247,1634,6668,0.77999400119976,1935,6994,687,971,177,2876,43,642,121,43
"1081","2020-04-04",562,13,267,1663,6668,0.77999400119976,1935,6994,687,971,140,3016,33,675,94,33
"1082","2020-04-05",503,13,266,1754,6668,0.77999400119976,1935,6994,687,971,143,3159,28,703,101,28
"1083","2020-04-06",494,13,267,1839,6668,0.77999400119976,1935,6994,687,971,126,3285,45,748,86,45
"1084","2020-04-07",508,13,264,1851,6668,0.77999400119976,1935,6994,687,971,135,3420,44,792,91,44
"1085","2020-04-08",527,13,256,1906,6668,0.77999400119976,1935,6994,687,971,129,3549,27,819,95,27
"1086","2020-04-09",537,13,259,1926,6668,0.77999400119976,1935,6994,687,971,139,3688,23,842,94,23
"1087","2020-04-10",649,13,279,1923,6668,0.77999400119976,1935,6994,687,971,120,3808,17,859,74,17
"1088","2020-04-11",643,13,308,1966,6668,0.77999400119976,1935,6994,687,971,102,3910,17,876,67,17
"1089","2020-04-12",647,13,279,1979,6668,0.77999400119976,1935,6994,687,971,127,4037,14,890,78,14
"1090","2020-04-13",656,13,290,1925,6668,0.77999400119976,1935,6994,687,971,108,4145,18,908,72,18
"1091","2020-04-14",645,13,277,1882,6668,0.77999400119976,1935,6994,687,971,114,4259,58,966,69,58
"1092","2020-04-15",643,13,264,1848,6668,0.77999400119976,1935,6994,687,971,107,4366,49,1015,66,49
"1093","2020-04-16",654,13,238,1829,6668,0.77999400119976,1935,6994,687,971,85,4451,26,1041,51,26
"1094","2020-04-17",626,13,222,1778,6668,0.77999400119976,1935,6994,687,971,107,4558,19,1060,65,19
"1095","2020-04-18",619,13,210,1767,6668,0.77999400119976,1935,6994,687,971,70,4628,14,1074,41,14
"1096","2020-04-19",600,13,222,1676,6668,0.77999400119976,1935,6994,687,971,103,4731,36,1110,68,36
"1097","2020-04-20",583,13,225,1593,6668,0.77999400119976,1935,6994,687,971,68,4799,56,1166,37,56
"1098","2020-04-21",560,13,220,1524,6668,0.77999400119976,1935,6994,687,971,71,4870,44,1210,40,44
"1099","2020-04-22",539,13,226,1441,6668,0.77999400119976,1935,6994,687,971,68,4938,28,1238,33,28
"1100","2020-04-23",509,13,231,1366,6668,0.77999400119976,1935,6994,687,971,69,5007,21,1259,39,21
"1101","2020-04-24",520,13,248,1323,6668,0.77999400119976,1935,6994,687,971,73,5080,21,1280,33,21
"1102","2020-04-25",531,13,282,1212,6668,0.77999400119976,1935,6994,687,971,58,5138,20,1300,36,20
"1103","2020-04-26",456,13,305,1136,6668,0.77999400119976,1935,6994,687,971,65,5203,28,1328,42,28
"1104","2020-04-27",432,13,352,1072,6668,0.77999400119976,1935,6994,687,971,57,5260,45,1373,24,45
"1105","2020-04-28",407,13,354,995,6668,0.77999400119976,1935,6994,687,971,57,5317,31,1404,27,31
"1106","2020-04-29",397,13,337,928,6668,0.77999400119976,1935,6994,687,971,56,5373,20,1424,22,20
"1107","2020-04-30",376,13,307,858,6668,0.77999400119976,1935,6994,687,971,71,5444,14,1438,40,14
"1108","2020-05-01",308,13,292,782,6668,0.77999400119976,1935,6994,687,971,51,5495,41,1479,21,41
"1109","2020-05-02",276,13,295,722,6668,0.77999400119976,1935,6994,687,971,56,5551,30,1509,24,30
"1110","2020-05-03",267,13,281,649,6668,0.77999400119976,1935,6994,687,971,37,5588,50,1559,19,50
"1111","2020-05-04",247,13,256,581,6668,0.77999400119976,1935,6994,687,971,41,5629,21,1580,18,21
"1112","2020-05-05",230,13,240,528,6668,0.77999400119976,1935,6994,687,971,39,5668,8,1588,15,8
"1113","2020-05-06",212,13,224,481,6668,0.77999400119976,1935,6994,687,971,28,5696,48,1636,11,48
"1114","2020-05-07",205,13,226,431,6668,0.77999400119976,1935,6994,687,971,33,5729,18,1654,12,18
"1115","2020-05-08",180,13,242,393,6668,0.77999400119976,1935,6994,687,971,43,5772,40,1694,16,40
"1116","2020-05-09",167,13,279,355,6668,0.77999400119976,1935,6994,687,971,32,5804,25,1719,12,25
"1117","2020-05-10",129,13,323,314,6668,0.77999400119976,1935,6994,687,971,32,5836,16,1735,16,16
"1118","2020-05-11",124,13,345,299,6668,0.77999400119976,1935,6994,687,971,37,5873,33,1768,16,33
"1119","2020-05-12",124,13,348,274,6668,0.77999400119976,1935,6994,687,971,38,5911,26,1794,15,26
"1120","2020-05-13",116,13,329,246,6668,0.77999400119976,1935,6994,687,971,25,5936,35,1829,8,35
"1121","2020-05-14",103,13,303,244,6668,0.77999400119976,1935,6994,687,971,30,5966,63,1892,14,63
"1122","2020-05-15",95,13,300,224,6668,0.77999400119976,1935,6994,687,971,41,6007,49,1941,15,49
"1123","2020-05-16",82,13,303,216,6668,0.77999400119976,1935,6994,687,971,28,6035,26,1967,11,26
"1124","2020-05-17",74,13,313,197,6668,0.77999400119976,1935,6994,687,971,28,6063,37,2004,9,37
"1125","2020-05-18",64,13,295,199,6668,0.77999400119976,1935,6994,687,971,29,6092,18,2022,11,18
"1126","2020-05-19",58,13,295,179,6668,0.77999400119976,1935,6994,687,971,23,6115,15,2037,11,15
"1127","2020-05-20",57,13,286,170,6668,0.77999400119976,1935,6994,687,971,23,6138,43,2080,7,43
"1128","2020-05-21",55,13,275,161,6668,0.77999400119976,1935,6994,687,971,18,6156,26,2106,9,26
"1129","2020-05-22",52,13,261,154,6668,0.77999400119976,1935,6994,687,971,24,6180,37,2143,10,37
"1130","2020-05-23",51,13,242,153,6668,0.77999400119976,1935,6994,687,971,17,6197,27,2170,5,27
"1131","2020-05-24",48,13,238,144,6668,0.77999400119976,1935,6994,687,971,24,6221,17,2187,8,17
"1132","2020-05-25",48,13,274,141,6668,0.77999400119976,1935,6994,687,971,14,6235,37,2224,4,37
"1133","2020-05-26",46,13,292,131,6668,0.77999400119976,1935,6994,687,971,22,6257,25,2249,11,25
"1134","2020-05-27",45,13,281,127,6668,0.77999400119976,1935,6994,687,971,11,6268,34,2283,2,34
"1135","2020-05-28",46,13,285,120,6668,0.77999400119976,1935,6994,687,971,21,6289,24,2307,8,24
"1136","2020-05-29",46,13,271,120,6668,0.77999400119976,1935,6994,687,971,8,6297,14,2321,3,14
"1137","2020-05-30",46,13,289,110,6668,0.77999400119976,1935,6994,687,971,9,6306,29,2350,4,29
"1138","2020-05-31",47,13,283,111,6668,0.77999400119976,1935,6994,687,971,14,6320,25,2375,NA,25
"1139","2020-06-01",44,13,266,107,6668,0.77999400119976,1935,6994,687,971,9,6329,37,2412,4,37
"1140","2020-06-02",39,13,254,108,6668,0.77999400119976,1935,6994,687,971,9,6338,31,2443,2,31
"1141","2020-06-03",35,13,253,103,6668,0.77999400119976,1935,6994,687,971,10,6348,51,2494,2,51
"1142","2020-06-04",34,13,256,96,6668,0.77999400119976,1935,6994,687,971,14,6362,36,2530,4,36
"1143","2020-06-05",35,13,261,89,6668,0.77999400119976,1935,6994,687,971,7,6369,31,2561,2,31
"1144","2020-06-06",32,13,261,87,6668,0.77999400119976,1935,6994,687,971,5,6374,30,2591,3,30
"1145","2020-06-07",26,13,267,83,6668,0.77999400119976,1935,6994,687,971,9,6383,35,2626,5,35
"1146","2020-03-13",2,14,115,70,6955,0.794823867721064,1980,7461,810,1659,74,168,23,102,27,23
"1147","2020-03-14",3,14,114,108,6955,0.794823867721064,1980,7461,810,1659,63,231,10,112,30,10
"1148","2020-03-15",6,14,138,171,6955,0.794823867721064,1980,7461,810,1659,82,313,7,119,44,7
"1149","2020-03-16",11,14,125,222,6955,0.794823867721064,1980,7461,810,1659,86,399,57,176,46,57
"1150","2020-03-17",18,14,125,299,6955,0.794823867721064,1980,7461,810,1659,97,496,22,198,59,22
"1151","2020-03-18",28,14,178,375,6955,0.794823867721064,1980,7461,810,1659,94,590,25,223,57,25
"1152","2020-03-19",39,14,161,464,6955,0.794823867721064,1980,7461,810,1659,130,720,16,239,84,16
"1153","2020-03-20",63,14,164,563,6955,0.794823867721064,1980,7461,810,1659,109,829,60,299,77,60
"1154","2020-03-21",103,14,166,662,6955,0.794823867721064,1980,7461,810,1659,126,955,19,318,95,19
"1155","2020-03-22",158,14,170,772,6955,0.794823867721064,1980,7461,810,1659,102,1057,4,322,75,4
"1156","2020-03-23",184,14,169,888,6955,0.794823867721064,1980,7461,810,1659,109,1166,6,328,83,6
"1157","2020-03-24",194,14,180,997,6955,0.794823867721064,1980,7461,810,1659,131,1297,10,338,102,10
"1158","2020-03-25",206,14,166,1091,6955,0.794823867721064,1980,7461,810,1659,178,1475,6,344,142,6
"1159","2020-03-26",233,14,185,1202,6955,0.794823867721064,1980,7461,810,1659,137,1612,4,348,107,4
"1160","2020-03-27",334,14,226,1312,6955,0.794823867721064,1980,7461,810,1659,111,1723,4,352,84,4
"1161","2020-03-28",435,14,246,1411,6955,0.794823867721064,1980,7461,810,1659,132,1855,7,359,105,7
"1162","2020-03-29",413,14,266,1503,6955,0.794823867721064,1980,7461,810,1659,158,2013,11,370,126,11
"1163","2020-03-30",385,14,280,1587,6955,0.794823867721064,1980,7461,810,1659,152,2165,80,450,118,80
"1164","2020-03-31",420,14,266,1629,6955,0.794823867721064,1980,7461,810,1659,144,2309,66,516,104,66
"1165","2020-04-01",456,14,255,1698,6955,0.794823867721064,1980,7461,810,1659,149,2458,30,546,120,30
"1166","2020-04-02",480,14,235,1805,6955,0.794823867721064,1980,7461,810,1659,142,2600,29,575,100,29
"1167","2020-04-03",609,14,237,1870,6955,0.794823867721064,1980,7461,810,1659,138,2738,27,602,105,27
"1168","2020-04-04",567,14,221,1937,6955,0.794823867721064,1980,7461,810,1659,144,2882,6,608,111,6
"1169","2020-04-05",589,14,228,1943,6955,0.794823867721064,1980,7461,810,1659,111,2993,9,617,93,9
"1170","2020-04-06",614,14,239,1972,6955,0.794823867721064,1980,7461,810,1659,141,3134,14,631,101,14
"1171","2020-04-07",584,14,257,1980,6955,0.794823867721064,1980,7461,810,1659,111,3245,35,666,81,35
"1172","2020-04-08",610,14,255,1979,6955,0.794823867721064,1980,7461,810,1659,102,3347,55,721,79,55
"1173","2020-04-09",639,14,240,1997,6955,0.794823867721064,1980,7461,810,1659,122,3469,30,751,95,30
"1174","2020-04-10",724,14,245,1979,6955,0.794823867721064,1980,7461,810,1659,106,3575,25,776,81,25
"1175","2020-04-11",744,14,237,1930,6955,0.794823867721064,1980,7461,810,1659,92,3667,12,788,70,12
"1176","2020-04-12",686,14,238,1901,6955,0.794823867721064,1980,7461,810,1659,101,3768,46,834,69,46
"1177","2020-04-13",682,14,233,1869,6955,0.794823867721064,1980,7461,810,1659,92,3860,22,856,66,22
"1178","2020-04-14",694,14,243,1810,6955,0.794823867721064,1980,7461,810,1659,96,3956,21,877,73,21
"1179","2020-04-15",663,14,236,1731,6955,0.794823867721064,1980,7461,810,1659,90,4046,18,895,68,18
"1180","2020-04-16",642,14,234,1683,6955,0.794823867721064,1980,7461,810,1659,100,4146,11,906,65,11
"1181","2020-04-17",598,14,220,1618,6955,0.794823867721064,1980,7461,810,1659,99,4245,8,914,67,8
"1182","2020-04-18",573,14,227,1565,6955,0.794823867721064,1980,7461,810,1659,87,4332,7,921,63,7
"1183","2020-04-19",511,14,224,1489,6955,0.794823867721064,1980,7461,810,1659,76,4408,9,930,46,9
"1184","2020-04-20",511,14,205,1374,6955,0.794823867721064,1980,7461,810,1659,77,4485,11,941,54,11
"1185","2020-04-21",495,14,212,1315,6955,0.794823867721064,1980,7461,810,1659,60,4545,32,973,34,32
"1186","2020-04-22",481,14,219,1250,6955,0.794823867721064,1980,7461,810,1659,82,4627,19,992,56,19
"1187","2020-04-23",462,14,225,1163,6955,0.794823867721064,1980,7461,810,1659,72,4699,26,1018,43,26
"1188","2020-04-24",417,14,250,1094,6955,0.794823867721064,1980,7461,810,1659,80,4779,32,1050,55,32
"1189","2020-04-25",416,14,255,1038,6955,0.794823867721064,1980,7461,810,1659,68,4847,24,1074,43,24
"1190","2020-04-26",408,14,260,964,6955,0.794823867721064,1980,7461,810,1659,61,4908,11,1085,39,11
"1191","2020-04-27",377,14,251,897,6955,0.794823867721064,1980,7461,810,1659,67,4975,10,1095,51,10
"1192","2020-04-28",347,14,240,836,6955,0.794823867721064,1980,7461,810,1659,61,5036,46,1141,29,46
"1193","2020-04-29",336,14,230,785,6955,0.794823867721064,1980,7461,810,1659,65,5101,50,1191,36,50
"1194","2020-04-30",318,14,234,730,6955,0.794823867721064,1980,7461,810,1659,52,5153,47,1238,38,47
"1195","2020-05-01",296,14,238,657,6955,0.794823867721064,1980,7461,810,1659,62,5215,28,1266,38,28
"1196","2020-05-02",271,14,238,605,6955,0.794823867721064,1980,7461,810,1659,63,5278,21,1287,32,21
"1197","2020-05-03",234,14,263,561,6955,0.794823867721064,1980,7461,810,1659,44,5322,20,1307,29,20
"1198","2020-05-04",221,14,288,521,6955,0.794823867721064,1980,7461,810,1659,42,5364,22,1329,25,22
"1199","2020-05-05",213,14,288,484,6955,0.794823867721064,1980,7461,810,1659,47,5411,16,1345,33,16
"1200","2020-05-06",199,14,291,429,6955,0.794823867721064,1980,7461,810,1659,44,5455,10,1355,21,10
"1201","2020-05-07",182,14,288,390,6955,0.794823867721064,1980,7461,810,1659,42,5497,8,1363,22,8
"1202","2020-05-08",166,14,271,369,6955,0.794823867721064,1980,7461,810,1659,45,5542,7,1370,19,7
"1203","2020-05-09",158,14,257,339,6955,0.794823867721064,1980,7461,810,1659,24,5566,21,1391,16,21
"1204","2020-05-10",133,14,249,331,6955,0.794823867721064,1980,7461,810,1659,24,5590,24,1415,12,24
"1205","2020-05-11",116,14,252,307,6955,0.794823867721064,1980,7461,810,1659,31,5621,15,1430,17,15
"1206","2020-05-12",101,14,253,300,6955,0.794823867721064,1980,7461,810,1659,38,5659,16,1446,20,16
"1207","2020-05-13",98,14,253,283,6955,0.794823867721064,1980,7461,810,1659,33,5692,22,1468,10,22
"1208","2020-05-14",93,14,260,279,6955,0.794823867721064,1980,7461,810,1659,33,5725,9,1477,23,9
"1209","2020-05-15",91,14,261,272,6955,0.794823867721064,1980,7461,810,1659,20,5745,52,1529,10,52
"1210","2020-05-16",85,14,254,275,6955,0.794823867721064,1980,7461,810,1659,35,5780,36,1565,12,36
"1211","2020-05-17",86,14,253,285,6955,0.794823867721064,1980,7461,810,1659,30,5810,25,1590,17,25
"1212","2020-05-18",85,14,235,254,6955,0.794823867721064,1980,7461,810,1659,25,5835,15,1605,15,15
"1213","2020-05-19",80,14,207,254,6955,0.794823867721064,1980,7461,810,1659,28,5863,42,1647,16,42
"1214","2020-05-20",79,14,198,251,6955,0.794823867721064,1980,7461,810,1659,17,5880,35,1682,9,35
"1215","2020-05-21",73,14,197,243,6955,0.794823867721064,1980,7461,810,1659,24,5904,52,1734,12,52
"1216","2020-05-22",77,14,184,232,6955,0.794823867721064,1980,7461,810,1659,18,5922,36,1770,8,36
"1217","2020-05-23",92,14,237,217,6955,0.794823867721064,1980,7461,810,1659,16,5938,17,1787,12,17
"1218","2020-05-24",82,14,280,204,6955,0.794823867721064,1980,7461,810,1659,20,5958,8,1795,9,8
"1219","2020-05-25",82,14,281,205,6955,0.794823867721064,1980,7461,810,1659,27,5985,21,1816,13,21
"1220","2020-05-26",86,14,288,199,6955,0.794823867721064,1980,7461,810,1659,19,6004,13,1829,7,13
"1221","2020-05-27",81,14,288,194,6955,0.794823867721064,1980,7461,810,1659,17,6021,7,1836,9,7
"1222","2020-05-28",85,14,289,179,6955,0.794823867721064,1980,7461,810,1659,18,6039,11,1847,8,11
"1223","2020-05-29",80,14,289,177,6955,0.794823867721064,1980,7461,810,1659,22,6061,46,1893,14,46
"1224","2020-05-30",72,14,307,167,6955,0.794823867721064,1980,7461,810,1659,23,6084,20,1913,14,20
"1225","2020-05-31",66,14,297,160,6955,0.794823867721064,1980,7461,810,1659,20,6104,54,1967,8,54
"1226","2020-06-01",56,14,277,156,6955,0.794823867721064,1980,7461,810,1659,21,6125,28,1995,8,28
"1227","2020-06-02",48,14,285,143,6955,0.794823867721064,1980,7461,810,1659,14,6139,17,2012,6,17
"1228","2020-06-03",47,14,286,145,6955,0.794823867721064,1980,7461,810,1659,17,6156,22,2034,8,22
"1229","2020-06-04",45,14,263,133,6955,0.794823867721064,1980,7461,810,1659,12,6168,9,2043,6,9
"1230","2020-06-05",47,14,258,122,6955,0.794823867721064,1980,7461,810,1659,12,6180,6,2049,9,6
"1231","2020-06-06",43,14,277,118,6955,0.794823867721064,1980,7461,810,1659,13,6193,2,2051,7,2
"1232","2020-06-07",37,14,261,113,6955,0.794823867721064,1980,7461,810,1659,17,6210,9,2060,8,9
"1233","2020-03-08",1,15,0,0,8669,0.404544930211097,2115,9402,807,1986,NA,NA,NA,NA,NA,NA
"1234","2020-03-09",1,15,0,0,8669,0.404544930211097,2115,9402,807,1986,NA,NA,NA,NA,NA,NA
"1235","2020-03-10",0,15,0,0,8669,0.404544930211097,2115,9402,807,1986,NA,NA,4,4,NA,4
"1236","2020-03-11",0,15,0,0,8669,0.404544930211097,2115,9402,807,1986,70,70,5,9,NA,5
"1237","2020-03-12",0,15,0,0,8669,0.404544930211097,2115,9402,807,1986,97,167,25,34,4,25
"1238","2020-03-13",3,15,229,281,8669,0.404544930211097,2115,9402,807,1986,78,245,11,45,8,11
"1239","2020-03-14",20,15,277,401,8669,0.404544930211097,2115,9402,807,1986,101,346,10,55,13,10
"1240","2020-03-15",74,15,274,523,8669,0.404544930211097,2115,9402,807,1986,100,446,28,83,24,28
"1241","2020-03-16",98,15,241,653,8669,0.404544930211097,2115,9402,807,1986,120,566,9,92,21,9
"1242","2020-03-17",103,15,243,808,8669,0.404544930211097,2115,9402,807,1986,123,689,36,128,45,36
"1243","2020-03-18",127,15,226,947,8669,0.404544930211097,2115,9402,807,1986,134,823,41,169,43,41
"1244","2020-03-19",165,15,228,1039,8669,0.404544930211097,2115,9402,807,1986,138,961,22,191,55,22
"1245","2020-03-20",252,15,214,1164,8669,0.404544930211097,2115,9402,807,1986,138,1099,46,237,63,46
"1246","2020-03-21",370,15,208,1302,8669,0.404544930211097,2115,9402,807,1986,153,1252,20,257,64,20
"1247","2020-03-22",397,15,251,1403,8669,0.404544930211097,2115,9402,807,1986,159,1411,19,276,69,19
"1248","2020-03-23",403,15,277,1522,8669,0.404544930211097,2115,9402,807,1986,149,1560,49,325,61,49
"1249","2020-03-24",414,15,241,1605,8669,0.404544930211097,2115,9402,807,1986,158,1718,46,371,68,46
"1250","2020-03-25",433,15,225,1669,8669,0.404544930211097,2115,9402,807,1986,135,1853,29,400,68,29
"1251","2020-03-26",461,15,251,1697,8669,0.404544930211097,2115,9402,807,1986,145,1998,36,436,72,36
"1252","2020-03-27",613,15,243,1725,8669,0.404544930211097,2115,9402,807,1986,160,2158,32,468,79,32
"1253","2020-03-28",576,15,220,1770,8669,0.404544930211097,2115,9402,807,1986,161,2319,49,517,65,49
"1254","2020-03-29",542,15,212,1792,8669,0.404544930211097,2115,9402,807,1986,132,2451,30,547,64,30
"1255","2020-03-30",554,15,228,1826,8669,0.404544930211097,2115,9402,807,1986,142,2593,43,590,57,43
"1256","2020-03-31",572,15,209,1818,8669,0.404544930211097,2115,9402,807,1986,114,2707,71,661,59,71
"1257","2020-04-01",596,15,208,1805,8669,0.404544930211097,2115,9402,807,1986,158,2865,47,708,84,47
"1258","2020-04-02",589,15,198,1802,8669,0.404544930211097,2115,9402,807,1986,132,2997,35,743,59,35
"1259","2020-04-03",616,15,220,1813,8669,0.404544930211097,2115,9402,807,1986,142,3139,15,758,77,15
"1260","2020-04-04",640,15,222,1778,8669,0.404544930211097,2115,9402,807,1986,127,3266,52,810,50,52
"1261","2020-04-05",603,15,218,1753,8669,0.404544930211097,2115,9402,807,1986,133,3399,55,865,56,55
"1262","2020-04-06",596,15,260,1741,8669,0.404544930211097,2115,9402,807,1986,113,3512,38,903,51,38
"1263","2020-04-07",583,15,245,1730,8669,0.404544930211097,2115,9402,807,1986,140,3652,17,920,62,17
"1264","2020-04-08",577,15,227,1697,8669,0.404544930211097,2115,9402,807,1986,128,3780,25,945,54,25
"1265","2020-04-09",578,15,208,1646,8669,0.404544930211097,2115,9402,807,1986,129,3909,54,999,51,54
"1266","2020-04-10",615,15,191,1638,8669,0.404544930211097,2115,9402,807,1986,122,4031,41,1040,61,41
"1267","2020-04-11",570,15,190,1615,8669,0.404544930211097,2115,9402,807,1986,121,4152,26,1066,52,26
"1268","2020-04-12",538,15,192,1583,8669,0.404544930211097,2115,9402,807,1986,116,4268,23,1089,49,23
"1269","2020-04-13",522,15,185,1539,8669,0.404544930211097,2115,9402,807,1986,102,4370,27,1116,38,27
"1270","2020-04-14",487,15,220,1487,8669,0.404544930211097,2115,9402,807,1986,127,4497,16,1132,48,16
"1271","2020-04-15",483,15,228,1463,8669,0.404544930211097,2115,9402,807,1986,94,4591,14,1146,44,14
"1272","2020-04-16",464,15,228,1416,8669,0.404544930211097,2115,9402,807,1986,90,4681,17,1163,29,17
"1273","2020-04-17",470,15,222,1360,8669,0.404544930211097,2115,9402,807,1986,84,4765,46,1209,23,46
"1274","2020-04-18",483,15,197,1338,8669,0.404544930211097,2115,9402,807,1986,80,4845,61,1270,24,61
"1275","2020-04-19",453,15,194,1297,8669,0.404544930211097,2115,9402,807,1986,86,4931,40,1310,28,40
"1276","2020-04-20",442,15,221,1259,8669,0.404544930211097,2115,9402,807,1986,95,5026,44,1354,37,44
"1277","2020-04-21",434,15,232,1227,8669,0.404544930211097,2115,9402,807,1986,92,5118,38,1392,30,38
"1278","2020-04-22",412,15,245,1195,8669,0.404544930211097,2115,9402,807,1986,74,5192,55,1447,25,55
"1279","2020-04-23",404,15,277,1138,8669,0.404544930211097,2115,9402,807,1986,71,5263,37,1484,25,37
"1280","2020-04-24",381,15,289,1072,8669,0.404544930211097,2115,9402,807,1986,62,5325,55,1539,26,55
"1281","2020-04-25",367,15,357,1052,8669,0.404544930211097,2115,9402,807,1986,73,5398,51,1590,23,51
"1282","2020-04-26",349,15,353,1029,8669,0.404544930211097,2115,9402,807,1986,68,5466,36,1626,19,36
"1283","2020-04-27",339,15,347,1008,8669,0.404544930211097,2115,9402,807,1986,75,5541,16,1642,20,16
"1284","2020-04-28",326,15,306,983,8669,0.404544930211097,2115,9402,807,1986,63,5604,15,1657,19,15
"1285","2020-04-29",324,15,268,965,8669,0.404544930211097,2115,9402,807,1986,39,5643,14,1671,14,14
"1286","2020-04-30",329,15,275,949,8669,0.404544930211097,2115,9402,807,1986,58,5701,20,1691,20,20
"1287","2020-05-01",343,15,282,897,8669,0.404544930211097,2115,9402,807,1986,38,5739,16,1707,12,16
"1288","2020-05-02",353,15,290,855,8669,0.404544930211097,2115,9402,807,1986,48,5787,14,1721,11,14
"1289","2020-05-03",306,15,253,794,8669,0.404544930211097,2115,9402,807,1986,54,5841,13,1734,10,13
"1290","2020-05-04",300,15,276,764,8669,0.404544930211097,2115,9402,807,1986,48,5889,13,1747,6,13
"1291","2020-05-05",288,15,263,738,8669,0.404544930211097,2115,9402,807,1986,65,5954,34,1781,12,34
"1292","2020-05-06",278,15,244,722,8669,0.404544930211097,2115,9402,807,1986,47,6001,30,1811,8,30
"1293","2020-05-07",255,15,239,693,8669,0.404544930211097,2115,9402,807,1986,51,6052,32,1843,11,32
"1294","2020-05-08",240,15,272,660,8669,0.404544930211097,2115,9402,807,1986,52,6104,56,1899,9,56
"1295","2020-05-09",227,15,298,623,8669,0.404544930211097,2115,9402,807,1986,42,6146,33,1932,9,33
"1296","2020-05-10",203,15,320,595,8669,0.404544930211097,2115,9402,807,1986,47,6193,61,1993,10,61
"1297","2020-05-11",187,15,308,571,8669,0.404544930211097,2115,9402,807,1986,44,6237,65,2058,10,65
"1298","2020-05-12",184,15,284,551,8669,0.404544930211097,2115,9402,807,1986,40,6277,44,2102,10,44
"1299","2020-05-13",176,15,280,531,8669,0.404544930211097,2115,9402,807,1986,38,6315,25,2127,6,25
"1300","2020-05-14",173,15,267,518,8669,0.404544930211097,2115,9402,807,1986,28,6343,22,2149,6,22
"1301","2020-05-15",177,15,260,487,8669,0.404544930211097,2115,9402,807,1986,40,6383,34,2183,11,34
"1302","2020-05-16",162,15,265,468,8669,0.404544930211097,2115,9402,807,1986,30,6413,28,2211,7,28
"1303","2020-05-17",165,15,254,452,8669,0.404544930211097,2115,9402,807,1986,30,6443,40,2251,6,40
"1304","2020-05-18",156,15,249,425,8669,0.404544930211097,2115,9402,807,1986,28,6471,42,2293,5,42
"1305","2020-05-19",143,15,239,411,8669,0.404544930211097,2115,9402,807,1986,25,6496,25,2318,6,25
"1306","2020-05-20",136,15,224,394,8669,0.404544930211097,2115,9402,807,1986,32,6528,52,2370,3,52
"1307","2020-05-21",132,15,219,372,8669,0.404544930211097,2115,9402,807,1986,19,6547,27,2397,5,27
"1308","2020-05-22",123,15,202,358,8669,0.404544930211097,2115,9402,807,1986,20,6567,41,2438,3,41
"1309","2020-05-23",120,15,193,331,8669,0.404544930211097,2115,9402,807,1986,21,6588,23,2461,6,23
"1310","2020-05-24",104,15,189,327,8669,0.404544930211097,2115,9402,807,1986,26,6614,42,2503,4,42
"1311","2020-05-25",107,15,185,313,8669,0.404544930211097,2115,9402,807,1986,23,6637,43,2546,3,43
"1312","2020-05-26",105,15,183,302,8669,0.404544930211097,2115,9402,807,1986,14,6651,35,2581,2,35
"1313","2020-05-27",109,15,175,288,8669,0.404544930211097,2115,9402,807,1986,16,6667,56,2637,4,56
"1314","2020-05-28",115,15,161,265,8669,0.404544930211097,2115,9402,807,1986,13,6680,41,2678,2,41
"1315","2020-05-29",95,15,222,240,8669,0.404544930211097,2115,9402,807,1986,10,6690,23,2701,3,23
"1316","2020-05-30",96,15,243,232,8669,0.404544930211097,2115,9402,807,1986,15,6705,20,2721,1,20
"1317","2020-05-31",82,15,251,222,8669,0.404544930211097,2115,9402,807,1986,14,6719,30,2751,5,30
"1318","2020-06-01",75,15,237,208,8669,0.404544930211097,2115,9402,807,1986,14,6733,26,2777,1,26
"1319","2020-06-02",70,15,240,195,8669,0.404544930211097,2115,9402,807,1986,16,6749,16,2793,3,16
"1320","2020-06-03",62,15,298,193,8669,0.404544930211097,2115,9402,807,1986,20,6769,45,2838,2,45
"1321","2020-06-04",58,15,334,178,8669,0.404544930211097,2115,9402,807,1986,12,6781,44,2882,NA,44
"1322","2020-06-05",54,15,309,173,8669,0.404544930211097,2115,9402,807,1986,9,6790,37,2919,1,37
"1323","2020-06-06",50,15,281,167,8669,0.404544930211097,2115,9402,807,1986,17,6807,29,2948,1,29
"1324","2020-06-07",49,15,280,156,8669,0.404544930211097,2115,9402,807,1986,9,6816,20,2968,1,20
"1325","2020-03-07",1,16,0,0,6809,0.7660449405199,1950,7217,847,1837,NA,NA,NA,NA,NA,NA
"1326","2020-03-08",1,16,0,0,6809,0.7660449405199,1950,7217,847,1837,NA,NA,NA,NA,NA,NA
"1327","2020-03-09",0,16,0,0,6809,0.7660449405199,1950,7217,847,1837,NA,NA,NA,NA,NA,NA
"1328","2020-03-10",0,16,0,0,6809,0.7660449405199,1950,7217,847,1837,1,1,5,5,1,5
"1329","2020-03-11",0,16,0,0,6809,0.7660449405199,1950,7217,847,1837,64,65,38,43,1,38
"1330","2020-03-12",0,16,0,0,6809,0.7660449405199,1950,7217,847,1837,64,129,36,79,4,36
"1331","2020-03-13",5,16,152,90,6809,0.7660449405199,1950,7217,847,1837,70,199,39,118,9,39
"1332","2020-03-14",11,16,165,135,6809,0.7660449405199,1950,7217,847,1837,82,281,65,183,24,65
"1333","2020-03-15",15,16,222,185,6809,0.7660449405199,1950,7217,847,1837,103,384,77,260,31,77
"1334","2020-03-16",17,16,195,238,6809,0.7660449405199,1950,7217,847,1837,85,469,54,314,44,54
"1335","2020-03-17",20,16,195,304,6809,0.7660449405199,1950,7217,847,1837,113,582,53,367,57,53
"1336","2020-03-18",30,16,186,368,6809,0.7660449405199,1950,7217,847,1837,103,685,42,409,49,42
"1337","2020-03-19",43,16,191,461,6809,0.7660449405199,1950,7217,847,1837,119,804,39,448,70,39
"1338","2020-03-20",65,16,170,548,6809,0.7660449405199,1950,7217,847,1837,126,930,26,474,72,26
"1339","2020-03-21",129,16,204,632,6809,0.7660449405199,1950,7217,847,1837,159,1089,32,506,89,32
"1340","2020-03-22",139,16,224,741,6809,0.7660449405199,1950,7217,847,1837,137,1226,38,544,84,38
"1341","2020-03-23",149,16,236,821,6809,0.7660449405199,1950,7217,847,1837,176,1402,45,589,117,45
"1342","2020-03-24",176,16,234,924,6809,0.7660449405199,1950,7217,847,1837,144,1546,39,628,90,39
"1343","2020-03-25",206,16,227,1030,6809,0.7660449405199,1950,7217,847,1837,174,1720,32,660,118,32
"1344","2020-03-26",235,16,216,1115,6809,0.7660449405199,1950,7217,847,1837,150,1870,20,680,89,20
"1345","2020-03-27",334,16,220,1259,6809,0.7660449405199,1950,7217,847,1837,170,2040,22,702,121,22
"1346","2020-03-28",377,16,221,1349,6809,0.7660449405199,1950,7217,847,1837,186,2226,20,722,126,20
"1347","2020-03-29",381,16,211,1485,6809,0.7660449405199,1950,7217,847,1837,184,2410,22,744,121,22
"1348","2020-03-30",392,16,220,1609,6809,0.7660449405199,1950,7217,847,1837,200,2610,20,764,140,20
"1349","2020-03-31",409,16,206,1736,6809,0.7660449405199,1950,7217,847,1837,176,2786,29,793,113,29
"1350","2020-04-01",440,16,214,1876,6809,0.7660449405199,1950,7217,847,1837,193,2979,30,823,132,30
"1351","2020-04-02",467,16,232,1969,6809,0.7660449405199,1950,7217,847,1837,190,3169,27,850,130,27
"1352","2020-04-03",623,16,268,2022,6809,0.7660449405199,1950,7217,847,1837,128,3297,38,888,78,38
"1353","2020-04-04",630,16,266,2083,6809,0.7660449405199,1950,7217,847,1837,146,3443,38,926,104,38
"1354","2020-04-05",633,16,255,2175,6809,0.7660449405199,1950,7217,847,1837,171,3614,50,976,124,50
"1355","2020-04-06",655,16,259,2187,6809,0.7660449405199,1950,7217,847,1837,148,3762,42,1018,102,42
"1356","2020-04-07",694,16,252,2195,6809,0.7660449405199,1950,7217,847,1837,129,3891,49,1067,77,49
"1357","2020-04-08",704,16,230,2180,6809,0.7660449405199,1950,7217,847,1837,133,4024,53,1120,81,53
"1358","2020-04-09",718,16,245,2149,6809,0.7660449405199,1950,7217,847,1837,112,4136,35,1155,71,35
"1359","2020-04-10",772,16,253,2104,6809,0.7660449405199,1950,7217,847,1837,129,4265,44,1199,86,44
"1360","2020-04-11",765,16,233,2092,6809,0.7660449405199,1950,7217,847,1837,111,4376,46,1245,75,46
"1361","2020-04-12",715,16,239,2023,6809,0.7660449405199,1950,7217,847,1837,111,4487,70,1315,70,70
"1362","2020-04-13",718,16,262,1924,6809,0.7660449405199,1950,7217,847,1837,109,4596,41,1356,61,41
"1363","2020-04-14",679,16,252,1882,6809,0.7660449405199,1950,7217,847,1837,98,4694,55,1411,59,55
"1364","2020-04-15",663,16,263,1804,6809,0.7660449405199,1950,7217,847,1837,99,4793,50,1461,54,50
"1365","2020-04-16",645,16,273,1708,6809,0.7660449405199,1950,7217,847,1837,96,4889,30,1491,51,30
"1366","2020-04-17",654,16,266,1628,6809,0.7660449405199,1950,7217,847,1837,109,4998,40,1531,63,40
"1367","2020-04-18",639,16,264,1510,6809,0.7660449405199,1950,7217,847,1837,100,5098,51,1582,59,51
"1368","2020-04-19",553,16,263,1419,6809,0.7660449405199,1950,7217,847,1837,58,5156,54,1636,26,54
"1369","2020-04-20",508,16,261,1320,6809,0.7660449405199,1950,7217,847,1837,82,5238,46,1682,47,46
"1370","2020-04-21",490,16,241,1235,6809,0.7660449405199,1950,7217,847,1837,78,5316,38,1720,48,38
"1371","2020-04-22",466,16,213,1150,6809,0.7660449405199,1950,7217,847,1837,74,5390,23,1743,49,23
"1372","2020-04-23",434,16,220,1064,6809,0.7660449405199,1950,7217,847,1837,71,5461,26,1769,31,26
"1373","2020-04-24",389,16,227,974,6809,0.7660449405199,1950,7217,847,1837,67,5528,26,1795,34,26
"1374","2020-04-25",349,16,210,890,6809,0.7660449405199,1950,7217,847,1837,66,5594,23,1818,38,23
"1375","2020-04-26",328,16,209,844,6809,0.7660449405199,1950,7217,847,1837,52,5646,46,1864,22,46
"1376","2020-04-27",331,16,203,772,6809,0.7660449405199,1950,7217,847,1837,63,5709,49,1913,25,49
"1377","2020-04-28",320,16,195,721,6809,0.7660449405199,1950,7217,847,1837,63,5772,18,1931,29,18
"1378","2020-04-29",305,16,219,674,6809,0.7660449405199,1950,7217,847,1837,55,5827,35,1966,29,35
"1379","2020-04-30",302,16,250,624,6809,0.7660449405199,1950,7217,847,1837,47,5874,28,1994,18,28
"1380","2020-05-01",257,16,240,580,6809,0.7660449405199,1950,7217,847,1837,54,5928,34,2028,21,34
"1381","2020-05-02",250,16,242,549,6809,0.7660449405199,1950,7217,847,1837,43,5971,32,2060,24,32
"1382","2020-05-03",217,16,242,532,6809,0.7660449405199,1950,7217,847,1837,44,6015,24,2084,16,24
"1383","2020-05-04",194,16,232,476,6809,0.7660449405199,1950,7217,847,1837,57,6072,27,2111,24,27
"1384","2020-05-05",178,16,249,428,6809,0.7660449405199,1950,7217,847,1837,40,6112,37,2148,14,37
"1385","2020-05-06",161,16,252,381,6809,0.7660449405199,1950,7217,847,1837,35,6147,40,2188,19,40
"1386","2020-05-07",151,16,246,353,6809,0.7660449405199,1950,7217,847,1837,37,6184,31,2219,10,31
"1387","2020-05-08",121,16,236,327,6809,0.7660449405199,1950,7217,847,1837,42,6226,37,2256,18,37
"1388","2020-05-09",121,16,221,305,6809,0.7660449405199,1950,7217,847,1837,31,6257,28,2284,12,28
"1389","2020-05-10",103,16,263,279,6809,0.7660449405199,1950,7217,847,1837,21,6278,37,2321,10,37
"1390","2020-05-11",96,16,256,249,6809,0.7660449405199,1950,7217,847,1837,37,6315,36,2357,15,36
"1391","2020-05-12",89,16,260,234,6809,0.7660449405199,1950,7217,847,1837,31,6346,21,2378,9,21
"1392","2020-05-13",88,16,242,220,6809,0.7660449405199,1950,7217,847,1837,21,6367,31,2409,8,31
"1393","2020-05-14",71,16,278,204,6809,0.7660449405199,1950,7217,847,1837,27,6394,35,2444,5,35
"1394","2020-05-15",74,16,298,201,6809,0.7660449405199,1950,7217,847,1837,32,6426,60,2504,11,60
"1395","2020-05-16",64,16,333,201,6809,0.7660449405199,1950,7217,847,1837,19,6445,47,2551,5,47
"1396","2020-05-17",62,16,321,195,6809,0.7660449405199,1950,7217,847,1837,17,6462,32,2583,5,32
"1397","2020-05-18",61,16,294,202,6809,0.7660449405199,1950,7217,847,1837,25,6487,49,2632,4,49
"1398","2020-05-19",57,16,298,194,6809,0.7660449405199,1950,7217,847,1837,25,6512,40,2672,5,40
"1399","2020-05-20",56,16,281,190,6809,0.7660449405199,1950,7217,847,1837,31,6543,50,2722,7,50
"1400","2020-05-21",60,16,248,181,6809,0.7660449405199,1950,7217,847,1837,17,6560,42,2764,8,42
"1401","2020-05-22",52,16,227,174,6809,0.7660449405199,1950,7217,847,1837,29,6589,46,2810,8,46
"1402","2020-05-23",54,16,212,163,6809,0.7660449405199,1950,7217,847,1837,19,6608,20,2830,2,20
"1403","2020-05-24",53,16,220,154,6809,0.7660449405199,1950,7217,847,1837,9,6617,31,2861,3,31
"1404","2020-05-25",52,16,246,142,6809,0.7660449405199,1950,7217,847,1837,15,6632,31,2892,7,31
"1405","2020-05-26",54,16,269,133,6809,0.7660449405199,1950,7217,847,1837,13,6645,33,2925,5,33
"1406","2020-05-27",53,16,259,125,6809,0.7660449405199,1950,7217,847,1837,17,6662,36,2961,7,36
"1407","2020-05-28",55,16,244,107,6809,0.7660449405199,1950,7217,847,1837,17,6679,30,2991,6,30
"1408","2020-05-29",55,16,234,107,6809,0.7660449405199,1950,7217,847,1837,12,6691,35,3026,5,35
"1409","2020-05-30",51,16,253,98,6809,0.7660449405199,1950,7217,847,1837,12,6703,26,3052,2,26
"1410","2020-05-31",47,16,235,91,6809,0.7660449405199,1950,7217,847,1837,10,6713,30,3082,6,30
"1411","2020-06-01",43,16,241,89,6809,0.7660449405199,1950,7217,847,1837,10,6723,15,3097,4,15
"1412","2020-06-02",37,16,223,87,6809,0.7660449405199,1950,7217,847,1837,12,6735,25,3122,4,25
"1413","2020-06-03",35,16,199,85,6809,0.7660449405199,1950,7217,847,1837,8,6743,19,3141,3,19
"1414","2020-06-04",27,16,191,77,6809,0.7660449405199,1950,7217,847,1837,13,6756,13,3154,3,13
"1415","2020-06-05",24,16,199,73,6809,0.7660449405199,1950,7217,847,1837,9,6765,25,3179,4,25
"1416","2020-06-06",31,16,214,77,6809,0.7660449405199,1950,7217,847,1837,8,6773,27,3206,2,27
"1417","2020-06-07",31,16,235,70,6809,0.7660449405199,1950,7217,847,1837,12,6785,29,3235,4,29
"1418","2020-03-13",3,17,151,169,7259,0.540708086513294,2025,8459,764,1630,23,61,18,65,12,18
"1419","2020-03-14",10,17,162,225,7259,0.540708086513294,2025,8459,764,1630,34,95,12,77,24,12
"1420","2020-03-15",26,17,210,319,7259,0.540708086513294,2025,8459,764,1630,31,126,8,85,20,8
"1421","2020-03-16",33,17,209,398,7259,0.540708086513294,2025,8459,764,1630,49,175,8,93,38,8
"1422","2020-03-17",38,17,256,491,7259,0.540708086513294,2025,8459,764,1630,64,239,41,134,52,41
"1423","2020-03-18",52,17,282,573,7259,0.540708086513294,2025,8459,764,1630,73,312,20,154,58,20
"1424","2020-03-19",75,17,316,689,7259,0.540708086513294,2025,8459,764,1630,66,378,14,168,56,14
"1425","2020-03-20",114,17,288,781,7259,0.540708086513294,2025,8459,764,1630,95,473,25,193,80,25
"1426","2020-03-21",145,17,243,891,7259,0.540708086513294,2025,8459,764,1630,99,572,55,248,88,55
"1427","2020-03-22",222,17,255,985,7259,0.540708086513294,2025,8459,764,1630,102,674,54,302,92,54
"1428","2020-03-23",245,17,225,1105,7259,0.540708086513294,2025,8459,764,1630,109,783,30,332,97,30
"1429","2020-03-24",244,17,207,1192,7259,0.540708086513294,2025,8459,764,1630,128,911,22,354,116,22
"1430","2020-03-25",271,17,174,1286,7259,0.540708086513294,2025,8459,764,1630,152,1063,22,376,137,22
"1431","2020-03-26",301,17,165,1412,7259,0.540708086513294,2025,8459,764,1630,159,1222,10,386,149,10
"1432","2020-03-27",456,17,193,1478,7259,0.540708086513294,2025,8459,764,1630,149,1371,19,405,140,19
"1433","2020-03-28",542,17,217,1534,7259,0.540708086513294,2025,8459,764,1630,151,1522,27,432,136,27
"1434","2020-03-29",503,17,218,1625,7259,0.540708086513294,2025,8459,764,1630,209,1731,60,492,203,60
"1435","2020-03-30",498,17,259,1694,7259,0.540708086513294,2025,8459,764,1630,173,1904,21,513,165,21
"1436","2020-03-31",514,17,283,1763,7259,0.540708086513294,2025,8459,764,1630,215,2119,18,531,204,18
"1437","2020-04-01",541,17,254,1819,7259,0.540708086513294,2025,8459,764,1630,208,2327,14,545,195,14
"1438","2020-04-02",559,17,233,1842,7259,0.540708086513294,2025,8459,764,1630,197,2524,9,554,187,9
"1439","2020-04-03",631,17,218,1896,7259,0.540708086513294,2025,8459,764,1630,215,2739,10,564,208,10
"1440","2020-04-04",597,17,217,1897,7259,0.540708086513294,2025,8459,764,1630,183,2922,8,572,176,8
"1441","2020-04-05",598,17,252,1897,7259,0.540708086513294,2025,8459,764,1630,188,3110,10,582,174,10
"1442","2020-04-06",616,17,262,1871,7259,0.540708086513294,2025,8459,764,1630,230,3340,8,590,216,8
"1443","2020-04-07",625,17,284,1866,7259,0.540708086513294,2025,8459,764,1630,177,3517,61,651,172,61
"1444","2020-04-08",623,17,277,1804,7259,0.540708086513294,2025,8459,764,1630,177,3694,43,694,169,43
"1445","2020-04-09",612,17,284,1782,7259,0.540708086513294,2025,8459,764,1630,180,3874,59,753,176,59
"1446","2020-04-10",650,17,272,1748,7259,0.540708086513294,2025,8459,764,1630,160,4034,42,795,153,42
"1447","2020-04-11",643,17,244,1681,7259,0.540708086513294,2025,8459,764,1630,220,4254,63,858,210,63
"1448","2020-04-12",604,17,225,1645,7259,0.540708086513294,2025,8459,764,1630,149,4403,30,888,135,30
"1449","2020-04-13",597,17,222,1611,7259,0.540708086513294,2025,8459,764,1630,127,4530,29,917,119,29
"1450","2020-04-14",565,17,208,1540,7259,0.540708086513294,2025,8459,764,1630,141,4671,25,942,134,25
"1451","2020-04-15",553,17,223,1477,7259,0.540708086513294,2025,8459,764,1630,110,4781,17,959,102,17
"1452","2020-04-16",532,17,230,1426,7259,0.540708086513294,2025,8459,764,1630,117,4898,14,973,109,14
"1453","2020-04-17",517,17,231,1356,7259,0.540708086513294,2025,8459,764,1630,88,4986,13,986,82,13
"1454","2020-04-18",518,17,218,1290,7259,0.540708086513294,2025,8459,764,1630,94,5080,11,997,87,11
"1455","2020-04-19",452,17,217,1237,7259,0.540708086513294,2025,8459,764,1630,114,5194,16,1013,103,16
"1456","2020-04-20",422,17,232,1162,7259,0.540708086513294,2025,8459,764,1630,72,5266,13,1026,64,13
"1457","2020-04-21",424,17,250,1109,7259,0.540708086513294,2025,8459,764,1630,62,5328,9,1035,57,9
"1458","2020-04-22",407,17,226,1075,7259,0.540708086513294,2025,8459,764,1630,63,5391,22,1057,59,22
"1459","2020-04-23",406,17,257,1029,7259,0.540708086513294,2025,8459,764,1630,53,5444,61,1118,47,61
"1460","2020-04-24",383,17,281,989,7259,0.540708086513294,2025,8459,764,1630,34,5478,37,1155,32,37
"1461","2020-04-25",369,17,245,932,7259,0.540708086513294,2025,8459,764,1630,55,5533,40,1195,51,40
"1462","2020-04-26",338,17,239,875,7259,0.540708086513294,2025,8459,764,1630,49,5582,24,1219,41,24
"1463","2020-04-27",335,17,273,828,7259,0.540708086513294,2025,8459,764,1630,67,5649,21,1240,60,21
"1464","2020-04-28",312,17,264,772,7259,0.540708086513294,2025,8459,764,1630,42,5691,29,1269,37,29
"1465","2020-04-29",298,17,267,723,7259,0.540708086513294,2025,8459,764,1630,33,5724,18,1287,29,18
"1466","2020-04-30",284,17,295,696,7259,0.540708086513294,2025,8459,764,1630,34,5758,19,1306,28,19
"1467","2020-05-01",249,17,286,666,7259,0.540708086513294,2025,8459,764,1630,34,5792,38,1344,28,38
"1468","2020-05-02",231,17,263,628,7259,0.540708086513294,2025,8459,764,1630,45,5837,18,1362,40,18
"1469","2020-05-03",218,17,249,608,7259,0.540708086513294,2025,8459,764,1630,26,5863,12,1374,20,12
"1470","2020-05-04",200,17,227,563,7259,0.540708086513294,2025,8459,764,1630,26,5889,6,1380,19,6
"1471","2020-05-05",189,17,235,549,7259,0.540708086513294,2025,8459,764,1630,25,5914,19,1399,21,19
"1472","2020-05-06",184,17,227,523,7259,0.540708086513294,2025,8459,764,1630,41,5955,19,1418,35,19
"1473","2020-05-07",180,17,220,503,7259,0.540708086513294,2025,8459,764,1630,28,5983,35,1453,23,35
"1474","2020-05-08",169,17,217,467,7259,0.540708086513294,2025,8459,764,1630,21,6004,17,1470,16,17
"1475","2020-05-09",161,17,233,438,7259,0.540708086513294,2025,8459,764,1630,23,6027,19,1489,20,19
"1476","2020-05-10",140,17,226,411,7259,0.540708086513294,2025,8459,764,1630,23,6050,21,1510,17,21
"1477","2020-05-11",135,17,217,390,7259,0.540708086513294,2025,8459,764,1630,19,6069,18,1528,14,18
"1478","2020-05-12",130,17,215,385,7259,0.540708086513294,2025,8459,764,1630,27,6096,18,1546,24,18
"1479","2020-05-13",129,17,255,349,7259,0.540708086513294,2025,8459,764,1630,20,6116,36,1582,18,36
"1480","2020-05-14",119,17,259,347,7259,0.540708086513294,2025,8459,764,1630,14,6130,49,1631,10,49
"1481","2020-05-15",110,17,273,338,7259,0.540708086513294,2025,8459,764,1630,17,6147,30,1661,10,30
"1482","2020-05-16",117,17,276,332,7259,0.540708086513294,2025,8459,764,1630,25,6172,17,1678,23,17
"1483","2020-05-17",105,17,268,328,7259,0.540708086513294,2025,8459,764,1630,25,6197,22,1700,19,22
"1484","2020-05-18",96,17,265,314,7259,0.540708086513294,2025,8459,764,1630,15,6212,25,1725,12,25
"1485","2020-05-19",88,17,238,298,7259,0.540708086513294,2025,8459,764,1630,19,6231,14,1739,14,14
"1486","2020-05-20",83,17,237,277,7259,0.540708086513294,2025,8459,764,1630,9,6240,16,1755,4,16
"1487","2020-05-21",83,17,227,271,7259,0.540708086513294,2025,8459,764,1630,14,6254,18,1773,11,18
"1488","2020-05-22",90,17,217,261,7259,0.540708086513294,2025,8459,764,1630,8,6262,31,1804,6,31
"1489","2020-05-23",88,17,218,262,7259,0.540708086513294,2025,8459,764,1630,14,6276,42,1846,9,42
"1490","2020-05-24",81,17,226,250,7259,0.540708086513294,2025,8459,764,1630,10,6286,28,1874,7,28
"1491","2020-05-25",82,17,198,244,7259,0.540708086513294,2025,8459,764,1630,8,6294,16,1890,5,16
"1492","2020-05-26",77,17,190,229,7259,0.540708086513294,2025,8459,764,1630,11,6305,55,1945,8,55
"1493","2020-05-27",73,17,182,224,7259,0.540708086513294,2025,8459,764,1630,7,6312,36,1981,4,36
"1494","2020-05-28",71,17,173,212,7259,0.540708086513294,2025,8459,764,1630,7,6319,45,2026,5,45
"1495","2020-05-29",67,17,160,203,7259,0.540708086513294,2025,8459,764,1630,9,6328,44,2070,6,44
"1496","2020-05-30",65,17,141,192,7259,0.540708086513294,2025,8459,764,1630,9,6337,35,2105,9,35
"1497","2020-05-31",70,17,153,183,7259,0.540708086513294,2025,8459,764,1630,8,6345,21,2126,7,21
"1498","2020-06-01",63,17,211,168,7259,0.540708086513294,2025,8459,764,1630,9,6354,43,2169,8,43
"1499","2020-06-02",68,17,240,157,7259,0.540708086513294,2025,8459,764,1630,16,6370,32,2201,15,32
"1500","2020-06-03",67,17,221,151,7259,0.540708086513294,2025,8459,764,1630,9,6379,18,2219,7,18
"1501","2020-06-04",63,17,203,151,7259,0.540708086513294,2025,8459,764,1630,13,6392,45,2264,11,45
"1502","2020-06-05",59,17,206,141,7259,0.540708086513294,2025,8459,764,1630,8,6400,44,2308,3,44
"1503","2020-06-06",56,17,244,137,7259,0.540708086513294,2025,8459,764,1630,10,6410,32,2340,9,32
"1504","2020-06-07",43,17,251,138,7259,0.540708086513294,2025,8459,764,1630,6,6416,37,2377,5,37
"1505","2020-03-12",1,18,160,53,6656,0.714393028846154,1995,8225,711,2597,24,36,50,82,1,50
"1506","2020-03-13",3,18,217,92,6656,0.714393028846154,1995,8225,711,2597,17,53,59,141,7,59
"1507","2020-03-14",12,18,209,134,6656,0.714393028846154,1995,8225,711,2597,21,74,48,189,10,48
"1508","2020-03-15",20,18,168,187,6656,0.714393028846154,1995,8225,711,2597,29,103,35,224,17,35
"1509","2020-03-16",20,18,166,246,6656,0.714393028846154,1995,8225,711,2597,47,150,41,265,26,41
"1510","2020-03-17",24,18,194,290,6656,0.714393028846154,1995,8225,711,2597,47,197,35,300,27,35
"1511","2020-03-18",35,18,182,353,6656,0.714393028846154,1995,8225,711,2597,46,243,48,348,27,48
"1512","2020-03-19",47,18,167,426,6656,0.714393028846154,1995,8225,711,2597,57,300,43,391,46,43
"1513","2020-03-20",79,18,197,513,6656,0.714393028846154,1995,8225,711,2597,61,361,25,416,43,25
"1514","2020-03-21",114,18,222,593,6656,0.714393028846154,1995,8225,711,2597,70,431,43,459,60,43
"1515","2020-03-22",172,18,238,670,6656,0.714393028846154,1995,8225,711,2597,83,514,38,497,72,38
"1516","2020-03-23",177,18,232,740,6656,0.714393028846154,1995,8225,711,2597,64,578,33,530,53,33
"1517","2020-03-24",186,18,229,824,6656,0.714393028846154,1995,8225,711,2597,89,667,20,550,78,20
"1518","2020-03-25",205,18,219,911,6656,0.714393028846154,1995,8225,711,2597,97,764,27,577,82,27
"1519","2020-03-26",220,18,224,986,6656,0.714393028846154,1995,8225,711,2597,114,878,16,593,96,16
"1520","2020-03-27",308,18,201,1056,6656,0.714393028846154,1995,8225,711,2597,121,999,12,605,99,12
"1521","2020-03-28",335,18,168,1142,6656,0.714393028846154,1995,8225,711,2597,120,1119,9,614,108,9
"1522","2020-03-29",323,18,178,1213,6656,0.714393028846154,1995,8225,711,2597,128,1247,13,627,115,13
"1523","2020-03-30",337,18,179,1298,6656,0.714393028846154,1995,8225,711,2597,141,1388,20,647,126,20
"1524","2020-03-31",344,18,167,1422,6656,0.714393028846154,1995,8225,711,2597,131,1519,16,663,119,16
"1525","2020-04-01",370,18,168,1504,6656,0.714393028846154,1995,8225,711,2597,146,1665,60,723,133,60
"1526","2020-04-02",399,18,180,1555,6656,0.714393028846154,1995,8225,711,2597,168,1833,38,761,156,38
"1527","2020-04-03",523,18,190,1617,6656,0.714393028846154,1995,8225,711,2597,157,1990,39,800,144,39
"1528","2020-04-04",541,18,185,1630,6656,0.714393028846154,1995,8225,711,2597,176,2166,33,833,160,33
"1529","2020-04-05",513,18,169,1683,6656,0.714393028846154,1995,8225,711,2597,207,2373,30,863,196,30
"1530","2020-04-06",528,18,171,1688,6656,0.714393028846154,1995,8225,711,2597,179,2552,19,882,160,19
"1531","2020-04-07",533,18,189,1712,6656,0.714393028846154,1995,8225,711,2597,227,2779,31,913,210,31
"1532","2020-04-08",537,18,192,1743,6656,0.714393028846154,1995,8225,711,2597,146,2925,26,939,128,26
"1533","2020-04-09",533,18,250,1752,6656,0.714393028846154,1995,8225,711,2597,189,3114,17,956,177,17
"1534","2020-04-10",567,18,297,1730,6656,0.714393028846154,1995,8225,711,2597,212,3326,25,981,198,25
"1535","2020-04-11",606,18,280,1740,6656,0.714393028846154,1995,8225,711,2597,175,3501,17,998,163,17
"1536","2020-04-12",569,18,246,1700,6656,0.714393028846154,1995,8225,711,2597,184,3685,14,1012,171,14
"1537","2020-04-13",542,18,239,1656,6656,0.714393028846154,1995,8225,711,2597,161,3846,19,1031,146,19
"1538","2020-04-14",550,18,216,1651,6656,0.714393028846154,1995,8225,711,2597,157,4003,30,1061,144,30
"1539","2020-04-15",542,18,224,1631,6656,0.714393028846154,1995,8225,711,2597,125,4128,47,1108,114,47
"1540","2020-04-16",550,18,214,1619,6656,0.714393028846154,1995,8225,711,2597,173,4301,38,1146,164,38
"1541","2020-04-17",584,18,213,1557,6656,0.714393028846154,1995,8225,711,2597,113,4414,18,1164,96,18
"1542","2020-04-18",543,18,214,1508,6656,0.714393028846154,1995,8225,711,2597,156,4570,12,1176,141,12
"1543","2020-04-19",497,18,195,1468,6656,0.714393028846154,1995,8225,711,2597,124,4694,25,1201,115,25
"1544","2020-04-20",507,18,172,1420,6656,0.714393028846154,1995,8225,711,2597,94,4788,14,1215,83,14
"1545","2020-04-21",480,18,189,1355,6656,0.714393028846154,1995,8225,711,2597,110,4898,16,1231,103,16
"1546","2020-04-22",482,18,159,1292,6656,0.714393028846154,1995,8225,711,2597,97,4995,11,1242,90,11
"1547","2020-04-23",460,18,174,1266,6656,0.714393028846154,1995,8225,711,2597,91,5086,47,1289,84,47
"1548","2020-04-24",438,18,225,1201,6656,0.714393028846154,1995,8225,711,2597,72,5158,27,1316,65,27
"1549","2020-04-25",432,18,213,1123,6656,0.714393028846154,1995,8225,711,2597,85,5243,24,1340,82,24
"1550","2020-04-26",388,18,229,1058,6656,0.714393028846154,1995,8225,711,2597,76,5319,18,1358,72,18
"1551","2020-04-27",374,18,251,1014,6656,0.714393028846154,1995,8225,711,2597,67,5386,16,1374,57,16
"1552","2020-04-28",358,18,235,923,6656,0.714393028846154,1995,8225,711,2597,61,5447,18,1392,52,18
"1553","2020-04-29",334,18,216,871,6656,0.714393028846154,1995,8225,711,2597,55,5502,40,1432,44,40
"1554","2020-04-30",321,18,216,832,6656,0.714393028846154,1995,8225,711,2597,78,5580,51,1483,67,51
"1555","2020-05-01",299,18,224,782,6656,0.714393028846154,1995,8225,711,2597,47,5627,25,1508,38,25
"1556","2020-05-02",290,18,208,729,6656,0.714393028846154,1995,8225,711,2597,35,5662,29,1537,30,29
"1557","2020-05-03",262,18,204,688,6656,0.714393028846154,1995,8225,711,2597,37,5699,25,1562,29,25
"1558","2020-05-04",253,18,199,654,6656,0.714393028846154,1995,8225,711,2597,30,5729,17,1579,23,17
"1559","2020-05-05",242,18,191,638,6656,0.714393028846154,1995,8225,711,2597,19,5748,12,1591,15,12
"1560","2020-05-06",233,18,180,601,6656,0.714393028846154,1995,8225,711,2597,31,5779,13,1604,21,13
"1561","2020-05-07",222,18,175,569,6656,0.714393028846154,1995,8225,711,2597,24,5803,9,1613,15,9
"1562","2020-05-08",184,18,187,541,6656,0.714393028846154,1995,8225,711,2597,17,5820,25,1638,14,25
"1563","2020-05-09",177,18,225,482,6656,0.714393028846154,1995,8225,711,2597,22,5842,26,1664,17,26
"1564","2020-05-10",185,18,236,462,6656,0.714393028846154,1995,8225,711,2597,20,5862,25,1689,14,25
"1565","2020-05-11",166,18,245,442,6656,0.714393028846154,1995,8225,711,2597,18,5880,19,1708,14,19
"1566","2020-05-12",152,18,245,401,6656,0.714393028846154,1995,8225,711,2597,15,5895,13,1721,11,13
"1567","2020-05-13",141,18,259,362,6656,0.714393028846154,1995,8225,711,2597,19,5914,17,1738,16,17
"1568","2020-05-14",136,18,268,349,6656,0.714393028846154,1995,8225,711,2597,12,5926,33,1771,9,33
"1569","2020-05-15",143,18,307,324,6656,0.714393028846154,1995,8225,711,2597,21,5947,27,1798,14,27
"1570","2020-05-16",138,18,292,307,6656,0.714393028846154,1995,8225,711,2597,13,5960,14,1812,10,14
"1571","2020-05-17",111,18,275,282,6656,0.714393028846154,1995,8225,711,2597,17,5977,12,1824,12,12
"1572","2020-05-18",108,18,242,262,6656,0.714393028846154,1995,8225,711,2597,15,5992,5,1829,8,5
"1573","2020-05-19",101,18,228,250,6656,0.714393028846154,1995,8225,711,2597,6,5998,39,1868,3,39
"1574","2020-05-20",100,18,204,242,6656,0.714393028846154,1995,8225,711,2597,13,6011,27,1895,7,27
"1575","2020-05-21",100,18,198,225,6656,0.714393028846154,1995,8225,711,2597,14,6025,30,1925,8,30
"1576","2020-05-22",86,18,232,217,6656,0.714393028846154,1995,8225,711,2597,10,6035,22,1947,8,22
"1577","2020-05-23",83,18,229,206,6656,0.714393028846154,1995,8225,711,2597,9,6044,9,1956,6,9
"1578","2020-05-24",69,18,236,204,6656,0.714393028846154,1995,8225,711,2597,9,6053,14,1970,6,14
"1579","2020-05-25",61,18,214,191,6656,0.714393028846154,1995,8225,711,2597,15,6068,26,1996,11,26
"1580","2020-05-26",64,18,212,186,6656,0.714393028846154,1995,8225,711,2597,9,6077,29,2025,7,29
"1581","2020-05-27",60,18,213,174,6656,0.714393028846154,1995,8225,711,2597,6,6083,15,2040,3,15
"1582","2020-05-28",56,18,204,156,6656,0.714393028846154,1995,8225,711,2597,12,6095,16,2056,3,16
"1583","2020-05-29",61,18,199,150,6656,0.714393028846154,1995,8225,711,2597,11,6106,21,2077,3,21
"1584","2020-05-30",56,18,175,132,6656,0.714393028846154,1995,8225,711,2597,10,6116,20,2097,3,20
"1585","2020-05-31",64,18,170,136,6656,0.714393028846154,1995,8225,711,2597,4,6120,18,2115,1,18
"1586","2020-06-01",58,18,232,133,6656,0.714393028846154,1995,8225,711,2597,5,6125,11,2126,2,11
"1587","2020-06-02",51,18,266,134,6656,0.714393028846154,1995,8225,711,2597,7,6132,7,2133,2,7
"1588","2020-06-03",49,18,253,127,6656,0.714393028846154,1995,8225,711,2597,10,6142,5,2138,3,5
"1589","2020-06-04",49,18,226,125,6656,0.714393028846154,1995,8225,711,2597,1,6143,5,2143,NA,5
"1590","2020-06-05",49,18,196,117,6656,0.714393028846154,1995,8225,711,2597,3,6146,5,2148,3,5
"1591","2020-06-06",47,18,183,116,6656,0.714393028846154,1995,8225,711,2597,4,6150,45,2193,3,45
"1592","2020-06-07",43,18,200,111,6656,0.714393028846154,1995,8225,711,2597,7,6157,23,2216,4,23
"1593","2020-03-12",1,19,71,109,6564,0.429616087751371,2040,8468,717,1005,63,115,26,57,4,26
"1594","2020-03-13",5,19,73,173,6564,0.429616087751371,2040,8468,717,1005,84,199,13,70,25,13
"1595","2020-03-14",8,19,71,231,6564,0.429616087751371,2040,8468,717,1005,68,267,50,120,23,50
"1596","2020-03-15",23,19,116,278,6564,0.429616087751371,2040,8468,717,1005,88,355,21,141,43,21
"1597","2020-03-16",31,19,130,372,6564,0.429616087751371,2040,8468,717,1005,129,484,24,165,63,24
"1598","2020-03-17",34,19,129,452,6564,0.429616087751371,2040,8468,717,1005,121,605,55,220,72,55
"1599","2020-03-18",52,19,119,539,6564,0.429616087751371,2040,8468,717,1005,151,756,29,249,87,29
"1600","2020-03-19",68,19,116,602,6564,0.429616087751371,2040,8468,717,1005,170,926,12,261,101,12
"1601","2020-03-20",117,19,104,688,6564,0.429616087751371,2040,8468,717,1005,186,1112,20,281,125,20
"1602","2020-03-21",167,19,151,763,6564,0.429616087751371,2040,8468,717,1005,175,1287,67,348,132,67
"1603","2020-03-22",204,19,165,825,6564,0.429616087751371,2040,8468,717,1005,185,1472,75,423,133,75
"1604","2020-03-23",218,19,158,906,6564,0.429616087751371,2040,8468,717,1005,231,1703,46,469,188,46
"1605","2020-03-24",231,19,174,946,6564,0.429616087751371,2040,8468,717,1005,218,1921,26,495,158,26
"1606","2020-03-25",254,19,186,1003,6564,0.429616087751371,2040,8468,717,1005,211,2132,17,512,165,17
"1607","2020-03-26",275,19,198,1020,6564,0.429616087751371,2040,8468,717,1005,213,2345,17,529,179,17
"1608","2020-03-27",352,19,224,1091,6564,0.429616087751371,2040,8468,717,1005,218,2563,23,552,178,23
"1609","2020-03-28",350,19,244,1098,6564,0.429616087751371,2040,8468,717,1005,244,2807,10,562,199,10
"1610","2020-03-29",313,19,220,1161,6564,0.429616087751371,2040,8468,717,1005,198,3005,21,583,148,21
"1611","2020-03-30",324,19,220,1180,6564,0.429616087751371,2040,8468,717,1005,222,3227,35,618,185,35
"1612","2020-03-31",338,19,180,1231,6564,0.429616087751371,2040,8468,717,1005,202,3429,13,631,161,13
"1613","2020-04-01",347,19,176,1237,6564,0.429616087751371,2040,8468,717,1005,238,3667,27,658,198,27
"1614","2020-04-02",358,19,206,1248,6564,0.429616087751371,2040,8468,717,1005,196,3863,58,716,151,58
"1615","2020-04-03",390,19,217,1247,6564,0.429616087751371,2040,8468,717,1005,201,4064,54,770,161,54
"1616","2020-04-04",407,19,232,1274,6564,0.429616087751371,2040,8468,717,1005,211,4275,29,799,174,29
"1617","2020-04-05",443,19,228,1299,6564,0.429616087751371,2040,8468,717,1005,140,4415,68,867,109,68
"1618","2020-04-06",444,19,220,1335,6564,0.429616087751371,2040,8468,717,1005,162,4577,37,904,135,37
"1619","2020-04-07",438,19,220,1326,6564,0.429616087751371,2040,8468,717,1005,172,4749,63,967,127,63
"1620","2020-04-08",422,19,235,1316,6564,0.429616087751371,2040,8468,717,1005,130,4879,44,1011,102,44
"1621","2020-04-09",433,19,283,1321,6564,0.429616087751371,2040,8468,717,1005,136,5015,44,1055,111,44
"1622","2020-04-10",476,19,239,1315,6564,0.429616087751371,2040,8468,717,1005,105,5120,55,1110,83,55
"1623","2020-04-11",473,19,221,1293,6564,0.429616087751371,2040,8468,717,1005,127,5247,72,1182,92,72
"1624","2020-04-12",432,19,230,1257,6564,0.429616087751371,2040,8468,717,1005,83,5330,27,1209,54,27
"1625","2020-04-13",437,19,234,1243,6564,0.429616087751371,2040,8468,717,1005,90,5420,14,1223,73,14
"1626","2020-04-14",424,19,235,1227,6564,0.429616087751371,2040,8468,717,1005,93,5513,79,1302,64,79
"1627","2020-04-15",430,19,239,1219,6564,0.429616087751371,2040,8468,717,1005,105,5618,61,1363,70,61
"1628","2020-04-16",421,19,233,1228,6564,0.429616087751371,2040,8468,717,1005,78,5696,35,1398,44,35
"1629","2020-04-17",427,19,213,1209,6564,0.429616087751371,2040,8468,717,1005,83,5779,15,1413,59,15
"1630","2020-04-18",418,19,210,1190,6564,0.429616087751371,2040,8468,717,1005,50,5829,15,1428,38,15
"1631","2020-04-19",386,19,196,1134,6564,0.429616087751371,2040,8468,717,1005,69,5898,17,1445,43,17
"1632","2020-04-20",366,19,188,1108,6564,0.429616087751371,2040,8468,717,1005,62,5960,15,1460,34,15
"1633","2020-04-21",352,19,207,1089,6564,0.429616087751371,2040,8468,717,1005,37,5997,36,1496,21,36
"1634","2020-04-22",343,19,235,1069,6564,0.429616087751371,2040,8468,717,1005,68,6065,30,1526,39,30
"1635","2020-04-23",337,19,266,1027,6564,0.429616087751371,2040,8468,717,1005,68,6133,46,1572,41,46
"1636","2020-04-24",343,19,267,984,6564,0.429616087751371,2040,8468,717,1005,41,6174,34,1606,14,34
"1637","2020-04-25",346,19,301,960,6564,0.429616087751371,2040,8468,717,1005,52,6226,19,1625,27,19
"1638","2020-04-26",352,19,274,910,6564,0.429616087751371,2040,8468,717,1005,43,6269,21,1646,26,21
"1639","2020-04-27",361,19,296,891,6564,0.429616087751371,2040,8468,717,1005,39,6308,8,1654,17,8
"1640","2020-04-28",349,19,311,868,6564,0.429616087751371,2040,8468,717,1005,50,6358,6,1660,20,6
"1641","2020-04-29",349,19,290,839,6564,0.429616087751371,2040,8468,717,1005,28,6386,53,1713,16,53
"1642","2020-04-30",319,19,292,811,6564,0.429616087751371,2040,8468,717,1005,33,6419,71,1784,15,71
"1643","2020-05-01",308,19,257,790,6564,0.429616087751371,2040,8468,717,1005,27,6446,73,1857,13,74
"1644","2020-05-02",294,19,241,775,6564,0.429616087751371,2040,8468,717,1005,30,6476,42,1899,12,42
"1645","2020-05-03",246,19,247,744,6564,0.429616087751371,2040,8468,717,1005,24,6500,42,1941,9,42
"1646","2020-05-04",240,19,255,723,6564,0.429616087751371,2040,8468,717,1005,18,6518,30,1971,10,30
"1647","2020-05-05",228,19,254,679,6564,0.429616087751371,2040,8468,717,1005,27,6545,40,2011,9,40
"1648","2020-05-06",220,19,290,654,6564,0.429616087751371,2040,8468,717,1005,24,6569,52,2063,6,52
"1649","2020-05-07",226,19,283,630,6564,0.429616087751371,2040,8468,717,1005,18,6587,28,2091,4,28
"1650","2020-05-08",211,19,250,618,6564,0.429616087751371,2040,8468,717,1005,17,6604,56,2147,4,56
"1651","2020-05-09",220,19,229,616,6564,0.429616087751371,2040,8468,717,1005,25,6629,44,2191,5,44
"1652","2020-05-10",222,19,217,599,6564,0.429616087751371,2040,8468,717,1005,24,6653,30,2221,9,30
"1653","2020-05-11",211,19,209,579,6564,0.429616087751371,2040,8468,717,1005,25,6678,17,2238,3,17
"1654","2020-05-12",198,19,222,559,6564,0.429616087751371,2040,8468,717,1005,18,6696,23,2261,6,23
"1655","2020-05-13",196,19,206,547,6564,0.429616087751371,2040,8468,717,1005,18,6714,59,2320,6,59
"1656","2020-05-14",199,19,182,551,6564,0.429616087751371,2040,8468,717,1005,21,6735,46,2366,7,46
"1657","2020-05-15",208,19,177,520,6564,0.429616087751371,2040,8468,717,1005,14,6749,25,2391,4,25
"1658","2020-05-16",208,19,159,504,6564,0.429616087751371,2040,8468,717,1005,11,6760,17,2408,4,17
"1659","2020-05-17",178,19,161,484,6564,0.429616087751371,2040,8468,717,1005,20,6780,15,2423,2,15
"1660","2020-05-18",156,19,211,454,6564,0.429616087751371,2040,8468,717,1005,17,6797,20,2443,5,20
"1661","2020-05-19",149,19,248,429,6564,0.429616087751371,2040,8468,717,1005,9,6806,45,2488,5,45
"1662","2020-05-20",142,19,276,412,6564,0.429616087751371,2040,8468,717,1005,11,6817,18,2506,6,18
"1663","2020-05-21",131,19,264,395,6564,0.429616087751371,2040,8468,717,1005,14,6831,32,2538,2,32
"1664","2020-05-22",115,19,241,381,6564,0.429616087751371,2040,8468,717,1005,9,6840,44,2582,3,44
"1665","2020-05-23",118,19,218,365,6564,0.429616087751371,2040,8468,717,1005,19,6859,22,2604,5,22
"1666","2020-05-24",108,19,242,344,6564,0.429616087751371,2040,8468,717,1005,18,6877,15,2619,5,15
"1667","2020-05-25",111,19,237,329,6564,0.429616087751371,2040,8468,717,1005,17,6894,30,2649,6,30
"1668","2020-05-26",117,19,261,324,6564,0.429616087751371,2040,8468,717,1005,7,6901,66,2715,2,66
"1669","2020-05-27",116,19,276,320,6564,0.429616087751371,2040,8468,717,1005,16,6917,46,2761,4,46
"1670","2020-05-28",118,19,268,309,6564,0.429616087751371,2040,8468,717,1005,7,6924,30,2791,2,30
"1671","2020-05-29",123,19,251,285,6564,0.429616087751371,2040,8468,717,1005,13,6937,40,2831,2,40
"1672","2020-05-30",121,19,222,260,6564,0.429616087751371,2040,8468,717,1005,7,6944,50,2881,2,50
"1673","2020-05-31",121,19,210,255,6564,0.429616087751371,2040,8468,717,1005,10,6954,52,2933,4,52
"1674","2020-06-01",102,19,203,240,6564,0.429616087751371,2040,8468,717,1005,8,6962,58,2991,2,58
"1675","2020-06-02",92,19,197,242,6564,0.429616087751371,2040,8468,717,1005,7,6969,34,3025,4,34
"1676","2020-06-03",86,19,190,233,6564,0.429616087751371,2040,8468,717,1005,13,6982,20,3045,2,20
"1677","2020-06-04",78,19,212,211,6564,0.429616087751371,2040,8468,717,1005,9,6991,9,3054,2,9
"1678","2020-06-05",84,19,199,195,6564,0.429616087751371,2040,8468,717,1005,7,6998,13,3067,NA,13
"1679","2020-06-06",73,19,198,189,6564,0.429616087751371,2040,8468,717,1005,10,7008,12,3079,4,12
"1680","2020-06-07",58,19,204,175,6564,0.429616087751371,2040,8468,717,1005,3,7011,14,3093,1,14
"1681","2020-03-08",2,20,0,0,6356,0.869886721208307,2025,7157,683,1974,NA,NA,NA,NA,NA,NA
"1682","2020-03-09",2,20,0,0,6356,0.869886721208307,2025,7157,683,1974,NA,NA,NA,NA,NA,NA
"1683","2020-03-10",0,20,0,0,6356,0.869886721208307,2025,7157,683,1974,NA,NA,2,2,NA,2
"1684","2020-03-11",0,20,0,0,6356,0.869886721208307,2025,7157,683,1974,25,25,9,11,NA,9
"1685","2020-03-12",0,20,0,0,6356,0.869886721208307,2025,7157,683,1974,22,47,11,22,3,11
"1686","2020-03-13",6,20,89,49,6356,0.869886721208307,2025,7157,683,1974,24,71,9,31,6,9
"1687","2020-03-14",7,20,81,79,6356,0.869886721208307,2025,7157,683,1974,34,105,30,61,11,30
"1688","2020-03-15",6,20,88,113,6356,0.869886721208307,2025,7157,683,1974,44,149,16,77,18,16
"1689","2020-03-16",11,20,86,146,6356,0.869886721208307,2025,7157,683,1974,46,195,42,119,21,42
"1690","2020-03-17",15,20,99,186,6356,0.869886721208307,2025,7157,683,1974,53,248,35,154,38,35
"1691","2020-03-18",24,20,87,218,6356,0.869886721208307,2025,7157,683,1974,54,302,45,199,39,45
"1692","2020-03-19",28,20,102,266,6356,0.869886721208307,2025,7157,683,1974,83,385,29,228,59,29
"1693","2020-03-20",36,20,170,317,6356,0.869886721208307,2025,7157,683,1974,71,456,46,274,56,46
"1694","2020-03-21",60,20,227,378,6356,0.869886721208307,2025,7157,683,1974,81,537,38,312,65,38
"1695","2020-03-22",73,20,226,432,6356,0.869886721208307,2025,7157,683,1974,112,649,33,345,89,33
"1696","2020-03-23",85,20,259,497,6356,0.869886721208307,2025,7157,683,1974,98,747,29,374,86,29
"1697","2020-03-24",91,20,300,572,6356,0.869886721208307,2025,7157,683,1974,113,860,53,427,96,53
"1698","2020-03-25",107,20,331,655,6356,0.869886721208307,2025,7157,683,1974,152,1012,56,483,125,56
"1699","2020-03-26",126,20,348,750,6356,0.869886721208307,2025,7157,683,1974,144,1156,40,523,120,40
"1700","2020-03-27",183,20,344,814,6356,0.869886721208307,2025,7157,683,1974,149,1305,35,558,127,35
"1701","2020-03-28",201,20,351,897,6356,0.869886721208307,2025,7157,683,1974,121,1426,45,603,107,45
"1702","2020-03-29",258,20,327,985,6356,0.869886721208307,2025,7157,683,1974,146,1572,45,648,131,45
"1703","2020-03-30",258,20,318,1102,6356,0.869886721208307,2025,7157,683,1974,146,1718,42,690,119,42
"1704","2020-03-31",274,20,299,1186,6356,0.869886721208307,2025,7157,683,1974,173,1891,59,749,163,59
"1705","2020-04-01",291,20,265,1320,6356,0.869886721208307,2025,7157,683,1974,176,2067,43,792,158,43
"1706","2020-04-02",320,20,234,1448,6356,0.869886721208307,2025,7157,683,1974,167,2234,52,844,146,52
"1707","2020-04-03",442,20,216,1553,6356,0.869886721208307,2025,7157,683,1974,211,2445,40,884,188,40
"1708","2020-04-04",505,20,243,1676,6356,0.869886721208307,2025,7157,683,1974,152,2597,65,949,130,65
"1709","2020-04-05",479,20,235,1776,6356,0.869886721208307,2025,7157,683,1974,205,2802,51,1000,183,51
"1710","2020-04-06",493,20,193,1858,6356,0.869886721208307,2025,7157,683,1974,196,2998,43,1043,177,43
"1711","2020-04-07",509,20,164,1916,6356,0.869886721208307,2025,7157,683,1974,161,3159,30,1073,149,30
"1712","2020-04-08",526,20,170,1956,6356,0.869886721208307,2025,7157,683,1974,195,3354,48,1121,178,48
"1713","2020-04-09",561,20,161,2035,6356,0.869886721208307,2025,7157,683,1974,167,3521,51,1172,140,51
"1714","2020-04-10",668,20,236,2042,6356,0.869886721208307,2025,7157,683,1974,158,3679,67,1239,140,67
"1715","2020-04-11",662,20,263,2018,6356,0.869886721208307,2025,7157,683,1974,208,3887,63,1302,191,63
"1716","2020-04-12",665,20,282,2014,6356,0.869886721208307,2025,7157,683,1974,179,4066,41,1343,155,41
"1717","2020-04-13",681,20,261,1971,6356,0.869886721208307,2025,7157,683,1974,127,4193,42,1385,112,42
"1718","2020-04-14",684,20,236,1957,6356,0.869886721208307,2025,7157,683,1974,134,4327,39,1424,126,39
"1719","2020-04-15",689,20,250,1855,6356,0.869886721208307,2025,7157,683,1974,150,4477,35,1459,134,35
"1720","2020-04-16",676,20,285,1802,6356,0.869886721208307,2025,7157,683,1974,153,4630,35,1494,136,35
"1721","2020-04-17",653,20,286,1714,6356,0.869886721208307,2025,7157,683,1974,121,4751,27,1521,101,27
"1722","2020-04-18",638,20,275,1615,6356,0.869886721208307,2025,7157,683,1974,153,4904,32,1553,133,32
"1723","2020-04-19",572,20,238,1551,6356,0.869886721208307,2025,7157,683,1974,92,4996,27,1580,82,27
"1724","2020-04-20",535,20,225,1484,6356,0.869886721208307,2025,7157,683,1974,81,5077,39,1619,65,39
"1725","2020-04-21",518,20,205,1419,6356,0.869886721208307,2025,7157,683,1974,103,5180,33,1652,84,33
"1726","2020-04-22",513,20,248,1348,6356,0.869886721208307,2025,7157,683,1974,88,5268,41,1693,70,41
"1727","2020-04-23",489,20,276,1274,6356,0.869886721208307,2025,7157,683,1974,88,5356,24,1717,72,24
"1728","2020-04-24",452,20,250,1199,6356,0.869886721208307,2025,7157,683,1974,105,5461,56,1773,94,56
"1729","2020-04-25",456,20,237,1154,6356,0.869886721208307,2025,7157,683,1974,56,5517,68,1841,43,68
"1730","2020-04-26",415,20,239,1090,6356,0.869886721208307,2025,7157,683,1974,61,5578,54,1895,52,54
"1731","2020-04-27",418,20,223,1027,6356,0.869886721208307,2025,7157,683,1974,69,5647,78,1973,54,78
"1732","2020-04-28",388,20,219,967,6356,0.869886721208307,2025,7157,683,1974,53,5700,67,2040,44,67
"1733","2020-04-29",366,20,211,895,6356,0.869886721208307,2025,7157,683,1974,51,5751,43,2083,42,43
"1734","2020-04-30",339,20,240,852,6356,0.869886721208307,2025,7157,683,1974,40,5791,30,2113,34,30
"1735","2020-05-01",319,20,227,799,6356,0.869886721208307,2025,7157,683,1974,30,5821,32,2145,21,32
"1736","2020-05-02",317,20,196,742,6356,0.869886721208307,2025,7157,683,1974,36,5857,35,2180,22,35
"1737","2020-05-03",294,20,189,700,6356,0.869886721208307,2025,7157,683,1974,30,5887,37,2217,22,37
"1738","2020-05-04",267,20,216,637,6356,0.869886721208307,2025,7157,683,1974,23,5910,23,2240,16,23
"1739","2020-05-05",273,20,267,587,6356,0.869886721208307,2025,7157,683,1974,29,5939,24,2264,15,24
"1740","2020-05-06",255,20,287,524,6356,0.869886721208307,2025,7157,683,1974,24,5963,22,2286,9,22
"1741","2020-05-07",253,20,264,474,6356,0.869886721208307,2025,7157,683,1974,20,5983,28,2314,13,28
"1742","2020-05-08",227,20,249,416,6356,0.869886721208307,2025,7157,683,1974,18,6001,53,2367,12,53
"1743","2020-05-09",185,20,247,397,6356,0.869886721208307,2025,7157,683,1974,19,6020,55,2422,14,55
"1744","2020-05-10",164,20,242,370,6356,0.869886721208307,2025,7157,683,1974,19,6039,74,2496,9,74
"1745","2020-05-11",153,20,223,336,6356,0.869886721208307,2025,7157,683,1974,22,6061,66,2562,11,66
"1746","2020-05-12",124,20,214,297,6356,0.869886721208307,2025,7157,683,1974,11,6072,57,2619,7,57
"1747","2020-05-13",118,20,206,271,6356,0.869886721208307,2025,7157,683,1974,17,6089,35,2654,7,35
"1748","2020-05-14",107,20,199,247,6356,0.869886721208307,2025,7157,683,1974,21,6110,30,2684,14,30
"1749","2020-05-15",87,20,216,224,6356,0.869886721208307,2025,7157,683,1974,15,6125,39,2723,10,39
"1750","2020-05-16",89,20,231,211,6356,0.869886721208307,2025,7157,683,1974,20,6145,39,2762,7,39
"1751","2020-05-17",76,20,215,209,6356,0.869886721208307,2025,7157,683,1974,9,6154,51,2813,4,51
"1752","2020-05-18",72,20,215,189,6356,0.869886721208307,2025,7157,683,1974,19,6173,37,2850,10,37
"1753","2020-05-19",69,20,288,190,6356,0.869886721208307,2025,7157,683,1974,6,6179,55,2905,1,55
"1754","2020-05-20",62,20,302,192,6356,0.869886721208307,2025,7157,683,1974,8,6187,36,2941,4,36
"1755","2020-05-21",58,20,294,181,6356,0.869886721208307,2025,7157,683,1974,7,6194,31,2972,7,31
"1756","2020-05-22",65,20,251,165,6356,0.869886721208307,2025,7157,683,1974,12,6206,29,3001,2,29
"1757","2020-05-23",70,20,230,155,6356,0.869886721208307,2025,7157,683,1974,13,6219,22,3023,7,22
"1758","2020-05-24",64,20,219,148,6356,0.869886721208307,2025,7157,683,1974,10,6229,33,3056,7,33
"1759","2020-05-25",60,20,226,143,6356,0.869886721208307,2025,7157,683,1974,14,6243,61,3117,7,61
"1760","2020-05-26",58,20,216,135,6356,0.869886721208307,2025,7157,683,1974,6,6249,58,3175,3,58
"1761","2020-05-27",61,20,206,131,6356,0.869886721208307,2025,7157,683,1974,10,6259,40,3215,3,40
"1762","2020-05-28",59,20,223,127,6356,0.869886721208307,2025,7157,683,1974,8,6267,50,3265,4,50
"1763","2020-05-29",44,20,204,110,6356,0.869886721208307,2025,7157,683,1974,12,6279,37,3302,6,37
"1764","2020-05-30",31,20,193,108,6356,0.869886721208307,2025,7157,683,1974,6,6285,52,3354,4,52
"1765","2020-05-31",28,20,172,99,6356,0.869886721208307,2025,7157,683,1974,7,6292,47,3401,3,47
"1766","2020-06-01",28,20,181,80,6356,0.869886721208307,2025,7157,683,1974,8,6300,35,3436,4,35
"1767","2020-06-02",27,20,183,71,6356,0.869886721208307,2025,7157,683,1974,7,6307,28,3464,4,28
"1768","2020-06-03",19,20,180,67,6356,0.869886721208307,2025,7157,683,1974,9,6316,31,3495,4,31
"1769","2020-06-04",18,20,167,64,6356,0.869886721208307,2025,7157,683,1974,4,6320,44,3539,2,44
"1770","2020-06-05",15,20,208,59,6356,0.869886721208307,2025,7157,683,1974,7,6327,45,3584,3,45
"1771","2020-06-06",18,20,228,64,6356,0.869886721208307,2025,7157,683,1974,6,6333,38,3622,1,38
"1772","2020-06-07",19,20,208,61,6356,0.869886721208307,2025,7157,683,1974,4,6337,44,3666,4,44
