"","Date","Absents","Paramset","Infections_or_Exposed_per_day_Patient","Infections_or_Exposed_per_day_HCW","total_infections","nosocomial_proportion","PCR_pooled","LFD_pooled","HCW_symp_test","patient_symp_test","new_hcw_infs","cumulative_hcw_infs","new_pat_infs","cumulative_pats_infs","new_nosocomial_hcw_infs","new_nosocomial_pat_infs"
"1","2020-03-13",15,1,59,293,8388,0.279923700524559,1995,8971,753,1143,116,294,12,38,13,12
"2","2020-03-14",50,1,92,396,8388,0.279923700524559,1995,8971,753,1143,103,397,25,63,14,25
"3","2020-03-15",57,1,118,507,8388,0.279923700524559,1995,8971,753,1143,111,508,30,93,28,30
"4","2020-03-16",62,1,120,597,8388,0.279923700524559,1995,8971,753,1143,92,600,18,111,27,18
"5","2020-03-17",83,1,115,756,8388,0.279923700524559,1995,8971,753,1143,162,762,12,123,44,12
"6","2020-03-18",107,1,136,880,8388,0.279923700524559,1995,8971,753,1143,134,896,26,149,46,27
"7","2020-03-19",135,1,134,997,8388,0.279923700524559,1995,8971,753,1143,137,1033,16,165,56,16
"8","2020-03-20",213,1,174,1098,8388,0.279923700524559,1995,8971,753,1143,134,1167,52,217,67,52
"9","2020-03-21",265,1,208,1181,8388,0.279923700524559,1995,8971,753,1143,128,1295,61,278,51,61
"10","2020-03-22",336,1,249,1279,8388,0.279923700524559,1995,8971,753,1143,154,1449,62,340,78,62
"11","2020-03-23",347,1,225,1355,8388,0.279923700524559,1995,8971,753,1143,142,1591,39,379,65,39
"12","2020-03-24",372,1,218,1416,8388,0.279923700524559,1995,8971,753,1143,142,1733,25,404,70,25
"13","2020-03-25",393,1,217,1448,8388,0.279923700524559,1995,8971,753,1143,132,1865,37,441,60,37
"14","2020-03-26",417,1,221,1478,8388,0.279923700524559,1995,8971,753,1143,151,2016,30,471,74,30
"15","2020-03-27",506,1,237,1522,8388,0.279923700524559,1995,8971,753,1143,146,2162,49,520,61,49
"16","2020-03-28",563,1,259,1553,8388,0.279923700524559,1995,8971,753,1143,150,2312,57,577,63,57
"17","2020-03-29",500,1,288,1559,8388,0.279923700524559,1995,8971,753,1143,127,2439,63,640,48,63
"18","2020-03-30",496,1,294,1572,8388,0.279923700524559,1995,8971,753,1143,136,2575,56,696,64,56
"19","2020-03-31",489,1,276,1562,8388,0.279923700524559,1995,8971,753,1143,119,2694,42,738,51,42
"20","2020-04-01",497,1,239,1593,8388,0.279923700524559,1995,8971,753,1143,152,2846,21,759,70,21
"21","2020-04-02",496,1,223,1618,8388,0.279923700524559,1995,8971,753,1143,146,2992,22,781,66,22
"22","2020-04-03",548,1,248,1625,8388,0.279923700524559,1995,8971,753,1143,123,3115,63,844,41,63
"23","2020-04-04",518,1,269,1605,8388,0.279923700524559,1995,8971,753,1143,120,3235,52,896,52,52
"24","2020-04-05",534,1,248,1618,8388,0.279923700524559,1995,8971,753,1143,147,3382,30,926,63,30
"25","2020-04-06",540,1,228,1587,8388,0.279923700524559,1995,8971,753,1143,94,3476,30,956,36,30
"26","2020-04-07",533,1,206,1563,8388,0.279923700524559,1995,8971,753,1143,97,3573,26,982,34,26
"27","2020-04-08",527,1,204,1533,8388,0.279923700524559,1995,8971,753,1143,101,3674,19,1001,40,19
"28","2020-04-09",524,1,235,1495,8388,0.279923700524559,1995,8971,753,1143,125,3799,63,1064,55,63
"29","2020-04-10",534,1,276,1453,8388,0.279923700524559,1995,8971,753,1143,104,3903,64,1128,43,64
"30","2020-04-11",515,1,255,1421,8388,0.279923700524559,1995,8971,753,1143,100,4003,33,1161,32,33
"31","2020-04-12",461,1,208,1393,8388,0.279923700524559,1995,8971,753,1143,102,4105,14,1175,39,14
"32","2020-04-13",438,1,197,1361,8388,0.279923700524559,1995,8971,753,1143,92,4197,25,1200,33,25
"33","2020-04-14",418,1,215,1341,8388,0.279923700524559,1995,8971,753,1143,108,4305,50,1250,42,50
"34","2020-04-15",408,1,221,1331,8388,0.279923700524559,1995,8971,753,1143,98,4403,36,1286,35,36
"35","2020-04-16",406,1,225,1300,8388,0.279923700524559,1995,8971,753,1143,95,4498,26,1312,31,26
"36","2020-04-17",381,1,202,1291,8388,0.279923700524559,1995,8971,753,1143,96,4594,15,1327,40,15
"37","2020-04-18",401,1,190,1286,8388,0.279923700524559,1995,8971,753,1143,108,4702,22,1349,30,22
"38","2020-04-19",401,1,178,1273,8388,0.279923700524559,1995,8971,753,1143,91,4793,20,1369,33,20
"39","2020-04-20",397,1,190,1238,8388,0.279923700524559,1995,8971,753,1143,80,4873,21,1390,25,21
"40","2020-04-21",388,1,227,1223,8388,0.279923700524559,1995,8971,753,1143,90,4963,46,1436,28,46
"41","2020-04-22",397,1,237,1191,8388,0.279923700524559,1995,8971,753,1143,80,5043,41,1477,25,41
"42","2020-04-23",392,1,214,1156,8388,0.279923700524559,1995,8971,753,1143,71,5114,20,1497,25,20
"43","2020-04-24",423,1,251,1141,8388,0.279923700524559,1995,8971,753,1143,87,5201,51,1548,26,51
"44","2020-04-25",419,1,270,1132,8388,0.279923700524559,1995,8971,753,1143,87,5288,53,1601,25,53
"45","2020-04-26",362,1,264,1114,8388,0.279923700524559,1995,8971,753,1143,82,5370,35,1636,16,35
"46","2020-04-27",356,1,273,1067,8388,0.279923700524559,1995,8971,753,1143,76,5446,41,1677,25,41
"47","2020-04-28",352,1,277,1043,8388,0.279923700524559,1995,8971,753,1143,57,5503,39,1716,15,39
"48","2020-04-29",343,1,279,1022,8388,0.279923700524559,1995,8971,753,1143,61,5564,37,1753,18,37
"49","2020-04-30",336,1,279,977,8388,0.279923700524559,1995,8971,753,1143,49,5613,44,1797,12,44
"50","2020-05-01",343,1,281,966,8388,0.279923700524559,1995,8971,753,1143,63,5676,37,1834,17,37
"51","2020-05-02",313,1,268,925,8388,0.279923700524559,1995,8971,753,1143,56,5732,38,1872,14,38
"52","2020-05-03",307,1,247,893,8388,0.279923700524559,1995,8971,753,1143,62,5794,35,1907,13,35
"53","2020-05-04",291,1,258,860,8388,0.279923700524559,1995,8971,753,1143,50,5844,30,1937,14,30
"54","2020-05-05",278,1,283,839,8388,0.279923700524559,1995,8971,753,1143,46,5890,58,1995,8,58
"55","2020-05-06",266,1,295,803,8388,0.279923700524559,1995,8971,753,1143,49,5939,52,2047,13,52
"56","2020-05-07",259,1,264,764,8388,0.279923700524559,1995,8971,753,1143,36,5975,27,2074,7,27
"57","2020-05-08",255,1,295,730,8388,0.279923700524559,1995,8971,753,1143,46,6021,54,2128,13,54
"58","2020-05-09",246,1,277,695,8388,0.279923700524559,1995,8971,753,1143,42,6063,33,2161,13,33
"59","2020-05-10",221,1,279,664,8388,0.279923700524559,1995,8971,753,1143,44,6107,32,2193,7,32
"60","2020-05-11",219,1,262,630,8388,0.279923700524559,1995,8971,753,1143,33,6140,27,2220,7,27
"61","2020-05-12",207,1,256,588,8388,0.279923700524559,1995,8971,753,1143,28,6168,17,2237,2,17
"62","2020-05-13",200,1,220,573,8388,0.279923700524559,1995,8971,753,1143,45,6213,21,2258,4,21
"63","2020-05-14",193,1,206,543,8388,0.279923700524559,1995,8971,753,1143,24,6237,16,2274,7,16
"64","2020-05-15",173,1,195,543,8388,0.279923700524559,1995,8971,753,1143,38,6275,17,2291,9,17
"65","2020-05-16",179,1,184,529,8388,0.279923700524559,1995,8971,753,1143,38,6313,14,2305,7,14
"66","2020-05-17",154,1,198,508,8388,0.279923700524559,1995,8971,753,1143,32,6345,41,2346,5,41
"67","2020-05-18",149,1,202,490,8388,0.279923700524559,1995,8971,753,1143,23,6368,21,2367,7,21
"68","2020-05-19",145,1,177,465,8388,0.279923700524559,1995,8971,753,1143,24,6392,11,2378,4,11
"69","2020-05-20",143,1,173,440,8388,0.279923700524559,1995,8971,753,1143,17,6409,23,2401,2,23
"70","2020-05-21",135,1,172,409,8388,0.279923700524559,1995,8971,753,1143,23,6432,17,2418,1,17
"71","2020-05-22",142,1,167,383,8388,0.279923700524559,1995,8971,753,1143,16,6448,16,2434,1,16
"72","2020-05-23",137,1,174,372,8388,0.279923700524559,1995,8971,753,1143,29,6477,19,2453,6,19
"73","2020-05-24",138,1,180,363,8388,0.279923700524559,1995,8971,753,1143,25,6502,17,2470,5,17
"74","2020-05-25",129,1,215,351,8388,0.279923700524559,1995,8971,753,1143,30,6532,44,2514,10,44
"75","2020-05-26",118,1,238,350,8388,0.279923700524559,1995,8971,753,1143,27,6559,55,2569,6,55
"76","2020-05-27",115,1,250,344,8388,0.279923700524559,1995,8971,753,1143,21,6580,47,2616,7,47
"77","2020-05-28",111,1,246,336,8388,0.279923700524559,1995,8971,753,1143,21,6601,34,2650,4,34
"78","2020-05-29",103,1,253,325,8388,0.279923700524559,1995,8971,753,1143,21,6622,36,2686,7,36
"79","2020-05-30",103,1,230,307,8388,0.279923700524559,1995,8971,753,1143,18,6640,24,2710,2,24
"80","2020-05-31",96,1,223,296,8388,0.279923700524559,1995,8971,753,1143,21,6661,34,2744,2,34
"81","2020-06-01",97,1,222,271,8388,0.279923700524559,1995,8971,753,1143,6,6667,31,2775,3,31
"82","2020-06-02",95,1,240,261,8388,0.279923700524559,1995,8971,753,1143,17,6684,53,2828,3,53
"83","2020-06-03",93,1,230,252,8388,0.279923700524559,1995,8971,753,1143,17,6701,30,2858,1,30
"84","2020-06-04",99,1,224,239,8388,0.279923700524559,1995,8971,753,1143,15,6716,24,2882,3,24
"85","2020-06-05",96,1,193,231,8388,0.279923700524559,1995,8971,753,1143,15,6731,23,2905,2,23
"86","2020-06-06",94,1,182,216,8388,0.279923700524559,1995,8971,753,1143,10,6741,16,2921,2,16
"87","2020-06-07",85,1,181,207,8388,0.279923700524559,1995,8971,753,1143,14,6755,27,2948,5,27
"88","2020-03-08",2,2,0,0,7124,0.586468276249298,1935,8058,797,999,NA,NA,NA,NA,NA,NA
"89","2020-03-09",2,2,0,0,7124,0.586468276249298,1935,8058,797,999,NA,NA,NA,NA,NA,NA
"90","2020-03-10",0,2,0,0,7124,0.586468276249298,1935,8058,797,999,NA,NA,1,1,NA,1
"91","2020-03-11",0,2,0,0,7124,0.586468276249298,1935,8058,797,999,87,87,10,11,NA,10
"92","2020-03-12",1,2,36,103,7124,0.586468276249298,1935,8058,797,999,74,161,14,25,4,14
"93","2020-03-13",4,2,66,161,7124,0.586468276249298,1935,8058,797,999,80,241,9,34,8,9
"94","2020-03-14",17,2,70,235,7124,0.586468276249298,1935,8058,797,999,90,331,10,44,28,10
"95","2020-03-15",32,2,93,303,7124,0.586468276249298,1935,8058,797,999,95,426,29,73,23,29
"96","2020-03-16",39,2,88,379,7124,0.586468276249298,1935,8058,797,999,104,530,28,101,34,28
"97","2020-03-17",48,2,84,468,7124,0.586468276249298,1935,8058,797,999,120,650,28,129,50,28
"98","2020-03-18",64,2,83,538,7124,0.586468276249298,1935,8058,797,999,97,747,31,160,46,31
"99","2020-03-19",80,2,76,620,7124,0.586468276249298,1935,8058,797,999,147,894,27,187,78,27
"100","2020-03-20",119,2,90,708,7124,0.586468276249298,1935,8058,797,999,112,1006,21,208,45,21
"101","2020-03-21",174,2,107,800,7124,0.586468276249298,1935,8058,797,999,133,1139,43,251,62,43
"102","2020-03-22",202,2,102,887,7124,0.586468276249298,1935,8058,797,999,128,1267,52,303,69,52
"103","2020-03-23",211,2,100,1002,7124,0.586468276249298,1935,8058,797,999,128,1395,45,348,68,45
"104","2020-03-24",231,2,100,1105,7124,0.586468276249298,1935,8058,797,999,125,1520,40,388,57,40
"105","2020-03-25",263,2,104,1193,7124,0.586468276249298,1935,8058,797,999,154,1674,66,454,92,66
"106","2020-03-26",292,2,83,1296,7124,0.586468276249298,1935,8058,797,999,151,1825,39,493,89,39
"107","2020-03-27",410,2,81,1383,7124,0.586468276249298,1935,8058,797,999,136,1961,35,528,78,35
"108","2020-03-28",433,2,89,1478,7124,0.586468276249298,1935,8058,797,999,119,2080,30,558,53,30
"109","2020-03-29",454,2,119,1537,7124,0.586468276249298,1935,8058,797,999,145,2225,39,597,72,39
"110","2020-03-30",472,2,133,1573,7124,0.586468276249298,1935,8058,797,999,164,2389,40,637,98,40
"111","2020-03-31",470,2,166,1628,7124,0.586468276249298,1935,8058,797,999,136,2525,54,691,89,54
"112","2020-04-01",485,2,187,1703,7124,0.586468276249298,1935,8058,797,999,147,2672,43,734,74,43
"113","2020-04-02",508,2,201,1774,7124,0.586468276249298,1935,8058,797,999,113,2785,27,761,50,27
"114","2020-04-03",629,2,193,1800,7124,0.586468276249298,1935,8058,797,999,162,2947,31,792,92,31
"115","2020-04-04",658,2,181,1807,7124,0.586468276249298,1935,8058,797,999,135,3082,17,809,80,17
"116","2020-04-05",569,2,176,1838,7124,0.586468276249298,1935,8058,797,999,109,3191,42,851,63,42
"117","2020-04-06",559,2,154,1842,7124,0.586468276249298,1935,8058,797,999,96,3287,34,885,47,34
"118","2020-04-07",569,2,141,1842,7124,0.586468276249298,1935,8058,797,999,92,3379,36,921,50,36
"119","2020-04-08",583,2,121,1827,7124,0.586468276249298,1935,8058,797,999,130,3509,28,949,76,28
"120","2020-04-09",563,2,107,1834,7124,0.586468276249298,1935,8058,797,999,115,3624,63,1012,57,63
"121","2020-04-10",590,2,114,1785,7124,0.586468276249298,1935,8058,797,999,100,3724,39,1051,56,39
"122","2020-04-11",610,2,176,1770,7124,0.586468276249298,1935,8058,797,999,121,3845,30,1081,64,30
"123","2020-04-12",575,2,209,1738,7124,0.586468276249298,1935,8058,797,999,97,3942,25,1106,44,25
"124","2020-04-13",569,2,215,1694,7124,0.586468276249298,1935,8058,797,999,92,4034,25,1131,40,25
"125","2020-04-14",581,2,192,1660,7124,0.586468276249298,1935,8058,797,999,81,4115,25,1156,35,25
"126","2020-04-15",571,2,211,1576,7124,0.586468276249298,1935,8058,797,999,95,4210,22,1178,46,22
"127","2020-04-16",580,2,214,1522,7124,0.586468276249298,1935,8058,797,999,104,4314,37,1215,40,37
"128","2020-04-17",580,2,199,1418,7124,0.586468276249298,1935,8058,797,999,94,4408,17,1232,39,17
"129","2020-04-18",521,2,227,1359,7124,0.586468276249298,1935,8058,797,999,68,4476,21,1253,28,21
"130","2020-04-19",513,2,225,1300,7124,0.586468276249298,1935,8058,797,999,88,4564,21,1274,34,21
"131","2020-04-20",513,2,248,1244,7124,0.586468276249298,1935,8058,797,999,68,4632,23,1297,27,23
"132","2020-04-21",472,2,256,1164,7124,0.586468276249298,1935,8058,797,999,77,4709,30,1327,33,30
"133","2020-04-22",443,2,257,1081,7124,0.586468276249298,1935,8058,797,999,91,4800,25,1352,37,25
"134","2020-04-23",429,2,242,1043,7124,0.586468276249298,1935,8058,797,999,81,4881,19,1371,47,19
"135","2020-04-24",399,2,222,993,7124,0.586468276249298,1935,8058,797,999,75,4956,16,1387,29,16
"136","2020-04-25",393,2,205,928,7124,0.586468276249298,1935,8058,797,999,73,5029,14,1401,27,14
"137","2020-04-26",359,2,199,867,7124,0.586468276249298,1935,8058,797,999,70,5099,58,1459,27,58
"138","2020-04-27",330,2,173,805,7124,0.586468276249298,1935,8058,797,999,63,5162,31,1490,15,31
"139","2020-04-28",321,2,153,787,7124,0.586468276249298,1935,8058,797,999,74,5236,49,1539,27,49
"140","2020-04-29",309,2,148,742,7124,0.586468276249298,1935,8058,797,999,59,5295,52,1591,22,52
"141","2020-04-30",290,2,146,708,7124,0.586468276249298,1935,8058,797,999,61,5356,44,1635,22,44
"142","2020-05-01",272,2,142,678,7124,0.586468276249298,1935,8058,797,999,43,5399,52,1687,19,52
"143","2020-05-02",270,2,139,618,7124,0.586468276249298,1935,8058,797,999,59,5458,41,1728,19,41
"144","2020-05-03",229,2,183,594,7124,0.586468276249298,1935,8058,797,999,49,5507,43,1771,17,43
"145","2020-05-04",223,2,235,580,7124,0.586468276249298,1935,8058,797,999,61,5568,31,1802,23,31
"146","2020-05-05",207,2,283,534,7124,0.586468276249298,1935,8058,797,999,59,5627,41,1843,15,41
"147","2020-05-06",196,2,304,494,7124,0.586468276249298,1935,8058,797,999,58,5685,24,1867,21,24
"148","2020-05-07",188,2,312,477,7124,0.586468276249298,1935,8058,797,999,53,5738,36,1903,20,36
"149","2020-05-08",171,2,315,475,7124,0.586468276249298,1935,8058,797,999,41,5779,25,1928,9,25
"150","2020-05-09",180,2,284,453,7124,0.586468276249298,1935,8058,797,999,50,5829,41,1969,16,41
"151","2020-05-10",169,2,253,454,7124,0.586468276249298,1935,8058,797,999,39,5868,26,1995,11,26
"152","2020-05-11",147,2,237,432,7124,0.586468276249298,1935,8058,797,999,30,5898,32,2027,7,32
"153","2020-05-12",153,2,234,404,7124,0.586468276249298,1935,8058,797,999,42,5940,39,2066,12,39
"154","2020-05-13",153,2,229,396,7124,0.586468276249298,1935,8058,797,999,32,5972,60,2126,11,60
"155","2020-05-14",151,2,230,396,7124,0.586468276249298,1935,8058,797,999,34,6006,45,2171,6,45
"156","2020-05-15",138,2,237,374,7124,0.586468276249298,1935,8058,797,999,31,6037,36,2207,9,36
"157","2020-05-16",117,2,203,356,7124,0.586468276249298,1935,8058,797,999,35,6072,49,2256,9,49
"158","2020-05-17",107,2,187,338,7124,0.586468276249298,1935,8058,797,999,34,6106,44,2300,10,44
"159","2020-05-18",113,2,183,329,7124,0.586468276249298,1935,8058,797,999,22,6128,34,2334,6,34
"160","2020-05-19",99,2,179,323,7124,0.586468276249298,1935,8058,797,999,29,6157,24,2358,6,24
"161","2020-05-20",99,2,178,309,7124,0.586468276249298,1935,8058,797,999,24,6181,24,2382,8,24
"162","2020-05-21",96,2,198,293,7124,0.586468276249298,1935,8058,797,999,30,6211,20,2402,8,20
"163","2020-05-22",95,2,194,283,7124,0.586468276249298,1935,8058,797,999,19,6230,21,2423,3,21
"164","2020-05-23",92,2,183,266,7124,0.586468276249298,1935,8058,797,999,20,6250,30,2453,NA,30
"165","2020-05-24",88,2,161,255,7124,0.586468276249298,1935,8058,797,999,22,6272,24,2477,7,24
"166","2020-05-25",78,2,156,238,7124,0.586468276249298,1935,8058,797,999,20,6292,14,2491,4,14
"167","2020-05-26",81,2,184,227,7124,0.586468276249298,1935,8058,797,999,13,6305,12,2503,2,12
"168","2020-05-27",72,2,182,227,7124,0.586468276249298,1935,8058,797,999,16,6321,18,2521,2,18
"169","2020-05-28",70,2,208,225,7124,0.586468276249298,1935,8058,797,999,22,6343,24,2545,4,24
"170","2020-05-29",77,2,215,208,7124,0.586468276249298,1935,8058,797,999,19,6362,35,2580,7,35
"171","2020-05-30",85,2,194,198,7124,0.586468276249298,1935,8058,797,999,18,6380,36,2616,4,36
"172","2020-05-31",69,2,184,186,7124,0.586468276249298,1935,8058,797,999,18,6398,22,2638,2,22
"173","2020-06-01",67,2,158,180,7124,0.586468276249298,1935,8058,797,999,12,6410,31,2669,4,31
"174","2020-06-02",60,2,144,179,7124,0.586468276249298,1935,8058,797,999,9,6419,35,2704,3,35
"175","2020-06-03",63,2,145,177,7124,0.586468276249298,1935,8058,797,999,12,6431,21,2725,3,21
"176","2020-06-04",57,2,137,168,7124,0.586468276249298,1935,8058,797,999,13,6444,26,2751,3,26
"177","2020-06-05",50,2,119,158,7124,0.586468276249298,1935,8058,797,999,9,6453,30,2781,4,30
"178","2020-06-06",48,2,140,152,7124,0.586468276249298,1935,8058,797,999,8,6461,22,2803,1,22
"179","2020-06-07",56,2,183,143,7124,0.586468276249298,1935,8058,797,999,8,6469,25,2828,1,25
"180","2020-03-12",1,3,153,161,8359,0.43378394544802,2040,9083,1004,2154,30,49,23,53,10,23
"181","2020-03-13",15,3,187,246,8359,0.43378394544802,2040,9083,1004,2154,55,104,48,101,24,48
"182","2020-03-14",38,3,261,347,8359,0.43378394544802,2040,9083,1004,2154,44,148,47,148,25,47
"183","2020-03-15",65,3,265,462,8359,0.43378394544802,2040,9083,1004,2154,66,214,47,195,46,47
"184","2020-03-16",69,3,269,579,8359,0.43378394544802,2040,9083,1004,2154,72,286,48,243,53,48
"185","2020-03-17",77,3,291,721,8359,0.43378394544802,2040,9083,1004,2154,85,371,23,266,63,23
"186","2020-03-18",98,3,300,846,8359,0.43378394544802,2040,9083,1004,2154,114,485,28,294,84,28
"187","2020-03-19",130,3,310,961,8359,0.43378394544802,2040,9083,1004,2154,95,580,36,330,78,36
"188","2020-03-20",233,3,313,1132,8359,0.43378394544802,2040,9083,1004,2154,122,702,48,378,106,48
"189","2020-03-21",307,3,301,1263,8359,0.43378394544802,2040,9083,1004,2154,116,818,42,420,94,42
"190","2020-03-22",307,3,294,1373,8359,0.43378394544802,2040,9083,1004,2154,137,955,34,454,115,34
"191","2020-03-23",328,3,284,1479,8359,0.43378394544802,2040,9083,1004,2154,148,1103,36,490,130,36
"192","2020-03-24",358,3,269,1559,8359,0.43378394544802,2040,9083,1004,2154,170,1273,22,512,151,22
"193","2020-03-25",402,3,270,1667,8359,0.43378394544802,2040,9083,1004,2154,172,1445,25,537,154,25
"194","2020-03-26",419,3,272,1752,8359,0.43378394544802,2040,9083,1004,2154,171,1616,52,589,150,52
"195","2020-03-27",554,3,286,1828,8359,0.43378394544802,2040,9083,1004,2154,242,1858,44,633,215,44
"196","2020-03-28",579,3,269,1878,8359,0.43378394544802,2040,9083,1004,2154,201,2059,36,669,187,36
"197","2020-03-29",587,3,279,1937,8359,0.43378394544802,2040,9083,1004,2154,196,2255,42,711,180,42
"198","2020-03-30",607,3,268,1969,8359,0.43378394544802,2040,9083,1004,2154,200,2455,42,753,180,42
"199","2020-03-31",634,3,251,1988,8359,0.43378394544802,2040,9083,1004,2154,176,2631,19,772,158,19
"200","2020-04-01",632,3,262,2003,8359,0.43378394544802,2040,9083,1004,2154,215,2846,19,791,198,19
"201","2020-04-02",656,3,278,2011,8359,0.43378394544802,2040,9083,1004,2154,177,3023,23,814,161,23
"202","2020-04-03",739,3,251,2002,8359,0.43378394544802,2040,9083,1004,2154,188,3211,44,858,172,44
"203","2020-04-04",728,3,251,1970,8359,0.43378394544802,2040,9083,1004,2154,204,3415,50,908,187,50
"204","2020-04-05",672,3,265,1948,8359,0.43378394544802,2040,9083,1004,2154,188,3603,43,951,165,43
"205","2020-04-06",665,3,266,1917,8359,0.43378394544802,2040,9083,1004,2154,190,3793,18,969,166,18
"206","2020-04-07",646,3,306,1899,8359,0.43378394544802,2040,9083,1004,2154,176,3969,22,991,161,22
"207","2020-04-08",636,3,301,1857,8359,0.43378394544802,2040,9083,1004,2154,117,4086,17,1008,106,17
"208","2020-04-09",629,3,294,1808,8359,0.43378394544802,2040,9083,1004,2154,164,4250,22,1030,148,22
"209","2020-04-10",621,3,313,1742,8359,0.43378394544802,2040,9083,1004,2154,174,4424,31,1061,149,31
"210","2020-04-11",593,3,301,1693,8359,0.43378394544802,2040,9083,1004,2154,113,4537,38,1099,100,38
"211","2020-04-12",545,3,310,1643,8359,0.43378394544802,2040,9083,1004,2154,129,4666,30,1129,113,30
"212","2020-04-13",534,3,309,1627,8359,0.43378394544802,2040,9083,1004,2154,116,4782,23,1152,101,23
"213","2020-04-14",515,3,302,1552,8359,0.43378394544802,2040,9083,1004,2154,122,4904,20,1172,106,20
"214","2020-04-15",509,3,302,1503,8359,0.43378394544802,2040,9083,1004,2154,91,4995,37,1209,80,37
"215","2020-04-16",504,3,296,1444,8359,0.43378394544802,2040,9083,1004,2154,106,5101,35,1244,90,35
"216","2020-04-17",493,3,318,1418,8359,0.43378394544802,2040,9083,1004,2154,93,5194,27,1271,79,27
"217","2020-04-18",491,3,320,1359,8359,0.43378394544802,2040,9083,1004,2154,81,5275,27,1298,65,27
"218","2020-04-19",462,3,326,1291,8359,0.43378394544802,2040,9083,1004,2154,70,5345,17,1315,56,17
"219","2020-04-20",443,3,318,1244,8359,0.43378394544802,2040,9083,1004,2154,77,5422,34,1349,57,34
"220","2020-04-21",433,3,297,1180,8359,0.43378394544802,2040,9083,1004,2154,60,5482,23,1372,47,23
"221","2020-04-22",413,3,293,1120,8359,0.43378394544802,2040,9083,1004,2154,42,5524,14,1386,28,14
"222","2020-04-23",394,3,300,1085,8359,0.43378394544802,2040,9083,1004,2154,62,5586,20,1406,53,20
"223","2020-04-24",385,3,316,1052,8359,0.43378394544802,2040,9083,1004,2154,43,5629,28,1434,34,28
"224","2020-04-25",378,3,338,994,8359,0.43378394544802,2040,9083,1004,2154,49,5678,32,1466,38,32
"225","2020-04-26",344,3,339,948,8359,0.43378394544802,2040,9083,1004,2154,48,5726,46,1512,43,46
"226","2020-04-27",323,3,329,921,8359,0.43378394544802,2040,9083,1004,2154,50,5776,34,1546,40,34
"227","2020-04-28",321,3,329,877,8359,0.43378394544802,2040,9083,1004,2154,38,5814,29,1575,28,29
"228","2020-04-29",317,3,346,861,8359,0.43378394544802,2040,9083,1004,2154,35,5849,18,1593,28,18
"229","2020-04-30",302,3,332,813,8359,0.43378394544802,2040,9083,1004,2154,17,5866,28,1621,13,28
"230","2020-05-01",272,3,326,774,8359,0.43378394544802,2040,9083,1004,2154,33,5899,28,1649,23,28
"231","2020-05-02",274,3,338,735,8359,0.43378394544802,2040,9083,1004,2154,32,5931,31,1680,28,31
"232","2020-05-03",242,3,326,698,8359,0.43378394544802,2040,9083,1004,2154,37,5968,22,1702,24,22
"233","2020-05-04",244,3,323,653,8359,0.43378394544802,2040,9083,1004,2154,26,5994,22,1724,19,22
"234","2020-05-05",218,3,324,640,8359,0.43378394544802,2040,9083,1004,2154,36,6030,21,1745,26,21
"235","2020-05-06",213,3,319,610,8359,0.43378394544802,2040,9083,1004,2154,16,6046,24,1769,9,25
"236","2020-05-07",205,3,334,591,8359,0.43378394544802,2040,9083,1004,2154,32,6078,23,1792,22,23
"237","2020-05-08",199,3,347,553,8359,0.43378394544802,2040,9083,1004,2154,22,6100,32,1824,15,32
"238","2020-05-09",180,3,369,522,8359,0.43378394544802,2040,9083,1004,2154,23,6123,41,1865,14,41
"239","2020-05-10",168,3,342,502,8359,0.43378394544802,2040,9083,1004,2154,17,6140,31,1896,10,31
"240","2020-05-11",165,3,333,483,8359,0.43378394544802,2040,9083,1004,2154,24,6164,21,1917,15,21
"241","2020-05-12",157,3,331,465,8359,0.43378394544802,2040,9083,1004,2154,26,6190,39,1956,15,39
"242","2020-05-13",148,3,343,440,8359,0.43378394544802,2040,9083,1004,2154,21,6211,65,2021,17,65
"243","2020-05-14",145,3,323,414,8359,0.43378394544802,2040,9083,1004,2154,23,6234,41,2062,11,41
"244","2020-05-15",155,3,320,387,8359,0.43378394544802,2040,9083,1004,2154,18,6252,43,2105,7,43
"245","2020-05-16",150,3,316,372,8359,0.43378394544802,2040,9083,1004,2154,16,6268,23,2128,10,23
"246","2020-05-17",130,3,305,360,8359,0.43378394544802,2040,9083,1004,2154,21,6289,50,2178,14,50
"247","2020-05-18",123,3,318,361,8359,0.43378394544802,2040,9083,1004,2154,26,6315,44,2222,18,44
"248","2020-05-19",124,3,321,349,8359,0.43378394544802,2040,9083,1004,2154,15,6330,26,2248,9,26
"249","2020-05-20",125,3,352,331,8359,0.43378394544802,2040,9083,1004,2154,26,6356,35,2283,19,35
"250","2020-05-21",121,3,349,319,8359,0.43378394544802,2040,9083,1004,2154,18,6374,31,2314,11,31
"251","2020-05-22",103,3,326,303,8359,0.43378394544802,2040,9083,1004,2154,13,6387,33,2347,4,33
"252","2020-05-23",103,3,336,295,8359,0.43378394544802,2040,9083,1004,2154,19,6406,29,2376,15,29
"253","2020-05-24",114,3,321,274,8359,0.43378394544802,2040,9083,1004,2154,13,6419,24,2400,5,24
"254","2020-05-25",103,3,324,254,8359,0.43378394544802,2040,9083,1004,2154,21,6440,24,2424,10,24
"255","2020-05-26",93,3,321,241,8359,0.43378394544802,2040,9083,1004,2154,13,6453,44,2468,7,44
"256","2020-05-27",93,3,331,236,8359,0.43378394544802,2040,9083,1004,2154,17,6470,36,2504,11,36
"257","2020-05-28",88,3,338,224,8359,0.43378394544802,2040,9083,1004,2154,12,6482,26,2530,9,26
"258","2020-05-29",91,3,327,220,8359,0.43378394544802,2040,9083,1004,2154,8,6490,30,2560,6,30
"259","2020-05-30",87,3,334,215,8359,0.43378394544802,2040,9083,1004,2154,14,6504,40,2600,9,40
"260","2020-05-31",73,3,359,208,8359,0.43378394544802,2040,9083,1004,2154,10,6514,33,2633,7,33
"261","2020-06-01",72,3,363,189,8359,0.43378394544802,2040,9083,1004,2154,9,6523,35,2668,6,35
"262","2020-06-02",73,3,355,184,8359,0.43378394544802,2040,9083,1004,2154,11,6534,29,2697,6,29
"263","2020-06-03",72,3,361,175,8359,0.43378394544802,2040,9083,1004,2154,11,6545,24,2721,6,24
"264","2020-06-04",69,3,355,160,8359,0.43378394544802,2040,9083,1004,2154,15,6560,44,2765,11,44
"265","2020-06-05",65,3,360,161,8359,0.43378394544802,2040,9083,1004,2154,9,6569,16,2781,6,16
"266","2020-06-06",60,3,355,150,8359,0.43378394544802,2040,9083,1004,2154,8,6577,46,2827,6,46
"267","2020-06-07",56,3,334,151,8359,0.43378394544802,2040,9083,1004,2154,7,6584,39,2866,2,39
"268","2020-03-13",3,4,103,121,6707,0.639182943193678,1995,7906,799,1186,110,280,105,244,39,105
"269","2020-03-14",9,4,149,168,6707,0.639182943193678,1995,7906,799,1186,122,402,83,327,47,83
"270","2020-03-15",26,4,180,241,6707,0.639182943193678,1995,7906,799,1186,154,556,59,386,79,59
"271","2020-03-16",33,4,225,305,6707,0.639182943193678,1995,7906,799,1186,122,678,34,420,59,34
"272","2020-03-17",42,4,250,381,6707,0.639182943193678,1995,7906,799,1186,154,832,44,464,82,44
"273","2020-03-18",58,4,275,464,6707,0.639182943193678,1995,7906,799,1186,148,980,44,508,75,44
"274","2020-03-19",82,4,279,553,6707,0.639182943193678,1995,7906,799,1186,163,1143,26,534,95,26
"275","2020-03-20",107,4,292,642,6707,0.639182943193678,1995,7906,799,1186,148,1291,38,572,74,38
"276","2020-03-21",153,4,308,723,6707,0.639182943193678,1995,7906,799,1186,154,1445,62,634,96,62
"277","2020-03-22",194,4,277,807,6707,0.639182943193678,1995,7906,799,1186,155,1600,47,681,96,47
"278","2020-03-23",205,4,245,900,6707,0.639182943193678,1995,7906,799,1186,151,1751,20,701,75,20
"279","2020-03-24",226,4,231,996,6707,0.639182943193678,1995,7906,799,1186,138,1889,20,721,87,20
"280","2020-03-25",247,4,204,1105,6707,0.639182943193678,1995,7906,799,1186,169,2058,17,738,105,17
"281","2020-03-26",258,4,212,1176,6707,0.639182943193678,1995,7906,799,1186,170,2228,15,753,107,15
"282","2020-03-27",356,4,208,1253,6707,0.639182943193678,1995,7906,799,1186,169,2397,47,800,98,47
"283","2020-03-28",360,4,181,1361,6707,0.639182943193678,1995,7906,799,1186,165,2562,47,847,103,47
"284","2020-03-29",410,4,159,1399,6707,0.639182943193678,1995,7906,799,1186,151,2713,30,877,74,30
"285","2020-03-30",427,4,164,1452,6707,0.639182943193678,1995,7906,799,1186,138,2851,24,901,75,24
"286","2020-03-31",402,4,141,1498,6707,0.639182943193678,1995,7906,799,1186,142,2993,71,972,78,71
"287","2020-04-01",422,4,158,1540,6707,0.639182943193678,1995,7906,799,1186,156,3149,36,1008,92,36
"288","2020-04-02",449,4,227,1596,6707,0.639182943193678,1995,7906,799,1186,133,3282,28,1036,64,28
"289","2020-04-03",546,4,276,1598,6707,0.639182943193678,1995,7906,799,1186,138,3420,27,1063,79,27
"290","2020-04-04",561,4,257,1631,6707,0.639182943193678,1995,7906,799,1186,123,3543,15,1078,68,15
"291","2020-04-05",502,4,290,1630,6707,0.639182943193678,1995,7906,799,1186,131,3674,72,1150,69,72
"292","2020-04-06",506,4,273,1621,6707,0.639182943193678,1995,7906,799,1186,136,3810,55,1205,84,55
"293","2020-04-07",506,4,242,1630,6707,0.639182943193678,1995,7906,799,1186,139,3949,22,1227,67,22
"294","2020-04-08",519,4,220,1579,6707,0.639182943193678,1995,7906,799,1186,133,4082,25,1252,57,25
"295","2020-04-09",512,4,193,1570,6707,0.639182943193678,1995,7906,799,1186,109,4191,21,1273,50,21
"296","2020-04-10",565,4,178,1572,6707,0.639182943193678,1995,7906,799,1186,128,4319,45,1318,65,45
"297","2020-04-11",555,4,178,1562,6707,0.639182943193678,1995,7906,799,1186,97,4416,20,1338,47,20
"298","2020-04-12",513,4,235,1532,6707,0.639182943193678,1995,7906,799,1186,117,4533,18,1356,61,18
"299","2020-04-13",520,4,224,1488,6707,0.639182943193678,1995,7906,799,1186,121,4654,42,1398,59,42
"300","2020-04-14",513,4,232,1458,6707,0.639182943193678,1995,7906,799,1186,85,4739,22,1420,42,22
"301","2020-04-15",489,4,284,1411,6707,0.639182943193678,1995,7906,799,1186,105,4844,13,1433,44,13
"302","2020-04-16",482,4,317,1384,6707,0.639182943193678,1995,7906,799,1186,101,4945,12,1445,44,12
"303","2020-04-17",457,4,351,1357,6707,0.639182943193678,1995,7906,799,1186,103,5048,6,1451,55,6
"304","2020-04-18",465,4,346,1317,6707,0.639182943193678,1995,7906,799,1186,71,5119,59,1510,35,59
"305","2020-04-19",465,4,331,1290,6707,0.639182943193678,1995,7906,799,1186,85,5204,27,1537,34,27
"306","2020-04-20",446,4,301,1249,6707,0.639182943193678,1995,7906,799,1186,87,5291,18,1555,38,18
"307","2020-04-21",435,4,304,1208,6707,0.639182943193678,1995,7906,799,1186,80,5371,20,1575,34,20
"308","2020-04-22",431,4,267,1156,6707,0.639182943193678,1995,7906,799,1186,82,5453,13,1588,37,13
"309","2020-04-23",423,4,243,1094,6707,0.639182943193678,1995,7906,799,1186,64,5517,18,1606,26,18
"310","2020-04-24",432,4,235,1040,6707,0.639182943193678,1995,7906,799,1186,72,5589,15,1621,24,15
"311","2020-04-25",415,4,243,989,6707,0.639182943193678,1995,7906,799,1186,76,5665,11,1632,29,11
"312","2020-04-26",370,4,217,932,6707,0.639182943193678,1995,7906,799,1186,70,5735,17,1649,21,17
"313","2020-04-27",364,4,201,887,6707,0.639182943193678,1995,7906,799,1186,69,5804,10,1659,26,10
"314","2020-04-28",339,4,192,845,6707,0.639182943193678,1995,7906,799,1186,61,5865,10,1669,21,10
"315","2020-04-29",321,4,186,784,6707,0.639182943193678,1995,7906,799,1186,48,5913,12,1681,16,12
"316","2020-04-30",303,4,192,764,6707,0.639182943193678,1995,7906,799,1186,63,5976,22,1703,23,22
"317","2020-05-01",263,4,221,703,6707,0.639182943193678,1995,7906,799,1186,45,6021,43,1746,15,43
"318","2020-05-02",259,4,220,659,6707,0.639182943193678,1995,7906,799,1186,48,6069,30,1776,17,30
"319","2020-05-03",229,4,202,628,6707,0.639182943193678,1995,7906,799,1186,63,6132,21,1797,24,21
"320","2020-05-04",213,4,178,599,6707,0.639182943193678,1995,7906,799,1186,46,6178,12,1809,16,12
"321","2020-05-05",212,4,180,567,6707,0.639182943193678,1995,7906,799,1186,49,6227,11,1820,19,11
"322","2020-05-06",202,4,181,530,6707,0.639182943193678,1995,7906,799,1186,45,6272,9,1829,11,9
"323","2020-05-07",192,4,197,511,6707,0.639182943193678,1995,7906,799,1186,45,6317,12,1841,17,12
"324","2020-05-08",180,4,259,494,6707,0.639182943193678,1995,7906,799,1186,40,6357,2,1843,19,2
"325","2020-05-09",186,4,306,481,6707,0.639182943193678,1995,7906,799,1186,40,6397,12,1855,14,12
"326","2020-05-10",161,4,302,464,6707,0.639182943193678,1995,7906,799,1186,38,6435,14,1869,13,14
"327","2020-05-11",144,4,271,431,6707,0.639182943193678,1995,7906,799,1186,38,6473,35,1904,13,35
"328","2020-05-12",124,4,265,412,6707,0.639182943193678,1995,7906,799,1186,32,6505,27,1931,10,27
"329","2020-05-13",126,4,274,397,6707,0.639182943193678,1995,7906,799,1186,24,6529,28,1959,11,28
"330","2020-05-14",129,4,297,379,6707,0.639182943193678,1995,7906,799,1186,40,6569,23,1982,15,23
"331","2020-05-15",122,4,286,382,6707,0.639182943193678,1995,7906,799,1186,51,6620,29,2011,18,29
"332","2020-05-16",108,4,301,370,6707,0.639182943193678,1995,7906,799,1186,26,6646,59,2070,13,59
"333","2020-05-17",111,4,286,346,6707,0.639182943193678,1995,7906,799,1186,30,6676,52,2122,13,52
"334","2020-05-18",113,4,258,328,6707,0.639182943193678,1995,7906,799,1186,32,6708,28,2150,13,28
"335","2020-05-19",115,4,237,323,6707,0.639182943193678,1995,7906,799,1186,20,6728,85,2235,10,85
"336","2020-05-20",107,4,217,321,6707,0.639182943193678,1995,7906,799,1186,28,6756,40,2275,9,40
"337","2020-05-21",107,4,245,312,6707,0.639182943193678,1995,7906,799,1186,25,6781,15,2290,8,15
"338","2020-05-22",122,4,286,288,6707,0.639182943193678,1995,7906,799,1186,22,6803,13,2303,7,13
"339","2020-05-23",122,4,297,280,6707,0.639182943193678,1995,7906,799,1186,16,6819,23,2326,4,23
"340","2020-05-24",106,4,266,273,6707,0.639182943193678,1995,7906,799,1186,17,6836,31,2357,8,31
"341","2020-05-25",96,4,255,263,6707,0.639182943193678,1995,7906,799,1186,18,6854,66,2423,7,66
"342","2020-05-26",90,4,231,254,6707,0.639182943193678,1995,7906,799,1186,15,6869,72,2495,6,72
"343","2020-05-27",95,4,223,240,6707,0.639182943193678,1995,7906,799,1186,15,6884,70,2565,8,70
"344","2020-05-28",94,4,200,222,6707,0.639182943193678,1995,7906,799,1186,12,6896,32,2597,4,32
"345","2020-05-29",84,4,197,214,6707,0.639182943193678,1995,7906,799,1186,14,6910,23,2620,4,23
"346","2020-05-30",81,4,185,208,6707,0.639182943193678,1995,7906,799,1186,15,6925,22,2642,6,22
"347","2020-05-31",76,4,216,195,6707,0.639182943193678,1995,7906,799,1186,15,6940,17,2659,1,17
"348","2020-06-01",78,4,244,182,6707,0.639182943193678,1995,7906,799,1186,9,6949,12,2671,4,12
"349","2020-06-02",78,4,274,171,6707,0.639182943193678,1995,7906,799,1186,14,6963,9,2680,7,9
"350","2020-06-03",72,4,253,164,6707,0.639182943193678,1995,7906,799,1186,9,6972,8,2688,4,8
"351","2020-06-04",62,4,234,162,6707,0.639182943193678,1995,7906,799,1186,10,6982,64,2752,3,64
"352","2020-06-05",60,4,198,155,6707,0.639182943193678,1995,7906,799,1186,14,6996,37,2789,6,37
"353","2020-06-06",56,4,184,143,6707,0.639182943193678,1995,7906,799,1186,11,7007,76,2865,4,76
"354","2020-06-07",48,4,163,140,6707,0.639182943193678,1995,7906,799,1186,13,7020,68,2933,2,68
"355","2020-03-13",6,5,96,135,7057,0.511690520051013,2100,8753,778,823,32,76,46,110,4,46
"356","2020-03-14",25,5,97,191,7057,0.511690520051013,2100,8753,778,823,33,109,60,170,14,60
"357","2020-03-15",25,5,77,255,7057,0.511690520051013,2100,8753,778,823,49,158,60,230,22,60
"358","2020-03-16",29,5,85,340,7057,0.511690520051013,2100,8753,778,823,41,199,50,280,22,50
"359","2020-03-17",36,5,100,419,7057,0.511690520051013,2100,8753,778,823,61,260,71,351,43,71
"360","2020-03-18",51,5,101,511,7057,0.511690520051013,2100,8753,778,823,73,333,45,396,46,45
"361","2020-03-19",73,5,123,593,7057,0.511690520051013,2100,8753,778,823,63,396,29,425,47,29
"362","2020-03-20",114,5,123,700,7057,0.511690520051013,2100,8753,778,823,110,506,28,453,84,28
"363","2020-03-21",148,5,124,789,7057,0.511690520051013,2100,8753,778,823,100,606,33,486,71,33
"364","2020-03-22",184,5,131,851,7057,0.511690520051013,2100,8753,778,823,115,721,31,517,81,31
"365","2020-03-23",199,5,147,944,7057,0.511690520051013,2100,8753,778,823,145,866,22,539,116,22
"366","2020-03-24",227,5,144,1028,7057,0.511690520051013,2100,8753,778,823,121,987,27,566,98,27
"367","2020-03-25",257,5,131,1111,7057,0.511690520051013,2100,8753,778,823,172,1159,28,594,143,28
"368","2020-03-26",272,5,126,1182,7057,0.511690520051013,2100,8753,778,823,141,1300,33,627,123,33
"369","2020-03-27",353,5,151,1237,7057,0.511690520051013,2100,8753,778,823,162,1462,53,680,145,53
"370","2020-03-28",364,5,171,1316,7057,0.511690520051013,2100,8753,778,823,173,1635,36,716,144,36
"371","2020-03-29",435,5,185,1346,7057,0.511690520051013,2100,8753,778,823,172,1807,40,756,149,40
"372","2020-03-30",447,5,176,1374,7057,0.511690520051013,2100,8753,778,823,181,1988,53,809,160,53
"373","2020-03-31",421,5,154,1400,7057,0.511690520051013,2100,8753,778,823,212,2200,56,865,185,56
"374","2020-04-01",413,5,139,1424,7057,0.511690520051013,2100,8753,778,823,183,2383,37,902,160,37
"375","2020-04-02",429,5,163,1433,7057,0.511690520051013,2100,8753,778,823,209,2592,23,925,181,23
"376","2020-04-03",534,5,177,1463,7057,0.511690520051013,2100,8753,778,823,238,2830,16,941,214,16
"377","2020-04-04",559,5,203,1490,7057,0.511690520051013,2100,8753,778,823,203,3033,30,971,177,30
"378","2020-04-05",481,5,215,1503,7057,0.511690520051013,2100,8753,778,823,225,3258,35,1006,200,35
"379","2020-04-06",481,5,216,1504,7057,0.511690520051013,2100,8753,778,823,169,3427,38,1044,149,38
"380","2020-04-07",477,5,220,1504,7057,0.511690520051013,2100,8753,778,823,205,3632,31,1075,184,31
"381","2020-04-08",487,5,202,1456,7057,0.511690520051013,2100,8753,778,823,166,3798,26,1101,142,26
"382","2020-04-09",487,5,200,1463,7057,0.511690520051013,2100,8753,778,823,205,4003,25,1126,184,25
"383","2020-04-10",514,5,184,1470,7057,0.511690520051013,2100,8753,778,823,166,4169,19,1145,153,19
"384","2020-04-11",517,5,174,1466,7057,0.511690520051013,2100,8753,778,823,121,4290,25,1170,108,25
"385","2020-04-12",481,5,205,1455,7057,0.511690520051013,2100,8753,778,823,150,4440,22,1192,128,22
"386","2020-04-13",492,5,217,1477,7057,0.511690520051013,2100,8753,778,823,138,4578,25,1217,123,25
"387","2020-04-14",496,5,196,1474,7057,0.511690520051013,2100,8753,778,823,139,4717,44,1261,125,44
"388","2020-04-15",489,5,150,1428,7057,0.511690520051013,2100,8753,778,823,123,4840,42,1303,102,42
"389","2020-04-16",484,5,142,1437,7057,0.511690520051013,2100,8753,778,823,128,4968,31,1334,110,31
"390","2020-04-17",512,5,136,1435,7057,0.511690520051013,2100,8753,778,823,114,5082,69,1403,97,69
"391","2020-04-18",489,5,120,1374,7057,0.511690520051013,2100,8753,778,823,114,5196,41,1444,94,41
"392","2020-04-19",457,5,125,1352,7057,0.511690520051013,2100,8753,778,823,86,5282,26,1470,72,26
"393","2020-04-20",438,5,146,1300,7057,0.511690520051013,2100,8753,778,823,81,5363,17,1487,72,17
"394","2020-04-21",420,5,170,1274,7057,0.511690520051013,2100,8753,778,823,72,5435,26,1513,60,26
"395","2020-04-22",424,5,200,1240,7057,0.511690520051013,2100,8753,778,823,83,5518,19,1532,65,19
"396","2020-04-23",418,5,233,1223,7057,0.511690520051013,2100,8753,778,823,76,5594,19,1551,64,19
"397","2020-04-24",409,5,223,1185,7057,0.511690520051013,2100,8753,778,823,56,5650,44,1595,47,44
"398","2020-04-25",412,5,196,1133,7057,0.511690520051013,2100,8753,778,823,67,5717,33,1628,53,33
"399","2020-04-26",439,5,196,1074,7057,0.511690520051013,2100,8753,778,823,44,5761,26,1654,34,26
"400","2020-04-27",422,5,164,1013,7057,0.511690520051013,2100,8753,778,823,47,5808,22,1676,37,22
"401","2020-04-28",394,5,158,978,7057,0.511690520051013,2100,8753,778,823,47,5855,15,1691,37,15
"402","2020-04-29",380,5,152,940,7057,0.511690520051013,2100,8753,778,823,38,5893,26,1717,29,26
"403","2020-04-30",368,5,204,895,7057,0.511690520051013,2100,8753,778,823,47,5940,29,1746,33,29
"404","2020-05-01",357,5,255,852,7057,0.511690520051013,2100,8753,778,823,36,5976,17,1763,20,17
"405","2020-05-02",338,5,282,816,7057,0.511690520051013,2100,8753,778,823,28,6004,25,1788,18,25
"406","2020-05-03",262,5,289,789,7057,0.511690520051013,2100,8753,778,823,28,6032,13,1801,17,13
"407","2020-05-04",253,5,282,774,7057,0.511690520051013,2100,8753,778,823,31,6063,25,1826,21,25
"408","2020-05-05",241,5,240,735,7057,0.511690520051013,2100,8753,778,823,30,6093,33,1859,21,33
"409","2020-05-06",236,5,224,700,7057,0.511690520051013,2100,8753,778,823,23,6116,39,1898,14,39
"410","2020-05-07",232,5,251,666,7057,0.511690520051013,2100,8753,778,823,33,6149,31,1929,21,31
"411","2020-05-08",215,5,265,637,7057,0.511690520051013,2100,8753,778,823,21,6170,22,1951,9,22
"412","2020-05-09",222,5,243,602,7057,0.511690520051013,2100,8753,778,823,21,6191,25,1976,12,25
"413","2020-05-10",209,5,215,575,7057,0.511690520051013,2100,8753,778,823,22,6213,18,1994,12,18
"414","2020-05-11",199,5,197,524,7057,0.511690520051013,2100,8753,778,823,28,6241,12,2006,15,12
"415","2020-05-12",198,5,191,504,7057,0.511690520051013,2100,8753,778,823,13,6254,26,2032,7,26
"416","2020-05-13",189,5,159,486,7057,0.511690520051013,2100,8753,778,823,21,6275,28,2060,13,28
"417","2020-05-14",178,5,147,451,7057,0.511690520051013,2100,8753,778,823,20,6295,32,2092,11,32
"418","2020-05-15",169,5,144,432,7057,0.511690520051013,2100,8753,778,823,14,6309,20,2112,10,20
"419","2020-05-16",156,5,120,400,7057,0.511690520051013,2100,8753,778,823,17,6326,27,2139,5,27
"420","2020-05-17",138,5,118,373,7057,0.511690520051013,2100,8753,778,823,8,6334,21,2160,4,21
"421","2020-05-18",130,5,143,356,7057,0.511690520051013,2100,8753,778,823,21,6355,34,2194,14,34
"422","2020-05-19",131,5,143,340,7057,0.511690520051013,2100,8753,778,823,5,6360,10,2204,3,10
"423","2020-05-20",128,5,146,321,7057,0.511690520051013,2100,8753,778,823,6,6366,34,2238,3,34
"424","2020-05-21",125,5,149,308,7057,0.511690520051013,2100,8753,778,823,10,6376,54,2292,4,54
"425","2020-05-22",112,5,136,309,7057,0.511690520051013,2100,8753,778,823,10,6386,59,2351,6,59
"426","2020-05-23",105,5,132,302,7057,0.511690520051013,2100,8753,778,823,12,6398,43,2394,5,43
"427","2020-05-24",94,5,160,290,7057,0.511690520051013,2100,8753,778,823,12,6410,16,2410,2,16
"428","2020-05-25",96,5,177,281,7057,0.511690520051013,2100,8753,778,823,9,6419,32,2442,4,32
"429","2020-05-26",90,5,166,269,7057,0.511690520051013,2100,8753,778,823,13,6432,19,2461,4,19
"430","2020-05-27",89,5,150,258,7057,0.511690520051013,2100,8753,778,823,10,6442,18,2479,6,18
"431","2020-05-28",90,5,152,248,7057,0.511690520051013,2100,8753,778,823,8,6450,28,2507,4,28
"432","2020-05-29",92,5,152,231,7057,0.511690520051013,2100,8753,778,823,7,6457,38,2545,1,38
"433","2020-05-30",88,5,146,231,7057,0.511690520051013,2100,8753,778,823,8,6465,43,2588,5,43
"434","2020-05-31",81,5,160,211,7057,0.511690520051013,2100,8753,778,823,9,6474,49,2637,2,49
"435","2020-06-01",76,5,172,217,7057,0.511690520051013,2100,8753,778,823,6,6480,27,2664,4,27
"436","2020-06-02",74,5,180,204,7057,0.511690520051013,2100,8753,778,823,6,6486,21,2685,3,21
"437","2020-06-03",74,5,188,194,7057,0.511690520051013,2100,8753,778,823,9,6495,18,2703,4,18
"438","2020-06-04",65,5,173,187,7057,0.511690520051013,2100,8753,778,823,8,6503,23,2726,3,23
"439","2020-06-05",66,5,193,177,7057,0.511690520051013,2100,8753,778,823,5,6508,22,2748,3,22
"440","2020-06-06",69,5,181,176,7057,0.511690520051013,2100,8753,778,823,6,6514,15,2763,4,15
"441","2020-06-07",64,5,183,163,7057,0.511690520051013,2100,8753,778,823,4,6518,23,2786,2,23
"442","2020-03-07",1,6,0,0,7048,0.641316685584563,1980,8613,737,2169,NA,NA,NA,NA,NA,NA
"443","2020-03-08",1,6,0,0,7048,0.641316685584563,1980,8613,737,2169,NA,NA,NA,NA,NA,NA
"444","2020-03-09",0,6,0,0,7048,0.641316685584563,1980,8613,737,2169,NA,NA,NA,NA,NA,NA
"445","2020-03-10",0,6,0,0,7048,0.641316685584563,1980,8613,737,2169,NA,NA,14,14,NA,14
"446","2020-03-11",0,6,0,0,7048,0.641316685584563,1980,8613,737,2169,55,55,40,54,1,40
"447","2020-03-12",0,6,0,0,7048,0.641316685584563,1980,8613,737,2169,59,114,29,83,3,29
"448","2020-03-13",7,6,184,167,7048,0.641316685584563,1980,8613,737,2169,70,184,17,100,10,17
"449","2020-03-14",24,6,208,246,7048,0.641316685584563,1980,8613,737,2169,72,256,9,109,26,9
"450","2020-03-15",28,6,235,336,7048,0.641316685584563,1980,8613,737,2169,100,356,7,116,42,7
"451","2020-03-16",33,6,209,418,7048,0.641316685584563,1980,8613,737,2169,78,434,6,122,37,6
"452","2020-03-17",48,6,185,515,7048,0.641316685584563,1980,8613,737,2169,94,528,11,133,48,11
"453","2020-03-18",62,6,182,640,7048,0.641316685584563,1980,8613,737,2169,122,650,45,178,68,45
"454","2020-03-19",85,6,191,751,7048,0.641316685584563,1980,8613,737,2169,127,777,36,214,77,36
"455","2020-03-20",138,6,180,850,7048,0.641316685584563,1980,8613,737,2169,128,905,51,265,82,51
"456","2020-03-21",180,6,175,986,7048,0.641316685584563,1980,8613,737,2169,125,1030,40,305,82,40
"457","2020-03-22",247,6,176,1084,7048,0.641316685584563,1980,8613,737,2169,155,1185,57,362,113,57
"458","2020-03-23",264,6,161,1182,7048,0.641316685584563,1980,8613,737,2169,164,1349,34,396,113,34
"459","2020-03-24",282,6,158,1238,7048,0.641316685584563,1980,8613,737,2169,170,1519,48,444,119,48
"460","2020-03-25",319,6,157,1315,7048,0.641316685584563,1980,8613,737,2169,184,1703,33,477,136,33
"461","2020-03-26",358,6,172,1382,7048,0.641316685584563,1980,8613,737,2169,151,1854,28,505,101,28
"462","2020-03-27",491,6,205,1442,7048,0.641316685584563,1980,8613,737,2169,184,2038,19,524,140,19
"463","2020-03-28",519,6,204,1483,7048,0.641316685584563,1980,8613,737,2169,170,2208,22,546,122,22
"464","2020-03-29",486,6,201,1485,7048,0.641316685584563,1980,8613,737,2169,168,2376,50,596,119,50
"465","2020-03-30",484,6,242,1520,7048,0.641316685584563,1980,8613,737,2169,163,2539,52,648,123,52
"466","2020-03-31",475,6,240,1537,7048,0.641316685584563,1980,8613,737,2169,135,2674,66,714,95,66
"467","2020-04-01",475,6,217,1551,7048,0.641316685584563,1980,8613,737,2169,163,2837,38,752,122,38
"468","2020-04-02",461,6,199,1569,7048,0.641316685584563,1980,8613,737,2169,146,2983,39,791,103,39
"469","2020-04-03",518,6,181,1560,7048,0.641316685584563,1980,8613,737,2169,172,3155,49,840,136,49
"470","2020-04-04",546,6,190,1516,7048,0.641316685584563,1980,8613,737,2169,157,3312,45,885,117,45
"471","2020-04-05",493,6,213,1507,7048,0.641316685584563,1980,8613,737,2169,159,3471,32,917,121,32
"472","2020-04-06",498,6,259,1473,7048,0.641316685584563,1980,8613,737,2169,141,3612,24,941,101,24
"473","2020-04-07",495,6,267,1436,7048,0.641316685584563,1980,8613,737,2169,144,3756,15,956,106,15
"474","2020-04-08",496,6,250,1408,7048,0.641316685584563,1980,8613,737,2169,132,3888,14,970,103,14
"475","2020-04-09",500,6,247,1398,7048,0.641316685584563,1980,8613,737,2169,144,4032,10,980,97,10
"476","2020-04-10",492,6,245,1369,7048,0.641316685584563,1980,8613,737,2169,116,4148,14,994,76,14
"477","2020-04-11",454,6,233,1360,7048,0.641316685584563,1980,8613,737,2169,100,4248,43,1037,57,43
"478","2020-04-12",428,6,213,1345,7048,0.641316685584563,1980,8613,737,2169,92,4340,15,1052,56,15
"479","2020-04-13",414,6,186,1325,7048,0.641316685584563,1980,8613,737,2169,97,4437,28,1080,67,28
"480","2020-04-14",396,6,179,1292,7048,0.641316685584563,1980,8613,737,2169,131,4568,19,1099,89,19
"481","2020-04-15",389,6,173,1256,7048,0.641316685584563,1980,8613,737,2169,102,4670,24,1123,57,24
"482","2020-04-16",375,6,175,1228,7048,0.641316685584563,1980,8613,737,2169,106,4776,15,1138,70,15
"483","2020-04-17",404,6,178,1225,7048,0.641316685584563,1980,8613,737,2169,104,4880,21,1159,69,21
"484","2020-04-18",416,6,213,1194,7048,0.641316685584563,1980,8613,737,2169,88,4968,47,1206,51,47
"485","2020-04-19",399,6,229,1153,7048,0.641316685584563,1980,8613,737,2169,83,5051,31,1237,40,31
"486","2020-04-20",398,6,228,1132,7048,0.641316685584563,1980,8613,737,2169,70,5121,36,1273,39,36
"487","2020-04-21",401,6,213,1084,7048,0.641316685584563,1980,8613,737,2169,70,5191,35,1308,34,35
"488","2020-04-22",396,6,221,1074,7048,0.641316685584563,1980,8613,737,2169,66,5257,54,1362,31,54
"489","2020-04-23",389,6,259,1034,7048,0.641316685584563,1980,8613,737,2169,81,5338,38,1400,48,38
"490","2020-04-24",366,6,262,996,7048,0.641316685584563,1980,8613,737,2169,61,5399,18,1418,23,18
"491","2020-04-25",368,6,235,963,7048,0.641316685584563,1980,8613,737,2169,57,5456,18,1436,34,18
"492","2020-04-26",339,6,219,955,7048,0.641316685584563,1980,8613,737,2169,43,5499,23,1459,21,23
"493","2020-04-27",306,6,193,916,7048,0.641316685584563,1980,8613,737,2169,56,5555,14,1473,28,14
"494","2020-04-28",284,6,190,884,7048,0.641316685584563,1980,8613,737,2169,37,5592,47,1520,17,47
"495","2020-04-29",274,6,197,843,7048,0.641316685584563,1980,8613,737,2169,46,5638,65,1585,22,65
"496","2020-04-30",261,6,218,797,7048,0.641316685584563,1980,8613,737,2169,55,5693,40,1625,30,40
"497","2020-05-01",286,6,208,777,7048,0.641316685584563,1980,8613,737,2169,45,5738,28,1653,14,28
"498","2020-05-02",270,6,206,730,7048,0.641316685584563,1980,8613,737,2169,43,5781,22,1675,17,22
"499","2020-05-03",243,6,191,709,7048,0.641316685584563,1980,8613,737,2169,42,5823,16,1691,23,16
"500","2020-05-04",237,6,191,672,7048,0.641316685584563,1980,8613,737,2169,34,5857,12,1703,11,12
"501","2020-05-05",228,6,197,652,7048,0.641316685584563,1980,8613,737,2169,28,5885,9,1712,9,9
"502","2020-05-06",224,6,215,623,7048,0.641316685584563,1980,8613,737,2169,41,5926,20,1732,16,20
"503","2020-05-07",231,6,219,602,7048,0.641316685584563,1980,8613,737,2169,39,5965,33,1765,17,33
"504","2020-05-08",207,6,215,560,7048,0.641316685584563,1980,8613,737,2169,44,6009,25,1790,16,25
"505","2020-05-09",205,6,210,540,7048,0.641316685584563,1980,8613,737,2169,33,6042,17,1807,16,17
"506","2020-05-10",206,6,207,517,7048,0.641316685584563,1980,8613,737,2169,32,6074,14,1821,11,14
"507","2020-05-11",209,6,219,507,7048,0.641316685584563,1980,8613,737,2169,26,6100,16,1837,7,16
"508","2020-05-12",201,6,266,487,7048,0.641316685584563,1980,8613,737,2169,26,6126,21,1858,8,21
"509","2020-05-13",191,6,268,473,7048,0.641316685584563,1980,8613,737,2169,30,6156,28,1886,11,28
"510","2020-05-14",178,6,251,464,7048,0.641316685584563,1980,8613,737,2169,20,6176,23,1909,10,23
"511","2020-05-15",156,6,226,452,7048,0.641316685584563,1980,8613,737,2169,24,6200,14,1923,10,14
"512","2020-05-16",158,6,228,441,7048,0.641316685584563,1980,8613,737,2169,22,6222,9,1932,6,9
"513","2020-05-17",139,6,222,427,7048,0.641316685584563,1980,8613,737,2169,15,6237,8,1940,7,8
"514","2020-05-18",137,6,229,413,7048,0.641316685584563,1980,8613,737,2169,14,6251,7,1947,4,7
"515","2020-05-19",133,6,257,400,7048,0.641316685584563,1980,8613,737,2169,15,6266,10,1957,5,10
"516","2020-05-20",127,6,233,389,7048,0.641316685584563,1980,8613,737,2169,25,6291,5,1962,7,5
"517","2020-05-21",133,6,237,379,7048,0.641316685584563,1980,8613,737,2169,18,6309,7,1969,6,7
"518","2020-05-22",135,6,222,374,7048,0.641316685584563,1980,8613,737,2169,11,6320,10,1979,3,10
"519","2020-05-23",124,6,199,369,7048,0.641316685584563,1980,8613,737,2169,12,6332,42,2021,2,42
"520","2020-05-24",117,6,243,359,7048,0.641316685584563,1980,8613,737,2169,15,6347,25,2046,5,25
"521","2020-05-25",109,6,257,347,7048,0.641316685584563,1980,8613,737,2169,10,6357,35,2081,3,35
"522","2020-05-26",109,6,234,335,7048,0.641316685584563,1980,8613,737,2169,14,6371,18,2099,3,18
"523","2020-05-27",112,6,202,313,7048,0.641316685584563,1980,8613,737,2169,12,6383,22,2121,3,22
"524","2020-05-28",105,6,185,291,7048,0.641316685584563,1980,8613,737,2169,13,6396,41,2162,4,41
"525","2020-05-29",106,6,177,265,7048,0.641316685584563,1980,8613,737,2169,11,6407,34,2196,3,34
"526","2020-05-30",98,6,173,243,7048,0.641316685584563,1980,8613,737,2169,9,6416,16,2212,2,16
"527","2020-05-31",103,6,167,237,7048,0.641316685584563,1980,8613,737,2169,6,6422,13,2225,4,13
"528","2020-06-01",103,6,153,213,7048,0.641316685584563,1980,8613,737,2169,19,6441,42,2267,6,42
"529","2020-06-02",91,6,152,196,7048,0.641316685584563,1980,8613,737,2169,14,6455,54,2321,4,54
"530","2020-06-03",86,6,140,192,7048,0.641316685584563,1980,8613,737,2169,18,6473,27,2348,4,27
"531","2020-06-04",80,6,163,187,7048,0.641316685584563,1980,8613,737,2169,6,6479,20,2368,2,20
"532","2020-06-05",80,6,178,176,7048,0.641316685584563,1980,8613,737,2169,14,6493,46,2414,3,46
"533","2020-06-06",81,6,193,160,7048,0.641316685584563,1980,8613,737,2169,13,6506,32,2446,2,32
"534","2020-06-07",67,6,220,159,7048,0.641316685584563,1980,8613,737,2169,10,6516,52,2498,5,52
"535","2020-03-13",5,7,72,274,8199,0.286254421270887,2085,9046,711,846,36,89,30,128,7,30
"536","2020-03-14",14,7,103,356,8199,0.286254421270887,2085,9046,711,846,38,127,37,165,10,37
"537","2020-03-15",50,7,125,466,8199,0.286254421270887,2085,9046,711,846,45,172,33,198,27,33
"538","2020-03-16",65,7,152,563,8199,0.286254421270887,2085,9046,711,846,59,231,64,262,34,64
"539","2020-03-17",82,7,143,651,8199,0.286254421270887,2085,9046,711,846,52,283,57,319,30,57
"540","2020-03-18",100,7,141,756,8199,0.286254421270887,2085,9046,711,846,82,365,48,367,51,48
"541","2020-03-19",126,7,136,863,8199,0.286254421270887,2085,9046,711,846,74,439,29,396,43,29
"542","2020-03-20",184,7,118,951,8199,0.286254421270887,2085,9046,711,846,85,524,7,403,68,7
"543","2020-03-21",256,7,107,1040,8199,0.286254421270887,2085,9046,711,846,98,622,10,413,68,10
"544","2020-03-22",261,7,99,1124,8199,0.286254421270887,2085,9046,711,846,107,729,31,444,81,31
"545","2020-03-23",276,7,99,1204,8199,0.286254421270887,2085,9046,711,846,124,853,22,466,102,22
"546","2020-03-24",293,7,103,1270,8199,0.286254421270887,2085,9046,711,846,160,1013,10,476,127,10
"547","2020-03-25",330,7,97,1342,8199,0.286254421270887,2085,9046,711,846,144,1157,9,485,113,9
"548","2020-03-26",362,7,88,1412,8199,0.286254421270887,2085,9046,711,846,132,1289,51,536,104,51
"549","2020-03-27",498,7,99,1436,8199,0.286254421270887,2085,9046,711,846,167,1456,50,586,145,50
"550","2020-03-28",504,7,118,1478,8199,0.286254421270887,2085,9046,711,846,182,1638,19,605,157,19
"551","2020-03-29",498,7,131,1511,8199,0.286254421270887,2085,9046,711,846,175,1813,13,618,155,13
"552","2020-03-30",492,7,155,1541,8199,0.286254421270887,2085,9046,711,846,179,1992,23,641,152,23
"553","2020-03-31",495,7,142,1598,8199,0.286254421270887,2085,9046,711,846,182,2174,23,664,158,23
"554","2020-04-01",500,7,138,1624,8199,0.286254421270887,2085,9046,711,846,192,2366,28,692,164,28
"555","2020-04-02",508,7,159,1625,8199,0.286254421270887,2085,9046,711,846,187,2553,12,704,163,12
"556","2020-04-03",570,7,188,1613,8199,0.286254421270887,2085,9046,711,846,170,2723,41,745,151,41
"557","2020-04-04",557,7,168,1623,8199,0.286254421270887,2085,9046,711,846,198,2921,33,778,179,33
"558","2020-04-05",527,7,163,1636,8199,0.286254421270887,2085,9046,711,846,166,3087,10,788,144,10
"559","2020-04-06",538,7,193,1600,8199,0.286254421270887,2085,9046,711,846,154,3241,16,804,134,16
"560","2020-04-07",520,7,199,1583,8199,0.286254421270887,2085,9046,711,846,169,3410,9,813,143,9
"561","2020-04-08",502,7,248,1575,8199,0.286254421270887,2085,9046,711,846,157,3567,11,824,141,11
"562","2020-04-09",498,7,286,1576,8199,0.286254421270887,2085,9046,711,846,167,3734,27,851,148,27
"563","2020-04-10",518,7,285,1560,8199,0.286254421270887,2085,9046,711,846,165,3899,14,865,143,14
"564","2020-04-11",555,7,280,1555,8199,0.286254421270887,2085,9046,711,846,149,4048,15,880,131,15
"565","2020-04-12",485,7,261,1538,8199,0.286254421270887,2085,9046,711,846,110,4158,15,895,93,15
"566","2020-04-13",471,7,234,1495,8199,0.286254421270887,2085,9046,711,846,128,4286,7,902,108,7
"567","2020-04-14",470,7,251,1477,8199,0.286254421270887,2085,9046,711,846,128,4414,10,912,115,10
"568","2020-04-15",479,7,241,1437,8199,0.286254421270887,2085,9046,711,846,118,4532,5,917,98,5
"569","2020-04-16",473,7,204,1395,8199,0.286254421270887,2085,9046,711,846,100,4632,55,972,83,55
"570","2020-04-17",484,7,172,1343,8199,0.286254421270887,2085,9046,711,846,113,4745,32,1004,91,32
"571","2020-04-18",469,7,149,1329,8199,0.286254421270887,2085,9046,711,846,109,4854,41,1045,95,41
"572","2020-04-19",471,7,143,1284,8199,0.286254421270887,2085,9046,711,846,86,4940,39,1084,70,39
"573","2020-04-20",445,7,147,1283,8199,0.286254421270887,2085,9046,711,846,84,5024,26,1110,62,26
"574","2020-04-21",445,7,135,1255,8199,0.286254421270887,2085,9046,711,846,75,5099,23,1133,64,23
"575","2020-04-22",442,7,139,1209,8199,0.286254421270887,2085,9046,711,846,65,5164,10,1143,53,10
"576","2020-04-23",416,7,130,1162,8199,0.286254421270887,2085,9046,711,846,78,5242,34,1177,49,34
"577","2020-04-24",444,7,183,1128,8199,0.286254421270887,2085,9046,711,846,54,5296,31,1208,43,31
"578","2020-04-25",424,7,206,1086,8199,0.286254421270887,2085,9046,711,846,70,5366,20,1228,49,20
"579","2020-04-26",355,7,191,1063,8199,0.286254421270887,2085,9046,711,846,51,5417,15,1243,38,15
"580","2020-04-27",347,7,170,1016,8199,0.286254421270887,2085,9046,711,846,66,5483,14,1257,52,14
"581","2020-04-28",335,7,170,1007,8199,0.286254421270887,2085,9046,711,846,47,5530,15,1272,33,15
"582","2020-04-29",317,7,226,993,8199,0.286254421270887,2085,9046,711,846,49,5579,16,1288,35,16
"583","2020-04-30",323,7,246,956,8199,0.286254421270887,2085,9046,711,846,52,5631,7,1295,36,7
"584","2020-05-01",297,7,236,929,8199,0.286254421270887,2085,9046,711,846,32,5663,5,1300,19,5
"585","2020-05-02",313,7,256,880,8199,0.286254421270887,2085,9046,711,846,26,5689,11,1311,14,11
"586","2020-05-03",289,7,272,847,8199,0.286254421270887,2085,9046,711,846,38,5727,43,1354,28,43
"587","2020-05-04",282,7,303,835,8199,0.286254421270887,2085,9046,711,846,27,5754,25,1379,14,25
"588","2020-05-05",265,7,312,808,8199,0.286254421270887,2085,9046,711,846,39,5793,14,1393,22,14
"589","2020-05-06",260,7,339,772,8199,0.286254421270887,2085,9046,711,846,34,5827,12,1405,16,12
"590","2020-05-07",247,7,302,748,8199,0.286254421270887,2085,9046,711,846,32,5859,10,1415,19,10
"591","2020-05-08",232,7,276,733,8199,0.286254421270887,2085,9046,711,846,34,5893,9,1424,18,9
"592","2020-05-09",231,7,267,717,8199,0.286254421270887,2085,9046,711,846,22,5915,25,1449,12,25
"593","2020-05-10",214,7,280,701,8199,0.286254421270887,2085,9046,711,846,31,5946,22,1471,20,22
"594","2020-05-11",204,7,285,660,8199,0.286254421270887,2085,9046,711,846,23,5969,11,1482,13,11
"595","2020-05-12",208,7,293,621,8199,0.286254421270887,2085,9046,711,846,15,5984,6,1488,7,6
"596","2020-05-13",199,7,305,590,8199,0.286254421270887,2085,9046,711,846,27,6011,7,1495,16,7
"597","2020-05-14",190,7,317,570,8199,0.286254421270887,2085,9046,711,846,18,6029,6,1501,12,6
"598","2020-05-15",195,7,312,536,8199,0.286254421270887,2085,9046,711,846,19,6048,41,1542,11,41
"599","2020-05-16",170,7,302,499,8199,0.286254421270887,2085,9046,711,846,21,6069,49,1591,11,49
"600","2020-05-17",172,7,302,467,8199,0.286254421270887,2085,9046,711,846,27,6096,27,1618,15,27
"601","2020-05-18",169,7,297,441,8199,0.286254421270887,2085,9046,711,846,12,6108,13,1631,5,13
"602","2020-05-19",159,7,295,422,8199,0.286254421270887,2085,9046,711,846,17,6125,17,1648,7,17
"603","2020-05-20",149,7,274,409,8199,0.286254421270887,2085,9046,711,846,22,6147,42,1690,11,42
"604","2020-05-21",146,7,270,391,8199,0.286254421270887,2085,9046,711,846,17,6164,31,1721,8,31
"605","2020-05-22",132,7,255,368,8199,0.286254421270887,2085,9046,711,846,16,6180,10,1731,9,10
"606","2020-05-23",133,7,218,347,8199,0.286254421270887,2085,9046,711,846,14,6194,26,1757,8,26
"607","2020-05-24",114,7,206,332,8199,0.286254421270887,2085,9046,711,846,15,6209,32,1789,11,32
"608","2020-05-25",104,7,211,316,8199,0.286254421270887,2085,9046,711,846,14,6223,16,1805,6,16
"609","2020-05-26",91,7,210,303,8199,0.286254421270887,2085,9046,711,846,9,6232,11,1816,5,11
"610","2020-05-27",98,7,201,293,8199,0.286254421270887,2085,9046,711,846,10,6242,9,1825,5,9
"611","2020-05-28",96,7,214,277,8199,0.286254421270887,2085,9046,711,846,10,6252,6,1831,4,6
"612","2020-05-29",85,7,220,281,8199,0.286254421270887,2085,9046,711,846,8,6260,13,1844,3,13
"613","2020-05-30",88,7,223,270,8199,0.286254421270887,2085,9046,711,846,7,6267,3,1847,5,3
"614","2020-05-31",84,7,219,257,8199,0.286254421270887,2085,9046,711,846,14,6281,4,1851,4,4
"615","2020-06-01",80,7,224,258,8199,0.286254421270887,2085,9046,711,846,9,6290,14,1865,3,14
"616","2020-06-02",82,7,240,267,8199,0.286254421270887,2085,9046,711,846,5,6295,51,1916,1,51
"617","2020-06-03",79,7,255,255,8199,0.286254421270887,2085,9046,711,846,7,6302,68,1984,5,68
"618","2020-06-04",82,7,225,240,8199,0.286254421270887,2085,9046,711,846,12,6314,66,2050,4,66
"619","2020-06-05",88,7,214,229,8199,0.286254421270887,2085,9046,711,846,11,6325,31,2081,5,31
"620","2020-06-06",80,7,203,230,8199,0.286254421270887,2085,9046,711,846,8,6333,53,2134,6,53
"621","2020-06-07",79,7,190,211,8199,0.286254421270887,2085,9046,711,846,12,6345,28,2162,9,28
"622","2020-03-08",1,8,0,0,7668,0.484611371935316,2070,8395,812,2175,NA,NA,NA,NA,NA,NA
"623","2020-03-09",1,8,0,0,7668,0.484611371935316,2070,8395,812,2175,NA,NA,NA,NA,NA,NA
"624","2020-03-10",0,8,0,0,7668,0.484611371935316,2070,8395,812,2175,NA,NA,3,3,NA,3
"625","2020-03-11",0,8,0,0,7668,0.484611371935316,2070,8395,812,2175,62,62,5,8,2,5
"626","2020-03-12",1,8,118,106,7668,0.484611371935316,2070,8395,812,2175,45,107,30,38,6,30
"627","2020-03-13",4,8,140,170,7668,0.484611371935316,2070,8395,812,2175,57,164,47,85,5,47
"628","2020-03-14",15,8,190,255,7668,0.484611371935316,2070,8395,812,2175,61,225,16,101,15,16
"629","2020-03-15",32,8,251,352,7668,0.484611371935316,2070,8395,812,2175,59,284,10,111,18,10
"630","2020-03-16",39,8,316,450,7668,0.484611371935316,2070,8395,812,2175,68,352,13,124,24,13
"631","2020-03-17",49,8,324,574,7668,0.484611371935316,2070,8395,812,2175,87,439,6,130,36,6
"632","2020-03-18",71,8,350,710,7668,0.484611371935316,2070,8395,812,2175,79,518,6,136,34,6
"633","2020-03-19",94,8,359,823,7668,0.484611371935316,2070,8395,812,2175,86,604,5,141,44,5
"634","2020-03-20",162,8,352,948,7668,0.484611371935316,2070,8395,812,2175,90,694,7,148,39,7
"635","2020-03-21",233,8,338,1070,7668,0.484611371935316,2070,8395,812,2175,79,773,48,196,38,48
"636","2020-03-22",269,8,322,1166,7668,0.484611371935316,2070,8395,812,2175,102,875,53,249,49,53
"637","2020-03-23",278,8,299,1261,7668,0.484611371935316,2070,8395,812,2175,99,974,31,280,58,31
"638","2020-03-24",304,8,293,1354,7668,0.484611371935316,2070,8395,812,2175,98,1072,20,300,49,20
"639","2020-03-25",329,8,262,1436,7668,0.484611371935316,2070,8395,812,2175,105,1177,25,325,57,25
"640","2020-03-26",354,8,285,1542,7668,0.484611371935316,2070,8395,812,2175,124,1301,23,348,74,23
"641","2020-03-27",464,8,310,1613,7668,0.484611371935316,2070,8395,812,2175,95,1396,24,372,52,24
"642","2020-03-28",479,8,324,1686,7668,0.484611371935316,2070,8395,812,2175,120,1516,46,418,60,46
"643","2020-03-29",465,8,306,1755,7668,0.484611371935316,2070,8395,812,2175,118,1634,28,446,68,28
"644","2020-03-30",478,8,299,1782,7668,0.484611371935316,2070,8395,812,2175,133,1767,24,470,84,24
"645","2020-03-31",488,8,288,1839,7668,0.484611371935316,2070,8395,812,2175,120,1887,66,536,67,66
"646","2020-04-01",518,8,285,1839,7668,0.484611371935316,2070,8395,812,2175,135,2022,30,566,80,30
"647","2020-04-02",531,8,274,1871,7668,0.484611371935316,2070,8395,812,2175,120,2142,24,590,77,24
"648","2020-04-03",638,8,278,1885,7668,0.484611371935316,2070,8395,812,2175,124,2266,24,614,79,24
"649","2020-04-04",648,8,283,1886,7668,0.484611371935316,2070,8395,812,2175,102,2368,24,638,63,24
"650","2020-04-05",599,8,264,1868,7668,0.484611371935316,2070,8395,812,2175,133,2501,14,652,78,14
"651","2020-04-06",608,8,257,1874,7668,0.484611371935316,2070,8395,812,2175,122,2623,40,692,64,40
"652","2020-04-07",595,8,255,1885,7668,0.484611371935316,2070,8395,812,2175,120,2743,62,754,71,62
"653","2020-04-08",568,8,251,1810,7668,0.484611371935316,2070,8395,812,2175,84,2827,50,804,49,50
"654","2020-04-09",577,8,288,1757,7668,0.484611371935316,2070,8395,812,2175,116,2943,41,845,70,41
"655","2020-04-10",610,8,303,1733,7668,0.484611371935316,2070,8395,812,2175,108,3051,35,880,60,35
"656","2020-04-11",598,8,270,1685,7668,0.484611371935316,2070,8395,812,2175,87,3138,63,943,55,63
"657","2020-04-12",578,8,254,1644,7668,0.484611371935316,2070,8395,812,2175,88,3226,26,969,56,26
"658","2020-04-13",567,8,255,1575,7668,0.484611371935316,2070,8395,812,2175,87,3313,25,994,46,25
"659","2020-04-14",562,8,254,1522,7668,0.484611371935316,2070,8395,812,2175,100,3413,38,1032,58,38
"660","2020-04-15",577,8,237,1473,7668,0.484611371935316,2070,8395,812,2175,94,3507,31,1063,46,31
"661","2020-04-16",552,8,241,1431,7668,0.484611371935316,2070,8395,812,2175,94,3601,58,1121,52,58
"662","2020-04-17",524,8,257,1378,7668,0.484611371935316,2070,8395,812,2175,71,3672,34,1155,24,34
"663","2020-04-18",508,8,279,1322,7668,0.484611371935316,2070,8395,812,2175,102,3774,24,1179,45,24
"664","2020-04-19",436,8,285,1262,7668,0.484611371935316,2070,8395,812,2175,94,3868,20,1199,41,20
"665","2020-04-20",424,8,274,1182,7668,0.484611371935316,2070,8395,812,2175,75,3943,9,1208,35,9
"666","2020-04-21",401,8,273,1128,7668,0.484611371935316,2070,8395,812,2175,82,4025,45,1253,49,45
"667","2020-04-22",368,8,262,1059,7668,0.484611371935316,2070,8395,812,2175,79,4104,26,1279,45,26
"668","2020-04-23",360,8,273,1007,7668,0.484611371935316,2070,8395,812,2175,92,4196,16,1295,44,16
"669","2020-04-24",343,8,282,977,7668,0.484611371935316,2070,8395,812,2175,77,4273,36,1331,37,36
"670","2020-04-25",336,8,296,934,7668,0.484611371935316,2070,8395,812,2175,86,4359,24,1355,38,24
"671","2020-04-26",350,8,299,889,7668,0.484611371935316,2070,8395,812,2175,63,4422,12,1367,33,12
"672","2020-04-27",331,8,277,852,7668,0.484611371935316,2070,8395,812,2175,76,4498,56,1423,32,56
"673","2020-04-28",321,8,284,829,7668,0.484611371935316,2070,8395,812,2175,66,4564,39,1462,32,39
"674","2020-04-29",324,8,271,786,7668,0.484611371935316,2070,8395,812,2175,72,4636,71,1533,31,71
"675","2020-04-30",310,8,286,748,7668,0.484611371935316,2070,8395,812,2175,82,4718,33,1566,40,33
"676","2020-05-01",303,8,272,728,7668,0.484611371935316,2070,8395,812,2175,50,4768,17,1583,18,17
"677","2020-05-02",300,8,265,691,7668,0.484611371935316,2070,8395,812,2175,63,4831,11,1594,30,11
"678","2020-05-03",267,8,272,645,7668,0.484611371935316,2070,8395,812,2175,47,4878,18,1612,26,18
"679","2020-05-04",262,8,274,624,7668,0.484611371935316,2070,8395,812,2175,45,4923,15,1627,15,15
"680","2020-05-05",241,8,256,599,7668,0.484611371935316,2070,8395,812,2175,53,4976,48,1675,21,48
"681","2020-05-06",221,8,266,575,7668,0.484611371935316,2070,8395,812,2175,54,5030,31,1706,18,31
"682","2020-05-07",212,8,264,568,7668,0.484611371935316,2070,8395,812,2175,51,5081,25,1731,20,25
"683","2020-05-08",193,8,275,544,7668,0.484611371935316,2070,8395,812,2175,46,5127,17,1748,16,17
"684","2020-05-09",200,8,303,523,7668,0.484611371935316,2070,8395,812,2175,44,5171,19,1767,16,19
"685","2020-05-10",188,8,321,515,7668,0.484611371935316,2070,8395,812,2175,43,5214,47,1814,25,47
"686","2020-05-11",169,8,335,491,7668,0.484611371935316,2070,8395,812,2175,47,5261,56,1870,15,56
"687","2020-05-12",174,8,305,468,7668,0.484611371935316,2070,8395,812,2175,44,5305,26,1896,17,26
"688","2020-05-13",172,8,301,432,7668,0.484611371935316,2070,8395,812,2175,44,5349,38,1934,14,38
"689","2020-05-14",174,8,302,409,7668,0.484611371935316,2070,8395,812,2175,31,5380,32,1966,14,32
"690","2020-05-15",161,8,317,389,7668,0.484611371935316,2070,8395,812,2175,40,5420,44,2010,16,44
"691","2020-05-16",142,8,318,362,7668,0.484611371935316,2070,8395,812,2175,31,5451,43,2053,13,43
"692","2020-05-17",115,8,334,352,7668,0.484611371935316,2070,8395,812,2175,27,5478,54,2107,7,54
"693","2020-05-18",112,8,351,341,7668,0.484611371935316,2070,8395,812,2175,31,5509,51,2158,11,51
"694","2020-05-19",108,8,350,328,7668,0.484611371935316,2070,8395,812,2175,36,5545,28,2186,18,28
"695","2020-05-20",109,8,343,322,7668,0.484611371935316,2070,8395,812,2175,23,5568,41,2227,5,41
"696","2020-05-21",108,8,308,301,7668,0.484611371935316,2070,8395,812,2175,26,5594,34,2261,10,34
"697","2020-05-22",106,8,320,283,7668,0.484611371935316,2070,8395,812,2175,20,5614,39,2300,9,39
"698","2020-05-23",101,8,309,280,7668,0.484611371935316,2070,8395,812,2175,27,5641,22,2322,13,22
"699","2020-05-24",96,8,311,266,7668,0.484611371935316,2070,8395,812,2175,21,5662,25,2347,6,25
"700","2020-05-25",95,8,298,256,7668,0.484611371935316,2070,8395,812,2175,17,5679,43,2390,3,43
"701","2020-05-26",89,8,299,246,7668,0.484611371935316,2070,8395,812,2175,14,5693,38,2428,2,38
"702","2020-05-27",82,8,306,242,7668,0.484611371935316,2070,8395,812,2175,26,5719,61,2489,6,61
"703","2020-05-28",71,8,339,227,7668,0.484611371935316,2070,8395,812,2175,26,5745,47,2536,6,47
"704","2020-05-29",67,8,335,212,7668,0.484611371935316,2070,8395,812,2175,13,5758,29,2565,4,29
"705","2020-05-30",66,8,340,200,7668,0.484611371935316,2070,8395,812,2175,17,5775,36,2601,4,36
"706","2020-05-31",66,8,321,185,7668,0.484611371935316,2070,8395,812,2175,20,5795,26,2627,3,26
"707","2020-06-01",64,8,341,172,7668,0.484611371935316,2070,8395,812,2175,24,5819,24,2651,6,24
"708","2020-06-02",56,8,360,173,7668,0.484611371935316,2070,8395,812,2175,24,5843,22,2673,9,22
"709","2020-06-03",55,8,354,166,7668,0.484611371935316,2070,8395,812,2175,32,5875,21,2694,8,21
"710","2020-06-04",56,8,353,153,7668,0.484611371935316,2070,8395,812,2175,12,5887,32,2726,4,32
"711","2020-06-05",57,8,379,160,7668,0.484611371935316,2070,8395,812,2175,17,5904,33,2759,5,33
"712","2020-06-06",54,8,352,153,7668,0.484611371935316,2070,8395,812,2175,14,5918,21,2780,5,21
"713","2020-06-07",55,8,348,142,7668,0.484611371935316,2070,8395,812,2175,12,5930,41,2821,5,41
"714","2020-03-14",8,9,147,105,6682,0.89404369949117,2025,7347,645,1447,19,60,50,110,8,50
"715","2020-03-15",10,9,206,142,6682,0.89404369949117,2025,7347,645,1447,32,92,30,140,18,30
"716","2020-03-16",12,9,236,183,6682,0.89404369949117,2025,7347,645,1447,30,122,21,161,16,21
"717","2020-03-17",20,9,237,236,6682,0.89404369949117,2025,7347,645,1447,40,162,55,216,31,55
"718","2020-03-18",29,9,243,302,6682,0.89404369949117,2025,7347,645,1447,65,227,29,245,46,29
"719","2020-03-19",36,9,272,367,6682,0.89404369949117,2025,7347,645,1447,55,282,13,258,45,13
"720","2020-03-20",51,9,285,426,6682,0.89404369949117,2025,7347,645,1447,69,351,11,269,57,11
"721","2020-03-21",68,9,270,516,6682,0.89404369949117,2025,7347,645,1447,64,415,5,274,50,5
"722","2020-03-22",116,9,243,613,6682,0.89404369949117,2025,7347,645,1447,96,511,5,279,85,5
"723","2020-03-23",122,9,215,720,6682,0.89404369949117,2025,7347,645,1447,75,586,10,289,63,10
"724","2020-03-24",130,9,203,822,6682,0.89404369949117,2025,7347,645,1447,73,659,9,298,62,9
"725","2020-03-25",148,9,214,910,6682,0.89404369949117,2025,7347,645,1447,95,754,23,321,76,23
"726","2020-03-26",177,9,189,1024,6682,0.89404369949117,2025,7347,645,1447,115,869,66,387,104,66
"727","2020-03-27",290,9,167,1138,6682,0.89404369949117,2025,7347,645,1447,108,977,29,416,101,29
"728","2020-03-28",376,9,146,1228,6682,0.89404369949117,2025,7347,645,1447,102,1079,8,424,87,8
"729","2020-03-29",373,9,154,1341,6682,0.89404369949117,2025,7347,645,1447,111,1190,15,439,97,15
"730","2020-03-30",378,9,153,1439,6682,0.89404369949117,2025,7347,645,1447,138,1328,77,516,121,77
"731","2020-03-31",389,9,155,1544,6682,0.89404369949117,2025,7347,645,1447,184,1512,64,580,169,64
"732","2020-04-01",412,9,216,1612,6682,0.89404369949117,2025,7347,645,1447,149,1661,31,611,135,31
"733","2020-04-02",437,9,221,1724,6682,0.89404369949117,2025,7347,645,1447,162,1823,37,648,151,37
"734","2020-04-03",561,9,284,1822,6682,0.89404369949117,2025,7347,645,1447,139,1962,34,682,131,34
"735","2020-04-04",586,9,308,1883,6682,0.89404369949117,2025,7347,645,1447,163,2125,15,697,159,15
"736","2020-04-05",556,9,287,1931,6682,0.89404369949117,2025,7347,645,1447,201,2326,21,718,191,21
"737","2020-04-06",573,9,237,1962,6682,0.89404369949117,2025,7347,645,1447,176,2502,17,735,159,17
"738","2020-04-07",599,9,226,1988,6682,0.89404369949117,2025,7347,645,1447,142,2644,9,744,135,9
"739","2020-04-08",624,9,237,2048,6682,0.89404369949117,2025,7347,645,1447,150,2794,6,750,142,6
"740","2020-04-09",629,9,234,2063,6682,0.89404369949117,2025,7347,645,1447,179,2973,8,758,167,8
"741","2020-04-10",707,9,248,2066,6682,0.89404369949117,2025,7347,645,1447,145,3118,51,809,133,51
"742","2020-04-11",709,9,264,2057,6682,0.89404369949117,2025,7347,645,1447,117,3235,36,845,109,36
"743","2020-04-12",664,9,276,2041,6682,0.89404369949117,2025,7347,645,1447,147,3382,22,867,134,22
"744","2020-04-13",668,9,266,2010,6682,0.89404369949117,2025,7347,645,1447,140,3522,14,881,133,14
"745","2020-04-14",659,9,254,1982,6682,0.89404369949117,2025,7347,645,1447,128,3650,17,898,118,17
"746","2020-04-15",661,9,253,1930,6682,0.89404369949117,2025,7347,645,1447,143,3793,13,911,132,13
"747","2020-04-16",658,9,259,1868,6682,0.89404369949117,2025,7347,645,1447,138,3931,23,934,123,23
"748","2020-04-17",704,9,286,1779,6682,0.89404369949117,2025,7347,645,1447,114,4045,51,985,100,51
"749","2020-04-18",660,9,275,1717,6682,0.89404369949117,2025,7347,645,1447,116,4161,26,1011,106,26
"750","2020-04-19",600,9,261,1664,6682,0.89404369949117,2025,7347,645,1447,111,4272,15,1026,103,15
"751","2020-04-20",586,9,265,1550,6682,0.89404369949117,2025,7347,645,1447,110,4382,17,1043,100,17
"752","2020-04-21",589,9,239,1422,6682,0.89404369949117,2025,7347,645,1447,106,4488,23,1066,98,23
"753","2020-04-22",571,9,217,1342,6682,0.89404369949117,2025,7347,645,1447,83,4571,16,1082,72,16
"754","2020-04-23",561,9,221,1268,6682,0.89404369949117,2025,7347,645,1447,69,4640,41,1123,65,41
"755","2020-04-24",471,9,239,1164,6682,0.89404369949117,2025,7347,645,1447,81,4721,52,1175,74,52
"756","2020-04-25",457,9,213,1071,6682,0.89404369949117,2025,7347,645,1447,65,4786,22,1197,63,22
"757","2020-04-26",429,9,227,940,6682,0.89404369949117,2025,7347,645,1447,67,4853,54,1251,60,54
"758","2020-04-27",401,9,272,857,6682,0.89404369949117,2025,7347,645,1447,71,4924,67,1318,68,67
"759","2020-04-28",367,9,306,806,6682,0.89404369949117,2025,7347,645,1447,61,4985,51,1369,57,51
"760","2020-04-29",336,9,277,731,6682,0.89404369949117,2025,7347,645,1447,52,5037,38,1407,44,38
"761","2020-04-30",315,9,275,681,6682,0.89404369949117,2025,7347,645,1447,54,5091,28,1435,45,28
"762","2020-05-01",275,9,282,607,6682,0.89404369949117,2025,7347,645,1447,46,5137,34,1469,42,34
"763","2020-05-02",261,9,298,552,6682,0.89404369949117,2025,7347,645,1447,55,5192,17,1486,47,17
"764","2020-05-03",236,9,286,501,6682,0.89404369949117,2025,7347,645,1447,38,5230,11,1497,31,11
"765","2020-05-04",223,9,250,445,6682,0.89404369949117,2025,7347,645,1447,60,5290,15,1512,52,15
"766","2020-05-05",197,9,220,415,6682,0.89404369949117,2025,7347,645,1447,34,5324,21,1533,31,21
"767","2020-05-06",183,9,207,381,6682,0.89404369949117,2025,7347,645,1447,45,5369,45,1578,41,45
"768","2020-05-07",165,9,236,362,6682,0.89404369949117,2025,7347,645,1447,27,5396,18,1596,20,18
"769","2020-05-08",150,9,243,344,6682,0.89404369949117,2025,7347,645,1447,35,5431,24,1620,22,24
"770","2020-05-09",145,9,237,314,6682,0.89404369949117,2025,7347,645,1447,35,5466,20,1640,34,20
"771","2020-05-10",121,9,221,303,6682,0.89404369949117,2025,7347,645,1447,25,5491,10,1650,21,10
"772","2020-05-11",111,9,208,297,6682,0.89404369949117,2025,7347,645,1447,27,5518,8,1658,22,8
"773","2020-05-12",107,9,204,287,6682,0.89404369949117,2025,7347,645,1447,25,5543,36,1694,22,36
"774","2020-05-13",106,9,290,275,6682,0.89404369949117,2025,7347,645,1447,24,5567,22,1716,19,22
"775","2020-05-14",104,9,302,257,6682,0.89404369949117,2025,7347,645,1447,25,5592,19,1735,16,19
"776","2020-05-15",89,9,315,241,6682,0.89404369949117,2025,7347,645,1447,30,5622,64,1799,25,64
"777","2020-05-16",81,9,313,221,6682,0.89404369949117,2025,7347,645,1447,19,5641,46,1845,12,46
"778","2020-05-17",85,9,286,211,6682,0.89404369949117,2025,7347,645,1447,20,5661,28,1873,16,28
"779","2020-05-18",84,9,246,192,6682,0.89404369949117,2025,7347,645,1447,16,5677,8,1881,13,8
"780","2020-05-19",80,9,232,190,6682,0.89404369949117,2025,7347,645,1447,15,5692,19,1900,13,19
"781","2020-05-20",72,9,221,183,6682,0.89404369949117,2025,7347,645,1447,13,5705,18,1918,11,18
"782","2020-05-21",70,9,207,167,6682,0.89404369949117,2025,7347,645,1447,12,5717,27,1945,6,27
"783","2020-05-22",74,9,183,157,6682,0.89404369949117,2025,7347,645,1447,12,5729,26,1971,8,26
"784","2020-05-23",77,9,167,140,6682,0.89404369949117,2025,7347,645,1447,7,5736,33,2004,7,33
"785","2020-05-24",66,9,159,138,6682,0.89404369949117,2025,7347,645,1447,17,5753,53,2057,15,53
"786","2020-05-25",57,9,151,123,6682,0.89404369949117,2025,7347,645,1447,12,5765,22,2079,10,22
"787","2020-05-26",49,9,210,117,6682,0.89404369949117,2025,7347,645,1447,14,5779,20,2099,9,20
"788","2020-05-27",48,9,256,111,6682,0.89404369949117,2025,7347,645,1447,12,5791,18,2117,8,18
"789","2020-05-28",40,9,248,100,6682,0.89404369949117,2025,7347,645,1447,9,5800,20,2137,6,20
"790","2020-05-29",40,9,244,99,6682,0.89404369949117,2025,7347,645,1447,6,5806,22,2159,3,22
"791","2020-05-30",35,9,254,91,6682,0.89404369949117,2025,7347,645,1447,12,5818,52,2211,9,52
"792","2020-05-31",30,9,284,91,6682,0.89404369949117,2025,7347,645,1447,7,5825,70,2281,6,70
"793","2020-06-01",28,9,277,92,6682,0.89404369949117,2025,7347,645,1447,15,5840,63,2344,14,63
"794","2020-06-02",31,9,268,94,6682,0.89404369949117,2025,7347,645,1447,4,5844,33,2377,2,33
"795","2020-06-03",28,9,253,93,6682,0.89404369949117,2025,7347,645,1447,7,5851,19,2396,5,19
"796","2020-06-04",28,9,265,98,6682,0.89404369949117,2025,7347,645,1447,8,5859,37,2433,6,37
"797","2020-06-05",37,9,279,96,6682,0.89404369949117,2025,7347,645,1447,7,5866,17,2450,5,17
"798","2020-06-06",35,9,251,90,6682,0.89404369949117,2025,7347,645,1447,9,5875,9,2459,7,9
"799","2020-06-07",35,9,239,83,6682,0.89404369949117,2025,7347,645,1447,7,5882,12,2471,7,12
"800","2020-03-13",1,10,119,45,6411,0.84230229293402,2085,7492,841,1736,58,161,22,44,12,22
"801","2020-03-14",7,10,101,69,6411,0.84230229293402,2085,7492,841,1736,74,235,14,58,25,14
"802","2020-03-15",15,10,116,90,6411,0.84230229293402,2085,7492,841,1736,68,303,31,89,23,31
"803","2020-03-16",13,10,137,110,6411,0.84230229293402,2085,7492,841,1736,76,379,10,99,33,10
"804","2020-03-17",11,10,139,143,6411,0.84230229293402,2085,7492,841,1736,91,470,13,112,53,13
"805","2020-03-18",17,10,189,187,6411,0.84230229293402,2085,7492,841,1736,81,551,15,127,53,15
"806","2020-03-19",21,10,225,221,6411,0.84230229293402,2085,7492,841,1736,98,649,10,137,62,10
"807","2020-03-20",37,10,248,280,6411,0.84230229293402,2085,7492,841,1736,112,761,9,146,77,9
"808","2020-03-21",45,10,236,339,6411,0.84230229293402,2085,7492,841,1736,115,876,34,180,75,34
"809","2020-03-22",73,10,206,385,6411,0.84230229293402,2085,7492,841,1736,118,994,15,195,87,15
"810","2020-03-23",83,10,189,464,6411,0.84230229293402,2085,7492,841,1736,151,1145,10,205,102,10
"811","2020-03-24",97,10,183,545,6411,0.84230229293402,2085,7492,841,1736,147,1292,15,220,101,15
"812","2020-03-25",108,10,183,618,6411,0.84230229293402,2085,7492,841,1736,165,1457,19,239,122,19
"813","2020-03-26",120,10,204,694,6411,0.84230229293402,2085,7492,841,1736,174,1631,9,248,141,9
"814","2020-03-27",167,10,191,774,6411,0.84230229293402,2085,7492,841,1736,170,1801,12,260,124,12
"815","2020-03-28",248,10,244,850,6411,0.84230229293402,2085,7492,841,1736,177,1978,15,275,142,15
"816","2020-03-29",250,10,261,931,6411,0.84230229293402,2085,7492,841,1736,149,2127,41,316,101,41
"817","2020-03-30",262,10,238,1037,6411,0.84230229293402,2085,7492,841,1736,140,2267,29,345,97,29
"818","2020-03-31",278,10,212,1117,6411,0.84230229293402,2085,7492,841,1736,159,2426,45,390,121,45
"819","2020-04-01",287,10,225,1182,6411,0.84230229293402,2085,7492,841,1736,196,2622,37,427,148,37
"820","2020-04-02",313,10,258,1292,6411,0.84230229293402,2085,7492,841,1736,170,2792,44,471,135,44
"821","2020-04-03",449,10,237,1400,6411,0.84230229293402,2085,7492,841,1736,174,2966,29,500,143,29
"822","2020-04-04",460,10,220,1460,6411,0.84230229293402,2085,7492,841,1736,164,3130,30,530,117,30
"823","2020-04-05",449,10,212,1600,6411,0.84230229293402,2085,7492,841,1736,155,3285,18,548,120,18
"824","2020-04-06",440,10,201,1720,6411,0.84230229293402,2085,7492,841,1736,167,3452,12,560,131,12
"825","2020-04-07",456,10,214,1797,6411,0.84230229293402,2085,7492,841,1736,141,3593,16,576,107,16
"826","2020-04-08",494,10,218,1872,6411,0.84230229293402,2085,7492,841,1736,155,3748,7,583,127,7
"827","2020-04-09",537,10,221,1919,6411,0.84230229293402,2085,7492,841,1736,156,3904,13,596,115,13
"828","2020-04-10",637,10,231,1957,6411,0.84230229293402,2085,7492,841,1736,125,4029,18,614,93,18
"829","2020-04-11",659,10,206,2036,6411,0.84230229293402,2085,7492,841,1736,130,4159,65,679,90,65
"830","2020-04-12",657,10,190,2096,6411,0.84230229293402,2085,7492,841,1736,129,4288,52,731,95,52
"831","2020-04-13",671,10,181,2113,6411,0.84230229293402,2085,7492,841,1736,108,4396,33,764,79,33
"832","2020-04-14",653,10,220,2078,6411,0.84230229293402,2085,7492,841,1736,111,4507,22,786,86,22
"833","2020-04-15",667,10,230,2113,6411,0.84230229293402,2085,7492,841,1736,93,4600,44,830,64,44
"834","2020-04-16",668,10,236,2063,6411,0.84230229293402,2085,7492,841,1736,105,4705,32,862,78,32
"835","2020-04-17",717,10,222,2045,6411,0.84230229293402,2085,7492,841,1736,76,4781,19,881,50,19
"836","2020-04-18",713,10,203,1977,6411,0.84230229293402,2085,7492,841,1736,108,4889,67,948,67,67
"837","2020-04-19",680,10,193,1866,6411,0.84230229293402,2085,7492,841,1736,77,4966,36,984,59,36
"838","2020-04-20",668,10,210,1803,6411,0.84230229293402,2085,7492,841,1736,80,5046,47,1031,52,47
"839","2020-04-21",665,10,195,1717,6411,0.84230229293402,2085,7492,841,1736,56,5102,37,1068,26,37
"840","2020-04-22",651,10,206,1627,6411,0.84230229293402,2085,7492,841,1736,54,5156,39,1107,29,39
"841","2020-04-23",623,10,241,1549,6411,0.84230229293402,2085,7492,841,1736,79,5235,24,1131,43,24
"842","2020-04-24",579,10,249,1439,6411,0.84230229293402,2085,7492,841,1736,60,5295,31,1162,36,31
"843","2020-04-25",583,10,239,1298,6411,0.84230229293402,2085,7492,841,1736,49,5344,19,1181,26,19
"844","2020-04-26",532,10,246,1210,6411,0.84230229293402,2085,7492,841,1736,50,5394,23,1204,28,23
"845","2020-04-27",508,10,222,1120,6411,0.84230229293402,2085,7492,841,1736,51,5445,9,1213,25,9
"846","2020-04-28",494,10,203,1027,6411,0.84230229293402,2085,7492,841,1736,47,5492,12,1225,24,12
"847","2020-04-29",461,10,201,940,6411,0.84230229293402,2085,7492,841,1736,44,5536,14,1239,20,14
"848","2020-04-30",435,10,211,883,6411,0.84230229293402,2085,7492,841,1736,40,5576,10,1249,22,10
"849","2020-05-01",383,10,239,790,6411,0.84230229293402,2085,7492,841,1736,38,5614,11,1260,16,11
"850","2020-05-02",337,10,228,706,6411,0.84230229293402,2085,7492,841,1736,37,5651,10,1270,23,10
"851","2020-05-03",287,10,205,649,6411,0.84230229293402,2085,7492,841,1736,35,5686,50,1320,19,50
"852","2020-05-04",262,10,191,581,6411,0.84230229293402,2085,7492,841,1736,46,5732,61,1381,15,61
"853","2020-05-05",231,10,188,531,6411,0.84230229293402,2085,7492,841,1736,32,5764,66,1447,16,66
"854","2020-05-06",214,10,204,490,6411,0.84230229293402,2085,7492,841,1736,30,5794,53,1500,17,53
"855","2020-05-07",196,10,192,434,6411,0.84230229293402,2085,7492,841,1736,35,5829,73,1573,13,73
"856","2020-05-08",161,10,166,399,6411,0.84230229293402,2085,7492,841,1736,41,5870,53,1626,19,53
"857","2020-05-09",150,10,173,350,6411,0.84230229293402,2085,7492,841,1736,35,5905,31,1657,11,31
"858","2020-05-10",129,10,185,320,6411,0.84230229293402,2085,7492,841,1736,37,5942,23,1680,11,23
"859","2020-05-11",121,10,235,302,6411,0.84230229293402,2085,7492,841,1736,26,5968,15,1695,15,15
"860","2020-05-12",112,10,227,285,6411,0.84230229293402,2085,7492,841,1736,22,5990,17,1712,3,17
"861","2020-05-13",114,10,192,256,6411,0.84230229293402,2085,7492,841,1736,21,6011,34,1746,9,34
"862","2020-05-14",111,10,203,237,6411,0.84230229293402,2085,7492,841,1736,34,6045,39,1785,14,39
"863","2020-05-15",88,10,222,217,6411,0.84230229293402,2085,7492,841,1736,22,6067,52,1837,9,52
"864","2020-05-16",89,10,222,206,6411,0.84230229293402,2085,7492,841,1736,28,6095,16,1853,16,16
"865","2020-05-17",88,10,223,192,6411,0.84230229293402,2085,7492,841,1736,17,6112,17,1870,7,17
"866","2020-05-18",79,10,258,188,6411,0.84230229293402,2085,7492,841,1736,20,6132,24,1894,8,24
"867","2020-05-19",75,10,285,173,6411,0.84230229293402,2085,7492,841,1736,22,6154,26,1920,11,26
"868","2020-05-20",67,10,259,160,6411,0.84230229293402,2085,7492,841,1736,17,6171,20,1940,4,20
"869","2020-05-21",63,10,259,147,6411,0.84230229293402,2085,7492,841,1736,26,6197,38,1978,10,38
"870","2020-05-22",61,10,245,142,6411,0.84230229293402,2085,7492,841,1736,23,6220,25,2003,11,25
"871","2020-05-23",51,10,270,132,6411,0.84230229293402,2085,7492,841,1736,16,6236,17,2020,6,17
"872","2020-05-24",42,10,269,126,6411,0.84230229293402,2085,7492,841,1736,16,6252,18,2038,3,18
"873","2020-05-25",43,10,237,118,6411,0.84230229293402,2085,7492,841,1736,15,6267,17,2055,7,17
"874","2020-05-26",41,10,214,112,6411,0.84230229293402,2085,7492,841,1736,14,6281,38,2093,4,38
"875","2020-05-27",34,10,199,105,6411,0.84230229293402,2085,7492,841,1736,20,6301,25,2118,9,25
"876","2020-05-28",35,10,189,100,6411,0.84230229293402,2085,7492,841,1736,18,6319,46,2164,4,46
"877","2020-05-29",34,10,220,94,6411,0.84230229293402,2085,7492,841,1736,10,6329,34,2198,4,34
"878","2020-05-30",34,10,220,94,6411,0.84230229293402,2085,7492,841,1736,11,6340,16,2214,4,16
"879","2020-05-31",31,10,239,89,6411,0.84230229293402,2085,7492,841,1736,11,6351,20,2234,1,20
"880","2020-06-01",31,10,229,88,6411,0.84230229293402,2085,7492,841,1736,17,6368,14,2248,7,14
"881","2020-06-02",28,10,219,78,6411,0.84230229293402,2085,7492,841,1736,15,6383,11,2259,5,11
"882","2020-06-03",29,10,189,76,6411,0.84230229293402,2085,7492,841,1736,20,6403,16,2275,10,16
"883","2020-06-04",24,10,173,75,6411,0.84230229293402,2085,7492,841,1736,10,6413,10,2285,3,10
"884","2020-06-05",28,10,145,68,6411,0.84230229293402,2085,7492,841,1736,8,6421,7,2292,3,7
"885","2020-06-06",26,10,131,61,6411,0.84230229293402,2085,7492,841,1736,6,6427,24,2316,3,24
"886","2020-06-07",28,10,120,65,6411,0.84230229293402,2085,7492,841,1736,4,6431,62,2378,2,62
"887","2020-03-13",2,11,168,154,7895,0.588727042431919,2040,7975,870,1539,85,246,48,157,13,48
"888","2020-03-14",21,11,216,222,7895,0.588727042431919,2040,7975,870,1539,103,349,77,234,35,77
"889","2020-03-15",26,11,236,319,7895,0.588727042431919,2040,7975,870,1539,115,464,55,289,41,55
"890","2020-03-16",33,11,235,412,7895,0.588727042431919,2040,7975,870,1539,117,581,50,339,42,50
"891","2020-03-17",51,11,216,514,7895,0.588727042431919,2040,7975,870,1539,143,724,69,408,71,69
"892","2020-03-18",68,11,201,614,7895,0.588727042431919,2040,7975,870,1539,132,856,46,454,58,46
"893","2020-03-19",91,11,177,750,7895,0.588727042431919,2040,7975,870,1539,142,998,46,500,81,46
"894","2020-03-20",156,11,178,861,7895,0.588727042431919,2040,7975,870,1539,203,1201,53,553,125,53
"895","2020-03-21",182,11,203,1007,7895,0.588727042431919,2040,7975,870,1539,172,1373,41,594,88,41
"896","2020-03-22",278,11,199,1115,7895,0.588727042431919,2040,7975,870,1539,158,1531,39,633,100,39
"897","2020-03-23",297,11,179,1275,7895,0.588727042431919,2040,7975,870,1539,169,1700,31,664,106,31
"898","2020-03-24",286,11,169,1426,7895,0.588727042431919,2040,7975,870,1539,166,1866,50,714,102,50
"899","2020-03-25",311,11,219,1579,7895,0.588727042431919,2040,7975,870,1539,192,2058,37,751,119,37
"900","2020-03-26",346,11,257,1687,7895,0.588727042431919,2040,7975,870,1539,185,2243,32,783,116,32
"901","2020-03-27",518,11,289,1792,7895,0.588727042431919,2040,7975,870,1539,176,2419,45,828,117,45
"902","2020-03-28",577,11,257,1879,7895,0.588727042431919,2040,7975,870,1539,173,2592,27,855,121,27
"903","2020-03-29",564,11,293,2005,7895,0.588727042431919,2040,7975,870,1539,196,2788,46,901,127,46
"904","2020-03-30",589,11,277,2111,7895,0.588727042431919,2040,7975,870,1539,166,2954,31,932,112,31
"905","2020-03-31",612,11,253,2169,7895,0.588727042431919,2040,7975,870,1539,157,3111,30,962,105,30
"906","2020-04-01",643,11,245,2229,7895,0.588727042431919,2040,7975,870,1539,186,3297,35,997,124,35
"907","2020-04-02",672,11,257,2257,7895,0.588727042431919,2040,7975,870,1539,172,3469,41,1038,118,41
"908","2020-04-03",775,11,293,2314,7895,0.588727042431919,2040,7975,870,1539,162,3631,17,1055,101,17
"909","2020-04-04",780,11,305,2384,7895,0.588727042431919,2040,7975,870,1539,144,3775,33,1088,92,33
"910","2020-04-05",724,11,288,2375,7895,0.588727042431919,2040,7975,870,1539,127,3902,38,1126,65,38
"911","2020-04-06",746,11,270,2311,7895,0.588727042431919,2040,7975,870,1539,156,4058,31,1157,106,31
"912","2020-04-07",743,11,251,2283,7895,0.588727042431919,2040,7975,870,1539,132,4190,53,1210,69,53
"913","2020-04-08",762,11,289,2237,7895,0.588727042431919,2040,7975,870,1539,127,4317,41,1251,76,41
"914","2020-04-09",759,11,275,2191,7895,0.588727042431919,2040,7975,870,1539,136,4453,37,1288,85,37
"915","2020-04-10",805,11,249,2136,7895,0.588727042431919,2040,7975,870,1539,98,4551,47,1335,55,47
"916","2020-04-11",787,11,216,2045,7895,0.588727042431919,2040,7975,870,1539,122,4673,42,1377,70,42
"917","2020-04-12",724,11,184,1911,7895,0.588727042431919,2040,7975,870,1539,126,4799,29,1406,60,29
"918","2020-04-13",679,11,176,1812,7895,0.588727042431919,2040,7975,870,1539,122,4921,36,1442,62,36
"919","2020-04-14",663,11,163,1734,7895,0.588727042431919,2040,7975,870,1539,101,5022,28,1470,57,28
"920","2020-04-15",631,11,166,1620,7895,0.588727042431919,2040,7975,870,1539,101,5123,34,1504,67,34
"921","2020-04-16",604,11,160,1519,7895,0.588727042431919,2040,7975,870,1539,76,5199,22,1526,44,22
"922","2020-04-17",553,11,141,1435,7895,0.588727042431919,2040,7975,870,1539,90,5289,40,1566,38,40
"923","2020-04-18",530,11,138,1342,7895,0.588727042431919,2040,7975,870,1539,79,5368,37,1603,43,37
"924","2020-04-19",474,11,166,1281,7895,0.588727042431919,2040,7975,870,1539,71,5439,37,1640,40,37
"925","2020-04-20",464,11,258,1212,7895,0.588727042431919,2040,7975,870,1539,79,5518,29,1669,44,29
"926","2020-04-21",440,11,320,1142,7895,0.588727042431919,2040,7975,870,1539,81,5599,23,1692,32,23
"927","2020-04-22",419,11,292,1060,7895,0.588727042431919,2040,7975,870,1539,60,5659,34,1726,24,34
"928","2020-04-23",394,11,244,985,7895,0.588727042431919,2040,7975,870,1539,61,5720,38,1764,25,38
"929","2020-04-24",343,11,234,925,7895,0.588727042431919,2040,7975,870,1539,60,5780,56,1820,25,56
"930","2020-04-25",321,11,201,877,7895,0.588727042431919,2040,7975,870,1539,52,5832,48,1868,27,48
"931","2020-04-26",307,11,213,814,7895,0.588727042431919,2040,7975,870,1539,64,5896,35,1903,22,35
"932","2020-04-27",296,11,241,768,7895,0.588727042431919,2040,7975,870,1539,59,5955,41,1944,21,41
"933","2020-04-28",282,11,223,724,7895,0.588727042431919,2040,7975,870,1539,50,6005,27,1971,17,27
"934","2020-04-29",269,11,205,687,7895,0.588727042431919,2040,7975,870,1539,46,6051,30,2001,13,30
"935","2020-04-30",257,11,194,628,7895,0.588727042431919,2040,7975,870,1539,44,6095,36,2037,19,36
"936","2020-05-01",235,11,195,586,7895,0.588727042431919,2040,7975,870,1539,41,6136,36,2073,11,36
"937","2020-05-02",227,11,260,548,7895,0.588727042431919,2040,7975,870,1539,42,6178,31,2104,18,31
"938","2020-05-03",194,11,254,527,7895,0.588727042431919,2040,7975,870,1539,36,6214,35,2139,9,35
"939","2020-05-04",179,11,240,500,7895,0.588727042431919,2040,7975,870,1539,33,6247,40,2179,10,40
"940","2020-05-05",166,11,213,484,7895,0.588727042431919,2040,7975,870,1539,51,6298,34,2213,16,34
"941","2020-05-06",158,11,269,453,7895,0.588727042431919,2040,7975,870,1539,32,6330,43,2256,6,43
"942","2020-05-07",150,11,273,437,7895,0.588727042431919,2040,7975,870,1539,35,6365,29,2285,15,29
"943","2020-05-08",135,11,310,417,7895,0.588727042431919,2040,7975,870,1539,25,6390,57,2342,12,57
"944","2020-05-09",153,11,345,396,7895,0.588727042431919,2040,7975,870,1539,28,6418,46,2388,9,46
"945","2020-05-10",138,11,339,360,7895,0.588727042431919,2040,7975,870,1539,28,6446,32,2420,11,32
"946","2020-05-11",143,11,321,350,7895,0.588727042431919,2040,7975,870,1539,32,6478,28,2448,8,28
"947","2020-05-12",136,11,341,331,7895,0.588727042431919,2040,7975,870,1539,30,6508,34,2482,2,34
"948","2020-05-13",130,11,337,300,7895,0.588727042431919,2040,7975,870,1539,30,6538,35,2517,8,35
"949","2020-05-14",132,11,284,284,7895,0.588727042431919,2040,7975,870,1539,22,6560,28,2545,3,28
"950","2020-05-15",134,11,256,269,7895,0.588727042431919,2040,7975,870,1539,19,6579,40,2585,5,40
"951","2020-05-16",120,11,228,258,7895,0.588727042431919,2040,7975,870,1539,23,6602,33,2618,8,33
"952","2020-05-17",108,11,215,245,7895,0.588727042431919,2040,7975,870,1539,27,6629,30,2648,9,30
"953","2020-05-18",89,11,196,239,7895,0.588727042431919,2040,7975,870,1539,33,6662,41,2689,10,41
"954","2020-05-19",85,11,183,221,7895,0.588727042431919,2040,7975,870,1539,20,6682,37,2726,5,37
"955","2020-05-20",82,11,166,215,7895,0.588727042431919,2040,7975,870,1539,13,6695,50,2776,5,50
"956","2020-05-21",75,11,154,204,7895,0.588727042431919,2040,7975,870,1539,21,6716,46,2822,7,46
"957","2020-05-22",65,11,148,198,7895,0.588727042431919,2040,7975,870,1539,16,6732,22,2844,7,22
"958","2020-05-23",66,11,153,189,7895,0.588727042431919,2040,7975,870,1539,22,6754,48,2892,8,48
"959","2020-05-24",56,11,162,189,7895,0.588727042431919,2040,7975,870,1539,17,6771,40,2932,4,40
"960","2020-05-25",55,11,174,174,7895,0.588727042431919,2040,7975,870,1539,18,6789,43,2975,5,43
"961","2020-05-26",52,11,225,169,7895,0.588727042431919,2040,7975,870,1539,17,6806,36,3011,3,36
"962","2020-05-27",46,11,231,164,7895,0.588727042431919,2040,7975,870,1539,16,6822,52,3063,4,52
"963","2020-05-28",45,11,215,160,7895,0.588727042431919,2040,7975,870,1539,10,6832,43,3106,1,43
"964","2020-05-29",54,11,200,157,7895,0.588727042431919,2040,7975,870,1539,17,6849,40,3146,2,40
"965","2020-05-30",49,11,188,147,7895,0.588727042431919,2040,7975,870,1539,18,6867,36,3182,3,36
"966","2020-05-31",46,11,175,143,7895,0.588727042431919,2040,7975,870,1539,14,6881,67,3249,5,67
"967","2020-06-01",40,11,172,131,7895,0.588727042431919,2040,7975,870,1539,10,6891,49,3298,3,49
"968","2020-06-02",45,11,180,120,7895,0.588727042431919,2040,7975,870,1539,16,6907,50,3348,5,50
"969","2020-06-03",47,11,178,117,7895,0.588727042431919,2040,7975,870,1539,6,6913,54,3402,NA,54
"970","2020-06-04",47,11,159,106,7895,0.588727042431919,2040,7975,870,1539,5,6918,36,3438,2,36
"971","2020-06-05",42,11,141,101,7895,0.588727042431919,2040,7975,870,1539,12,6930,50,3488,1,50
"972","2020-06-06",43,11,153,98,7895,0.588727042431919,2040,7975,870,1539,11,6941,50,3538,3,50
"973","2020-06-07",40,11,195,95,7895,0.588727042431919,2040,7975,870,1539,10,6951,27,3565,3,27
"974","2020-03-07",1,12,0,0,7551,0.370414514633823,2040,8796,871,1182,NA,NA,NA,NA,NA,NA
"975","2020-03-08",1,12,0,0,7551,0.370414514633823,2040,8796,871,1182,NA,NA,NA,NA,NA,NA
"976","2020-03-09",0,12,0,0,7551,0.370414514633823,2040,8796,871,1182,NA,NA,NA,NA,NA,NA
"977","2020-03-10",0,12,0,0,7551,0.370414514633823,2040,8796,871,1182,NA,NA,2,2,NA,2
"978","2020-03-11",0,12,0,0,7551,0.370414514633823,2040,8796,871,1182,31,31,22,24,2,22
"979","2020-03-12",1,12,42,161,7551,0.370414514633823,2040,8796,871,1182,47,78,30,54,3,30
"980","2020-03-13",8,12,52,241,7551,0.370414514633823,2040,8796,871,1182,43,121,22,76,7,22
"981","2020-03-14",17,12,60,330,7551,0.370414514633823,2040,8796,871,1182,47,168,45,121,18,45
"982","2020-03-15",43,12,83,424,7551,0.370414514633823,2040,8796,871,1182,73,241,49,170,30,49
"983","2020-03-16",59,12,111,527,7551,0.370414514633823,2040,8796,871,1182,64,305,60,230,33,60
"984","2020-03-17",75,12,129,642,7551,0.370414514633823,2040,8796,871,1182,76,381,62,292,41,62
"985","2020-03-18",93,12,143,727,7551,0.370414514633823,2040,8796,871,1182,87,468,68,360,56,68
"986","2020-03-19",119,12,149,848,7551,0.370414514633823,2040,8796,871,1182,92,560,43,403,68,43
"987","2020-03-20",186,12,138,937,7551,0.370414514633823,2040,8796,871,1182,102,662,68,471,70,68
"988","2020-03-21",237,12,164,1043,7551,0.370414514633823,2040,8796,871,1182,100,762,61,532,71,61
"989","2020-03-22",297,12,210,1137,7551,0.370414514633823,2040,8796,871,1182,108,870,33,565,69,33
"990","2020-03-23",299,12,206,1206,7551,0.370414514633823,2040,8796,871,1182,127,997,23,588,102,23
"991","2020-03-24",308,12,214,1251,7551,0.370414514633823,2040,8796,871,1182,129,1126,34,622,89,34
"992","2020-03-25",345,12,251,1326,7551,0.370414514633823,2040,8796,871,1182,160,1286,18,640,121,18
"993","2020-03-26",365,12,251,1383,7551,0.370414514633823,2040,8796,871,1182,140,1426,44,684,110,44
"994","2020-03-27",464,12,244,1422,7551,0.370414514633823,2040,8796,871,1182,146,1572,21,705,114,21
"995","2020-03-28",482,12,228,1456,7551,0.370414514633823,2040,8796,871,1182,187,1759,15,720,149,15
"996","2020-03-29",459,12,238,1486,7551,0.370414514633823,2040,8796,871,1182,126,1885,18,738,94,18
"997","2020-03-30",466,12,249,1546,7551,0.370414514633823,2040,8796,871,1182,152,2037,21,759,126,21
"998","2020-03-31",479,12,258,1539,7551,0.370414514633823,2040,8796,871,1182,155,2192,14,773,121,14
"999","2020-04-01",474,12,259,1549,7551,0.370414514633823,2040,8796,871,1182,161,2353,30,803,127,30
"1000","2020-04-02",473,12,228,1539,7551,0.370414514633823,2040,8796,871,1182,160,2513,77,880,133,77
"1001","2020-04-03",580,12,221,1579,7551,0.370414514633823,2040,8796,871,1182,132,2645,74,954,107,74
"1002","2020-04-04",602,12,203,1585,7551,0.370414514633823,2040,8796,871,1182,167,2812,38,992,137,38
"1003","2020-04-05",534,12,206,1564,7551,0.370414514633823,2040,8796,871,1182,137,2949,65,1057,100,65
"1004","2020-04-06",543,12,221,1554,7551,0.370414514633823,2040,8796,871,1182,124,3073,32,1089,87,32
"1005","2020-04-07",534,12,199,1514,7551,0.370414514633823,2040,8796,871,1182,147,3220,19,1108,119,19
"1006","2020-04-08",540,12,210,1499,7551,0.370414514633823,2040,8796,871,1182,107,3327,29,1137,81,29
"1007","2020-04-09",549,12,246,1484,7551,0.370414514633823,2040,8796,871,1182,137,3464,18,1155,106,18
"1008","2020-04-10",525,12,237,1456,7551,0.370414514633823,2040,8796,871,1182,136,3600,20,1175,100,20
"1009","2020-04-11",502,12,225,1450,7551,0.370414514633823,2040,8796,871,1182,109,3709,13,1188,85,13
"1010","2020-04-12",513,12,220,1424,7551,0.370414514633823,2040,8796,871,1182,131,3840,80,1268,94,80
"1011","2020-04-13",504,12,215,1377,7551,0.370414514633823,2040,8796,871,1182,114,3954,31,1299,82,31
"1012","2020-04-14",474,12,224,1327,7551,0.370414514633823,2040,8796,871,1182,102,4056,38,1337,82,38
"1013","2020-04-15",452,12,218,1296,7551,0.370414514633823,2040,8796,871,1182,98,4154,74,1411,71,74
"1014","2020-04-16",444,12,225,1266,7551,0.370414514633823,2040,8796,871,1182,109,4263,65,1476,82,65
"1015","2020-04-17",474,12,196,1232,7551,0.370414514633823,2040,8796,871,1182,95,4358,62,1538,73,62
"1016","2020-04-18",481,12,192,1199,7551,0.370414514633823,2040,8796,871,1182,93,4451,62,1600,60,62
"1017","2020-04-19",419,12,186,1163,7551,0.370414514633823,2040,8796,871,1182,98,4549,50,1650,72,50
"1018","2020-04-20",404,12,197,1121,7551,0.370414514633823,2040,8796,871,1182,91,4640,27,1677,69,27
"1019","2020-04-21",397,12,208,1100,7551,0.370414514633823,2040,8796,871,1182,76,4716,45,1722,53,45
"1020","2020-04-22",398,12,205,1066,7551,0.370414514633823,2040,8796,871,1182,83,4799,21,1743,57,21
"1021","2020-04-23",383,12,187,1037,7551,0.370414514633823,2040,8796,871,1182,59,4858,29,1772,42,29
"1022","2020-04-24",359,12,175,1017,7551,0.370414514633823,2040,8796,871,1182,70,4928,30,1802,42,30
"1023","2020-04-25",339,12,173,988,7551,0.370414514633823,2040,8796,871,1182,54,4982,40,1842,36,40
"1024","2020-04-26",302,12,213,965,7551,0.370414514633823,2040,8796,871,1182,52,5034,12,1854,36,12
"1025","2020-04-27",296,12,209,941,7551,0.370414514633823,2040,8796,871,1182,70,5104,11,1865,44,11
"1026","2020-04-28",293,12,247,918,7551,0.370414514633823,2040,8796,871,1182,46,5150,24,1889,28,24
"1027","2020-04-29",301,12,272,891,7551,0.370414514633823,2040,8796,871,1182,45,5195,14,1903,22,14
"1028","2020-04-30",293,12,275,868,7551,0.370414514633823,2040,8796,871,1182,60,5255,17,1920,34,17
"1029","2020-05-01",272,12,289,823,7551,0.370414514633823,2040,8796,871,1182,45,5300,48,1968,28,48
"1030","2020-05-02",282,12,292,815,7551,0.370414514633823,2040,8796,871,1182,35,5335,25,1993,19,25
"1031","2020-05-03",260,12,284,796,7551,0.370414514633823,2040,8796,871,1182,38,5373,13,2006,22,13
"1032","2020-05-04",246,12,278,788,7551,0.370414514633823,2040,8796,871,1182,40,5413,8,2014,22,8
"1033","2020-05-05",234,12,287,768,7551,0.370414514633823,2040,8796,871,1182,41,5454,19,2033,19,19
"1034","2020-05-06",225,12,277,739,7551,0.370414514633823,2040,8796,871,1182,27,5481,18,2051,12,18
"1035","2020-05-07",229,12,276,717,7551,0.370414514633823,2040,8796,871,1182,37,5518,29,2080,17,29
"1036","2020-05-08",227,12,252,700,7551,0.370414514633823,2040,8796,871,1182,36,5554,70,2150,18,70
"1037","2020-05-09",229,12,260,678,7551,0.370414514633823,2040,8796,871,1182,40,5594,79,2229,20,79
"1038","2020-05-10",218,12,243,663,7551,0.370414514633823,2040,8796,871,1182,27,5621,35,2264,14,35
"1039","2020-05-11",216,12,237,623,7551,0.370414514633823,2040,8796,871,1182,26,5647,27,2291,10,27
"1040","2020-05-12",217,12,255,601,7551,0.370414514633823,2040,8796,871,1182,34,5681,44,2335,18,44
"1041","2020-05-13",208,12,281,576,7551,0.370414514633823,2040,8796,871,1182,29,5710,38,2373,15,38
"1042","2020-05-14",200,12,300,553,7551,0.370414514633823,2040,8796,871,1182,25,5735,52,2425,14,52
"1043","2020-05-15",212,12,274,510,7551,0.370414514633823,2040,8796,871,1182,40,5775,38,2463,25,38
"1044","2020-05-16",203,12,277,491,7551,0.370414514633823,2040,8796,871,1182,20,5795,53,2516,9,53
"1045","2020-05-17",192,12,273,470,7551,0.370414514633823,2040,8796,871,1182,23,5818,31,2547,12,31
"1046","2020-05-18",180,12,268,436,7551,0.370414514633823,2040,8796,871,1182,27,5845,15,2562,14,15
"1047","2020-05-19",173,12,250,416,7551,0.370414514633823,2040,8796,871,1182,18,5863,14,2576,7,14
"1048","2020-05-20",164,12,233,403,7551,0.370414514633823,2040,8796,871,1182,31,5894,13,2589,14,13
"1049","2020-05-21",161,12,218,399,7551,0.370414514633823,2040,8796,871,1182,18,5912,60,2649,7,60
"1050","2020-05-22",139,12,205,370,7551,0.370414514633823,2040,8796,871,1182,18,5930,60,2709,8,60
"1051","2020-05-23",137,12,201,349,7551,0.370414514633823,2040,8796,871,1182,17,5947,63,2772,8,63
"1052","2020-05-24",129,12,210,338,7551,0.370414514633823,2040,8796,871,1182,21,5968,29,2801,11,29
"1053","2020-05-25",120,12,188,326,7551,0.370414514633823,2040,8796,871,1182,20,5988,22,2823,10,22
"1054","2020-05-26",118,12,182,299,7551,0.370414514633823,2040,8796,871,1182,16,6004,19,2842,8,19
"1055","2020-05-27",111,12,163,276,7551,0.370414514633823,2040,8796,871,1182,18,6022,21,2863,12,21
"1056","2020-05-28",106,12,176,268,7551,0.370414514633823,2040,8796,871,1182,13,6035,17,2880,6,17
"1057","2020-05-29",88,12,197,258,7551,0.370414514633823,2040,8796,871,1182,10,6045,19,2899,4,19
"1058","2020-05-30",78,12,209,251,7551,0.370414514633823,2040,8796,871,1182,8,6053,22,2921,6,22
"1059","2020-05-31",72,12,199,247,7551,0.370414514633823,2040,8796,871,1182,8,6061,50,2971,5,50
"1060","2020-06-01",69,12,209,225,7551,0.370414514633823,2040,8796,871,1182,11,6072,58,3029,3,58
"1061","2020-06-02",67,12,208,210,7551,0.370414514633823,2040,8796,871,1182,13,6085,62,3091,7,62
"1062","2020-06-03",70,12,199,201,7551,0.370414514633823,2040,8796,871,1182,16,6101,29,3120,9,29
"1063","2020-06-04",68,12,203,197,7551,0.370414514633823,2040,8796,871,1182,17,6118,29,3149,12,29
"1064","2020-06-05",71,12,197,184,7551,0.370414514633823,2040,8796,871,1182,8,6126,14,3163,5,14
"1065","2020-06-06",68,12,200,174,7551,0.370414514633823,2040,8796,871,1182,8,6134,8,3171,6,8
"1066","2020-06-07",71,12,190,159,7551,0.370414514633823,2040,8796,871,1182,10,6144,9,3180,6,9
"1067","2020-03-14",5,13,109,110,6572,0.773584905660377,2100,7653,749,1189,56,191,17,96,16,17
"1068","2020-03-15",12,13,114,144,6572,0.773584905660377,2100,7653,749,1189,64,255,9,105,16,9
"1069","2020-03-16",14,13,114,188,6572,0.773584905660377,2100,7653,749,1189,85,340,16,121,28,16
"1070","2020-03-17",17,13,124,236,6572,0.773584905660377,2100,7653,749,1189,82,422,24,145,38,24
"1071","2020-03-18",27,13,160,297,6572,0.773584905660377,2100,7653,749,1189,96,518,17,162,55,17
"1072","2020-03-19",45,13,194,349,6572,0.773584905660377,2100,7653,749,1189,101,619,32,194,54,32
"1073","2020-03-20",65,13,206,424,6572,0.773584905660377,2100,7653,749,1189,120,739,19,213,67,19
"1074","2020-03-21",121,13,226,489,6572,0.773584905660377,2100,7653,749,1189,112,851,19,232,72,19
"1075","2020-03-22",132,13,239,553,6572,0.773584905660377,2100,7653,749,1189,96,947,23,255,56,23
"1076","2020-03-23",140,13,243,655,6572,0.773584905660377,2100,7653,749,1189,120,1067,39,294,81,39
"1077","2020-03-24",156,13,279,727,6572,0.773584905660377,2100,7653,749,1189,129,1196,19,313,84,19
"1078","2020-03-25",173,13,271,815,6572,0.773584905660377,2100,7653,749,1189,142,1338,16,329,104,16
"1079","2020-03-26",191,13,260,896,6572,0.773584905660377,2100,7653,749,1189,143,1481,20,349,86,20
"1080","2020-03-27",291,13,257,983,6572,0.773584905660377,2100,7653,749,1189,139,1620,30,379,92,30
"1081","2020-03-28",313,13,256,1079,6572,0.773584905660377,2100,7653,749,1189,160,1780,41,420,124,41
"1082","2020-03-29",336,13,240,1168,6572,0.773584905660377,2100,7653,749,1189,115,1895,40,460,76,40
"1083","2020-03-30",343,13,244,1267,6572,0.773584905660377,2100,7653,749,1189,124,2019,27,487,85,27
"1084","2020-03-31",343,13,239,1378,6572,0.773584905660377,2100,7653,749,1189,125,2144,13,500,81,13
"1085","2020-04-01",364,13,237,1483,6572,0.773584905660377,2100,7653,749,1189,133,2277,21,521,80,21
"1086","2020-04-02",377,13,257,1541,6572,0.773584905660377,2100,7653,749,1189,138,2415,41,562,92,41
"1087","2020-04-03",520,13,265,1596,6572,0.773584905660377,2100,7653,749,1189,136,2551,39,601,82,39
"1088","2020-04-04",554,13,282,1710,6572,0.773584905660377,2100,7653,749,1189,144,2695,44,645,102,44
"1089","2020-04-05",508,13,283,1761,6572,0.773584905660377,2100,7653,749,1189,133,2828,37,682,90,37
"1090","2020-04-06",532,13,275,1800,6572,0.773584905660377,2100,7653,749,1189,120,2948,41,723,87,41
"1091","2020-04-07",568,13,257,1886,6572,0.773584905660377,2100,7653,749,1189,132,3080,41,764,93,41
"1092","2020-04-08",597,13,250,1925,6572,0.773584905660377,2100,7653,749,1189,107,3187,23,787,70,23
"1093","2020-04-09",614,13,277,1935,6572,0.773584905660377,2100,7653,749,1189,127,3314,16,803,85,16
"1094","2020-04-10",649,13,264,1917,6572,0.773584905660377,2100,7653,749,1189,133,3447,22,825,88,22
"1095","2020-04-11",637,13,251,1897,6572,0.773584905660377,2100,7653,749,1189,126,3573,18,843,83,18
"1096","2020-04-12",648,13,238,1887,6572,0.773584905660377,2100,7653,749,1189,118,3691,47,890,66,47
"1097","2020-04-13",623,13,253,1879,6572,0.773584905660377,2100,7653,749,1189,141,3832,45,935,95,45
"1098","2020-04-14",606,13,250,1837,6572,0.773584905660377,2100,7653,749,1189,111,3943,21,956,80,21
"1099","2020-04-15",581,13,235,1785,6572,0.773584905660377,2100,7653,749,1189,95,4038,13,969,52,13
"1100","2020-04-16",577,13,237,1730,6572,0.773584905660377,2100,7653,749,1189,115,4153,9,978,75,9
"1101","2020-04-17",627,13,242,1688,6572,0.773584905660377,2100,7653,749,1189,123,4276,9,987,84,9
"1102","2020-04-18",620,13,279,1624,6572,0.773584905660377,2100,7653,749,1189,93,4369,11,998,50,11
"1103","2020-04-19",547,13,280,1526,6572,0.773584905660377,2100,7653,749,1189,109,4478,11,1009,63,11
"1104","2020-04-20",551,13,236,1453,6572,0.773584905660377,2100,7653,749,1189,86,4564,38,1047,59,38
"1105","2020-04-21",548,13,235,1369,6572,0.773584905660377,2100,7653,749,1189,86,4650,32,1079,46,32
"1106","2020-04-22",546,13,258,1300,6572,0.773584905660377,2100,7653,749,1189,97,4747,48,1127,51,48
"1107","2020-04-23",538,13,275,1252,6572,0.773584905660377,2100,7653,749,1189,84,4831,50,1177,49,50
"1108","2020-04-24",453,13,275,1186,6572,0.773584905660377,2100,7653,749,1189,81,4912,32,1209,48,32
"1109","2020-04-25",439,13,288,1137,6572,0.773584905660377,2100,7653,749,1189,70,4982,15,1224,43,15
"1110","2020-04-26",412,13,271,1067,6572,0.773584905660377,2100,7653,749,1189,58,5040,15,1239,28,15
"1111","2020-04-27",386,13,306,984,6572,0.773584905660377,2100,7653,749,1189,59,5099,8,1247,33,8
"1112","2020-04-28",366,13,302,900,6572,0.773584905660377,2100,7653,749,1189,69,5168,12,1259,44,12
"1113","2020-04-29",348,13,295,839,6572,0.773584905660377,2100,7653,749,1189,58,5226,14,1273,29,14
"1114","2020-04-30",329,13,311,812,6572,0.773584905660377,2100,7653,749,1189,48,5274,59,1332,25,59
"1115","2020-05-01",324,13,306,757,6572,0.773584905660377,2100,7653,749,1189,55,5329,73,1405,22,73
"1116","2020-05-02",306,13,298,711,6572,0.773584905660377,2100,7653,749,1189,60,5389,53,1458,27,53
"1117","2020-05-03",270,13,285,656,6572,0.773584905660377,2100,7653,749,1189,65,5454,45,1503,37,45
"1118","2020-05-04",254,13,257,619,6572,0.773584905660377,2100,7653,749,1189,53,5507,31,1534,23,31
"1119","2020-05-05",240,13,247,562,6572,0.773584905660377,2100,7653,749,1189,49,5556,26,1560,24,26
"1120","2020-05-06",225,13,245,533,6572,0.773584905660377,2100,7653,749,1189,47,5603,17,1577,21,17
"1121","2020-05-07",213,13,236,512,6572,0.773584905660377,2100,7653,749,1189,33,5636,50,1627,17,50
"1122","2020-05-08",183,13,237,487,6572,0.773584905660377,2100,7653,749,1189,33,5669,42,1669,16,42
"1123","2020-05-09",188,13,248,467,6572,0.773584905660377,2100,7653,749,1189,39,5708,19,1688,16,19
"1124","2020-05-10",185,13,279,433,6572,0.773584905660377,2100,7653,749,1189,38,5746,14,1702,13,14
"1125","2020-05-11",181,13,282,412,6572,0.773584905660377,2100,7653,749,1189,26,5772,9,1711,11,9
"1126","2020-05-12",159,13,255,375,6572,0.773584905660377,2100,7653,749,1189,31,5803,11,1722,10,11
"1127","2020-05-13",154,13,230,340,6572,0.773584905660377,2100,7653,749,1189,30,5833,8,1730,14,8
"1128","2020-05-14",142,13,232,330,6572,0.773584905660377,2100,7653,749,1189,29,5862,11,1741,12,11
"1129","2020-05-15",127,13,225,317,6572,0.773584905660377,2100,7653,749,1189,30,5892,4,1745,13,4
"1130","2020-05-16",132,13,223,294,6572,0.773584905660377,2100,7653,749,1189,24,5916,5,1750,9,5
"1131","2020-05-17",116,13,202,270,6572,0.773584905660377,2100,7653,749,1189,27,5943,7,1757,2,7
"1132","2020-05-18",97,13,210,269,6572,0.773584905660377,2100,7653,749,1189,22,5965,32,1789,9,32
"1133","2020-05-19",97,13,216,232,6572,0.773584905660377,2100,7653,749,1189,22,5987,18,1807,5,18
"1134","2020-05-20",96,13,228,218,6572,0.773584905660377,2100,7653,749,1189,25,6012,26,1833,10,26
"1135","2020-05-21",94,13,228,199,6572,0.773584905660377,2100,7653,749,1189,22,6034,29,1862,12,29
"1136","2020-05-22",92,13,243,189,6572,0.773584905660377,2100,7653,749,1189,25,6059,13,1875,8,13
"1137","2020-05-23",77,13,276,174,6572,0.773584905660377,2100,7653,749,1189,23,6082,14,1889,10,14
"1138","2020-05-24",76,13,274,160,6572,0.773584905660377,2100,7653,749,1189,15,6097,35,1924,5,35
"1139","2020-05-25",75,13,286,156,6572,0.773584905660377,2100,7653,749,1189,19,6116,39,1963,4,39
"1140","2020-05-26",64,13,301,151,6572,0.773584905660377,2100,7653,749,1189,16,6132,21,1984,5,21
"1141","2020-05-27",56,13,295,141,6572,0.773584905660377,2100,7653,749,1189,16,6148,11,1995,9,11
"1142","2020-05-28",49,13,280,133,6572,0.773584905660377,2100,7653,749,1189,18,6166,28,2023,9,28
"1143","2020-05-29",43,13,266,120,6572,0.773584905660377,2100,7653,749,1189,14,6180,24,2047,3,24
"1144","2020-05-30",39,13,267,114,6572,0.773584905660377,2100,7653,749,1189,17,6197,16,2063,5,16
"1145","2020-05-31",38,13,274,105,6572,0.773584905660377,2100,7653,749,1189,13,6210,31,2094,1,31
"1146","2020-06-01",35,13,258,91,6572,0.773584905660377,2100,7653,749,1189,16,6226,38,2132,8,38
"1147","2020-06-02",32,13,272,91,6572,0.773584905660377,2100,7653,749,1189,18,6244,30,2162,6,30
"1148","2020-06-03",35,13,269,90,6572,0.773584905660377,2100,7653,749,1189,16,6260,33,2195,2,33
"1149","2020-06-04",35,13,255,92,6572,0.773584905660377,2100,7653,749,1189,13,6273,18,2213,3,18
"1150","2020-06-05",37,13,261,87,6572,0.773584905660377,2100,7653,749,1189,13,6286,42,2255,6,42
"1151","2020-06-06",35,13,246,85,6572,0.773584905660377,2100,7653,749,1189,15,6301,22,2277,3,22
"1152","2020-06-07",26,13,232,83,6572,0.773584905660377,2100,7653,749,1189,11,6312,33,2310,2,33
"1153","2020-03-13",2,14,144,104,7109,0.787171191447461,2070,7371,669,1621,60,167,51,131,32,51
"1154","2020-03-14",7,14,178,148,7109,0.787171191447461,2070,7371,669,1621,79,246,48,179,39,48
"1155","2020-03-15",17,14,195,214,7109,0.787171191447461,2070,7371,669,1621,90,336,54,233,56,54
"1156","2020-03-16",22,14,220,286,7109,0.787171191447461,2070,7371,669,1621,82,418,26,259,56,26
"1157","2020-03-17",27,14,202,369,7109,0.787171191447461,2070,7371,669,1621,99,517,22,281,68,22
"1158","2020-03-18",36,14,188,480,7109,0.787171191447461,2070,7371,669,1621,131,648,16,297,93,16
"1159","2020-03-19",49,14,198,570,7109,0.787171191447461,2070,7371,669,1621,123,771,33,330,84,33
"1160","2020-03-20",103,14,234,675,7109,0.787171191447461,2070,7371,669,1621,125,896,8,338,99,8
"1161","2020-03-21",147,14,235,774,7109,0.787171191447461,2070,7371,669,1621,165,1061,16,354,131,16
"1162","2020-03-22",184,14,228,886,7109,0.787171191447461,2070,7371,669,1621,126,1187,17,371,98,17
"1163","2020-03-23",192,14,216,1000,7109,0.787171191447461,2070,7371,669,1621,157,1344,13,384,119,13
"1164","2020-03-24",208,14,218,1128,7109,0.787171191447461,2070,7371,669,1621,118,1462,14,398,95,14
"1165","2020-03-25",243,14,217,1246,7109,0.787171191447461,2070,7371,669,1621,153,1615,20,418,120,20
"1166","2020-03-26",276,14,244,1338,7109,0.787171191447461,2070,7371,669,1621,157,1772,18,436,120,18
"1167","2020-03-27",381,14,243,1500,7109,0.787171191447461,2070,7371,669,1621,148,1920,48,484,110,48
"1168","2020-03-28",414,14,242,1619,7109,0.787171191447461,2070,7371,669,1621,151,2071,26,510,120,26
"1169","2020-03-29",466,14,249,1727,7109,0.787171191447461,2070,7371,669,1621,114,2185,24,534,89,24
"1170","2020-03-30",491,14,230,1801,7109,0.787171191447461,2070,7371,669,1621,148,2333,54,588,118,54
"1171","2020-03-31",482,14,212,1863,7109,0.787171191447461,2070,7371,669,1621,143,2476,37,625,116,37
"1172","2020-04-01",503,14,192,1968,7109,0.787171191447461,2070,7371,669,1621,131,2607,10,635,96,10
"1173","2020-04-02",532,14,196,2003,7109,0.787171191447461,2070,7371,669,1621,134,2741,11,646,104,11
"1174","2020-04-03",714,14,211,2044,7109,0.787171191447461,2070,7371,669,1621,142,2883,9,655,106,9
"1175","2020-04-04",743,14,236,2081,7109,0.787171191447461,2070,7371,669,1621,106,2989,18,673,84,18
"1176","2020-04-05",645,14,248,2105,7109,0.787171191447461,2070,7371,669,1621,123,3112,28,701,92,28
"1177","2020-04-06",657,14,226,2105,7109,0.787171191447461,2070,7371,669,1621,119,3231,55,756,88,55
"1178","2020-04-07",659,14,211,2109,7109,0.787171191447461,2070,7371,669,1621,96,3327,29,785,73,29
"1179","2020-04-08",666,14,205,2054,7109,0.787171191447461,2070,7371,669,1621,101,3428,23,808,80,23
"1180","2020-04-09",666,14,204,2027,7109,0.787171191447461,2070,7371,669,1621,112,3540,21,829,85,21
"1181","2020-04-10",710,14,228,2013,7109,0.787171191447461,2070,7371,669,1621,95,3635,18,847,66,18
"1182","2020-04-11",712,14,231,1902,7109,0.787171191447461,2070,7371,669,1621,106,3741,24,871,74,24
"1183","2020-04-12",655,14,218,1843,7109,0.787171191447461,2070,7371,669,1621,119,3860,15,886,86,15
"1184","2020-04-13",637,14,223,1751,7109,0.787171191447461,2070,7371,669,1621,115,3975,6,892,83,6
"1185","2020-04-14",643,14,210,1670,7109,0.787171191447461,2070,7371,669,1621,109,4084,7,899,73,7
"1186","2020-04-15",623,14,229,1608,7109,0.787171191447461,2070,7371,669,1621,94,4178,4,903,70,4
"1187","2020-04-16",595,14,243,1555,7109,0.787171191447461,2070,7371,669,1621,104,4282,4,907,80,4
"1188","2020-04-17",529,14,243,1477,7109,0.787171191447461,2070,7371,669,1621,102,4384,14,921,67,14
"1189","2020-04-18",507,14,243,1403,7109,0.787171191447461,2070,7371,669,1621,82,4466,37,958,56,37
"1190","2020-04-19",501,14,234,1320,7109,0.787171191447461,2070,7371,669,1621,69,4535,30,988,45,30
"1191","2020-04-20",488,14,253,1262,7109,0.787171191447461,2070,7371,669,1621,81,4616,13,1001,56,13
"1192","2020-04-21",466,14,231,1158,7109,0.787171191447461,2070,7371,669,1621,66,4682,14,1015,44,14
"1193","2020-04-22",458,14,218,1064,7109,0.787171191447461,2070,7371,669,1621,86,4768,15,1030,54,15
"1194","2020-04-23",458,14,219,1011,7109,0.787171191447461,2070,7371,669,1621,79,4847,21,1051,57,21
"1195","2020-04-24",431,14,214,931,7109,0.787171191447461,2070,7371,669,1621,62,4909,31,1082,45,31
"1196","2020-04-25",404,14,227,849,7109,0.787171191447461,2070,7371,669,1621,73,4982,14,1096,40,14
"1197","2020-04-26",347,14,265,800,7109,0.787171191447461,2070,7371,669,1621,70,5052,9,1105,37,9
"1198","2020-04-27",322,14,267,759,7109,0.787171191447461,2070,7371,669,1621,62,5114,9,1114,32,9
"1199","2020-04-28",293,14,271,716,7109,0.787171191447461,2070,7371,669,1621,51,5165,18,1132,35,18
"1200","2020-04-29",268,14,256,651,7109,0.787171191447461,2070,7371,669,1621,60,5225,29,1161,31,29
"1201","2020-04-30",238,14,245,589,7109,0.787171191447461,2070,7371,669,1621,44,5269,22,1183,25,22
"1202","2020-05-01",202,14,238,548,7109,0.787171191447461,2070,7371,669,1621,55,5324,12,1195,32,12
"1203","2020-05-02",198,14,241,516,7109,0.787171191447461,2070,7371,669,1621,45,5369,15,1210,26,15
"1204","2020-05-03",173,14,228,492,7109,0.787171191447461,2070,7371,669,1621,59,5428,13,1223,38,13
"1205","2020-05-04",159,14,230,452,7109,0.787171191447461,2070,7371,669,1621,30,5458,14,1237,14,14
"1206","2020-05-05",151,14,218,445,7109,0.787171191447461,2070,7371,669,1621,44,5502,9,1246,30,9
"1207","2020-05-06",143,14,223,400,7109,0.787171191447461,2070,7371,669,1621,54,5556,25,1271,26,25
"1208","2020-05-07",149,14,229,385,7109,0.787171191447461,2070,7371,669,1621,40,5596,26,1297,19,26
"1209","2020-05-08",123,14,250,364,7109,0.787171191447461,2070,7371,669,1621,31,5627,15,1312,18,15
"1210","2020-05-09",117,14,253,341,7109,0.787171191447461,2070,7371,669,1621,38,5665,11,1323,21,11
"1211","2020-05-10",112,14,252,319,7109,0.787171191447461,2070,7371,669,1621,34,5699,11,1334,22,11
"1212","2020-05-11",105,14,232,304,7109,0.787171191447461,2070,7371,669,1621,34,5733,19,1353,19,19
"1213","2020-05-12",102,14,259,300,7109,0.787171191447461,2070,7371,669,1621,35,5768,43,1396,18,43
"1214","2020-05-13",99,14,307,292,7109,0.787171191447461,2070,7371,669,1621,33,5801,42,1438,16,42
"1215","2020-05-14",84,14,297,277,7109,0.787171191447461,2070,7371,669,1621,40,5841,22,1460,18,22
"1216","2020-05-15",89,14,290,269,7109,0.787171191447461,2070,7371,669,1621,35,5876,13,1473,19,13
"1217","2020-05-16",88,14,272,259,7109,0.787171191447461,2070,7371,669,1621,33,5909,30,1503,19,30
"1218","2020-05-17",86,14,291,254,7109,0.787171191447461,2070,7371,669,1621,36,5945,18,1521,19,18
"1219","2020-05-18",83,14,293,252,7109,0.787171191447461,2070,7371,669,1621,31,5976,16,1537,20,16
"1220","2020-05-19",81,14,269,246,7109,0.787171191447461,2070,7371,669,1621,38,6014,47,1584,26,47
"1221","2020-05-20",81,14,283,240,7109,0.787171191447461,2070,7371,669,1621,34,6048,14,1598,21,14
"1222","2020-05-21",81,14,270,230,7109,0.787171191447461,2070,7371,669,1621,21,6069,25,1623,11,25
"1223","2020-05-22",81,14,252,224,7109,0.787171191447461,2070,7371,669,1621,33,6102,18,1641,21,18
"1224","2020-05-23",77,14,247,225,7109,0.787171191447461,2070,7371,669,1621,28,6130,8,1649,15,8
"1225","2020-05-24",77,14,241,218,7109,0.787171191447461,2070,7371,669,1621,22,6152,57,1706,6,57
"1226","2020-05-25",78,14,235,221,7109,0.787171191447461,2070,7371,669,1621,22,6174,43,1749,15,43
"1227","2020-05-26",80,14,248,214,7109,0.787171191447461,2070,7371,669,1621,22,6196,11,1760,10,11
"1228","2020-05-27",76,14,243,201,7109,0.787171191447461,2070,7371,669,1621,14,6210,15,1775,6,15
"1229","2020-05-28",75,14,244,196,7109,0.787171191447461,2070,7371,669,1621,13,6223,15,1790,9,15
"1230","2020-05-29",73,14,231,184,7109,0.787171191447461,2070,7371,669,1621,14,6237,6,1796,7,6
"1231","2020-05-30",71,14,247,176,7109,0.787171191447461,2070,7371,669,1621,10,6247,9,1805,7,9
"1232","2020-05-31",63,14,235,166,7109,0.787171191447461,2070,7371,669,1621,18,6265,16,1821,9,16
"1233","2020-06-01",60,14,241,164,7109,0.787171191447461,2070,7371,669,1621,10,6275,12,1833,3,12
"1234","2020-06-02",54,14,242,152,7109,0.787171191447461,2070,7371,669,1621,8,6283,8,1841,5,8
"1235","2020-06-03",54,14,233,146,7109,0.787171191447461,2070,7371,669,1621,22,6305,15,1856,14,15
"1236","2020-06-04",51,14,259,143,7109,0.787171191447461,2070,7371,669,1621,19,6324,30,1886,7,30
"1237","2020-06-05",50,14,237,137,7109,0.787171191447461,2070,7371,669,1621,11,6335,29,1915,6,29
"1238","2020-06-06",47,14,257,130,7109,0.787171191447461,2070,7371,669,1621,8,6343,25,1940,2,25
"1239","2020-06-07",39,14,258,126,7109,0.787171191447461,2070,7371,669,1621,16,6359,47,1987,8,47
"1240","2020-03-12",1,15,197,170,8616,0.413184772516249,2100,9562,812,2632,103,184,14,24,4,14
"1241","2020-03-13",9,15,315,280,8616,0.413184772516249,2100,9562,812,2632,90,274,26,50,12,26
"1242","2020-03-14",30,15,355,402,8616,0.413184772516249,2100,9562,812,2632,82,356,27,77,21,27
"1243","2020-03-15",57,15,366,555,8616,0.413184772516249,2100,9562,812,2632,110,466,43,120,25,43
"1244","2020-03-16",62,15,321,677,8616,0.413184772516249,2100,9562,812,2632,98,564,32,152,28,32
"1245","2020-03-17",79,15,321,830,8616,0.413184772516249,2100,9562,812,2632,94,658,20,172,26,20
"1246","2020-03-18",109,15,296,969,8616,0.413184772516249,2100,9562,812,2632,114,772,17,189,30,17
"1247","2020-03-19",150,15,287,1111,8616,0.413184772516249,2100,9562,812,2632,137,909,18,207,55,18
"1248","2020-03-20",259,15,287,1233,8616,0.413184772516249,2100,9562,812,2632,127,1036,12,219,46,12
"1249","2020-03-21",409,15,322,1342,8616,0.413184772516249,2100,9562,812,2632,125,1161,12,231,40,12
"1250","2020-03-22",411,15,310,1435,8616,0.413184772516249,2100,9562,812,2632,133,1294,10,241,60,10
"1251","2020-03-23",411,15,270,1520,8616,0.413184772516249,2100,9562,812,2632,140,1434,12,253,65,12
"1252","2020-03-24",431,15,244,1560,8616,0.413184772516249,2100,9562,812,2632,135,1569,28,281,58,28
"1253","2020-03-25",458,15,217,1635,8616,0.413184772516249,2100,9562,812,2632,148,1717,10,291,65,10
"1254","2020-03-26",482,15,211,1673,8616,0.413184772516249,2100,9562,812,2632,160,1877,6,297,81,6
"1255","2020-03-27",605,15,255,1713,8616,0.413184772516249,2100,9562,812,2632,131,2008,16,313,58,16
"1256","2020-03-28",536,15,275,1750,8616,0.413184772516249,2100,9562,812,2632,138,2146,32,345,56,32
"1257","2020-03-29",531,15,242,1760,8616,0.413184772516249,2100,9562,812,2632,136,2282,31,376,66,31
"1258","2020-03-30",555,15,245,1769,8616,0.413184772516249,2100,9562,812,2632,127,2409,26,402,61,26
"1259","2020-03-31",560,15,275,1768,8616,0.413184772516249,2100,9562,812,2632,164,2573,22,424,78,22
"1260","2020-04-01",560,15,273,1790,8616,0.413184772516249,2100,9562,812,2632,148,2721,14,438,71,14
"1261","2020-04-02",543,15,268,1770,8616,0.413184772516249,2100,9562,812,2632,139,2860,34,472,57,34
"1262","2020-04-03",585,15,233,1779,8616,0.413184772516249,2100,9562,812,2632,131,2991,47,519,59,47
"1263","2020-04-04",592,15,229,1746,8616,0.413184772516249,2100,9562,812,2632,142,3133,21,540,54,21
"1264","2020-04-05",582,15,296,1727,8616,0.413184772516249,2100,9562,812,2632,146,3279,23,563,65,23
"1265","2020-04-06",573,15,312,1722,8616,0.413184772516249,2100,9562,812,2632,111,3390,56,619,42,56
"1266","2020-04-07",558,15,288,1713,8616,0.413184772516249,2100,9562,812,2632,110,3500,29,648,50,29
"1267","2020-04-08",556,15,267,1701,8616,0.413184772516249,2100,9562,812,2632,127,3627,71,719,55,71
"1268","2020-04-09",581,15,263,1655,8616,0.413184772516249,2100,9562,812,2632,126,3753,70,789,62,70
"1269","2020-04-10",616,15,286,1640,8616,0.413184772516249,2100,9562,812,2632,130,3883,58,847,64,58
"1270","2020-04-11",613,15,289,1589,8616,0.413184772516249,2100,9562,812,2632,122,4005,52,899,43,52
"1271","2020-04-12",531,15,269,1576,8616,0.413184772516249,2100,9562,812,2632,118,4123,29,928,56,29
"1272","2020-04-13",517,15,286,1546,8616,0.413184772516249,2100,9562,812,2632,96,4219,24,952,40,24
"1273","2020-04-14",505,15,269,1485,8616,0.413184772516249,2100,9562,812,2632,114,4333,48,1000,45,48
"1274","2020-04-15",501,15,258,1452,8616,0.413184772516249,2100,9562,812,2632,99,4432,28,1028,50,28
"1275","2020-04-16",473,15,244,1409,8616,0.413184772516249,2100,9562,812,2632,88,4520,11,1039,34,11
"1276","2020-04-17",494,15,218,1382,8616,0.413184772516249,2100,9562,812,2632,88,4608,15,1054,32,15
"1277","2020-04-18",485,15,258,1313,8616,0.413184772516249,2100,9562,812,2632,99,4707,12,1066,26,12
"1278","2020-04-19",444,15,246,1270,8616,0.413184772516249,2100,9562,812,2632,83,4790,12,1078,26,12
"1279","2020-04-20",426,15,228,1227,8616,0.413184772516249,2100,9562,812,2632,97,4887,11,1089,25,11
"1280","2020-04-21",406,15,247,1191,8616,0.413184772516249,2100,9562,812,2632,82,4969,8,1097,28,8
"1281","2020-04-22",391,15,241,1165,8616,0.413184772516249,2100,9562,812,2632,78,5047,11,1108,17,11
"1282","2020-04-23",396,15,231,1121,8616,0.413184772516249,2100,9562,812,2632,72,5119,9,1117,17,9
"1283","2020-04-24",392,15,225,1093,8616,0.413184772516249,2100,9562,812,2632,84,5203,53,1170,23,53
"1284","2020-04-25",398,15,230,1059,8616,0.413184772516249,2100,9562,812,2632,63,5266,46,1216,12,46
"1285","2020-04-26",368,15,232,1028,8616,0.413184772516249,2100,9562,812,2632,69,5335,28,1244,30,28
"1286","2020-04-27",355,15,212,987,8616,0.413184772516249,2100,9562,812,2632,65,5400,12,1256,23,12
"1287","2020-04-28",347,15,212,951,8616,0.413184772516249,2100,9562,812,2632,79,5479,10,1266,21,10
"1288","2020-04-29",332,15,201,904,8616,0.413184772516249,2100,9562,812,2632,77,5556,61,1327,21,61
"1289","2020-04-30",305,15,223,888,8616,0.413184772516249,2100,9562,812,2632,50,5606,50,1377,14,50
"1290","2020-05-01",290,15,262,859,8616,0.413184772516249,2100,9562,812,2632,58,5664,25,1402,7,25
"1291","2020-05-02",287,15,263,813,8616,0.413184772516249,2100,9562,812,2632,69,5733,56,1458,19,56
"1292","2020-05-03",259,15,265,801,8616,0.413184772516249,2100,9562,812,2632,55,5788,49,1507,14,49
"1293","2020-05-04",249,15,251,785,8616,0.413184772516249,2100,9562,812,2632,61,5849,67,1574,15,67
"1294","2020-05-05",244,15,229,755,8616,0.413184772516249,2100,9562,812,2632,46,5895,55,1629,11,55
"1295","2020-05-06",245,15,210,741,8616,0.413184772516249,2100,9562,812,2632,46,5941,65,1694,11,65
"1296","2020-05-07",241,15,215,723,8616,0.413184772516249,2100,9562,812,2632,50,5991,23,1717,10,23
"1297","2020-05-08",221,15,197,700,8616,0.413184772516249,2100,9562,812,2632,59,6050,31,1748,15,31
"1298","2020-05-09",215,15,191,673,8616,0.413184772516249,2100,9562,812,2632,54,6104,34,1782,8,34
"1299","2020-05-10",203,15,190,637,8616,0.413184772516249,2100,9562,812,2632,38,6142,42,1824,10,42
"1300","2020-05-11",198,15,210,608,8616,0.413184772516249,2100,9562,812,2632,36,6178,48,1872,8,48
"1301","2020-05-12",192,15,222,568,8616,0.413184772516249,2100,9562,812,2632,32,6210,49,1921,7,49
"1302","2020-05-13",189,15,229,539,8616,0.413184772516249,2100,9562,812,2632,34,6244,46,1967,7,46
"1303","2020-05-14",187,15,236,531,8616,0.413184772516249,2100,9562,812,2632,34,6278,64,2031,8,64
"1304","2020-05-15",188,15,247,519,8616,0.413184772516249,2100,9562,812,2632,26,6304,51,2082,8,51
"1305","2020-05-16",177,15,297,496,8616,0.413184772516249,2100,9562,812,2632,25,6329,47,2129,6,47
"1306","2020-05-17",168,15,304,480,8616,0.413184772516249,2100,9562,812,2632,28,6357,50,2179,5,50
"1307","2020-05-18",157,15,286,469,8616,0.413184772516249,2100,9562,812,2632,21,6378,43,2222,6,43
"1308","2020-05-19",149,15,345,443,8616,0.413184772516249,2100,9562,812,2632,29,6407,40,2262,4,40
"1309","2020-05-20",148,15,326,425,8616,0.413184772516249,2100,9562,812,2632,24,6431,26,2288,3,26
"1310","2020-05-21",147,15,295,414,8616,0.413184772516249,2100,9562,812,2632,25,6456,46,2334,5,46
"1311","2020-05-22",135,15,257,399,8616,0.413184772516249,2100,9562,812,2632,22,6478,19,2353,2,19
"1312","2020-05-23",146,15,247,374,8616,0.413184772516249,2100,9562,812,2632,26,6504,14,2367,1,14
"1313","2020-05-24",142,15,242,356,8616,0.413184772516249,2100,9562,812,2632,20,6524,18,2385,4,18
"1314","2020-05-25",136,15,312,334,8616,0.413184772516249,2100,9562,812,2632,26,6550,35,2420,2,35
"1315","2020-05-26",131,15,340,315,8616,0.413184772516249,2100,9562,812,2632,19,6569,24,2444,4,24
"1316","2020-05-27",129,15,362,288,8616,0.413184772516249,2100,9562,812,2632,23,6592,20,2464,2,20
"1317","2020-05-28",121,15,325,257,8616,0.413184772516249,2100,9562,812,2632,19,6611,32,2496,3,32
"1318","2020-05-29",118,15,290,245,8616,0.413184772516249,2100,9562,812,2632,23,6634,36,2532,2,36
"1319","2020-05-30",104,15,263,230,8616,0.413184772516249,2100,9562,812,2632,19,6653,45,2577,2,45
"1320","2020-05-31",94,15,230,228,8616,0.413184772516249,2100,9562,812,2632,17,6670,26,2603,3,26
"1321","2020-06-01",90,15,213,208,8616,0.413184772516249,2100,9562,812,2632,21,6691,33,2636,6,33
"1322","2020-06-02",77,15,196,198,8616,0.413184772516249,2100,9562,812,2632,25,6716,45,2681,7,45
"1323","2020-06-03",70,15,169,183,8616,0.413184772516249,2100,9562,812,2632,14,6730,46,2727,3,46
"1324","2020-06-04",66,15,226,176,8616,0.413184772516249,2100,9562,812,2632,13,6743,23,2750,3,23
"1325","2020-06-05",56,15,236,167,8616,0.413184772516249,2100,9562,812,2632,14,6757,21,2771,2,21
"1326","2020-06-06",55,15,280,163,8616,0.413184772516249,2100,9562,812,2632,15,6772,25,2796,2,25
"1327","2020-06-07",54,15,326,155,8616,0.413184772516249,2100,9562,812,2632,9,6781,29,2825,NA,29
"1328","2020-03-12",1,16,106,44,6921,0.760439242883976,2040,7824,721,1381,51,106,28,77,2,28
"1329","2020-03-13",3,16,156,75,6921,0.760439242883976,2040,7824,721,1381,64,170,31,108,13,31
"1330","2020-03-14",4,16,203,108,6921,0.760439242883976,2040,7824,721,1381,85,255,54,162,19,54
"1331","2020-03-15",14,16,247,157,6921,0.760439242883976,2040,7824,721,1381,97,352,74,236,28,74
"1332","2020-03-16",21,16,247,198,6921,0.760439242883976,2040,7824,721,1381,98,450,80,316,51,80
"1333","2020-03-17",24,16,289,259,6921,0.760439242883976,2040,7824,721,1381,127,577,58,374,71,58
"1334","2020-03-18",37,16,291,329,6921,0.760439242883976,2040,7824,721,1381,140,717,76,450,86,76
"1335","2020-03-19",49,16,265,387,6921,0.760439242883976,2040,7824,721,1381,121,838,58,508,70,58
"1336","2020-03-20",69,16,254,489,6921,0.760439242883976,2040,7824,721,1381,145,983,54,562,82,54
"1337","2020-03-21",114,16,234,576,6921,0.760439242883976,2040,7824,721,1381,148,1131,44,606,81,44
"1338","2020-03-22",132,16,230,676,6921,0.760439242883976,2040,7824,721,1381,136,1267,40,646,84,40
"1339","2020-03-23",140,16,215,804,6921,0.760439242883976,2040,7824,721,1381,156,1423,37,683,102,37
"1340","2020-03-24",162,16,205,901,6921,0.760439242883976,2040,7824,721,1381,155,1578,39,722,106,39
"1341","2020-03-25",177,16,205,1031,6921,0.760439242883976,2040,7824,721,1381,173,1751,28,750,110,28
"1342","2020-03-26",201,16,204,1123,6921,0.760439242883976,2040,7824,721,1381,193,1944,44,794,145,44
"1343","2020-03-27",303,16,236,1232,6921,0.760439242883976,2040,7824,721,1381,165,2109,53,847,103,53
"1344","2020-03-28",343,16,245,1338,6921,0.760439242883976,2040,7824,721,1381,185,2294,50,897,133,50
"1345","2020-03-29",411,16,236,1430,6921,0.760439242883976,2040,7824,721,1381,183,2477,33,930,133,33
"1346","2020-03-30",432,16,281,1514,6921,0.760439242883976,2040,7824,721,1381,162,2639,37,967,110,37
"1347","2020-03-31",420,16,302,1633,6921,0.760439242883976,2040,7824,721,1381,176,2815,41,1008,129,41
"1348","2020-04-01",441,16,284,1702,6921,0.760439242883976,2040,7824,721,1381,146,2961,38,1046,99,38
"1349","2020-04-02",470,16,247,1806,6921,0.760439242883976,2040,7824,721,1381,175,3136,34,1080,131,34
"1350","2020-04-03",625,16,219,1930,6921,0.760439242883976,2040,7824,721,1381,135,3271,30,1110,84,30
"1351","2020-04-04",660,16,224,1983,6921,0.760439242883976,2040,7824,721,1381,152,3423,41,1151,103,41
"1352","2020-04-05",586,16,226,2055,6921,0.760439242883976,2040,7824,721,1381,150,3573,27,1178,100,27
"1353","2020-04-06",588,16,247,2070,6921,0.760439242883976,2040,7824,721,1381,163,3736,25,1203,100,25
"1354","2020-04-07",609,16,244,2109,6921,0.760439242883976,2040,7824,721,1381,163,3899,31,1234,104,31
"1355","2020-04-08",626,16,226,2126,6921,0.760439242883976,2040,7824,721,1381,123,4022,24,1258,88,24
"1356","2020-04-09",630,16,232,2145,6921,0.760439242883976,2040,7824,721,1381,120,4142,60,1318,69,60
"1357","2020-04-10",702,16,210,2143,6921,0.760439242883976,2040,7824,721,1381,135,4277,42,1360,93,42
"1358","2020-04-11",715,16,207,2067,6921,0.760439242883976,2040,7824,721,1381,126,4403,23,1383,90,23
"1359","2020-04-12",672,16,214,2023,6921,0.760439242883976,2040,7824,721,1381,118,4521,20,1403,70,20
"1360","2020-04-13",647,16,222,1970,6921,0.760439242883976,2040,7824,721,1381,93,4614,23,1426,56,23
"1361","2020-04-14",654,16,241,1934,6921,0.760439242883976,2040,7824,721,1381,103,4717,31,1457,63,31
"1362","2020-04-15",662,16,242,1844,6921,0.760439242883976,2040,7824,721,1381,102,4819,21,1478,65,21
"1363","2020-04-16",656,16,258,1781,6921,0.760439242883976,2040,7824,721,1381,96,4915,19,1497,55,19
"1364","2020-04-17",650,16,301,1707,6921,0.760439242883976,2040,7824,721,1381,74,4989,44,1541,38,44
"1365","2020-04-18",634,16,318,1634,6921,0.760439242883976,2040,7824,721,1381,85,5074,36,1577,40,36
"1366","2020-04-19",576,16,286,1524,6921,0.760439242883976,2040,7824,721,1381,76,5150,40,1617,34,40
"1367","2020-04-20",563,16,254,1434,6921,0.760439242883976,2040,7824,721,1381,73,5223,29,1646,36,29
"1368","2020-04-21",528,16,261,1347,6921,0.760439242883976,2040,7824,721,1381,57,5280,28,1674,24,28
"1369","2020-04-22",493,16,236,1280,6921,0.760439242883976,2040,7824,721,1381,57,5337,24,1698,30,24
"1370","2020-04-23",479,16,239,1186,6921,0.760439242883976,2040,7824,721,1381,58,5395,42,1740,23,42
"1371","2020-04-24",437,16,255,1132,6921,0.760439242883976,2040,7824,721,1381,76,5471,35,1775,36,36
"1372","2020-04-25",416,16,269,1057,6921,0.760439242883976,2040,7824,721,1381,61,5532,44,1819,19,44
"1373","2020-04-26",378,16,254,960,6921,0.760439242883976,2040,7824,721,1381,73,5605,33,1852,31,33
"1374","2020-04-27",364,16,240,908,6921,0.760439242883976,2040,7824,721,1381,47,5652,24,1876,20,24
"1375","2020-04-28",348,16,235,836,6921,0.760439242883976,2040,7824,721,1381,52,5704,30,1906,22,30
"1376","2020-04-29",342,16,246,770,6921,0.760439242883976,2040,7824,721,1381,41,5745,30,1936,14,30
"1377","2020-04-30",326,16,254,719,6921,0.760439242883976,2040,7824,721,1381,41,5786,22,1958,21,22
"1378","2020-05-01",280,16,248,668,6921,0.760439242883976,2040,7824,721,1381,45,5831,28,1986,12,28
"1379","2020-05-02",289,16,253,601,6921,0.760439242883976,2040,7824,721,1381,49,5880,31,2017,18,31
"1380","2020-05-03",270,16,238,560,6921,0.760439242883976,2040,7824,721,1381,39,5919,31,2048,14,31
"1381","2020-05-04",240,16,238,532,6921,0.760439242883976,2040,7824,721,1381,50,5969,31,2079,22,31
"1382","2020-05-05",228,16,261,486,6921,0.760439242883976,2040,7824,721,1381,33,6002,21,2100,16,21
"1383","2020-05-06",213,16,279,453,6921,0.760439242883976,2040,7824,721,1381,37,6039,35,2135,11,35
"1384","2020-05-07",188,16,261,419,6921,0.760439242883976,2040,7824,721,1381,46,6085,25,2160,14,25
"1385","2020-05-08",180,16,250,380,6921,0.760439242883976,2040,7824,721,1381,35,6120,26,2186,12,26
"1386","2020-05-09",143,16,253,352,6921,0.760439242883976,2040,7824,721,1381,31,6151,47,2233,9,47
"1387","2020-05-10",117,16,236,339,6921,0.760439242883976,2040,7824,721,1381,36,6187,52,2285,15,52
"1388","2020-05-11",113,16,231,324,6921,0.760439242883976,2040,7824,721,1381,22,6209,41,2326,4,41
"1389","2020-05-12",109,16,214,304,6921,0.760439242883976,2040,7824,721,1381,23,6232,29,2355,11,29
"1390","2020-05-13",98,16,226,278,6921,0.760439242883976,2040,7824,721,1381,20,6252,26,2381,6,26
"1391","2020-05-14",98,16,240,273,6921,0.760439242883976,2040,7824,721,1381,26,6278,32,2413,7,32
"1392","2020-05-15",94,16,231,260,6921,0.760439242883976,2040,7824,721,1381,23,6301,44,2457,6,44
"1393","2020-05-16",105,16,240,248,6921,0.760439242883976,2040,7824,721,1381,32,6333,46,2503,4,46
"1394","2020-05-17",90,16,231,229,6921,0.760439242883976,2040,7824,721,1381,32,6365,45,2548,7,45
"1395","2020-05-18",86,16,226,223,6921,0.760439242883976,2040,7824,721,1381,23,6388,50,2598,4,50
"1396","2020-05-19",81,16,214,194,6921,0.760439242883976,2040,7824,721,1381,23,6411,53,2651,7,53
"1397","2020-05-20",80,16,245,180,6921,0.760439242883976,2040,7824,721,1381,21,6432,33,2684,5,33
"1398","2020-05-21",74,16,269,166,6921,0.760439242883976,2040,7824,721,1381,12,6444,39,2723,4,39
"1399","2020-05-22",58,16,298,158,6921,0.760439242883976,2040,7824,721,1381,19,6463,32,2755,6,32
"1400","2020-05-23",42,16,305,146,6921,0.760439242883976,2040,7824,721,1381,26,6489,48,2803,5,48
"1401","2020-05-24",42,16,273,139,6921,0.760439242883976,2040,7824,721,1381,17,6506,37,2840,4,37
"1402","2020-05-25",43,16,254,135,6921,0.760439242883976,2040,7824,721,1381,13,6519,35,2875,3,35
"1403","2020-05-26",42,16,245,128,6921,0.760439242883976,2040,7824,721,1381,15,6534,38,2913,5,38
"1404","2020-05-27",38,16,219,127,6921,0.760439242883976,2040,7824,721,1381,23,6557,47,2960,7,47
"1405","2020-05-28",44,16,232,125,6921,0.760439242883976,2040,7824,721,1381,12,6569,48,3008,3,48
"1406","2020-05-29",50,16,249,118,6921,0.760439242883976,2040,7824,721,1381,12,6581,53,3061,3,53
"1407","2020-05-30",56,16,258,116,6921,0.760439242883976,2040,7824,721,1381,10,6591,53,3114,1,53
"1408","2020-05-31",49,16,281,114,6921,0.760439242883976,2040,7824,721,1381,13,6604,34,3148,8,34
"1409","2020-06-01",40,16,253,103,6921,0.760439242883976,2040,7824,721,1381,14,6618,45,3193,4,45
"1410","2020-06-02",40,16,238,102,6921,0.760439242883976,2040,7824,721,1381,14,6632,52,3245,4,52
"1411","2020-06-03",40,16,211,104,6921,0.760439242883976,2040,7824,721,1381,16,6648,52,3297,8,52
"1412","2020-06-04",35,16,216,104,6921,0.760439242883976,2040,7824,721,1381,13,6661,43,3340,2,43
"1413","2020-06-05",31,16,210,94,6921,0.760439242883976,2040,7824,721,1381,18,6679,71,3411,6,71
"1414","2020-06-06",26,16,187,88,6921,0.760439242883976,2040,7824,721,1381,8,6687,35,3446,1,35
"1415","2020-06-07",27,16,189,81,6921,0.760439242883976,2040,7824,721,1381,7,6694,52,3498,1,52
"1416","2020-03-07",1,17,0,0,7286,0.537057370299204,2070,8148,658,1781,NA,NA,NA,NA,NA,NA
"1417","2020-03-08",1,17,0,0,7286,0.537057370299204,2070,8148,658,1781,NA,NA,NA,NA,NA,NA
"1418","2020-03-09",0,17,0,0,7286,0.537057370299204,2070,8148,658,1781,NA,NA,NA,NA,NA,NA
"1419","2020-03-10",0,17,0,0,7286,0.537057370299204,2070,8148,658,1781,1,1,4,4,1,4
"1420","2020-03-11",0,17,0,0,7286,0.537057370299204,2070,8148,658,1781,22,23,18,22,7,18
"1421","2020-03-12",0,17,0,0,7286,0.537057370299204,2070,8148,658,1781,21,44,12,34,11,12
"1422","2020-03-13",2,17,114,183,7286,0.537057370299204,2070,8148,658,1781,29,73,13,47,11,13
"1423","2020-03-14",15,17,109,255,7286,0.537057370299204,2070,8148,658,1781,32,105,59,106,26,59
"1424","2020-03-15",29,17,109,354,7286,0.537057370299204,2070,8148,658,1781,37,142,57,163,32,57
"1425","2020-03-16",34,17,115,430,7286,0.537057370299204,2070,8148,658,1781,42,184,64,227,33,64
"1426","2020-03-17",44,17,114,524,7286,0.537057370299204,2070,8148,658,1781,54,238,31,258,42,31
"1427","2020-03-18",64,17,156,640,7286,0.537057370299204,2070,8148,658,1781,69,307,49,307,61,49
"1428","2020-03-19",92,17,173,759,7286,0.537057370299204,2070,8148,658,1781,72,379,66,373,61,66
"1429","2020-03-20",152,17,208,863,7286,0.537057370299204,2070,8148,658,1781,73,452,49,422,65,49
"1430","2020-03-21",222,17,224,959,7286,0.537057370299204,2070,8148,658,1781,101,553,26,448,94,26
"1431","2020-03-22",275,17,241,1073,7286,0.537057370299204,2070,8148,658,1781,113,666,28,476,101,28
"1432","2020-03-23",279,17,234,1189,7286,0.537057370299204,2070,8148,658,1781,128,794,29,505,119,29
"1433","2020-03-24",294,17,257,1288,7286,0.537057370299204,2070,8148,658,1781,133,927,27,532,119,27
"1434","2020-03-25",332,17,244,1383,7286,0.537057370299204,2070,8148,658,1781,121,1048,25,557,109,25
"1435","2020-03-26",340,17,243,1445,7286,0.537057370299204,2070,8148,658,1781,156,1204,16,573,143,16
"1436","2020-03-27",491,17,213,1537,7286,0.537057370299204,2070,8148,658,1781,164,1368,6,579,152,6
"1437","2020-03-28",526,17,201,1602,7286,0.537057370299204,2070,8148,658,1781,155,1523,14,593,145,14
"1438","2020-03-29",494,17,247,1670,7286,0.537057370299204,2070,8148,658,1781,187,1710,19,612,176,19
"1439","2020-03-30",508,17,268,1725,7286,0.537057370299204,2070,8148,658,1781,160,1870,12,624,149,12
"1440","2020-03-31",520,17,293,1752,7286,0.537057370299204,2070,8148,658,1781,182,2052,31,655,172,31
"1441","2020-04-01",514,17,274,1758,7286,0.537057370299204,2070,8148,658,1781,164,2216,66,721,153,66
"1442","2020-04-02",536,17,276,1776,7286,0.537057370299204,2070,8148,658,1781,223,2439,42,763,211,42
"1443","2020-04-03",594,17,304,1801,7286,0.537057370299204,2070,8148,658,1781,207,2646,70,833,198,70
"1444","2020-04-04",596,17,294,1814,7286,0.537057370299204,2070,8148,658,1781,200,2846,64,897,187,64
"1445","2020-04-05",559,17,269,1825,7286,0.537057370299204,2070,8148,658,1781,196,3042,29,926,190,29
"1446","2020-04-06",554,17,241,1760,7286,0.537057370299204,2070,8148,658,1781,168,3210,14,940,163,14
"1447","2020-04-07",560,17,213,1755,7286,0.537057370299204,2070,8148,658,1781,179,3389,26,966,172,26
"1448","2020-04-08",558,17,202,1748,7286,0.537057370299204,2070,8148,658,1781,197,3586,37,1003,186,37
"1449","2020-04-09",551,17,190,1728,7286,0.537057370299204,2070,8148,658,1781,195,3781,30,1033,191,30
"1450","2020-04-10",600,17,178,1683,7286,0.537057370299204,2070,8148,658,1781,183,3964,41,1074,176,41
"1451","2020-04-11",621,17,211,1637,7286,0.537057370299204,2070,8148,658,1781,165,4129,42,1116,158,42
"1452","2020-04-12",561,17,211,1555,7286,0.537057370299204,2070,8148,658,1781,168,4297,45,1161,159,45
"1453","2020-04-13",551,17,197,1490,7286,0.537057370299204,2070,8148,658,1781,166,4463,28,1189,162,28
"1454","2020-04-14",524,17,203,1474,7286,0.537057370299204,2070,8148,658,1781,160,4623,31,1220,150,31
"1455","2020-04-15",507,17,211,1413,7286,0.537057370299204,2070,8148,658,1781,145,4768,31,1251,137,31
"1456","2020-04-16",502,17,200,1372,7286,0.537057370299204,2070,8148,658,1781,135,4903,25,1276,126,25
"1457","2020-04-17",483,17,213,1334,7286,0.537057370299204,2070,8148,658,1781,108,5011,49,1325,101,49
"1458","2020-04-18",437,17,250,1288,7286,0.537057370299204,2070,8148,658,1781,129,5140,34,1359,118,34
"1459","2020-04-19",431,17,245,1243,7286,0.537057370299204,2070,8148,658,1781,103,5243,21,1380,96,21
"1460","2020-04-20",428,17,266,1198,7286,0.537057370299204,2070,8148,658,1781,76,5319,32,1412,68,32
"1461","2020-04-21",429,17,259,1146,7286,0.537057370299204,2070,8148,658,1781,78,5397,18,1430,73,18
"1462","2020-04-22",421,17,300,1094,7286,0.537057370299204,2070,8148,658,1781,78,5475,28,1458,73,28
"1463","2020-04-23",424,17,296,1076,7286,0.537057370299204,2070,8148,658,1781,83,5558,29,1487,73,29
"1464","2020-04-24",424,17,260,1036,7286,0.537057370299204,2070,8148,658,1781,42,5600,41,1528,37,41
"1465","2020-04-25",405,17,240,981,7286,0.537057370299204,2070,8148,658,1781,56,5656,14,1542,54,14
"1466","2020-04-26",352,17,230,928,7286,0.537057370299204,2070,8148,658,1781,39,5695,42,1584,38,42
"1467","2020-04-27",326,17,228,884,7286,0.537057370299204,2070,8148,658,1781,47,5742,57,1641,41,57
"1468","2020-04-28",295,17,258,818,7286,0.537057370299204,2070,8148,658,1781,37,5779,56,1697,31,56
"1469","2020-04-29",305,17,305,777,7286,0.537057370299204,2070,8148,658,1781,41,5820,33,1730,36,33
"1470","2020-04-30",279,17,301,741,7286,0.537057370299204,2070,8148,658,1781,45,5865,14,1744,40,14
"1471","2020-05-01",249,17,282,690,7286,0.537057370299204,2070,8148,658,1781,26,5891,39,1783,25,39
"1472","2020-05-02",238,17,271,657,7286,0.537057370299204,2070,8148,658,1781,35,5926,39,1822,30,39
"1473","2020-05-03",223,17,263,624,7286,0.537057370299204,2070,8148,658,1781,23,5949,33,1855,18,33
"1474","2020-05-04",229,17,232,589,7286,0.537057370299204,2070,8148,658,1781,25,5974,17,1872,20,17
"1475","2020-05-05",221,17,206,539,7286,0.537057370299204,2070,8148,658,1781,25,5999,19,1891,25,19
"1476","2020-05-06",201,17,205,526,7286,0.537057370299204,2070,8148,658,1781,18,6017,11,1902,14,11
"1477","2020-05-07",195,17,232,509,7286,0.537057370299204,2070,8148,658,1781,32,6049,42,1944,28,42
"1478","2020-05-08",180,17,218,501,7286,0.537057370299204,2070,8148,658,1781,24,6073,35,1979,20,35
"1479","2020-05-09",184,17,219,499,7286,0.537057370299204,2070,8148,658,1781,23,6096,21,2000,17,21
"1480","2020-05-10",169,17,193,488,7286,0.537057370299204,2070,8148,658,1781,21,6117,18,2018,18,18
"1481","2020-05-11",153,17,189,470,7286,0.537057370299204,2070,8148,658,1781,28,6145,16,2034,21,16
"1482","2020-05-12",159,17,197,440,7286,0.537057370299204,2070,8148,658,1781,12,6157,9,2043,11,9
"1483","2020-05-13",154,17,216,419,7286,0.537057370299204,2070,8148,658,1781,18,6175,73,2116,13,73
"1484","2020-05-14",149,17,224,395,7286,0.537057370299204,2070,8148,658,1781,16,6191,55,2171,15,55
"1485","2020-05-15",138,17,202,378,7286,0.537057370299204,2070,8148,658,1781,9,6200,45,2216,7,45
"1486","2020-05-16",134,17,184,357,7286,0.537057370299204,2070,8148,658,1781,14,6214,42,2258,12,42
"1487","2020-05-17",125,17,163,337,7286,0.537057370299204,2070,8148,658,1781,17,6231,16,2274,11,16
"1488","2020-05-18",122,17,158,315,7286,0.537057370299204,2070,8148,658,1781,7,6238,17,2291,3,17
"1489","2020-05-19",98,17,150,294,7286,0.537057370299204,2070,8148,658,1781,10,6248,18,2309,8,18
"1490","2020-05-20",97,17,149,279,7286,0.537057370299204,2070,8148,658,1781,11,6259,16,2325,9,16
"1491","2020-05-21",92,17,130,258,7286,0.537057370299204,2070,8148,658,1781,6,6265,15,2340,5,15
"1492","2020-05-22",93,17,141,240,7286,0.537057370299204,2070,8148,658,1781,6,6271,19,2359,5,19
"1493","2020-05-23",81,17,175,215,7286,0.537057370299204,2070,8148,658,1781,9,6280,13,2372,6,13
"1494","2020-05-24",85,17,168,208,7286,0.537057370299204,2070,8148,658,1781,13,6293,16,2388,6,16
"1495","2020-05-25",82,17,178,198,7286,0.537057370299204,2070,8148,658,1781,9,6302,8,2396,6,8
"1496","2020-05-26",77,17,185,191,7286,0.537057370299204,2070,8148,658,1781,3,6305,62,2458,3,62
"1497","2020-05-27",75,17,184,179,7286,0.537057370299204,2070,8148,658,1781,5,6310,68,2526,3,68
"1498","2020-05-28",79,17,211,172,7286,0.537057370299204,2070,8148,658,1781,2,6312,33,2559,2,33
"1499","2020-05-29",71,17,231,159,7286,0.537057370299204,2070,8148,658,1781,13,6325,27,2586,12,27
"1500","2020-05-30",69,17,210,157,7286,0.537057370299204,2070,8148,658,1781,8,6333,41,2627,4,41
"1501","2020-05-31",54,17,190,142,7286,0.537057370299204,2070,8148,658,1781,8,6341,69,2696,6,69
"1502","2020-06-01",47,17,206,148,7286,0.537057370299204,2070,8148,658,1781,12,6353,32,2728,8,32
"1503","2020-06-02",46,17,249,148,7286,0.537057370299204,2070,8148,658,1781,9,6362,36,2764,8,36
"1504","2020-06-03",45,17,237,149,7286,0.537057370299204,2070,8148,658,1781,8,6370,26,2790,5,26
"1505","2020-06-04",43,17,224,139,7286,0.537057370299204,2070,8148,658,1781,9,6379,57,2847,8,57
"1506","2020-06-05",43,17,239,135,7286,0.537057370299204,2070,8148,658,1781,7,6386,50,2897,5,50
"1507","2020-06-06",43,17,227,137,7286,0.537057370299204,2070,8148,658,1781,7,6393,23,2920,7,23
"1508","2020-06-07",44,17,248,133,7286,0.537057370299204,2070,8148,658,1781,4,6397,32,2952,2,32
"1509","2020-03-11",1,18,117,31,6749,0.735960883093792,2010,7476,749,2207,14,14,24,26,1,24
"1510","2020-03-12",2,18,142,53,6749,0.735960883093792,2010,7476,749,2207,17,31,33,59,2,33
"1511","2020-03-13",4,18,168,89,6749,0.735960883093792,2010,7476,749,2207,14,45,20,79,2,20
"1512","2020-03-14",8,18,187,127,6749,0.735960883093792,2010,7476,749,2207,24,69,10,89,13,10
"1513","2020-03-15",20,18,204,172,6749,0.735960883093792,2010,7476,749,2207,21,90,12,101,10,12
"1514","2020-03-16",30,18,251,231,6749,0.735960883093792,2010,7476,749,2207,20,110,31,132,11,31
"1515","2020-03-17",38,18,281,281,6749,0.735960883093792,2010,7476,749,2207,35,145,30,162,25,30
"1516","2020-03-18",40,18,293,361,6749,0.735960883093792,2010,7476,749,2207,45,190,41,203,32,41
"1517","2020-03-19",58,18,246,430,6749,0.735960883093792,2010,7476,749,2207,39,229,59,262,25,59
"1518","2020-03-20",81,18,214,505,6749,0.735960883093792,2010,7476,749,2207,63,292,57,319,49,57
"1519","2020-03-21",101,18,186,589,6749,0.735960883093792,2010,7476,749,2207,61,353,36,355,48,36
"1520","2020-03-22",148,18,199,672,6749,0.735960883093792,2010,7476,749,2207,60,413,21,376,43,21
"1521","2020-03-23",169,18,201,777,6749,0.735960883093792,2010,7476,749,2207,91,504,16,392,71,16
"1522","2020-03-24",173,18,190,907,6749,0.735960883093792,2010,7476,749,2207,101,605,18,410,82,18
"1523","2020-03-25",199,18,166,1017,6749,0.735960883093792,2010,7476,749,2207,99,704,25,435,82,25
"1524","2020-03-26",213,18,215,1079,6749,0.735960883093792,2010,7476,749,2207,104,808,36,471,93,36
"1525","2020-03-27",308,18,232,1196,6749,0.735960883093792,2010,7476,749,2207,107,915,30,501,101,30
"1526","2020-03-28",338,18,220,1316,6749,0.735960883093792,2010,7476,749,2207,116,1031,59,560,92,59
"1527","2020-03-29",382,18,184,1432,6749,0.735960883093792,2010,7476,749,2207,124,1155,56,616,105,56
"1528","2020-03-30",405,18,203,1519,6749,0.735960883093792,2010,7476,749,2207,155,1310,25,641,146,25
"1529","2020-03-31",404,18,185,1613,6749,0.735960883093792,2010,7476,749,2207,140,1450,24,665,130,24
"1530","2020-04-01",435,18,210,1714,6749,0.735960883093792,2010,7476,749,2207,146,1596,35,700,134,35
"1531","2020-04-02",468,18,207,1785,6749,0.735960883093792,2010,7476,749,2207,189,1785,58,758,165,58
"1532","2020-04-03",615,18,228,1825,6749,0.735960883093792,2010,7476,749,2207,177,1962,30,788,162,30
"1533","2020-04-04",637,18,232,1882,6749,0.735960883093792,2010,7476,749,2207,150,2112,23,811,139,23
"1534","2020-04-05",573,18,207,1906,6749,0.735960883093792,2010,7476,749,2207,215,2327,15,826,195,15
"1535","2020-04-06",586,18,199,1903,6749,0.735960883093792,2010,7476,749,2207,222,2549,19,845,214,19
"1536","2020-04-07",616,18,191,1902,6749,0.735960883093792,2010,7476,749,2207,202,2751,25,870,187,25
"1537","2020-04-08",623,18,192,1911,6749,0.735960883093792,2010,7476,749,2207,206,2957,22,892,193,22
"1538","2020-04-09",625,18,214,1908,6749,0.735960883093792,2010,7476,749,2207,159,3116,32,924,150,32
"1539","2020-04-10",686,18,196,1889,6749,0.735960883093792,2010,7476,749,2207,171,3287,36,960,161,36
"1540","2020-04-11",676,18,203,1853,6749,0.735960883093792,2010,7476,749,2207,209,3496,18,978,194,18
"1541","2020-04-12",643,18,195,1793,6749,0.735960883093792,2010,7476,749,2207,230,3726,9,987,216,9
"1542","2020-04-13",641,18,190,1730,6749,0.735960883093792,2010,7476,749,2207,190,3916,14,1001,178,14
"1543","2020-04-14",609,18,175,1714,6749,0.735960883093792,2010,7476,749,2207,144,4060,35,1036,135,35
"1544","2020-04-15",585,18,198,1649,6749,0.735960883093792,2010,7476,749,2207,205,4265,44,1080,192,44
"1545","2020-04-16",566,18,238,1575,6749,0.735960883093792,2010,7476,749,2207,138,4403,20,1100,130,20
"1546","2020-04-17",545,18,245,1517,6749,0.735960883093792,2010,7476,749,2207,157,4560,16,1116,146,16
"1547","2020-04-18",570,18,282,1450,6749,0.735960883093792,2010,7476,749,2207,143,4703,14,1130,133,14
"1548","2020-04-19",495,18,275,1375,6749,0.735960883093792,2010,7476,749,2207,107,4810,12,1142,97,12
"1549","2020-04-20",465,18,255,1317,6749,0.735960883093792,2010,7476,749,2207,142,4952,26,1168,130,26
"1550","2020-04-21",451,18,249,1255,6749,0.735960883093792,2010,7476,749,2207,96,5048,15,1183,90,15
"1551","2020-04-22",455,18,243,1182,6749,0.735960883093792,2010,7476,749,2207,85,5133,19,1202,84,19
"1552","2020-04-23",451,18,280,1111,6749,0.735960883093792,2010,7476,749,2207,99,5232,46,1248,92,46
"1553","2020-04-24",429,18,278,1029,6749,0.735960883093792,2010,7476,749,2207,79,5311,30,1278,72,30
"1554","2020-04-25",398,18,256,979,6749,0.735960883093792,2010,7476,749,2207,60,5371,27,1305,49,27
"1555","2020-04-26",377,18,247,903,6749,0.735960883093792,2010,7476,749,2207,73,5444,30,1335,63,30
"1556","2020-04-27",361,18,226,880,6749,0.735960883093792,2010,7476,749,2207,46,5490,27,1362,40,27
"1557","2020-04-28",351,18,219,828,6749,0.735960883093792,2010,7476,749,2207,57,5547,14,1376,45,14
"1558","2020-04-29",326,18,216,778,6749,0.735960883093792,2010,7476,749,2207,48,5595,14,1390,38,14
"1559","2020-04-30",311,18,195,739,6749,0.735960883093792,2010,7476,749,2207,55,5650,22,1412,49,22
"1560","2020-05-01",278,18,174,681,6749,0.735960883093792,2010,7476,749,2207,33,5683,32,1444,25,32
"1561","2020-05-02",255,18,191,634,6749,0.735960883093792,2010,7476,749,2207,31,5714,20,1464,26,20
"1562","2020-05-03",243,18,242,587,6749,0.735960883093792,2010,7476,749,2207,31,5745,13,1477,26,13
"1563","2020-05-04",232,18,250,551,6749,0.735960883093792,2010,7476,749,2207,29,5774,19,1496,23,19
"1564","2020-05-05",218,18,220,515,6749,0.735960883093792,2010,7476,749,2207,25,5799,15,1511,18,15
"1565","2020-05-06",208,18,216,489,6749,0.735960883093792,2010,7476,749,2207,25,5824,30,1541,18,30
"1566","2020-05-07",196,18,213,462,6749,0.735960883093792,2010,7476,749,2207,27,5851,14,1555,23,14
"1567","2020-05-08",161,18,212,435,6749,0.735960883093792,2010,7476,749,2207,23,5874,15,1570,16,15
"1568","2020-05-09",171,18,213,411,6749,0.735960883093792,2010,7476,749,2207,18,5892,10,1580,12,10
"1569","2020-05-10",147,18,197,393,6749,0.735960883093792,2010,7476,749,2207,12,5904,13,1593,9,13
"1570","2020-05-11",143,18,189,375,6749,0.735960883093792,2010,7476,749,2207,22,5926,47,1640,11,47
"1571","2020-05-12",134,18,189,348,6749,0.735960883093792,2010,7476,749,2207,15,5941,24,1664,10,24
"1572","2020-05-13",140,18,167,338,6749,0.735960883093792,2010,7476,749,2207,16,5957,14,1678,9,14
"1573","2020-05-14",132,18,163,321,6749,0.735960883093792,2010,7476,749,2207,14,5971,17,1695,8,17
"1574","2020-05-15",137,18,208,309,6749,0.735960883093792,2010,7476,749,2207,13,5984,37,1732,8,37
"1575","2020-05-16",114,18,245,289,6749,0.735960883093792,2010,7476,749,2207,15,5999,18,1750,12,18
"1576","2020-05-17",105,18,236,281,6749,0.735960883093792,2010,7476,749,2207,6,6005,21,1771,3,21
"1577","2020-05-18",95,18,224,255,6749,0.735960883093792,2010,7476,749,2207,14,6019,57,1828,9,57
"1578","2020-05-19",97,18,212,242,6749,0.735960883093792,2010,7476,749,2207,8,6027,52,1880,4,52
"1579","2020-05-20",87,18,261,239,6749,0.735960883093792,2010,7476,749,2207,13,6040,35,1915,8,35
"1580","2020-05-21",83,18,260,230,6749,0.735960883093792,2010,7476,749,2207,9,6049,35,1950,6,35
"1581","2020-05-22",69,18,231,228,6749,0.735960883093792,2010,7476,749,2207,6,6055,22,1972,4,22
"1582","2020-05-23",72,18,222,216,6749,0.735960883093792,2010,7476,749,2207,9,6064,45,2017,6,45
"1583","2020-05-24",61,18,222,201,6749,0.735960883093792,2010,7476,749,2207,8,6072,28,2045,5,28
"1584","2020-05-25",55,18,215,192,6749,0.735960883093792,2010,7476,749,2207,10,6082,25,2070,6,25
"1585","2020-05-26",52,18,197,183,6749,0.735960883093792,2010,7476,749,2207,7,6089,17,2087,6,17
"1586","2020-05-27",55,18,170,176,6749,0.735960883093792,2010,7476,749,2207,8,6097,15,2102,5,15
"1587","2020-05-28",54,18,153,162,6749,0.735960883093792,2010,7476,749,2207,7,6104,11,2113,2,11
"1588","2020-05-29",57,18,143,148,6749,0.735960883093792,2010,7476,749,2207,3,6107,45,2158,3,45
"1589","2020-05-30",54,18,130,141,6749,0.735960883093792,2010,7476,749,2207,9,6116,28,2186,5,28
"1590","2020-05-31",59,18,117,138,6749,0.735960883093792,2010,7476,749,2207,10,6126,41,2227,3,41
"1591","2020-06-01",57,18,122,130,6749,0.735960883093792,2010,7476,749,2207,4,6130,29,2256,4,29
"1592","2020-06-02",48,18,180,119,6749,0.735960883093792,2010,7476,749,2207,3,6133,17,2273,2,17
"1593","2020-06-03",38,18,249,117,6749,0.735960883093792,2010,7476,749,2207,10,6143,11,2284,5,11
"1594","2020-06-04",37,18,270,116,6749,0.735960883093792,2010,7476,749,2207,4,6147,7,2291,2,7
"1595","2020-06-05",38,18,265,113,6749,0.735960883093792,2010,7476,749,2207,5,6152,4,2295,3,4
"1596","2020-06-06",39,18,296,105,6749,0.735960883093792,2010,7476,749,2207,4,6156,7,2302,3,7
"1597","2020-06-07",36,18,274,103,6749,0.735960883093792,2010,7476,749,2207,8,6164,5,2307,3,5
"1598","2020-03-11",1,19,27,62,6603,0.432379221565955,2055,8393,628,1008,48,48,43,48,NA,43
"1599","2020-03-12",1,19,67,107,6603,0.432379221565955,2055,8393,628,1008,46,94,29,77,2,29
"1600","2020-03-13",8,19,112,164,6603,0.432379221565955,2055,8393,628,1008,60,154,55,132,10,55
"1601","2020-03-14",23,19,106,225,6603,0.432379221565955,2055,8393,628,1008,68,222,58,190,21,58
"1602","2020-03-15",29,19,102,284,6603,0.432379221565955,2055,8393,628,1008,97,319,37,227,32,37
"1603","2020-03-16",38,19,110,351,6603,0.432379221565955,2055,8393,628,1008,94,413,61,288,44,61
"1604","2020-03-17",54,19,99,434,6603,0.432379221565955,2055,8393,628,1008,104,517,22,310,61,22
"1605","2020-03-18",70,19,89,505,6603,0.432379221565955,2055,8393,628,1008,110,627,14,324,54,14
"1606","2020-03-19",84,19,83,575,6603,0.432379221565955,2055,8393,628,1008,145,772,15,339,85,15
"1607","2020-03-20",132,19,91,652,6603,0.432379221565955,2055,8393,628,1008,136,908,16,355,86,16
"1608","2020-03-21",176,19,127,706,6603,0.432379221565955,2055,8393,628,1008,173,1081,45,400,126,45
"1609","2020-03-22",221,19,174,781,6603,0.432379221565955,2055,8393,628,1008,137,1218,21,421,96,21
"1610","2020-03-23",231,19,172,842,6603,0.432379221565955,2055,8393,628,1008,189,1407,19,440,149,19
"1611","2020-03-24",243,19,160,898,6603,0.432379221565955,2055,8393,628,1008,209,1616,22,462,160,22
"1612","2020-03-25",256,19,160,944,6603,0.432379221565955,2055,8393,628,1008,223,1839,65,527,160,65
"1613","2020-03-26",272,19,147,1001,6603,0.432379221565955,2055,8393,628,1008,197,2036,66,593,155,66
"1614","2020-03-27",341,19,156,1023,6603,0.432379221565955,2055,8393,628,1008,209,2245,62,655,160,62
"1615","2020-03-28",371,19,180,1076,6603,0.432379221565955,2055,8393,628,1008,191,2436,26,681,160,26
"1616","2020-03-29",340,19,190,1116,6603,0.432379221565955,2055,8393,628,1008,237,2673,70,751,190,70
"1617","2020-03-30",337,19,172,1172,6603,0.432379221565955,2055,8393,628,1008,201,2874,38,789,160,38
"1618","2020-03-31",334,19,214,1210,6603,0.432379221565955,2055,8393,628,1008,209,3083,22,811,170,22
"1619","2020-04-01",359,19,222,1259,6603,0.432379221565955,2055,8393,628,1008,236,3319,35,846,180,35
"1620","2020-04-02",378,19,224,1276,6603,0.432379221565955,2055,8393,628,1008,207,3526,35,881,169,35
"1621","2020-04-03",432,19,199,1290,6603,0.432379221565955,2055,8393,628,1008,208,3734,73,954,174,73
"1622","2020-04-04",437,19,182,1304,6603,0.432379221565955,2055,8393,628,1008,244,3978,56,1010,204,56
"1623","2020-04-05",450,19,156,1325,6603,0.432379221565955,2055,8393,628,1008,171,4149,31,1041,134,31
"1624","2020-04-06",439,19,178,1340,6603,0.432379221565955,2055,8393,628,1008,157,4306,43,1084,120,43
"1625","2020-04-07",428,19,225,1343,6603,0.432379221565955,2055,8393,628,1008,183,4489,26,1110,139,26
"1626","2020-04-08",424,19,239,1322,6603,0.432379221565955,2055,8393,628,1008,165,4654,61,1171,130,61
"1627","2020-04-09",433,19,241,1316,6603,0.432379221565955,2055,8393,628,1008,157,4811,36,1207,125,36
"1628","2020-04-10",470,19,249,1302,6603,0.432379221565955,2055,8393,628,1008,143,4954,18,1225,115,18
"1629","2020-04-11",451,19,275,1272,6603,0.432379221565955,2055,8393,628,1008,117,5071,13,1238,82,13
"1630","2020-04-12",416,19,254,1231,6603,0.432379221565955,2055,8393,628,1008,86,5157,12,1250,61,12
"1631","2020-04-13",410,19,258,1212,6603,0.432379221565955,2055,8393,628,1008,121,5278,8,1258,93,8
"1632","2020-04-14",419,19,243,1197,6603,0.432379221565955,2055,8393,628,1008,101,5379,11,1269,72,11
"1633","2020-04-15",404,19,240,1181,6603,0.432379221565955,2055,8393,628,1008,81,5460,11,1280,56,11
"1634","2020-04-16",390,19,255,1163,6603,0.432379221565955,2055,8393,628,1008,86,5546,10,1290,59,10
"1635","2020-04-17",379,19,246,1131,6603,0.432379221565955,2055,8393,628,1008,84,5630,10,1300,55,10
"1636","2020-04-18",373,19,237,1122,6603,0.432379221565955,2055,8393,628,1008,86,5716,9,1309,61,9
"1637","2020-04-19",361,19,215,1088,6603,0.432379221565955,2055,8393,628,1008,75,5791,28,1337,48,28
"1638","2020-04-20",362,19,193,1065,6603,0.432379221565955,2055,8393,628,1008,74,5865,88,1425,46,88
"1639","2020-04-21",359,19,222,1049,6603,0.432379221565955,2055,8393,628,1008,55,5920,78,1503,33,78
"1640","2020-04-22",348,19,227,1007,6603,0.432379221565955,2055,8393,628,1008,54,5974,36,1539,27,36
"1641","2020-04-23",337,19,207,1013,6603,0.432379221565955,2055,8393,628,1008,45,6019,12,1551,26,12
"1642","2020-04-24",330,19,212,998,6603,0.432379221565955,2055,8393,628,1008,56,6075,19,1570,30,19
"1643","2020-04-25",345,19,209,993,6603,0.432379221565955,2055,8393,628,1008,52,6127,11,1581,28,11
"1644","2020-04-26",316,19,194,967,6603,0.432379221565955,2055,8393,628,1008,37,6164,36,1617,18,36
"1645","2020-04-27",317,19,229,959,6603,0.432379221565955,2055,8393,628,1008,42,6206,45,1662,17,45
"1646","2020-04-28",299,19,239,950,6603,0.432379221565955,2055,8393,628,1008,41,6247,25,1687,27,25
"1647","2020-04-29",314,19,281,928,6603,0.432379221565955,2055,8393,628,1008,39,6286,11,1698,14,11
"1648","2020-04-30",308,19,275,920,6603,0.432379221565955,2055,8393,628,1008,35,6321,21,1719,17,21
"1649","2020-05-01",301,19,258,880,6603,0.432379221565955,2055,8393,628,1008,38,6359,9,1728,17,9
"1650","2020-05-02",308,19,206,865,6603,0.432379221565955,2055,8393,628,1008,27,6386,63,1791,16,63
"1651","2020-05-03",298,19,201,833,6603,0.432379221565955,2055,8393,628,1008,39,6425,30,1821,17,30
"1652","2020-05-04",277,19,211,779,6603,0.432379221565955,2055,8393,628,1008,26,6451,23,1844,5,23
"1653","2020-05-05",265,19,236,763,6603,0.432379221565955,2055,8393,628,1008,35,6486,18,1862,12,18
"1654","2020-05-06",257,19,230,740,6603,0.432379221565955,2055,8393,628,1008,26,6512,55,1917,9,55
"1655","2020-05-07",252,19,211,701,6603,0.432379221565955,2055,8393,628,1008,24,6536,46,1963,8,46
"1656","2020-05-08",253,19,205,682,6603,0.432379221565955,2055,8393,628,1008,20,6556,56,2019,2,56
"1657","2020-05-09",248,19,194,656,6603,0.432379221565955,2055,8393,628,1008,25,6581,76,2095,15,76
"1658","2020-05-10",228,19,220,621,6603,0.432379221565955,2055,8393,628,1008,20,6601,42,2137,7,42
"1659","2020-05-11",235,19,255,607,6603,0.432379221565955,2055,8393,628,1008,28,6629,51,2188,9,51
"1660","2020-05-12",231,19,251,588,6603,0.432379221565955,2055,8393,628,1008,21,6650,51,2239,8,51
"1661","2020-05-13",214,19,253,580,6603,0.432379221565955,2055,8393,628,1008,15,6665,42,2281,1,42
"1662","2020-05-14",211,19,236,549,6603,0.432379221565955,2055,8393,628,1008,17,6682,12,2293,5,12
"1663","2020-05-15",207,19,239,532,6603,0.432379221565955,2055,8393,628,1008,17,6699,11,2304,7,11
"1664","2020-05-16",194,19,258,495,6603,0.432379221565955,2055,8393,628,1008,17,6716,14,2318,6,14
"1665","2020-05-17",178,19,266,482,6603,0.432379221565955,2055,8393,628,1008,10,6726,13,2331,4,13
"1666","2020-05-18",162,19,269,468,6603,0.432379221565955,2055,8393,628,1008,20,6746,11,2342,6,11
"1667","2020-05-19",150,19,259,443,6603,0.432379221565955,2055,8393,628,1008,12,6758,6,2348,2,6
"1668","2020-05-20",148,19,256,420,6603,0.432379221565955,2055,8393,628,1008,16,6774,9,2357,3,9
"1669","2020-05-21",148,19,246,414,6603,0.432379221565955,2055,8393,628,1008,15,6789,12,2369,2,12
"1670","2020-05-22",146,19,251,394,6603,0.432379221565955,2055,8393,628,1008,12,6801,13,2382,1,13
"1671","2020-05-23",133,19,235,369,6603,0.432379221565955,2055,8393,628,1008,15,6816,13,2395,3,13
"1672","2020-05-24",131,19,219,339,6603,0.432379221565955,2055,8393,628,1008,18,6834,22,2417,3,22
"1673","2020-05-25",129,19,235,317,6603,0.432379221565955,2055,8393,628,1008,11,6845,21,2438,3,21
"1674","2020-05-26",127,19,234,294,6603,0.432379221565955,2055,8393,628,1008,12,6857,64,2502,6,64
"1675","2020-05-27",122,19,264,276,6603,0.432379221565955,2055,8393,628,1008,17,6874,27,2529,8,27
"1676","2020-05-28",116,19,277,282,6603,0.432379221565955,2055,8393,628,1008,7,6881,17,2546,3,17
"1677","2020-05-29",101,19,246,264,6603,0.432379221565955,2055,8393,628,1008,12,6893,21,2567,1,21
"1678","2020-05-30",104,19,239,258,6603,0.432379221565955,2055,8393,628,1008,12,6905,18,2585,3,18
"1679","2020-05-31",88,19,212,246,6603,0.432379221565955,2055,8393,628,1008,10,6915,15,2600,4,15
"1680","2020-06-01",78,19,207,246,6603,0.432379221565955,2055,8393,628,1008,4,6919,23,2623,2,23
"1681","2020-06-02",73,19,198,242,6603,0.432379221565955,2055,8393,628,1008,8,6927,28,2651,1,28
"1682","2020-06-03",68,19,191,256,6603,0.432379221565955,2055,8393,628,1008,9,6936,19,2670,2,19
"1683","2020-06-04",62,19,198,237,6603,0.432379221565955,2055,8393,628,1008,7,6943,14,2684,1,14
"1684","2020-06-05",63,19,205,231,6603,0.432379221565955,2055,8393,628,1008,6,6949,3,2687,1,3
"1685","2020-06-06",74,19,195,222,6603,0.432379221565955,2055,8393,628,1008,3,6952,22,2709,1,22
"1686","2020-06-07",71,19,210,210,6603,0.432379221565955,2055,8393,628,1008,8,6960,45,2754,NA,45
"1687","2020-03-08",1,20,0,0,6077,0.864735889419121,2010,7002,706,1542,NA,NA,NA,NA,NA,NA
"1688","2020-03-09",1,20,0,0,6077,0.864735889419121,2010,7002,706,1542,NA,NA,NA,NA,NA,NA
"1689","2020-03-10",0,20,0,0,6077,0.864735889419121,2010,7002,706,1542,NA,NA,3,3,NA,3
"1690","2020-03-11",0,20,0,0,6077,0.864735889419121,2010,7002,706,1542,23,23,19,22,NA,19
"1691","2020-03-12",2,20,76,29,6077,0.864735889419121,2010,7002,706,1542,27,50,22,44,5,22
"1692","2020-03-13",3,20,99,41,6077,0.864735889419121,2010,7002,706,1542,30,80,21,65,10,21
"1693","2020-03-14",6,20,151,60,6077,0.864735889419121,2010,7002,706,1542,30,110,28,93,11,28
"1694","2020-03-15",9,20,164,92,6077,0.864735889419121,2010,7002,706,1542,34,144,23,116,20,23
"1695","2020-03-16",10,20,162,122,6077,0.864735889419121,2010,7002,706,1542,44,188,18,134,26,18
"1696","2020-03-17",16,20,207,162,6077,0.864735889419121,2010,7002,706,1542,48,236,29,163,27,29
"1697","2020-03-18",21,20,209,225,6077,0.864735889419121,2010,7002,706,1542,66,302,52,215,36,52
"1698","2020-03-19",24,20,187,280,6077,0.864735889419121,2010,7002,706,1542,62,364,50,265,45,50
"1699","2020-03-20",34,20,163,345,6077,0.864735889419121,2010,7002,706,1542,85,449,53,318,61,53
"1700","2020-03-21",64,20,136,401,6077,0.864735889419121,2010,7002,706,1542,79,528,45,363,58,45
"1701","2020-03-22",82,20,129,482,6077,0.864735889419121,2010,7002,706,1542,79,607,41,404,56,41
"1702","2020-03-23",90,20,113,540,6077,0.864735889419121,2010,7002,706,1542,118,725,51,455,94,51
"1703","2020-03-24",100,20,119,593,6077,0.864735889419121,2010,7002,706,1542,95,820,63,518,66,63
"1704","2020-03-25",120,20,120,662,6077,0.864735889419121,2010,7002,706,1542,116,936,34,552,100,34
"1705","2020-03-26",139,20,183,743,6077,0.864735889419121,2010,7002,706,1542,119,1055,35,587,98,35
"1706","2020-03-27",202,20,176,815,6077,0.864735889419121,2010,7002,706,1542,141,1196,46,633,120,46
"1707","2020-03-28",216,20,152,872,6077,0.864735889419121,2010,7002,706,1542,151,1347,43,676,131,43
"1708","2020-03-29",233,20,157,930,6077,0.864735889419121,2010,7002,706,1542,158,1505,31,707,135,31
"1709","2020-03-30",242,20,229,1003,6077,0.864735889419121,2010,7002,706,1542,170,1675,40,747,137,40
"1710","2020-03-31",248,20,277,1137,6077,0.864735889419121,2010,7002,706,1542,180,1855,38,785,167,38
"1711","2020-04-01",268,20,252,1198,6077,0.864735889419121,2010,7002,706,1542,186,2041,44,829,171,44
"1712","2020-04-02",287,20,262,1282,6077,0.864735889419121,2010,7002,706,1542,154,2195,57,886,137,57
"1713","2020-04-03",390,20,242,1333,6077,0.864735889419121,2010,7002,706,1542,159,2354,53,939,141,53
"1714","2020-04-04",453,20,215,1409,6077,0.864735889419121,2010,7002,706,1542,218,2572,54,993,189,54
"1715","2020-04-05",453,20,217,1511,6077,0.864735889419121,2010,7002,706,1542,178,2750,44,1037,156,44
"1716","2020-04-06",467,20,192,1592,6077,0.864735889419121,2010,7002,706,1542,168,2918,50,1087,143,50
"1717","2020-04-07",483,20,184,1628,6077,0.864735889419121,2010,7002,706,1542,221,3139,25,1112,207,25
"1718","2020-04-08",487,20,171,1655,6077,0.864735889419121,2010,7002,706,1542,185,3324,54,1166,167,54
"1719","2020-04-09",515,20,168,1692,6077,0.864735889419121,2010,7002,706,1542,167,3491,41,1207,159,41
"1720","2020-04-10",600,20,209,1709,6077,0.864735889419121,2010,7002,706,1542,160,3651,39,1246,138,39
"1721","2020-04-11",592,20,225,1695,6077,0.864735889419121,2010,7002,706,1542,131,3782,23,1269,124,23
"1722","2020-04-12",561,20,212,1694,6077,0.864735889419121,2010,7002,706,1542,151,3933,33,1302,134,33
"1723","2020-04-13",567,20,205,1664,6077,0.864735889419121,2010,7002,706,1542,156,4089,43,1345,131,43
"1724","2020-04-14",576,20,189,1630,6077,0.864735889419121,2010,7002,706,1542,125,4214,43,1388,108,43
"1725","2020-04-15",597,20,198,1640,6077,0.864735889419121,2010,7002,706,1542,141,4355,28,1416,124,28
"1726","2020-04-16",568,20,203,1618,6077,0.864735889419121,2010,7002,706,1542,130,4485,37,1453,115,37
"1727","2020-04-17",598,20,240,1562,6077,0.864735889419121,2010,7002,706,1542,121,4606,44,1497,103,44
"1728","2020-04-18",591,20,232,1490,6077,0.864735889419121,2010,7002,706,1542,119,4725,55,1552,101,55
"1729","2020-04-19",553,20,217,1449,6077,0.864735889419121,2010,7002,706,1542,96,4821,45,1597,78,45
"1730","2020-04-20",538,20,205,1422,6077,0.864735889419121,2010,7002,706,1542,106,4927,27,1624,95,27
"1731","2020-04-21",501,20,218,1381,6077,0.864735889419121,2010,7002,706,1542,83,5010,28,1652,69,28
"1732","2020-04-22",467,20,225,1314,6077,0.864735889419121,2010,7002,706,1542,78,5088,55,1707,59,55
"1733","2020-04-23",473,20,239,1239,6077,0.864735889419121,2010,7002,706,1542,77,5165,41,1748,67,41
"1734","2020-04-24",414,20,273,1186,6077,0.864735889419121,2010,7002,706,1542,73,5238,58,1806,61,58
"1735","2020-04-25",386,20,245,1123,6077,0.864735889419121,2010,7002,706,1542,71,5309,49,1855,56,49
"1736","2020-04-26",376,20,285,1068,6077,0.864735889419121,2010,7002,706,1542,63,5372,32,1887,51,32
"1737","2020-04-27",363,20,329,1024,6077,0.864735889419121,2010,7002,706,1542,44,5416,64,1951,37,64
"1738","2020-04-28",367,20,335,950,6077,0.864735889419121,2010,7002,706,1542,49,5465,44,1995,42,44
"1739","2020-04-29",352,20,327,879,6077,0.864735889419121,2010,7002,706,1542,60,5525,25,2020,45,25
"1740","2020-04-30",336,20,291,830,6077,0.864735889419121,2010,7002,706,1542,48,5573,52,2072,33,52
"1741","2020-05-01",312,20,271,760,6077,0.864735889419121,2010,7002,706,1542,47,5620,53,2125,35,53
"1742","2020-05-02",305,20,261,733,6077,0.864735889419121,2010,7002,706,1542,39,5659,42,2167,22,42
"1743","2020-05-03",266,20,250,673,6077,0.864735889419121,2010,7002,706,1542,30,5689,22,2189,25,22
"1744","2020-05-04",250,20,223,652,6077,0.864735889419121,2010,7002,706,1542,42,5731,26,2215,31,26
"1745","2020-05-05",224,20,232,598,6077,0.864735889419121,2010,7002,706,1542,34,5765,27,2242,27,27
"1746","2020-05-06",231,20,263,594,6077,0.864735889419121,2010,7002,706,1542,39,5804,30,2272,29,30
"1747","2020-05-07",217,20,234,559,6077,0.864735889419121,2010,7002,706,1542,30,5834,33,2305,21,33
"1748","2020-05-08",201,20,214,524,6077,0.864735889419121,2010,7002,706,1542,33,5867,22,2327,19,22
"1749","2020-05-09",197,20,213,489,6077,0.864735889419121,2010,7002,706,1542,35,5902,48,2375,24,48
"1750","2020-05-10",182,20,209,466,6077,0.864735889419121,2010,7002,706,1542,16,5918,57,2432,11,57
"1751","2020-05-11",180,20,180,444,6077,0.864735889419121,2010,7002,706,1542,31,5949,41,2473,17,41
"1752","2020-05-12",164,20,201,416,6077,0.864735889419121,2010,7002,706,1542,19,5968,26,2499,15,26
"1753","2020-05-13",157,20,202,386,6077,0.864735889419121,2010,7002,706,1542,18,5986,26,2525,9,26
"1754","2020-05-14",154,20,202,365,6077,0.864735889419121,2010,7002,706,1542,22,6008,31,2556,13,31
"1755","2020-05-15",156,20,263,357,6077,0.864735889419121,2010,7002,706,1542,23,6031,30,2586,17,30
"1756","2020-05-16",145,20,265,329,6077,0.864735889419121,2010,7002,706,1542,15,6046,33,2619,9,33
"1757","2020-05-17",130,20,261,315,6077,0.864735889419121,2010,7002,706,1542,18,6064,16,2635,15,16
"1758","2020-05-18",119,20,228,289,6077,0.864735889419121,2010,7002,706,1542,22,6086,26,2661,14,26
"1759","2020-05-19",111,20,205,272,6077,0.864735889419121,2010,7002,706,1542,8,6094,30,2691,6,30
"1760","2020-05-20",99,20,201,255,6077,0.864735889419121,2010,7002,706,1542,14,6108,40,2731,8,40
"1761","2020-05-21",91,20,208,238,6077,0.864735889419121,2010,7002,706,1542,7,6115,27,2758,4,27
"1762","2020-05-22",79,20,221,213,6077,0.864735889419121,2010,7002,706,1542,13,6128,47,2805,9,47
"1763","2020-05-23",75,20,231,195,6077,0.864735889419121,2010,7002,706,1542,8,6136,54,2859,6,54
"1764","2020-05-24",72,20,267,188,6077,0.864735889419121,2010,7002,706,1542,10,6146,35,2894,5,35
"1765","2020-05-25",71,20,244,178,6077,0.864735889419121,2010,7002,706,1542,17,6163,50,2944,11,50
"1766","2020-05-26",71,20,231,167,6077,0.864735889419121,2010,7002,706,1542,13,6176,59,3003,5,59
"1767","2020-05-27",68,20,220,158,6077,0.864735889419121,2010,7002,706,1542,6,6182,37,3040,1,37
"1768","2020-05-28",69,20,213,152,6077,0.864735889419121,2010,7002,706,1542,8,6190,39,3079,NA,39
"1769","2020-05-29",62,20,185,134,6077,0.864735889419121,2010,7002,706,1542,8,6198,24,3103,2,24
"1770","2020-05-30",59,20,216,130,6077,0.864735889419121,2010,7002,706,1542,3,6201,41,3144,1,41
"1771","2020-05-31",57,20,254,117,6077,0.864735889419121,2010,7002,706,1542,9,6210,42,3186,3,42
"1772","2020-06-01",52,20,302,119,6077,0.864735889419121,2010,7002,706,1542,4,6214,29,3215,2,29
"1773","2020-06-02",47,20,279,115,6077,0.864735889419121,2010,7002,706,1542,8,6222,52,3267,4,52
"1774","2020-06-03",47,20,244,109,6077,0.864735889419121,2010,7002,706,1542,5,6227,31,3298,1,31
"1775","2020-06-04",42,20,241,105,6077,0.864735889419121,2010,7002,706,1542,12,6239,30,3328,5,30
"1776","2020-06-05",45,20,228,101,6077,0.864735889419121,2010,7002,706,1542,5,6244,35,3363,4,35
"1777","2020-06-06",43,20,201,96,6077,0.864735889419121,2010,7002,706,1542,5,6249,23,3386,3,23
"1778","2020-06-07",37,20,194,95,6077,0.864735889419121,2010,7002,706,1542,7,6256,27,3413,2,27
