"","Date","Absents","Paramset","Infections_or_Exposed_per_day_Patient","Infections_or_Exposed_per_day_HCW","total_infections","nosocomial_proportion","PCR_pooled","LFD_pooled","HCW_symp_test","patient_symp_test","new_hcw_infs","cumulative_hcw_infs","new_pat_infs","cumulative_pats_infs","new_nosocomial_hcw_infs","new_nosocomial_pat_infs"
"1","2020-03-12",1,1,57,205,9149,0.569133238605312,0,0,752,957,110,205,14,26,6,14
"2","2020-03-13",8,1,95,315,9149,0.569133238605312,0,0,752,957,110,315,36,62,12,36
"3","2020-03-14",20,1,104,430,9149,0.569133238605312,0,0,752,957,115,430,26,88,28,26
"4","2020-03-15",34,1,102,563,9149,0.569133238605312,0,0,752,957,134,564,13,101,49,13
"5","2020-03-16",61,1,98,718,9149,0.569133238605312,0,0,752,957,156,720,9,110,85,9
"6","2020-03-17",84,1,131,868,9149,0.569133238605312,0,0,752,957,154,874,38,148,65,38
"7","2020-03-18",128,1,169,1088,9149,0.569133238605312,0,0,752,957,231,1105,50,198,147,50
"8","2020-03-19",158,1,186,1310,9149,0.569133238605312,0,0,752,957,243,1348,33,231,148,33
"9","2020-03-20",203,1,215,1532,9149,0.569133238605312,0,0,752,957,264,1612,57,288,198,57
"10","2020-03-21",250,1,220,1732,9149,0.569133238605312,0,0,752,957,247,1859,44,332,169,44
"11","2020-03-22",305,1,259,1996,9149,0.569133238605312,0,0,752,957,330,2189,52,384,240,52
"12","2020-03-23",346,1,267,2249,9149,0.569133238605312,0,0,752,957,325,2514,47,431,255,47
"13","2020-03-24",390,1,260,2463,9149,0.569133238605312,0,0,752,957,312,2826,39,470,246,39
"14","2020-03-25",443,1,271,2597,9149,0.569133238605312,0,0,752,957,265,3091,49,519,216,49
"15","2020-03-26",509,1,252,2754,9149,0.569133238605312,0,0,752,957,293,3384,32,551,250,32
"16","2020-03-27",562,1,236,2912,9149,0.569133238605312,0,0,752,957,311,3695,29,580,257,29
"17","2020-03-28",632,1,230,3085,9149,0.569133238605312,0,0,752,957,347,4042,29,609,286,29
"18","2020-03-29",678,1,231,3183,9149,0.569133238605312,0,0,752,957,284,4326,42,651,231,42
"19","2020-03-30",730,1,251,3193,9149,0.569133238605312,0,0,752,957,250,4576,54,705,220,54
"20","2020-03-31",787,1,226,3181,9149,0.569133238605312,0,0,752,957,244,4820,24,729,209,24
"21","2020-04-01",821,1,201,3196,9149,0.569133238605312,0,0,752,957,250,5070,17,746,207,17
"22","2020-04-02",849,1,189,3165,9149,0.569133238605312,0,0,752,957,207,5277,21,767,156,21
"23","2020-04-03",888,1,202,3082,9149,0.569133238605312,0,0,752,957,197,5474,34,801,162,34
"24","2020-04-04",869,1,210,3013,9149,0.569133238605312,0,0,752,957,187,5661,26,827,147,26
"25","2020-04-05",867,1,250,2882,9149,0.569133238605312,0,0,752,957,178,5839,66,893,152,66
"26","2020-04-06",846,1,252,2739,9149,0.569133238605312,0,0,752,957,159,5998,50,943,129,50
"27","2020-04-07",820,1,236,2605,9149,0.569133238605312,0,0,752,957,132,6130,26,969,110,26
"28","2020-04-08",799,1,249,2457,9149,0.569133238605312,0,0,752,957,108,6238,39,1008,87,39
"29","2020-04-09",767,1,233,2301,9149,0.569133238605312,0,0,752,957,104,6342,43,1051,78,43
"30","2020-04-10",716,1,214,2161,9149,0.569133238605312,0,0,752,957,114,6456,26,1077,87,26
"31","2020-04-11",691,1,227,2005,9149,0.569133238605312,0,0,752,957,93,6549,35,1112,63,35
"32","2020-04-12",645,1,211,1853,9149,0.569133238605312,0,0,752,957,74,6623,22,1134,49,22
"33","2020-04-13",633,1,177,1709,9149,0.569133238605312,0,0,752,957,60,6683,14,1148,35,14
"34","2020-04-14",591,1,168,1572,9149,0.569133238605312,0,0,752,957,59,6742,16,1164,41,16
"35","2020-04-15",560,1,170,1438,9149,0.569133238605312,0,0,752,957,59,6801,14,1178,43,14
"36","2020-04-16",518,1,164,1313,9149,0.569133238605312,0,0,752,957,46,6847,19,1197,20,19
"37","2020-04-17",478,1,166,1217,9149,0.569133238605312,0,0,752,957,48,6895,17,1214,23,17
"38","2020-04-18",438,1,166,1113,9149,0.569133238605312,0,0,752,957,38,6933,10,1224,24,10
"39","2020-04-19",417,1,159,995,9149,0.569133238605312,0,0,752,957,43,6976,17,1241,17,17
"40","2020-04-20",365,1,177,917,9149,0.569133238605312,0,0,752,957,34,7010,28,1269,18,28
"41","2020-04-21",343,1,238,835,9149,0.569133238605312,0,0,752,957,29,7039,52,1321,12,52
"42","2020-04-22",296,1,279,767,9149,0.569133238605312,0,0,752,957,22,7061,58,1379,10,58
"43","2020-04-23",274,1,263,699,9149,0.569133238605312,0,0,752,957,28,7089,33,1412,9,33
"44","2020-04-24",235,1,263,627,9149,0.569133238605312,0,0,752,957,22,7111,34,1446,9,34
"45","2020-04-25",209,1,287,582,9149,0.569133238605312,0,0,752,957,26,7137,49,1495,5,49
"46","2020-04-26",179,1,280,524,9149,0.569133238605312,0,0,752,957,25,7162,40,1535,15,40
"47","2020-04-27",158,1,261,464,9149,0.569133238605312,0,0,752,957,22,7184,26,1561,7,26
"48","2020-04-28",134,1,255,446,9149,0.569133238605312,0,0,752,957,28,7212,28,1589,10,28
"49","2020-04-29",112,1,232,418,9149,0.569133238605312,0,0,752,957,19,7231,25,1614,3,25
"50","2020-04-30",94,1,265,387,9149,0.569133238605312,0,0,752,957,22,7253,56,1670,8,56
"51","2020-05-01",89,1,290,362,9149,0.569133238605312,0,0,752,957,20,7273,63,1733,8,63
"52","2020-05-02",86,1,315,337,9149,0.569133238605312,0,0,752,957,10,7283,64,1797,4,64
"53","2020-05-03",81,1,310,312,9149,0.569133238605312,0,0,752,957,15,7298,40,1837,2,40
"54","2020-05-04",78,1,317,297,9149,0.569133238605312,0,0,752,957,16,7314,48,1885,7,48
"55","2020-05-05",77,1,283,284,9149,0.569133238605312,0,0,752,957,19,7333,27,1912,5,27
"56","2020-05-06",75,1,247,259,9149,0.569133238605312,0,0,752,957,14,7347,21,1933,2,21
"57","2020-05-07",74,1,235,235,9149,0.569133238605312,0,0,752,957,11,7358,26,1959,4,26
"58","2020-05-08",74,1,221,235,9149,0.569133238605312,0,0,752,957,22,7380,16,1975,4,16
"59","2020-05-09",71,1,206,220,9149,0.569133238605312,0,0,752,957,14,7394,16,1991,2,16
"60","2020-05-10",67,1,218,211,9149,0.569133238605312,0,0,752,957,11,7405,37,2028,2,37
"61","2020-05-11",65,1,250,199,9149,0.569133238605312,0,0,752,957,9,7414,50,2078,5,50
"62","2020-05-12",60,1,254,190,9149,0.569133238605312,0,0,752,957,10,7424,35,2113,2,35
"63","2020-05-13",55,1,251,182,9149,0.569133238605312,0,0,752,957,12,7436,21,2134,2,21
"64","2020-05-14",48,1,201,172,9149,0.569133238605312,0,0,752,957,8,7444,12,2146,NA,12
"65","2020-05-15",46,1,197,171,9149,0.569133238605312,0,0,752,957,12,7456,19,2165,3,19
"66","2020-05-16",41,1,209,159,9149,0.569133238605312,0,0,752,957,9,7465,35,2200,2,35
"67","2020-05-17",44,1,199,156,9149,0.569133238605312,0,0,752,957,9,7474,19,2219,2,19
"68","2020-05-18",41,1,184,152,9149,0.569133238605312,0,0,752,957,7,7481,12,2231,3,12
"69","2020-05-19",41,1,163,146,9149,0.569133238605312,0,0,752,957,9,7490,13,2244,2,13
"70","2020-05-20",43,1,152,141,9149,0.569133238605312,0,0,752,957,10,7500,10,2254,1,10
"71","2020-05-21",43,1,147,137,9149,0.569133238605312,0,0,752,957,9,7509,13,2267,1,13
"72","2020-05-22",38,1,179,127,9149,0.569133238605312,0,0,752,957,4,7513,34,2301,NA,34
"73","2020-05-23",36,1,201,123,9149,0.569133238605312,0,0,752,957,8,7521,36,2337,1,36
"74","2020-05-24",29,1,246,116,9149,0.569133238605312,0,0,752,957,6,7527,71,2408,2,71
"75","2020-05-25",26,1,242,109,9149,0.569133238605312,0,0,752,957,9,7536,30,2438,3,30
"76","2020-05-26",24,1,237,105,9149,0.569133238605312,0,0,752,957,9,7545,30,2468,4,30
"77","2020-05-27",22,1,206,102,9149,0.569133238605312,0,0,752,957,9,7554,17,2485,NA,17
"78","2020-05-28",26,1,189,95,9149,0.569133238605312,0,0,752,957,8,7562,21,2506,NA,21
"79","2020-05-29",27,1,177,86,9149,0.569133238605312,0,0,752,957,2,7564,19,2525,NA,19
"80","2020-05-30",23,1,165,84,9149,0.569133238605312,0,0,752,957,6,7570,14,2539,2,14
"81","2020-05-31",22,1,156,81,9149,0.569133238605312,0,0,752,957,6,7576,16,2555,NA,16
"82","2020-06-01",20,1,171,81,9149,0.569133238605312,0,0,752,957,7,7583,24,2579,NA,24
"83","2020-06-02",19,1,185,82,9149,0.569133238605312,0,0,752,957,4,7587,35,2614,NA,35
"84","2020-06-03",21,1,173,78,9149,0.569133238605312,0,0,752,957,5,7592,20,2634,1,20
"85","2020-06-04",16,1,165,75,9149,0.569133238605312,0,0,752,957,6,7598,13,2647,3,13
"86","2020-06-05",17,1,160,71,9149,0.569133238605312,0,0,752,957,5,7603,22,2669,1,22
"87","2020-06-06",18,1,164,67,9149,0.569133238605312,0,0,752,957,4,7607,19,2688,NA,19
"88","2020-06-07",18,1,162,60,9149,0.569133238605312,0,0,752,957,3,7610,20,2708,1,20
"89","2020-03-12",1,2,68,92,6186,0.495635305528613,0,0,492,683,71,142,10,21,1,10
"90","2020-03-13",1,2,76,144,6186,0.495635305528613,0,0,492,683,74,216,10,31,11,10
"91","2020-03-14",4,2,75,198,6186,0.495635305528613,0,0,492,683,65,281,23,54,8,23
"92","2020-03-15",10,2,76,259,6186,0.495635305528613,0,0,492,683,85,366,24,78,16,24
"93","2020-03-16",18,2,68,331,6186,0.495635305528613,0,0,492,683,98,464,20,98,23,20
"94","2020-03-17",30,2,63,413,6186,0.495635305528613,0,0,492,683,76,540,22,120,22,22
"95","2020-03-18",44,2,68,491,6186,0.495635305528613,0,0,492,683,112,652,21,141,44,21
"96","2020-03-19",58,2,108,575,6186,0.495635305528613,0,0,492,683,117,769,47,188,42,47
"97","2020-03-20",90,2,121,642,6186,0.495635305528613,0,0,492,683,89,858,30,218,31,30
"98","2020-03-21",107,2,131,732,6186,0.495635305528613,0,0,492,683,103,961,48,266,35,48
"99","2020-03-22",140,2,147,827,6186,0.495635305528613,0,0,492,683,98,1059,50,316,36,50
"100","2020-03-23",162,2,136,905,6186,0.495635305528613,0,0,492,683,102,1161,48,364,41,48
"101","2020-03-24",188,2,121,955,6186,0.495635305528613,0,0,492,683,102,1263,56,420,24,56
"102","2020-03-25",213,2,143,1032,6186,0.495635305528613,0,0,492,683,93,1356,55,475,37,55
"103","2020-03-26",233,2,139,1094,6186,0.495635305528613,0,0,492,683,78,1434,30,505,20,30
"104","2020-03-27",253,2,162,1128,6186,0.495635305528613,0,0,492,683,87,1521,43,548,23,43
"105","2020-03-28",275,2,175,1158,6186,0.495635305528613,0,0,492,683,87,1608,27,575,21,27
"106","2020-03-29",277,2,176,1211,6186,0.495635305528613,0,0,492,683,98,1706,42,617,31,42
"107","2020-03-30",285,2,175,1222,6186,0.495635305528613,0,0,492,683,103,1809,34,651,28,34
"108","2020-03-31",287,2,172,1218,6186,0.495635305528613,0,0,492,683,108,1917,46,697,27,46
"109","2020-04-01",289,2,200,1237,6186,0.495635305528613,0,0,492,683,102,2019,33,730,37,33
"110","2020-04-02",306,2,211,1248,6186,0.495635305528613,0,0,492,683,94,2113,21,751,22,21
"111","2020-04-03",312,2,235,1250,6186,0.495635305528613,0,0,492,683,93,2206,23,774,30,23
"112","2020-04-04",315,2,228,1261,6186,0.495635305528613,0,0,492,683,99,2305,43,817,30,43
"113","2020-04-05",341,2,209,1228,6186,0.495635305528613,0,0,492,683,74,2379,48,865,23,48
"114","2020-04-06",344,2,208,1251,6186,0.495635305528613,0,0,492,683,102,2481,36,901,26,36
"115","2020-04-07",351,2,236,1228,6186,0.495635305528613,0,0,492,683,91,2572,39,940,28,39
"116","2020-04-08",353,2,255,1219,6186,0.495635305528613,0,0,492,683,74,2646,28,968,23,28
"117","2020-04-09",347,2,233,1198,6186,0.495635305528613,0,0,492,683,94,2740,23,991,19,23
"118","2020-04-10",333,2,228,1186,6186,0.495635305528613,0,0,492,683,87,2827,29,1020,35,29
"119","2020-04-11",337,2,255,1179,6186,0.495635305528613,0,0,492,683,93,2920,53,1073,25,53
"120","2020-04-12",322,2,240,1156,6186,0.495635305528613,0,0,492,683,73,2993,54,1127,19,54
"121","2020-04-13",328,2,262,1125,6186,0.495635305528613,0,0,492,683,85,3078,47,1174,21,47
"122","2020-04-14",325,2,243,1104,6186,0.495635305528613,0,0,492,683,79,3157,52,1226,12,52
"123","2020-04-15",318,2,213,1097,6186,0.495635305528613,0,0,492,683,77,3234,37,1263,14,37
"124","2020-04-16",321,2,203,1074,6186,0.495635305528613,0,0,492,683,78,3312,28,1291,20,28
"125","2020-04-17",319,2,209,1065,6186,0.495635305528613,0,0,492,683,89,3401,27,1318,25,27
"126","2020-04-18",318,2,239,1055,6186,0.495635305528613,0,0,492,683,78,3479,30,1348,15,30
"127","2020-04-19",312,2,275,1036,6186,0.495635305528613,0,0,492,683,75,3554,23,1371,11,23
"128","2020-04-20",300,2,295,1005,6186,0.495635305528613,0,0,492,683,101,3655,42,1413,26,42
"129","2020-04-21",302,2,272,983,6186,0.495635305528613,0,0,492,683,66,3721,23,1436,12,23
"130","2020-04-22",296,2,239,968,6186,0.495635305528613,0,0,492,683,65,3786,35,1471,9,35
"131","2020-04-23",296,2,215,948,6186,0.495635305528613,0,0,492,683,70,3856,44,1515,13,44
"132","2020-04-24",296,2,268,910,6186,0.495635305528613,0,0,492,683,69,3925,29,1544,9,29
"133","2020-04-25",275,2,263,886,6186,0.495635305528613,0,0,492,683,73,3998,60,1604,21,60
"134","2020-04-26",264,2,243,851,6186,0.495635305528613,0,0,492,683,74,4072,45,1649,11,45
"135","2020-04-27",267,2,218,835,6186,0.495635305528613,0,0,492,683,73,4145,32,1681,13,32
"136","2020-04-28",258,2,229,827,6186,0.495635305528613,0,0,492,683,60,4205,66,1747,10,66
"137","2020-04-29",254,2,232,820,6186,0.495635305528613,0,0,492,683,71,4276,71,1818,11,71
"138","2020-04-30",233,2,234,784,6186,0.495635305528613,0,0,492,683,66,4342,57,1875,18,57
"139","2020-05-01",216,2,232,749,6186,0.495635305528613,0,0,492,683,83,4425,32,1907,15,32
"140","2020-05-02",229,2,207,712,6186,0.495635305528613,0,0,492,683,66,4491,36,1943,14,36
"141","2020-05-03",223,2,182,679,6186,0.495635305528613,0,0,492,683,63,4554,27,1970,11,27
"142","2020-05-04",209,2,198,654,6186,0.495635305528613,0,0,492,683,59,4613,23,1993,12,23
"143","2020-05-05",196,2,195,621,6186,0.495635305528613,0,0,492,683,63,4676,40,2033,10,40
"144","2020-05-06",193,2,195,614,6186,0.495635305528613,0,0,492,683,52,4728,36,2069,7,36
"145","2020-05-07",187,2,196,592,6186,0.495635305528613,0,0,492,683,56,4784,44,2113,14,44
"146","2020-05-08",192,2,224,585,6186,0.495635305528613,0,0,492,683,42,4826,63,2176,2,63
"147","2020-05-09",179,2,255,554,6186,0.495635305528613,0,0,492,683,51,4877,30,2206,6,30
"148","2020-05-10",179,2,252,542,6186,0.495635305528613,0,0,492,683,49,4926,25,2231,5,25
"149","2020-05-11",183,2,268,538,6186,0.495635305528613,0,0,492,683,41,4967,29,2260,6,29
"150","2020-05-12",190,2,286,515,6186,0.495635305528613,0,0,492,683,53,5020,37,2297,9,37
"151","2020-05-13",190,2,269,506,6186,0.495635305528613,0,0,492,683,44,5064,52,2349,11,52
"152","2020-05-14",184,2,248,501,6186,0.495635305528613,0,0,492,683,37,5101,53,2402,9,53
"153","2020-05-15",168,2,233,495,6186,0.495635305528613,0,0,492,683,34,5135,41,2443,5,41
"154","2020-05-16",156,2,264,473,6186,0.495635305528613,0,0,492,683,35,5170,51,2494,5,51
"155","2020-05-17",143,2,311,464,6186,0.495635305528613,0,0,492,683,43,5213,48,2542,10,48
"156","2020-05-18",134,2,312,447,6186,0.495635305528613,0,0,492,683,30,5243,47,2589,4,47
"157","2020-05-19",122,2,276,423,6186,0.495635305528613,0,0,492,683,36,5279,40,2629,9,40
"158","2020-05-20",117,2,232,399,6186,0.495635305528613,0,0,492,683,35,5314,36,2665,6,36
"159","2020-05-21",110,2,198,386,6186,0.495635305528613,0,0,492,683,48,5362,43,2708,6,43
"160","2020-05-22",107,2,206,375,6186,0.495635305528613,0,0,492,683,32,5394,28,2736,4,28
"161","2020-05-23",104,2,211,359,6186,0.495635305528613,0,0,492,683,28,5422,40,2776,3,40
"162","2020-05-24",101,2,212,353,6186,0.495635305528613,0,0,492,683,19,5441,26,2802,4,26
"163","2020-05-25",96,2,208,336,6186,0.495635305528613,0,0,492,683,24,5465,35,2837,3,35
"164","2020-05-26",93,2,193,324,6186,0.495635305528613,0,0,492,683,30,5495,30,2867,3,30
"165","2020-05-27",85,2,212,313,6186,0.495635305528613,0,0,492,683,24,5519,33,2900,3,33
"166","2020-05-28",87,2,238,295,6186,0.495635305528613,0,0,492,683,26,5545,47,2947,3,47
"167","2020-05-29",89,2,214,275,6186,0.495635305528613,0,0,492,683,16,5561,53,3000,2,53
"168","2020-05-30",91,2,220,279,6186,0.495635305528613,0,0,492,683,26,5587,42,3042,3,42
"169","2020-05-31",91,2,201,277,6186,0.495635305528613,0,0,492,683,27,5614,36,3078,2,36
"170","2020-06-01",89,2,197,261,6186,0.495635305528613,0,0,492,683,16,5630,43,3121,3,43
"171","2020-06-02",83,2,200,241,6186,0.495635305528613,0,0,492,683,24,5654,26,3147,5,26
"172","2020-06-03",82,2,207,235,6186,0.495635305528613,0,0,492,683,20,5674,29,3176,3,29
"173","2020-06-04",77,2,207,226,6186,0.495635305528613,0,0,492,683,19,5693,38,3214,5,38
"174","2020-06-05",75,2,189,217,6186,0.495635305528613,0,0,492,683,15,5708,35,3249,3,35
"175","2020-06-06",68,2,155,205,6186,0.495635305528613,0,0,492,683,21,5729,28,3277,3,28
"176","2020-06-07",62,2,145,188,6186,0.495635305528613,0,0,492,683,14,5743,40,3317,2,40
"177","2020-03-13",5,3,209,233,7493,0.281329240624583,0,0,592,1859,30,87,40,76,13,40
"178","2020-03-14",14,3,226,328,7493,0.281329240624583,0,0,592,1859,51,138,38,114,27,38
"179","2020-03-15",25,3,232,416,7493,0.281329240624583,0,0,592,1859,50,188,37,151,35,37
"180","2020-03-16",40,3,279,516,7493,0.281329240624583,0,0,592,1859,64,252,45,196,48,45
"181","2020-03-17",62,3,283,612,7493,0.281329240624583,0,0,592,1859,79,331,31,227,55,31
"182","2020-03-18",82,3,315,716,7493,0.281329240624583,0,0,592,1859,76,407,28,255,61,28
"183","2020-03-19",117,3,348,802,7493,0.281329240624583,0,0,592,1859,102,509,27,282,75,27
"184","2020-03-20",148,3,367,892,7493,0.281329240624583,0,0,592,1859,90,599,65,347,68,65
"185","2020-03-21",176,3,351,979,7493,0.281329240624583,0,0,592,1859,117,716,49,396,98,49
"186","2020-03-22",210,3,335,1067,7493,0.281329240624583,0,0,592,1859,134,850,44,440,112,44
"187","2020-03-23",233,3,314,1145,7493,0.281329240624583,0,0,592,1859,200,1050,29,469,174,29
"188","2020-03-24",262,3,296,1206,7493,0.281329240624583,0,0,592,1859,140,1190,21,490,121,21
"189","2020-03-25",291,3,286,1235,7493,0.281329240624583,0,0,592,1859,203,1393,45,535,177,45
"190","2020-03-26",316,3,280,1275,7493,0.281329240624583,0,0,592,1859,162,1555,53,588,141,53
"191","2020-03-27",333,3,277,1299,7493,0.281329240624583,0,0,592,1859,202,1757,52,640,184,52
"192","2020-03-28",349,3,281,1336,7493,0.281329240624583,0,0,592,1859,207,1964,35,675,182,35
"193","2020-03-29",350,3,303,1337,7493,0.281329240624583,0,0,592,1859,225,2189,40,715,208,40
"194","2020-03-30",362,3,329,1321,7493,0.281329240624583,0,0,592,1859,268,2457,34,749,247,34
"195","2020-03-31",362,3,317,1340,7493,0.281329240624583,0,0,592,1859,228,2685,40,789,209,40
"196","2020-04-01",358,3,315,1350,7493,0.281329240624583,0,0,592,1859,194,2879,39,828,174,39
"197","2020-04-02",348,3,329,1347,7493,0.281329240624583,0,0,592,1859,240,3119,31,859,226,31
"198","2020-04-03",351,3,308,1298,7493,0.281329240624583,0,0,592,1859,210,3329,35,894,190,35
"199","2020-04-04",351,3,299,1298,7493,0.281329240624583,0,0,592,1859,237,3566,35,929,215,35
"200","2020-04-05",345,3,297,1309,7493,0.281329240624583,0,0,592,1859,185,3751,47,976,170,47
"201","2020-04-06",360,3,303,1311,7493,0.281329240624583,0,0,592,1859,208,3959,42,1018,188,42
"202","2020-04-07",361,3,298,1327,7493,0.281329240624583,0,0,592,1859,204,4163,28,1046,185,28
"203","2020-04-08",362,3,301,1335,7493,0.281329240624583,0,0,592,1859,150,4313,28,1074,138,28
"204","2020-04-09",362,3,294,1337,7493,0.281329240624583,0,0,592,1859,171,4484,41,1115,160,41
"205","2020-04-10",356,3,309,1337,7493,0.281329240624583,0,0,592,1859,143,4627,34,1149,133,34
"206","2020-04-11",371,3,295,1332,7493,0.281329240624583,0,0,592,1859,160,4787,32,1181,151,32
"207","2020-04-12",386,3,289,1302,7493,0.281329240624583,0,0,592,1859,142,4929,15,1196,132,15
"208","2020-04-13",375,3,303,1282,7493,0.281329240624583,0,0,592,1859,122,5051,38,1234,113,38
"209","2020-04-14",369,3,297,1268,7493,0.281329240624583,0,0,592,1859,119,5170,35,1269,101,35
"210","2020-04-15",368,3,325,1234,7493,0.281329240624583,0,0,592,1859,95,5265,35,1304,78,35
"211","2020-04-16",364,3,325,1237,7493,0.281329240624583,0,0,592,1859,79,5344,48,1352,70,48
"212","2020-04-17",365,3,305,1257,7493,0.281329240624583,0,0,592,1859,95,5439,36,1388,89,36
"213","2020-04-18",349,3,310,1224,7493,0.281329240624583,0,0,592,1859,80,5519,33,1421,68,33
"214","2020-04-19",336,3,360,1203,7493,0.281329240624583,0,0,592,1859,75,5594,31,1452,59,31
"215","2020-04-20",325,3,353,1205,7493,0.281329240624583,0,0,592,1859,74,5668,22,1474,68,22
"216","2020-04-21",321,3,384,1179,7493,0.281329240624583,0,0,592,1859,45,5713,21,1495,37,21
"217","2020-04-22",326,3,373,1142,7493,0.281329240624583,0,0,592,1859,57,5770,36,1531,46,36
"218","2020-04-23",330,3,358,1092,7493,0.281329240624583,0,0,592,1859,58,5828,19,1550,47,19
"219","2020-04-24",329,3,340,1072,7493,0.281329240624583,0,0,592,1859,46,5874,30,1580,39,30
"220","2020-04-25",325,3,364,1056,7493,0.281329240624583,0,0,592,1859,52,5926,23,1603,37,23
"221","2020-04-26",313,3,368,1028,7493,0.281329240624583,0,0,592,1859,53,5979,31,1634,48,31
"222","2020-04-27",298,3,363,1017,7493,0.281329240624583,0,0,592,1859,28,6007,28,1662,18,28
"223","2020-04-28",297,3,361,983,7493,0.281329240624583,0,0,592,1859,26,6033,24,1686,21,24
"224","2020-04-29",285,3,351,941,7493,0.281329240624583,0,0,592,1859,45,6078,13,1699,34,13
"225","2020-04-30",264,3,341,911,7493,0.281329240624583,0,0,592,1859,40,6118,28,1727,32,28
"226","2020-05-01",249,3,312,895,7493,0.281329240624583,0,0,592,1859,19,6137,49,1776,15,49
"227","2020-05-02",230,3,298,863,7493,0.281329240624583,0,0,592,1859,34,6171,35,1811,23,35
"228","2020-05-03",232,3,309,815,7493,0.281329240624583,0,0,592,1859,32,6203,28,1839,26,28
"229","2020-05-04",230,3,297,788,7493,0.281329240624583,0,0,592,1859,30,6233,30,1869,16,30
"230","2020-05-05",216,3,321,765,7493,0.281329240624583,0,0,592,1859,31,6264,33,1902,21,33
"231","2020-05-06",207,3,312,749,7493,0.281329240624583,0,0,592,1859,24,6288,26,1928,16,26
"232","2020-05-07",208,3,317,732,7493,0.281329240624583,0,0,592,1859,19,6307,49,1977,13,49
"233","2020-05-08",207,3,300,712,7493,0.281329240624583,0,0,592,1859,15,6322,42,2019,10,42
"234","2020-05-09",196,3,344,690,7493,0.281329240624583,0,0,592,1859,21,6343,38,2057,16,38
"235","2020-05-10",183,3,348,676,7493,0.281329240624583,0,0,592,1859,20,6363,42,2099,14,42
"236","2020-05-11",180,3,337,631,7493,0.281329240624583,0,0,592,1859,19,6382,33,2132,12,33
"237","2020-05-12",172,3,318,623,7493,0.281329240624583,0,0,592,1859,15,6397,30,2162,8,30
"238","2020-05-13",178,3,343,627,7493,0.281329240624583,0,0,592,1859,25,6422,39,2201,11,39
"239","2020-05-14",171,3,355,609,7493,0.281329240624583,0,0,592,1859,10,6432,33,2234,3,33
"240","2020-05-15",156,3,359,583,7493,0.281329240624583,0,0,592,1859,21,6453,14,2248,13,14
"241","2020-05-16",162,3,378,558,7493,0.281329240624583,0,0,592,1859,14,6467,29,2277,7,29
"242","2020-05-17",164,3,377,559,7493,0.281329240624583,0,0,592,1859,15,6482,25,2302,7,25
"243","2020-05-18",165,3,354,534,7493,0.281329240624583,0,0,592,1859,17,6499,22,2324,12,22
"244","2020-05-19",167,3,338,516,7493,0.281329240624583,0,0,592,1859,14,6513,64,2388,13,64
"245","2020-05-20",158,3,326,500,7493,0.281329240624583,0,0,592,1859,13,6526,47,2435,9,47
"246","2020-05-21",153,3,339,475,7493,0.281329240624583,0,0,592,1859,15,6541,40,2475,6,40
"247","2020-05-22",149,3,335,451,7493,0.281329240624583,0,0,592,1859,5,6546,38,2513,4,38
"248","2020-05-23",134,3,354,423,7493,0.281329240624583,0,0,592,1859,15,6561,30,2543,8,30
"249","2020-05-24",129,3,366,399,7493,0.281329240624583,0,0,592,1859,14,6575,43,2586,10,43
"250","2020-05-25",129,3,358,371,7493,0.281329240624583,0,0,592,1859,13,6588,25,2611,9,25
"251","2020-05-26",117,3,361,344,7493,0.281329240624583,0,0,592,1859,13,6601,30,2641,9,30
"252","2020-05-27",102,3,330,320,7493,0.281329240624583,0,0,592,1859,9,6610,36,2677,4,36
"253","2020-05-28",97,3,354,307,7493,0.281329240624583,0,0,592,1859,11,6621,37,2714,8,37
"254","2020-05-29",97,3,345,292,7493,0.281329240624583,0,0,592,1859,16,6637,26,2740,8,26
"255","2020-05-30",104,3,363,275,7493,0.281329240624583,0,0,592,1859,10,6647,24,2764,8,24
"256","2020-05-31",95,3,359,273,7493,0.281329240624583,0,0,592,1859,4,6651,16,2780,2,16
"257","2020-06-01",84,3,338,259,7493,0.281329240624583,0,0,592,1859,7,6658,24,2804,4,24
"258","2020-06-02",82,3,378,244,7493,0.281329240624583,0,0,592,1859,5,6663,21,2825,2,21
"259","2020-06-03",79,3,374,236,7493,0.281329240624583,0,0,592,1859,6,6669,10,2835,4,10
"260","2020-06-04",77,3,355,230,7493,0.281329240624583,0,0,592,1859,9,6678,16,2851,5,16
"261","2020-06-05",71,3,369,216,7493,0.281329240624583,0,0,592,1859,4,6682,12,2863,3,12
"262","2020-06-06",64,3,351,211,7493,0.281329240624583,0,0,592,1859,5,6687,16,2879,3,16
"263","2020-06-07",64,3,343,200,7493,0.281329240624583,0,0,592,1859,6,6693,17,2896,3,17
"264","2020-03-14",3,4,102,214,6124,0.570705421293272,0,0,570,993,192,522,62,250,106,62
"265","2020-03-15",7,4,153,287,6124,0.570705421293272,0,0,570,993,247,769,75,325,175,75
"266","2020-03-16",14,4,190,350,6124,0.570705421293272,0,0,570,993,326,1095,41,366,257,41
"267","2020-03-17",30,4,193,425,6124,0.570705421293272,0,0,570,993,384,1479,20,386,323,20
"268","2020-03-18",47,4,224,501,6124,0.570705421293272,0,0,570,993,421,1900,22,408,353,22
"269","2020-03-19",62,4,233,584,6124,0.570705421293272,0,0,570,993,564,2464,21,429,496,21
"270","2020-03-20",85,4,217,638,6124,0.570705421293272,0,0,570,993,638,3102,17,446,580,17
"271","2020-03-21",116,4,218,715,6124,0.570705421293272,0,0,570,993,697,3799,10,456,646,10
"272","2020-03-22",138,4,235,777,6124,0.570705421293272,0,0,570,993,570,4369,16,472,530,16
"273","2020-03-23",171,4,228,849,6124,0.570705421293272,0,0,570,993,617,4986,12,484,584,12
"274","2020-03-24",182,4,213,888,6124,0.570705421293272,0,0,570,993,654,5640,24,508,624,24
"275","2020-03-25",199,4,200,939,6124,0.570705421293272,0,0,570,993,502,6142,45,553,475,45
"276","2020-03-26",224,4,204,973,6124,0.570705421293272,0,0,570,993,424,6566,39,592,397,39
"277","2020-03-27",232,4,205,992,6124,0.570705421293272,0,0,570,993,379,6945,41,633,364,41
"278","2020-03-28",237,4,196,1015,6124,0.570705421293272,0,0,570,993,263,7208,27,660,250,27
"279","2020-03-29",255,4,194,1034,6124,0.570705421293272,0,0,570,993,184,7392,35,695,174,35
"280","2020-03-30",261,4,170,1046,6124,0.570705421293272,0,0,570,993,103,7495,46,741,95,46
"281","2020-03-31",281,4,183,1039,6124,0.570705421293272,0,0,570,993,80,7575,69,810,73,69
"282","2020-04-01",296,4,251,1050,6124,0.570705421293272,0,0,570,993,52,7627,29,839,46,29
"283","2020-04-02",291,4,288,1082,6124,0.570705421293272,0,0,570,993,67,7694,28,867,65,28
"284","2020-04-03",302,4,280,1098,6124,0.570705421293272,0,0,570,993,33,7727,32,899,30,32
"285","2020-04-04",307,4,271,1105,6124,0.570705421293272,0,0,570,993,24,7751,48,947,21,48
"286","2020-04-05",318,4,285,1126,6124,0.570705421293272,0,0,570,993,12,7763,22,969,12,22
"287","2020-04-06",307,4,281,1118,6124,0.570705421293272,0,0,570,993,22,7785,24,993,15,24
"288","2020-04-07",304,4,274,1111,6124,0.570705421293272,0,0,570,993,5,7790,23,1016,5,23
"289","2020-04-08",304,4,258,1116,6124,0.570705421293272,0,0,570,993,7,7797,52,1068,6,52
"290","2020-04-09",316,4,269,1109,6124,0.570705421293272,0,0,570,993,10,7807,47,1115,9,47
"291","2020-04-10",326,4,277,1107,6124,0.570705421293272,0,0,570,993,10,7817,39,1154,3,39
"292","2020-04-11",328,4,282,1101,6124,0.570705421293272,0,0,570,993,6,7823,22,1176,5,22
"293","2020-04-12",310,4,267,1109,6124,0.570705421293272,0,0,570,993,4,7827,24,1200,2,24
"294","2020-04-13",328,4,263,1109,6124,0.570705421293272,0,0,570,993,3,7830,28,1228,2,28
"295","2020-04-14",336,4,285,1097,6124,0.570705421293272,0,0,570,993,2,7832,25,1253,NA,25
"296","2020-04-15",326,4,267,1101,6124,0.570705421293272,0,0,570,993,3,7835,14,1267,NA,14
"297","2020-04-16",324,4,260,1116,6124,0.570705421293272,0,0,570,993,3,7838,45,1312,NA,45
"298","2020-04-17",319,4,239,1120,6124,0.570705421293272,0,0,570,993,5,7843,34,1346,3,34
"299","2020-04-18",324,4,296,1097,6124,0.570705421293272,0,0,570,993,3,7846,23,1369,1,23
"300","2020-04-19",327,4,361,1071,6124,0.570705421293272,0,0,570,993,7,7853,25,1394,2,25
"301","2020-04-20",327,4,369,1097,6124,0.570705421293272,0,0,570,993,2,7855,21,1415,2,21
"302","2020-04-21",311,4,341,1068,6124,0.570705421293272,0,0,570,993,6,7861,28,1443,3,28
"303","2020-04-22",314,4,305,1032,6124,0.570705421293272,0,0,570,993,4,7865,13,1456,1,13
"304","2020-04-23",309,4,249,1022,6124,0.570705421293272,0,0,570,993,7,7872,17,1473,3,17
"305","2020-04-24",302,4,285,1022,6124,0.570705421293272,0,0,570,993,1,7873,15,1488,1,15
"306","2020-04-25",294,4,270,975,6124,0.570705421293272,0,0,570,993,7,7880,44,1532,2,44
"307","2020-04-26",289,4,229,952,6124,0.570705421293272,0,0,570,993,3,7883,19,1551,1,19
"308","2020-04-27",275,4,201,911,6124,0.570705421293272,0,0,570,993,NA,NA,34,1585,NA,34
"309","2020-04-28",268,4,176,894,6124,0.570705421293272,0,0,570,993,1,7884,33,1618,NA,33
"310","2020-04-29",255,4,166,873,6124,0.570705421293272,0,0,570,993,2,7886,27,1645,2,27
"311","2020-04-30",251,4,175,842,6124,0.570705421293272,0,0,570,993,4,7890,9,1654,NA,9
"312","2020-05-01",238,4,200,818,6124,0.570705421293272,0,0,570,993,1,7891,10,1664,NA,10
"313","2020-05-02",239,4,252,800,6124,0.570705421293272,0,0,570,993,1,7892,7,1671,1,7
"314","2020-05-03",229,4,267,750,6124,0.570705421293272,0,0,570,993,1,7893,9,1680,NA,9
"315","2020-05-04",226,4,292,739,6124,0.570705421293272,0,0,570,993,2,7895,15,1695,NA,15
"316","2020-05-05",222,4,274,717,6124,0.570705421293272,0,0,570,993,3,7898,25,1720,NA,25
"317","2020-05-06",222,4,246,676,6124,0.570705421293272,0,0,570,993,2,7900,75,1795,1,75
"318","2020-05-07",206,4,262,634,6124,0.570705421293272,0,0,570,993,2,7902,29,1824,1,29
"319","2020-05-08",199,4,279,621,6124,0.570705421293272,0,0,570,993,4,7906,31,1855,1,31
"320","2020-05-09",184,4,276,606,6124,0.570705421293272,0,0,570,993,1,7907,27,1882,NA,27
"321","2020-05-10",188,4,259,609,6124,0.570705421293272,0,0,570,993,2,7909,35,1917,1,35
"322","2020-05-11",173,4,243,581,6124,0.570705421293272,0,0,570,993,1,7910,30,1947,1,30
"323","2020-05-12",171,4,225,569,6124,0.570705421293272,0,0,570,993,1,7911,14,1961,NA,14
"324","2020-05-13",172,4,223,555,6124,0.570705421293272,0,0,570,993,3,7914,16,1977,1,16
"325","2020-05-14",170,4,222,530,6124,0.570705421293272,0,0,570,993,NA,NA,34,2011,NA,34
"326","2020-05-15",176,4,193,494,6124,0.570705421293272,0,0,570,993,5,7919,12,2023,2,12
"327","2020-05-16",166,4,222,479,6124,0.570705421293272,0,0,570,993,2,7921,18,2041,NA,18
"328","2020-05-17",163,4,271,467,6124,0.570705421293272,0,0,570,993,3,7924,22,2063,1,22
"329","2020-05-18",163,4,298,461,6124,0.570705421293272,0,0,570,993,2,7926,45,2108,1,45
"330","2020-05-19",158,4,304,472,6124,0.570705421293272,0,0,570,993,1,7927,55,2163,NA,55
"331","2020-05-20",145,4,265,439,6124,0.570705421293272,0,0,570,993,1,7928,29,2192,NA,29
"332","2020-05-21",142,4,234,406,6124,0.570705421293272,0,0,570,993,1,7929,18,2210,NA,18
"333","2020-05-22",135,4,217,378,6124,0.570705421293272,0,0,570,993,2,7931,15,2225,NA,15
"334","2020-05-23",136,4,201,354,6124,0.570705421293272,0,0,570,993,1,7932,25,2250,NA,25
"335","2020-05-24",126,4,212,331,6124,0.570705421293272,0,0,570,993,NA,NA,77,2327,NA,77
"336","2020-05-25",119,4,213,300,6124,0.570705421293272,0,0,570,993,NA,NA,56,2383,NA,56
"337","2020-05-26",109,4,199,292,6124,0.570705421293272,0,0,570,993,NA,NA,28,2411,NA,28
"338","2020-05-27",106,4,199,288,6124,0.570705421293272,0,0,570,993,NA,NA,36,2447,NA,36
"339","2020-05-28",103,4,236,272,6124,0.570705421293272,0,0,570,993,NA,NA,30,2477,NA,30
"340","2020-05-29",92,4,255,257,6124,0.570705421293272,0,0,570,993,NA,NA,53,2530,NA,53
"341","2020-05-30",78,4,273,249,6124,0.570705421293272,0,0,570,993,NA,NA,39,2569,NA,39
"342","2020-05-31",73,4,257,242,6124,0.570705421293272,0,0,570,993,NA,NA,31,2600,NA,31
"343","2020-06-01",70,4,251,235,6124,0.570705421293272,0,0,570,993,1,7933,29,2629,NA,29
"344","2020-06-02",71,4,273,232,6124,0.570705421293272,0,0,570,993,NA,NA,27,2656,NA,27
"345","2020-06-03",67,4,272,223,6124,0.570705421293272,0,0,570,993,NA,NA,18,2674,NA,18
"346","2020-06-04",63,4,275,217,6124,0.570705421293272,0,0,570,993,1,7934,20,2694,NA,20
"347","2020-06-05",64,4,271,217,6124,0.570705421293272,0,0,570,993,1,7935,60,2754,1,60
"348","2020-06-06",68,4,284,212,6124,0.570705421293272,0,0,570,993,NA,NA,34,2788,NA,34
"349","2020-06-07",62,4,295,207,6124,0.570705421293272,0,0,570,993,2,7937,33,2821,1,33
"350","2020-03-11",1,5,22,54,5682,0.289686730024639,0,0,474,778,24,24,15,17,1,15
"351","2020-03-12",2,5,47,108,5682,0.289686730024639,0,0,474,778,24,48,15,32,3,15
"352","2020-03-13",4,5,60,154,5682,0.289686730024639,0,0,474,778,30,78,37,69,8,37
"353","2020-03-14",10,5,80,212,5682,0.289686730024639,0,0,474,778,30,108,20,89,8,20
"354","2020-03-15",17,5,76,275,5682,0.289686730024639,0,0,474,778,30,138,22,111,8,22
"355","2020-03-16",27,5,73,332,5682,0.289686730024639,0,0,474,778,41,179,6,117,13,6
"356","2020-03-17",36,5,77,400,5682,0.289686730024639,0,0,474,778,50,229,16,133,13,16
"357","2020-03-18",56,5,68,482,5682,0.289686730024639,0,0,474,778,52,281,48,181,26,48
"358","2020-03-19",74,5,87,563,5682,0.289686730024639,0,0,474,778,50,331,46,227,27,46
"359","2020-03-20",94,5,125,632,5682,0.289686730024639,0,0,474,778,55,386,29,256,21,29
"360","2020-03-21",110,5,115,711,5682,0.289686730024639,0,0,474,778,42,428,64,320,22,64
"361","2020-03-22",137,5,106,758,5682,0.289686730024639,0,0,474,778,64,492,59,379,41,59
"362","2020-03-23",156,5,109,830,5682,0.289686730024639,0,0,474,778,47,539,32,411,22,32
"363","2020-03-24",175,5,124,870,5682,0.289686730024639,0,0,474,778,63,602,51,462,35,51
"364","2020-03-25",192,5,145,918,5682,0.289686730024639,0,0,474,778,51,653,33,495,19,33
"365","2020-03-26",203,5,156,937,5682,0.289686730024639,0,0,474,778,43,696,34,529,27,34
"366","2020-03-27",220,5,152,985,5682,0.289686730024639,0,0,474,778,59,755,25,554,22,25
"367","2020-03-28",234,5,154,1024,5682,0.289686730024639,0,0,474,778,67,822,25,579,35,25
"368","2020-03-29",249,5,166,1031,5682,0.289686730024639,0,0,474,778,61,883,34,613,26,34
"369","2020-03-30",257,5,202,1036,5682,0.289686730024639,0,0,474,778,41,924,20,633,20,20
"370","2020-03-31",259,5,185,1019,5682,0.289686730024639,0,0,474,778,58,982,28,661,33,29
"371","2020-04-01",271,5,188,999,5682,0.289686730024639,0,0,474,778,48,1030,41,702,21,41
"372","2020-04-02",301,5,206,998,5682,0.289686730024639,0,0,474,778,61,1091,56,758,31,56
"373","2020-04-03",288,5,211,992,5682,0.289686730024639,0,0,474,778,53,1144,30,788,26,30
"374","2020-04-04",289,5,201,990,5682,0.289686730024639,0,0,474,778,71,1215,37,825,37,37
"375","2020-04-05",284,5,193,987,5682,0.289686730024639,0,0,474,778,63,1278,30,855,33,30
"376","2020-04-06",291,5,173,946,5682,0.289686730024639,0,0,474,778,60,1338,19,874,31,19
"377","2020-04-07",298,5,176,933,5682,0.289686730024639,0,0,474,778,52,1390,31,905,19,31
"378","2020-04-08",281,5,186,918,5682,0.289686730024639,0,0,474,778,52,1442,22,927,25,22
"379","2020-04-09",267,5,161,897,5682,0.289686730024639,0,0,474,778,44,1486,20,947,24,20
"380","2020-04-10",274,5,150,879,5682,0.289686730024639,0,0,474,778,58,1544,23,970,29,23
"381","2020-04-11",267,5,142,916,5682,0.289686730024639,0,0,474,778,90,1634,36,1006,45,36
"382","2020-04-12",262,5,170,891,5682,0.289686730024639,0,0,474,778,71,1705,23,1029,29,23
"383","2020-04-13",260,5,190,866,5682,0.289686730024639,0,0,474,778,56,1761,16,1045,26,16
"384","2020-04-14",250,5,201,876,5682,0.289686730024639,0,0,474,778,73,1834,12,1057,41,12
"385","2020-04-15",249,5,228,883,5682,0.289686730024639,0,0,474,778,74,1908,14,1071,38,14
"386","2020-04-16",235,5,211,875,5682,0.289686730024639,0,0,474,778,71,1979,31,1102,39,31
"387","2020-04-17",230,5,213,873,5682,0.289686730024639,0,0,474,778,44,2023,39,1141,26,39
"388","2020-04-18",231,5,220,862,5682,0.289686730024639,0,0,474,778,71,2094,17,1158,37,17
"389","2020-04-19",216,5,188,842,5682,0.289686730024639,0,0,474,778,51,2145,20,1178,24,20
"390","2020-04-20",210,5,204,829,5682,0.289686730024639,0,0,474,778,70,2215,20,1198,33,20
"391","2020-04-21",221,5,237,791,5682,0.289686730024639,0,0,474,778,49,2264,22,1220,24,22
"392","2020-04-22",215,5,224,770,5682,0.289686730024639,0,0,474,778,57,2321,24,1244,25,24
"393","2020-04-23",216,5,200,764,5682,0.289686730024639,0,0,474,778,47,2368,21,1265,17,21
"394","2020-04-24",215,5,175,745,5682,0.289686730024639,0,0,474,778,46,2414,13,1278,17,13
"395","2020-04-25",214,5,173,722,5682,0.289686730024639,0,0,474,778,52,2466,28,1306,22,28
"396","2020-04-26",213,5,162,716,5682,0.289686730024639,0,0,474,778,55,2521,43,1349,31,43
"397","2020-04-27",205,5,184,715,5682,0.289686730024639,0,0,474,778,64,2585,52,1401,34,52
"398","2020-04-28",203,5,176,702,5682,0.289686730024639,0,0,474,778,56,2641,30,1431,21,30
"399","2020-04-29",207,5,152,692,5682,0.289686730024639,0,0,474,778,59,2700,29,1460,25,29
"400","2020-04-30",196,5,182,690,5682,0.289686730024639,0,0,474,778,50,2750,29,1489,14,29
"401","2020-05-01",196,5,213,671,5682,0.289686730024639,0,0,474,778,44,2794,36,1525,23,36
"402","2020-05-02",192,5,223,669,5682,0.289686730024639,0,0,474,778,47,2841,46,1571,20,46
"403","2020-05-03",200,5,232,647,5682,0.289686730024639,0,0,474,778,58,2899,38,1609,22,38
"404","2020-05-04",193,5,234,644,5682,0.289686730024639,0,0,474,778,44,2943,33,1642,16,33
"405","2020-05-05",188,5,229,649,5682,0.289686730024639,0,0,474,778,51,2994,25,1667,19,25
"406","2020-05-06",180,5,205,645,5682,0.289686730024639,0,0,474,778,34,3028,18,1685,16,18
"407","2020-05-07",182,5,193,641,5682,0.289686730024639,0,0,474,778,46,3074,17,1702,19,17
"408","2020-05-08",173,5,181,618,5682,0.289686730024639,0,0,474,778,38,3112,18,1720,14,18
"409","2020-05-09",173,5,165,602,5682,0.289686730024639,0,0,474,778,43,3155,24,1744,15,24
"410","2020-05-10",171,5,187,589,5682,0.289686730024639,0,0,474,778,35,3190,13,1757,10,13
"411","2020-05-11",173,5,198,590,5682,0.289686730024639,0,0,474,778,50,3240,51,1808,18,51
"412","2020-05-12",163,5,189,595,5682,0.289686730024639,0,0,474,778,29,3269,59,1867,8,59
"413","2020-05-13",166,5,171,596,5682,0.289686730024639,0,0,474,778,35,3304,42,1909,13,42
"414","2020-05-14",177,5,169,590,5682,0.289686730024639,0,0,474,778,40,3344,33,1942,19,33
"415","2020-05-15",182,5,194,586,5682,0.289686730024639,0,0,474,778,37,3381,26,1968,15,26
"416","2020-05-16",179,5,190,576,5682,0.289686730024639,0,0,474,778,35,3416,34,2002,18,34
"417","2020-05-17",172,5,193,551,5682,0.289686730024639,0,0,474,778,35,3451,36,2038,16,36
"418","2020-05-18",168,5,222,542,5682,0.289686730024639,0,0,474,778,41,3492,27,2065,21,27
"419","2020-05-19",162,5,207,511,5682,0.289686730024639,0,0,474,778,36,3528,19,2084,11,19
"420","2020-05-20",154,5,213,504,5682,0.289686730024639,0,0,474,778,29,3557,23,2107,12,23
"421","2020-05-21",137,5,191,473,5682,0.289686730024639,0,0,474,778,32,3589,21,2128,14,21
"422","2020-05-22",129,5,174,448,5682,0.289686730024639,0,0,474,778,30,3619,18,2146,13,18
"423","2020-05-23",126,5,170,430,5682,0.289686730024639,0,0,474,778,31,3650,11,2157,16,11
"424","2020-05-24",126,5,163,398,5682,0.289686730024639,0,0,474,778,31,3681,35,2192,15,35
"425","2020-05-25",122,5,187,394,5682,0.289686730024639,0,0,474,778,30,3711,35,2227,14,35
"426","2020-05-26",123,5,210,368,5682,0.289686730024639,0,0,474,778,17,3728,26,2253,6,26
"427","2020-05-27",122,5,229,358,5682,0.289686730024639,0,0,474,778,28,3756,22,2275,11,22
"428","2020-05-28",117,5,211,336,5682,0.289686730024639,0,0,474,778,27,3783,21,2296,9,21
"429","2020-05-29",117,5,199,321,5682,0.289686730024639,0,0,474,778,20,3803,50,2346,8,50
"430","2020-05-30",108,5,183,331,5682,0.289686730024639,0,0,474,778,23,3826,47,2393,11,47
"431","2020-05-31",100,5,176,321,5682,0.289686730024639,0,0,474,778,28,3854,31,2424,7,31
"432","2020-06-01",102,5,172,306,5682,0.289686730024639,0,0,474,778,25,3879,59,2483,15,59
"433","2020-06-02",100,5,171,300,5682,0.289686730024639,0,0,474,778,21,3900,40,2523,11,40
"434","2020-06-03",96,5,157,287,5682,0.289686730024639,0,0,474,778,23,3923,35,2558,16,35
"435","2020-06-04",96,5,136,273,5682,0.289686730024639,0,0,474,778,15,3938,28,2586,7,28
"436","2020-06-05",87,5,132,267,5682,0.289686730024639,0,0,474,778,15,3953,25,2611,9,25
"437","2020-06-06",83,5,146,252,5682,0.289686730024639,0,0,474,778,19,3972,27,2638,9,27
"438","2020-06-07",81,5,173,263,5682,0.289686730024639,0,0,474,778,22,3994,30,2668,10,30
"439","2020-03-12",1,6,78,90,8727,0.848286925633093,0,0,733,1629,60,105,38,80,3,38
"440","2020-03-13",6,6,100,151,8727,0.848286925633093,0,0,733,1629,55,160,59,139,2,59
"441","2020-03-14",6,6,120,217,8727,0.848286925633093,0,0,733,1629,56,216,49,188,6,49
"442","2020-03-15",16,6,175,339,8727,0.848286925633093,0,0,733,1629,60,276,46,234,7,46
"443","2020-03-16",26,6,214,462,8727,0.848286925633093,0,0,733,1629,45,321,58,292,4,58
"444","2020-03-17",45,6,270,648,8727,0.848286925633093,0,0,733,1629,58,379,51,343,13,51
"445","2020-03-18",73,6,249,830,8727,0.848286925633093,0,0,733,1629,56,435,22,365,11,22
"446","2020-03-19",95,6,276,1134,8727,0.848286925633093,0,0,733,1629,58,493,17,382,13,17
"447","2020-03-20",131,6,264,1477,8727,0.848286925633093,0,0,733,1629,65,558,38,420,15,38
"448","2020-03-21",173,6,265,1795,8727,0.848286925633093,0,0,733,1629,68,626,47,467,17,47
"449","2020-03-22",221,6,239,2224,8727,0.848286925633093,0,0,733,1629,72,698,23,490,20,23
"450","2020-03-23",282,6,224,2818,8727,0.848286925633093,0,0,733,1629,61,759,21,511,15,21
"451","2020-03-24",371,6,193,3216,8727,0.848286925633093,0,0,733,1629,62,821,13,524,21,13
"452","2020-03-25",475,6,172,3638,8727,0.848286925633093,0,0,733,1629,58,879,10,534,15,10
"453","2020-03-26",592,6,189,4088,8727,0.848286925633093,0,0,733,1629,75,954,27,561,19,27
"454","2020-03-27",710,6,204,4415,8727,0.848286925633093,0,0,733,1629,84,1038,35,596,34,35
"455","2020-03-28",828,6,244,4630,8727,0.848286925633093,0,0,733,1629,90,1128,66,662,29,66
"456","2020-03-29",976,6,304,4805,8727,0.848286925633093,0,0,733,1629,59,1187,32,694,12,32
"457","2020-03-30",1088,6,284,4963,8727,0.848286925633093,0,0,733,1629,64,1251,56,750,15,56
"458","2020-03-31",1189,6,268,4989,8727,0.848286925633093,0,0,733,1629,66,1317,36,786,21,36
"459","2020-04-01",1281,6,237,4813,8727,0.848286925633093,0,0,733,1629,74,1391,55,841,16,55
"460","2020-04-02",1335,6,224,4593,8727,0.848286925633093,0,0,733,1629,68,1459,22,863,12,22
"461","2020-04-03",1377,6,200,4313,8727,0.848286925633093,0,0,733,1629,73,1532,10,873,20,10
"462","2020-04-04",1404,6,193,3960,8727,0.848286925633093,0,0,733,1629,84,1616,16,889,24,16
"463","2020-04-05",1367,6,189,3582,8727,0.848286925633093,0,0,733,1629,75,1691,27,916,17,27
"464","2020-04-06",1327,6,159,3173,8727,0.848286925633093,0,0,733,1629,73,1764,32,948,18,32
"465","2020-04-07",1257,6,144,2747,8727,0.848286925633093,0,0,733,1629,73,1837,24,972,12,24
"466","2020-04-08",1152,6,149,2348,8727,0.848286925633093,0,0,733,1629,69,1906,19,991,16,19
"467","2020-04-09",1046,6,148,1995,8727,0.848286925633093,0,0,733,1629,54,1960,16,1007,12,16
"468","2020-04-10",908,6,152,1700,8727,0.848286925633093,0,0,733,1629,81,2041,7,1014,17,7
"469","2020-04-11",774,6,211,1389,8727,0.848286925633093,0,0,733,1629,80,2121,15,1029,23,15
"470","2020-04-12",661,6,222,1138,8727,0.848286925633093,0,0,733,1629,73,2194,21,1050,21,21
"471","2020-04-13",544,6,213,911,8727,0.848286925633093,0,0,733,1629,72,2266,41,1091,18,41
"472","2020-04-14",431,6,210,747,8727,0.848286925633093,0,0,733,1629,92,2358,29,1120,24,29
"473","2020-04-15",346,6,216,618,8727,0.848286925633093,0,0,733,1629,67,2425,57,1177,16,57
"474","2020-04-16",279,6,210,503,8727,0.848286925633093,0,0,733,1629,58,2483,33,1210,11,33
"475","2020-04-17",235,6,200,407,8727,0.848286925633093,0,0,733,1629,62,2545,31,1241,12,31
"476","2020-04-18",196,6,172,333,8727,0.848286925633093,0,0,733,1629,69,2614,19,1260,13,19
"477","2020-04-19",154,6,180,273,8727,0.848286925633093,0,0,733,1629,68,2682,41,1301,15,41
"478","2020-04-20",139,6,201,225,8727,0.848286925633093,0,0,733,1629,65,2747,72,1373,13,72
"479","2020-04-21",117,6,230,192,8727,0.848286925633093,0,0,733,1629,62,2809,26,1399,12,26
"480","2020-04-22",92,6,226,160,8727,0.848286925633093,0,0,733,1629,60,2869,39,1438,11,39
"481","2020-04-23",76,6,203,139,8727,0.848286925633093,0,0,733,1629,67,2936,34,1472,12,34
"482","2020-04-24",61,6,193,122,8727,0.848286925633093,0,0,733,1629,69,3005,21,1493,11,21
"483","2020-04-25",49,6,197,106,8727,0.848286925633093,0,0,733,1629,63,3068,35,1528,12,35
"484","2020-04-26",39,6,184,93,8727,0.848286925633093,0,0,733,1629,71,3139,34,1562,11,34
"485","2020-04-27",31,6,178,81,8727,0.848286925633093,0,0,733,1629,49,3188,15,1577,11,15
"486","2020-04-28",30,6,186,74,8727,0.848286925633093,0,0,733,1629,62,3250,17,1594,15,17
"487","2020-04-29",23,6,246,65,8727,0.848286925633093,0,0,733,1629,58,3308,18,1612,9,18
"488","2020-04-30",18,6,327,54,8727,0.848286925633093,0,0,733,1629,80,3388,38,1650,12,38
"489","2020-05-01",16,6,325,46,8727,0.848286925633093,0,0,733,1629,48,3436,28,1678,11,28
"490","2020-05-02",14,6,298,41,8727,0.848286925633093,0,0,733,1629,61,3497,20,1698,4,20
"491","2020-05-03",10,6,238,32,8727,0.848286925633093,0,0,733,1629,49,3546,16,1714,11,16
"492","2020-05-04",7,6,224,38,8727,0.848286925633093,0,0,733,1629,51,3597,17,1731,9,17
"493","2020-05-05",8,6,212,35,8727,0.848286925633093,0,0,733,1629,56,3653,11,1742,11,11
"494","2020-05-06",8,6,260,35,8727,0.848286925633093,0,0,733,1629,46,3699,16,1758,6,16
"495","2020-05-07",8,6,248,29,8727,0.848286925633093,0,0,733,1629,50,3749,31,1789,12,31
"496","2020-05-08",7,6,242,27,8727,0.848286925633093,0,0,733,1629,47,3796,50,1839,5,50
"497","2020-05-09",9,6,212,27,8727,0.848286925633093,0,0,733,1629,55,3851,27,1866,10,27
"498","2020-05-10",11,6,206,28,8727,0.848286925633093,0,0,733,1629,46,3897,14,1880,5,14
"499","2020-05-11",11,6,224,26,8727,0.848286925633093,0,0,733,1629,41,3938,17,1897,4,17
"500","2020-05-12",8,6,209,28,8727,0.848286925633093,0,0,733,1629,41,3979,14,1911,7,14
"501","2020-05-13",7,6,207,31,8727,0.848286925633093,0,0,733,1629,53,4032,18,1929,9,18
"502","2020-05-14",9,6,223,32,8727,0.848286925633093,0,0,733,1629,40,4072,26,1955,4,26
"503","2020-05-15",9,6,207,31,8727,0.848286925633093,0,0,733,1629,43,4115,27,1982,12,27
"504","2020-05-16",7,6,200,26,8727,0.848286925633093,0,0,733,1629,42,4157,43,2025,6,43
"505","2020-05-17",7,6,193,25,8727,0.848286925633093,0,0,733,1629,30,4187,28,2053,4,28
"506","2020-05-18",8,6,179,25,8727,0.848286925633093,0,0,733,1629,30,4217,33,2086,4,33
"507","2020-05-19",8,6,165,22,8727,0.848286925633093,0,0,733,1629,40,4257,31,2117,7,31
"508","2020-05-20",8,6,166,22,8727,0.848286925633093,0,0,733,1629,30,4287,20,2137,5,20
"509","2020-05-21",6,6,206,22,8727,0.848286925633093,0,0,733,1629,28,4315,22,2159,9,22
"510","2020-05-22",5,6,204,22,8727,0.848286925633093,0,0,733,1629,29,4344,24,2183,3,24
"511","2020-05-23",6,6,188,22,8727,0.848286925633093,0,0,733,1629,27,4371,35,2218,6,36
"512","2020-05-24",5,6,175,21,8727,0.848286925633093,0,0,733,1629,27,4398,59,2277,9,59
"513","2020-05-25",4,6,169,22,8727,0.848286925633093,0,0,733,1629,24,4422,33,2310,5,33
"514","2020-05-26",5,6,202,20,8727,0.848286925633093,0,0,733,1629,35,4457,22,2332,4,22
"515","2020-05-27",4,6,212,18,8727,0.848286925633093,0,0,733,1629,29,4486,51,2383,6,51
"516","2020-05-28",6,6,205,18,8727,0.848286925633093,0,0,733,1629,27,4513,30,2413,6,30
"517","2020-05-29",7,6,197,16,8727,0.848286925633093,0,0,733,1629,20,4533,57,2470,NA,57
"518","2020-05-30",7,6,242,16,8727,0.848286925633093,0,0,733,1629,18,4551,34,2504,1,34
"519","2020-05-31",6,6,236,15,8727,0.848286925633093,0,0,733,1629,14,4565,57,2561,3,57
"520","2020-06-01",7,6,260,12,8727,0.848286925633093,0,0,733,1629,25,4590,49,2610,3,49
"521","2020-06-02",5,6,283,10,8727,0.848286925633093,0,0,733,1629,18,4608,17,2627,2,17
"522","2020-06-03",5,6,274,12,8727,0.848286925633093,0,0,733,1629,23,4631,20,2647,3,20
"523","2020-06-04",3,6,250,12,8727,0.848286925633093,0,0,733,1629,18,4649,15,2662,NA,15
"524","2020-06-05",2,6,223,13,8727,0.848286925633093,0,0,733,1629,16,4665,33,2695,NA,33
"525","2020-06-06",1,6,188,11,8727,0.848286925633093,0,0,733,1629,23,4688,38,2733,6,38
"526","2020-06-07",1,6,175,11,8727,0.848286925633093,0,0,733,1629,17,4705,27,2760,4,27
"527","2020-03-13",2,7,87,250,7632,0.179376310272537,0,0,610,691,27,88,24,113,6,24
"528","2020-03-14",7,7,105,344,7632,0.179376310272537,0,0,610,691,37,125,12,125,11,12
"529","2020-03-15",18,7,137,453,7632,0.179376310272537,0,0,610,691,27,152,8,133,6,8
"530","2020-03-16",36,7,150,563,7632,0.179376310272537,0,0,610,691,32,184,9,142,13,9
"531","2020-03-17",64,7,159,664,7632,0.179376310272537,0,0,610,691,43,227,7,149,25,7
"532","2020-03-18",95,7,158,757,7632,0.179376310272537,0,0,610,691,49,276,3,152,26,3
"533","2020-03-19",124,7,191,825,7632,0.179376310272537,0,0,610,691,41,317,8,160,18,8
"534","2020-03-20",167,7,208,904,7632,0.179376310272537,0,0,610,691,67,384,58,218,31,58
"535","2020-03-21",195,7,213,970,7632,0.179376310272537,0,0,610,691,51,435,25,243,24,25
"536","2020-03-22",228,7,224,1049,7632,0.179376310272537,0,0,610,691,57,492,26,269,28,26
"537","2020-03-23",246,7,214,1097,7632,0.179376310272537,0,0,610,691,48,540,14,283,20,14
"538","2020-03-24",258,7,223,1155,7632,0.179376310272537,0,0,610,691,66,606,5,288,46,5
"539","2020-03-25",261,7,237,1197,7632,0.179376310272537,0,0,610,691,48,654,8,296,26,8
"540","2020-03-26",289,7,251,1229,7632,0.179376310272537,0,0,610,691,65,719,34,330,37,34
"541","2020-03-27",295,7,250,1248,7632,0.179376310272537,0,0,610,691,61,780,20,350,36,20
"542","2020-03-28",305,7,227,1277,7632,0.179376310272537,0,0,610,691,61,841,49,399,33,49
"543","2020-03-29",300,7,220,1320,7632,0.179376310272537,0,0,610,691,73,914,68,467,41,68
"544","2020-03-30",309,7,200,1319,7632,0.179376310272537,0,0,610,691,61,975,25,492,32,25
"545","2020-03-31",332,7,188,1335,7632,0.179376310272537,0,0,610,691,73,1048,27,519,33,27
"546","2020-04-01",358,7,187,1338,7632,0.179376310272537,0,0,610,691,66,1114,23,542,35,23
"547","2020-04-02",364,7,167,1336,7632,0.179376310272537,0,0,610,691,73,1187,23,565,37,23
"548","2020-04-03",356,7,153,1344,7632,0.179376310272537,0,0,610,691,64,1251,11,576,34,11
"549","2020-04-04",356,7,147,1333,7632,0.179376310272537,0,0,610,691,76,1327,34,610,42,34
"550","2020-04-05",374,7,150,1312,7632,0.179376310272537,0,0,610,691,67,1394,16,626,35,16
"551","2020-04-06",387,7,149,1295,7632,0.179376310272537,0,0,610,691,84,1478,13,639,43,13
"552","2020-04-07",386,7,148,1322,7632,0.179376310272537,0,0,610,691,59,1537,8,647,42,8
"553","2020-04-08",374,7,156,1322,7632,0.179376310272537,0,0,610,691,65,1602,41,688,41,41
"554","2020-04-09",361,7,181,1311,7632,0.179376310272537,0,0,610,691,60,1662,17,705,31,17
"555","2020-04-10",367,7,193,1338,7632,0.179376310272537,0,0,610,691,58,1720,30,735,27,30
"556","2020-04-11",378,7,211,1314,7632,0.179376310272537,0,0,610,691,64,1784,14,749,39,14
"557","2020-04-12",376,7,207,1315,7632,0.179376310272537,0,0,610,691,57,1841,14,763,29,14
"558","2020-04-13",369,7,193,1324,7632,0.179376310272537,0,0,610,691,51,1892,12,775,21,12
"559","2020-04-14",365,7,181,1314,7632,0.179376310272537,0,0,610,691,59,1951,23,798,23,23
"560","2020-04-15",353,7,174,1320,7632,0.179376310272537,0,0,610,691,56,2007,24,822,22,24
"561","2020-04-16",354,7,192,1317,7632,0.179376310272537,0,0,610,691,69,2076,31,853,34,31
"562","2020-04-17",350,7,174,1297,7632,0.179376310272537,0,0,610,691,66,2142,29,882,32,29
"563","2020-04-18",346,7,170,1291,7632,0.179376310272537,0,0,610,691,54,2196,10,892,23,10
"564","2020-04-19",336,7,172,1255,7632,0.179376310272537,0,0,610,691,72,2268,13,905,30,13
"565","2020-04-20",341,7,160,1228,7632,0.179376310272537,0,0,610,691,46,2314,4,909,15,4
"566","2020-04-21",330,7,160,1194,7632,0.179376310272537,0,0,610,691,60,2374,5,914,27,5
"567","2020-04-22",323,7,158,1180,7632,0.179376310272537,0,0,610,691,59,2433,12,926,28,12
"568","2020-04-23",319,7,159,1160,7632,0.179376310272537,0,0,610,691,58,2491,9,935,31,9
"569","2020-04-24",317,7,175,1121,7632,0.179376310272537,0,0,610,691,40,2531,7,942,17,7
"570","2020-04-25",319,7,182,1091,7632,0.179376310272537,0,0,610,691,59,2590,20,962,25,20
"571","2020-04-26",307,7,191,1053,7632,0.179376310272537,0,0,610,691,45,2635,14,976,24,14
"572","2020-04-27",291,7,213,1030,7632,0.179376310272537,0,0,610,691,49,2684,25,1001,25,25
"573","2020-04-28",291,7,233,1010,7632,0.179376310272537,0,0,610,691,58,2742,17,1018,27,17
"574","2020-04-29",297,7,261,970,7632,0.179376310272537,0,0,610,691,48,2790,16,1034,19,16
"575","2020-04-30",274,7,248,938,7632,0.179376310272537,0,0,610,691,53,2843,30,1064,22,30
"576","2020-05-01",259,7,259,914,7632,0.179376310272537,0,0,610,691,55,2898,30,1094,29,30
"577","2020-05-02",242,7,259,885,7632,0.179376310272537,0,0,610,691,42,2940,23,1117,22,23
"578","2020-05-03",237,7,237,872,7632,0.179376310272537,0,0,610,691,46,2986,26,1143,17,26
"579","2020-05-04",227,7,232,834,7632,0.179376310272537,0,0,610,691,43,3029,16,1159,20,16
"580","2020-05-05",210,7,253,811,7632,0.179376310272537,0,0,610,691,39,3068,26,1185,23,26
"581","2020-05-06",206,7,270,781,7632,0.179376310272537,0,0,610,691,50,3118,13,1198,25,13
"582","2020-05-07",204,7,256,745,7632,0.179376310272537,0,0,610,691,42,3160,17,1215,15,17
"583","2020-05-08",201,7,239,708,7632,0.179376310272537,0,0,610,691,44,3204,11,1226,20,11
"584","2020-05-09",189,7,227,707,7632,0.179376310272537,0,0,610,691,32,3236,12,1238,9,12
"585","2020-05-10",180,7,217,668,7632,0.179376310272537,0,0,610,691,43,3279,29,1267,20,29
"586","2020-05-11",175,7,197,658,7632,0.179376310272537,0,0,610,691,42,3321,10,1277,18,10
"587","2020-05-12",167,7,232,624,7632,0.179376310272537,0,0,610,691,39,3360,10,1287,7,10
"588","2020-05-13",156,7,230,594,7632,0.179376310272537,0,0,610,691,40,3400,17,1304,18,17
"589","2020-05-14",153,7,245,557,7632,0.179376310272537,0,0,610,691,35,3435,10,1314,15,10
"590","2020-05-15",147,7,228,524,7632,0.179376310272537,0,0,610,691,39,3474,6,1320,16,6
"591","2020-05-16",140,7,222,506,7632,0.179376310272537,0,0,610,691,32,3506,2,1322,9,2
"592","2020-05-17",140,7,198,494,7632,0.179376310272537,0,0,610,691,29,3535,3,1325,15,3
"593","2020-05-18",135,7,191,470,7632,0.179376310272537,0,0,610,691,29,3564,19,1344,14,19
"594","2020-05-19",133,7,194,462,7632,0.179376310272537,0,0,610,691,34,3598,9,1353,18,9
"595","2020-05-20",138,7,195,447,7632,0.179376310272537,0,0,610,691,20,3618,10,1363,7,10
"596","2020-05-21",128,7,224,423,7632,0.179376310272537,0,0,610,691,30,3648,12,1375,16,12
"597","2020-05-22",124,7,249,415,7632,0.179376310272537,0,0,610,691,23,3671,19,1394,8,19
"598","2020-05-23",114,7,241,395,7632,0.179376310272537,0,0,610,691,22,3693,18,1412,9,18
"599","2020-05-24",109,7,249,382,7632,0.179376310272537,0,0,610,691,37,3730,14,1426,17,14
"600","2020-05-25",110,7,246,348,7632,0.179376310272537,0,0,610,691,29,3759,12,1438,18,12
"601","2020-05-26",106,7,247,335,7632,0.179376310272537,0,0,610,691,28,3787,12,1450,6,12
"602","2020-05-27",97,7,230,331,7632,0.179376310272537,0,0,610,691,21,3808,8,1458,10,8
"603","2020-05-28",97,7,217,319,7632,0.179376310272537,0,0,610,691,17,3825,7,1465,7,7
"604","2020-05-29",90,7,221,312,7632,0.179376310272537,0,0,610,691,20,3845,7,1472,5,7
"605","2020-05-30",97,7,237,294,7632,0.179376310272537,0,0,610,691,24,3869,38,1510,9,38
"606","2020-05-31",92,7,217,289,7632,0.179376310272537,0,0,610,691,27,3896,38,1548,20,38
"607","2020-06-01",86,7,187,277,7632,0.179376310272537,0,0,610,691,31,3927,28,1576,13,28
"608","2020-06-02",83,7,189,280,7632,0.179376310272537,0,0,610,691,17,3944,21,1597,9,21
"609","2020-06-03",82,7,193,270,7632,0.179376310272537,0,0,610,691,23,3967,41,1638,11,41
"610","2020-06-04",82,7,190,262,7632,0.179376310272537,0,0,610,691,20,3987,50,1688,9,50
"611","2020-06-05",88,7,202,255,7632,0.179376310272537,0,0,610,691,16,4003,30,1718,11,30
"612","2020-06-06",88,7,188,248,7632,0.179376310272537,0,0,610,691,12,4015,10,1728,6,10
"613","2020-06-07",86,7,180,226,7632,0.179376310272537,0,0,610,691,23,4038,5,1733,14,5
"614","2020-03-14",4,8,141,256,6536,0.282741738066095,0,0,517,1448,43,179,50,145,5,50
"615","2020-03-15",14,8,136,324,6536,0.282741738066095,0,0,517,1448,49,228,19,164,10,19
"616","2020-03-16",27,8,151,397,6536,0.282741738066095,0,0,517,1448,56,284,12,176,8,12
"617","2020-03-17",43,8,163,491,6536,0.282741738066095,0,0,517,1448,51,335,6,182,9,6
"618","2020-03-18",68,8,169,568,6536,0.282741738066095,0,0,517,1448,73,408,11,193,14,11
"619","2020-03-19",92,8,217,652,6536,0.282741738066095,0,0,517,1448,52,460,14,207,8,14
"620","2020-03-20",117,8,287,730,6536,0.282741738066095,0,0,517,1448,67,527,36,243,28,36
"621","2020-03-21",145,8,312,820,6536,0.282741738066095,0,0,517,1448,69,596,57,300,30,57
"622","2020-03-22",169,8,334,872,6536,0.282741738066095,0,0,517,1448,51,647,36,336,12,36
"623","2020-03-23",189,8,314,901,6536,0.282741738066095,0,0,517,1448,65,712,14,350,16,14
"624","2020-03-24",210,8,285,908,6536,0.282741738066095,0,0,517,1448,70,782,6,356,22,6
"625","2020-03-25",220,8,272,947,6536,0.282741738066095,0,0,517,1448,62,844,20,376,16,20
"626","2020-03-26",239,8,290,989,6536,0.282741738066095,0,0,517,1448,69,913,32,408,19,32
"627","2020-03-27",240,8,315,1019,6536,0.282741738066095,0,0,517,1448,68,981,23,431,14,23
"628","2020-03-28",248,8,320,1054,6536,0.282741738066095,0,0,517,1448,68,1049,26,457,14,26
"629","2020-03-29",255,8,297,1070,6536,0.282741738066095,0,0,517,1448,56,1105,34,491,12,34
"630","2020-03-30",271,8,294,1092,6536,0.282741738066095,0,0,517,1448,79,1184,17,508,12,17
"631","2020-03-31",279,8,289,1074,6536,0.282741738066095,0,0,517,1448,82,1266,28,536,23,28
"632","2020-04-01",289,8,303,1111,6536,0.282741738066095,0,0,517,1448,75,1341,63,599,24,63
"633","2020-04-02",288,8,308,1106,6536,0.282741738066095,0,0,517,1448,79,1420,67,666,22,67
"634","2020-04-03",307,8,303,1115,6536,0.282741738066095,0,0,517,1448,56,1476,40,706,14,40
"635","2020-04-04",310,8,296,1118,6536,0.282741738066095,0,0,517,1448,55,1531,26,732,11,26
"636","2020-04-05",316,8,300,1136,6536,0.282741738066095,0,0,517,1448,74,1605,38,770,14,38
"637","2020-04-06",306,8,301,1143,6536,0.282741738066095,0,0,517,1448,61,1666,20,790,12,20
"638","2020-04-07",302,8,287,1149,6536,0.282741738066095,0,0,517,1448,69,1735,64,854,16,64
"639","2020-04-08",308,8,293,1146,6536,0.282741738066095,0,0,517,1448,71,1806,30,884,17,30
"640","2020-04-09",312,8,329,1148,6536,0.282741738066095,0,0,517,1448,62,1868,42,926,8,42
"641","2020-04-10",315,8,347,1143,6536,0.282741738066095,0,0,517,1448,63,1931,25,951,7,25
"642","2020-04-11",310,8,337,1156,6536,0.282741738066095,0,0,517,1448,72,2003,11,962,7,11
"643","2020-04-12",312,8,317,1174,6536,0.282741738066095,0,0,517,1448,79,2082,24,986,18,24
"644","2020-04-13",323,8,343,1149,6536,0.282741738066095,0,0,517,1448,72,2154,45,1031,9,45
"645","2020-04-14",315,8,341,1132,6536,0.282741738066095,0,0,517,1448,72,2226,59,1090,22,59
"646","2020-04-15",309,8,339,1100,6536,0.282741738066095,0,0,517,1448,63,2289,38,1128,13,38
"647","2020-04-16",308,8,356,1071,6536,0.282741738066095,0,0,517,1448,49,2338,34,1162,9,34
"648","2020-04-17",305,8,366,1055,6536,0.282741738066095,0,0,517,1448,52,2390,19,1181,5,19
"649","2020-04-18",305,8,360,1046,6536,0.282741738066095,0,0,517,1448,58,2448,21,1202,10,21
"650","2020-04-19",291,8,363,1028,6536,0.282741738066095,0,0,517,1448,64,2512,19,1221,9,19
"651","2020-04-20",277,8,334,1003,6536,0.282741738066095,0,0,517,1448,66,2578,59,1280,10,59
"652","2020-04-21",275,8,342,970,6536,0.282741738066095,0,0,517,1448,61,2639,54,1334,10,54
"653","2020-04-22",261,8,328,944,6536,0.282741738066095,0,0,517,1448,54,2693,30,1364,6,30
"654","2020-04-23",260,8,324,932,6536,0.282741738066095,0,0,517,1448,65,2758,44,1408,8,44
"655","2020-04-24",254,8,335,920,6536,0.282741738066095,0,0,517,1448,61,2819,32,1440,5,32
"656","2020-04-25",243,8,321,897,6536,0.282741738066095,0,0,517,1448,68,2887,66,1506,15,66
"657","2020-04-26",243,8,329,856,6536,0.282741738066095,0,0,517,1448,65,2952,43,1549,9,43
"658","2020-04-27",243,8,336,820,6536,0.282741738066095,0,0,517,1448,58,3010,41,1590,5,41
"659","2020-04-28",240,8,327,808,6536,0.282741738066095,0,0,517,1448,56,3066,69,1659,5,69
"660","2020-04-29",247,8,321,805,6536,0.282741738066095,0,0,517,1448,52,3118,58,1717,7,58
"661","2020-04-30",231,8,308,793,6536,0.282741738066095,0,0,517,1448,66,3184,42,1759,11,42
"662","2020-05-01",221,8,299,787,6536,0.282741738066095,0,0,517,1448,55,3239,39,1798,7,39
"663","2020-05-02",227,8,289,784,6536,0.282741738066095,0,0,517,1448,58,3297,44,1842,6,44
"664","2020-05-03",220,8,302,775,6536,0.282741738066095,0,0,517,1448,50,3347,42,1884,9,42
"665","2020-05-04",215,8,297,761,6536,0.282741738066095,0,0,517,1448,56,3403,38,1922,3,38
"666","2020-05-05",224,8,304,756,6536,0.282741738066095,0,0,517,1448,51,3454,24,1946,8,24
"667","2020-05-06",213,8,311,747,6536,0.282741738066095,0,0,517,1448,61,3515,11,1957,9,11
"668","2020-05-07",221,8,314,742,6536,0.282741738066095,0,0,517,1448,40,3555,14,1971,3,14
"669","2020-05-08",221,8,323,726,6536,0.282741738066095,0,0,517,1448,53,3608,22,1993,9,22
"670","2020-05-09",214,8,328,702,6536,0.282741738066095,0,0,517,1448,48,3656,39,2032,5,39
"671","2020-05-10",214,8,346,689,6536,0.282741738066095,0,0,517,1448,48,3704,26,2058,4,26
"672","2020-05-11",210,8,329,663,6536,0.282741738066095,0,0,517,1448,48,3752,16,2074,7,16
"673","2020-05-12",208,8,331,650,6536,0.282741738066095,0,0,517,1448,51,3803,15,2089,6,15
"674","2020-05-13",206,8,323,642,6536,0.282741738066095,0,0,517,1448,45,3848,16,2105,8,16
"675","2020-05-14",200,8,317,605,6536,0.282741738066095,0,0,517,1448,35,3883,14,2119,5,14
"676","2020-05-15",191,8,335,581,6536,0.282741738066095,0,0,517,1448,43,3926,39,2158,9,39
"677","2020-05-16",191,8,352,569,6536,0.282741738066095,0,0,517,1448,48,3974,12,2170,9,12
"678","2020-05-17",192,8,382,547,6536,0.282741738066095,0,0,517,1448,36,4010,15,2185,5,15
"679","2020-05-18",186,8,393,526,6536,0.282741738066095,0,0,517,1448,52,4062,10,2195,9,10
"680","2020-05-19",174,8,384,517,6536,0.282741738066095,0,0,517,1448,38,4100,19,2214,13,19
"681","2020-05-20",176,8,361,489,6536,0.282741738066095,0,0,517,1448,33,4133,35,2249,7,35
"682","2020-05-21",168,8,331,481,6536,0.282741738066095,0,0,517,1448,36,4169,15,2264,11,15
"683","2020-05-22",174,8,301,455,6536,0.282741738066095,0,0,517,1448,32,4201,34,2298,5,34
"684","2020-05-23",169,8,309,446,6536,0.282741738066095,0,0,517,1448,22,4223,50,2348,5,50
"685","2020-05-24",159,8,360,437,6536,0.282741738066095,0,0,517,1448,33,4256,32,2380,10,32
"686","2020-05-25",150,8,380,402,6536,0.282741738066095,0,0,517,1448,30,4286,25,2405,7,25
"687","2020-05-26",148,8,354,377,6536,0.282741738066095,0,0,517,1448,37,4323,52,2457,15,52
"688","2020-05-27",134,8,332,350,6536,0.282741738066095,0,0,517,1448,26,4349,60,2517,7,60
"689","2020-05-28",127,8,310,341,6536,0.282741738066095,0,0,517,1448,22,4371,59,2576,3,59
"690","2020-05-29",109,8,335,329,6536,0.282741738066095,0,0,517,1448,31,4402,61,2637,3,61
"691","2020-05-30",97,8,333,310,6536,0.282741738066095,0,0,517,1448,28,4430,59,2696,2,59
"692","2020-05-31",88,8,353,309,6536,0.282741738066095,0,0,517,1448,14,4444,31,2727,2,31
"693","2020-06-01",84,8,330,293,6536,0.282741738066095,0,0,517,1448,24,4468,20,2747,1,20
"694","2020-06-02",73,8,312,292,6536,0.282741738066095,0,0,517,1448,17,4485,11,2758,2,11
"695","2020-06-03",69,8,299,275,6536,0.282741738066095,0,0,517,1448,17,4502,35,2793,2,35
"696","2020-06-04",67,8,307,263,6536,0.282741738066095,0,0,517,1448,16,4518,36,2829,3,36
"697","2020-06-05",69,8,340,239,6536,0.282741738066095,0,0,517,1448,16,4534,27,2856,8,27
"698","2020-06-06",73,8,342,237,6536,0.282741738066095,0,0,517,1448,17,4551,40,2896,1,40
"699","2020-06-07",75,8,359,224,6536,0.282741738066095,0,0,517,1448,17,4568,35,2931,1,35
"700","2020-03-14",3,9,157,116,7874,0.938785877571755,0,0,589,1267,21,77,12,64,15,12
"701","2020-03-15",5,9,183,158,7874,0.938785877571755,0,0,589,1267,34,111,6,70,13,6
"702","2020-03-16",9,9,187,216,7874,0.938785877571755,0,0,589,1267,28,139,9,79,19,9
"703","2020-03-17",17,9,199,299,7874,0.938785877571755,0,0,589,1267,31,170,24,103,23,24
"704","2020-03-18",29,9,204,395,7874,0.938785877571755,0,0,589,1267,27,197,43,146,17,43
"705","2020-03-19",41,9,239,507,7874,0.938785877571755,0,0,589,1267,47,244,36,182,35,36
"706","2020-03-20",62,9,258,661,7874,0.938785877571755,0,0,589,1267,57,301,42,224,44,42
"707","2020-03-21",85,9,235,870,7874,0.938785877571755,0,0,589,1267,46,347,31,255,34,31
"708","2020-03-22",107,9,241,1085,7874,0.938785877571755,0,0,589,1267,59,406,50,305,46,50
"709","2020-03-23",137,9,210,1296,7874,0.938785877571755,0,0,589,1267,41,447,30,335,38,30
"710","2020-03-24",175,9,209,1543,7874,0.938785877571755,0,0,589,1267,59,506,25,360,47,25
"711","2020-03-25",225,9,184,1907,7874,0.938785877571755,0,0,589,1267,67,573,63,423,53,63
"712","2020-03-26",279,9,169,2170,7874,0.938785877571755,0,0,589,1267,78,651,67,490,63,67
"713","2020-03-27",337,9,194,2518,7874,0.938785877571755,0,0,589,1267,78,729,69,559,63,69
"714","2020-03-28",397,9,186,2876,7874,0.938785877571755,0,0,589,1267,62,791,42,601,50,42
"715","2020-03-29",486,9,211,3194,7874,0.938785877571755,0,0,589,1267,95,886,64,665,79,64
"716","2020-03-30",577,9,254,3501,7874,0.938785877571755,0,0,589,1267,101,987,25,690,89,25
"717","2020-03-31",692,9,256,3696,7874,0.938785877571755,0,0,589,1267,92,1079,66,756,78,66
"718","2020-04-01",790,9,239,3866,7874,0.938785877571755,0,0,589,1267,87,1166,65,821,75,65
"719","2020-04-02",876,9,223,4049,7874,0.938785877571755,0,0,589,1267,100,1266,32,853,87,32
"720","2020-04-03",961,9,186,4072,7874,0.938785877571755,0,0,589,1267,90,1356,20,873,74,20
"721","2020-04-04",1038,9,164,3997,7874,0.938785877571755,0,0,589,1267,98,1454,15,888,85,15
"722","2020-04-05",1128,9,162,3930,7874,0.938785877571755,0,0,589,1267,113,1567,19,907,99,19
"723","2020-04-06",1179,9,147,3805,7874,0.938785877571755,0,0,589,1267,101,1668,35,942,95,35
"724","2020-04-07",1166,9,138,3646,7874,0.938785877571755,0,0,589,1267,120,1788,11,953,109,11
"725","2020-04-08",1174,9,132,3392,7874,0.938785877571755,0,0,589,1267,105,1893,9,962,91,9
"726","2020-04-09",1182,9,147,3115,7874,0.938785877571755,0,0,589,1267,113,2006,11,973,103,11
"727","2020-04-10",1135,9,164,2810,7874,0.938785877571755,0,0,589,1267,114,2120,11,984,104,11
"728","2020-04-11",1077,9,204,2517,7874,0.938785877571755,0,0,589,1267,79,2199,8,992,71,8
"729","2020-04-12",989,9,200,2244,7874,0.938785877571755,0,0,589,1267,96,2295,7,999,86,7
"730","2020-04-13",902,9,208,1959,7874,0.938785877571755,0,0,589,1267,114,2409,9,1008,104,9
"731","2020-04-14",835,9,179,1718,7874,0.938785877571755,0,0,589,1267,109,2518,31,1039,97,31
"732","2020-04-15",733,9,163,1469,7874,0.938785877571755,0,0,589,1267,111,2629,51,1090,98,51
"733","2020-04-16",629,9,164,1235,7874,0.938785877571755,0,0,589,1267,61,2690,22,1112,52,22
"734","2020-04-17",568,9,158,1055,7874,0.938785877571755,0,0,589,1267,89,2779,13,1125,80,13
"735","2020-04-18",517,9,174,865,7874,0.938785877571755,0,0,589,1267,79,2858,66,1191,69,66
"736","2020-04-19",425,9,190,735,7874,0.938785877571755,0,0,589,1267,103,2961,80,1271,89,80
"737","2020-04-20",368,9,218,639,7874,0.938785877571755,0,0,589,1267,79,3040,62,1333,66,62
"738","2020-04-21",312,9,255,527,7874,0.938785877571755,0,0,589,1267,71,3111,30,1363,59,30
"739","2020-04-22",270,9,273,443,7874,0.938785877571755,0,0,589,1267,78,3189,23,1386,69,23
"740","2020-04-23",230,9,273,372,7874,0.938785877571755,0,0,589,1267,76,3265,31,1417,62,31
"741","2020-04-24",182,9,272,318,7874,0.938785877571755,0,0,589,1267,68,3333,56,1473,59,56
"742","2020-04-25",133,9,260,275,7874,0.938785877571755,0,0,589,1267,61,3394,32,1505,56,32
"743","2020-04-26",119,9,256,238,7874,0.938785877571755,0,0,589,1267,65,3459,24,1529,58,24
"744","2020-04-27",97,9,258,201,7874,0.938785877571755,0,0,589,1267,64,3523,16,1545,54,16
"745","2020-04-28",80,9,245,178,7874,0.938785877571755,0,0,589,1267,53,3576,18,1563,45,18
"746","2020-04-29",60,9,251,156,7874,0.938785877571755,0,0,589,1267,60,3636,13,1576,54,13
"747","2020-04-30",46,9,261,145,7874,0.938785877571755,0,0,589,1267,62,3698,12,1588,55,12
"748","2020-05-01",42,9,228,131,7874,0.938785877571755,0,0,589,1267,36,3734,15,1603,31,15
"749","2020-05-02",43,9,213,125,7874,0.938785877571755,0,0,589,1267,53,3787,24,1627,40,24
"750","2020-05-03",38,9,194,111,7874,0.938785877571755,0,0,589,1267,38,3825,13,1640,31,13
"751","2020-05-04",36,9,178,97,7874,0.938785877571755,0,0,589,1267,46,3871,18,1658,35,18
"752","2020-05-05",34,9,179,86,7874,0.938785877571755,0,0,589,1267,37,3908,34,1692,30,34
"753","2020-05-06",35,9,228,71,7874,0.938785877571755,0,0,589,1267,42,3950,16,1708,34,16
"754","2020-05-07",34,9,242,63,7874,0.938785877571755,0,0,589,1267,40,3990,11,1719,34,11
"755","2020-05-08",35,9,208,60,7874,0.938785877571755,0,0,589,1267,39,4029,9,1728,34,9
"756","2020-05-09",30,9,221,56,7874,0.938785877571755,0,0,589,1267,32,4061,22,1750,24,22
"757","2020-05-10",29,9,206,51,7874,0.938785877571755,0,0,589,1267,44,4105,84,1834,36,84
"758","2020-05-11",22,9,193,43,7874,0.938785877571755,0,0,589,1267,33,4138,54,1888,28,54
"759","2020-05-12",20,9,205,40,7874,0.938785877571755,0,0,589,1267,40,4178,62,1950,30,62
"760","2020-05-13",17,9,184,37,7874,0.938785877571755,0,0,589,1267,34,4212,33,1983,27,33
"761","2020-05-14",17,9,185,39,7874,0.938785877571755,0,0,589,1267,44,4256,21,2004,38,21
"762","2020-05-15",13,9,183,39,7874,0.938785877571755,0,0,589,1267,44,4300,15,2019,32,15
"763","2020-05-16",14,9,203,36,7874,0.938785877571755,0,0,589,1267,25,4325,52,2071,19,52
"764","2020-05-17",12,9,257,42,7874,0.938785877571755,0,0,589,1267,41,4366,30,2101,29,30
"765","2020-05-18",12,9,272,41,7874,0.938785877571755,0,0,589,1267,34,4400,27,2128,23,27
"766","2020-05-19",15,9,250,43,7874,0.938785877571755,0,0,589,1267,31,4431,36,2164,20,36
"767","2020-05-20",13,9,260,46,7874,0.938785877571755,0,0,589,1267,29,4460,32,2196,23,32
"768","2020-05-21",13,9,234,43,7874,0.938785877571755,0,0,589,1267,19,4479,54,2250,15,54
"769","2020-05-22",13,9,247,41,7874,0.938785877571755,0,0,589,1267,34,4513,18,2268,29,18
"770","2020-05-23",14,9,227,42,7874,0.938785877571755,0,0,589,1267,24,4537,23,2291,19,23
"771","2020-05-24",15,9,221,41,7874,0.938785877571755,0,0,589,1267,21,4558,19,2310,17,19
"772","2020-05-25",15,9,208,40,7874,0.938785877571755,0,0,589,1267,28,4586,19,2329,20,19
"773","2020-05-26",9,9,210,36,7874,0.938785877571755,0,0,589,1267,25,4611,37,2366,16,37
"774","2020-05-27",11,9,236,36,7874,0.938785877571755,0,0,589,1267,24,4635,84,2450,18,84
"775","2020-05-28",12,9,241,37,7874,0.938785877571755,0,0,589,1267,22,4657,56,2506,16,56
"776","2020-05-29",12,9,229,34,7874,0.938785877571755,0,0,589,1267,13,4670,44,2550,13,44
"777","2020-05-30",10,9,215,31,7874,0.938785877571755,0,0,589,1267,17,4687,43,2593,12,43
"778","2020-05-31",9,9,237,29,7874,0.938785877571755,0,0,589,1267,22,4709,29,2622,16,29
"779","2020-06-01",9,9,268,29,7874,0.938785877571755,0,0,589,1267,14,4723,28,2650,11,28
"780","2020-06-02",10,9,283,27,7874,0.938785877571755,0,0,589,1267,21,4744,13,2663,18,13
"781","2020-06-03",8,9,251,23,7874,0.938785877571755,0,0,589,1267,18,4762,11,2674,14,11
"782","2020-06-04",8,9,224,21,7874,0.938785877571755,0,0,589,1267,18,4780,12,2686,16,12
"783","2020-06-05",7,9,245,21,7874,0.938785877571755,0,0,589,1267,14,4794,40,2726,12,40
"784","2020-06-06",8,9,259,21,7874,0.938785877571755,0,0,589,1267,26,4820,39,2765,19,39
"785","2020-06-07",9,9,238,19,7874,0.938785877571755,0,0,589,1267,8,4828,80,2845,6,81
"786","2020-03-14",1,10,147,66,2716,0.467967599410898,0,0,244,1438,54,198,7,75,12,7
"787","2020-03-15",1,10,196,86,2716,0.467967599410898,0,0,244,1438,61,259,6,81,26,6
"788","2020-03-16",4,10,186,115,2716,0.467967599410898,0,0,244,1438,74,333,7,88,35,7
"789","2020-03-17",6,10,175,134,2716,0.467967599410898,0,0,244,1438,84,417,7,95,48,7
"790","2020-03-18",10,10,161,151,2716,0.467967599410898,0,0,244,1438,88,505,10,105,53,10
"791","2020-03-19",18,10,191,172,2716,0.467967599410898,0,0,244,1438,93,598,39,144,53,39
"792","2020-03-20",23,10,243,188,2716,0.467967599410898,0,0,244,1438,91,689,30,174,54,30
"793","2020-03-21",24,10,254,202,2716,0.467967599410898,0,0,244,1438,105,794,33,207,66,33
"794","2020-03-22",33,10,270,211,2716,0.467967599410898,0,0,244,1438,117,911,31,238,67,31
"795","2020-03-23",40,10,237,219,2716,0.467967599410898,0,0,244,1438,120,1031,21,259,83,21
"796","2020-03-24",46,10,193,235,2716,0.467967599410898,0,0,244,1438,102,1133,15,274,64,15
"797","2020-03-25",50,10,179,245,2716,0.467967599410898,0,0,244,1438,128,1261,42,316,88,42
"798","2020-03-26",49,10,178,255,2716,0.467967599410898,0,0,244,1438,124,1385,17,333,90,17
"799","2020-03-27",58,10,154,265,2716,0.467967599410898,0,0,244,1438,102,1487,46,379,66,46
"800","2020-03-28",62,10,152,284,2716,0.467967599410898,0,0,244,1438,113,1600,36,415,76,36
"801","2020-03-29",61,10,152,312,2716,0.467967599410898,0,0,244,1438,143,1743,34,449,89,34
"802","2020-03-30",57,10,136,330,2716,0.467967599410898,0,0,244,1438,111,1854,29,478,73,29
"803","2020-03-31",65,10,133,348,2716,0.467967599410898,0,0,244,1438,92,1946,23,501,64,23
"804","2020-04-01",70,10,120,366,2716,0.467967599410898,0,0,244,1438,106,2052,50,551,68,50
"805","2020-04-02",77,10,138,392,2716,0.467967599410898,0,0,244,1438,112,2164,40,591,70,40
"806","2020-04-03",83,10,192,415,2716,0.467967599410898,0,0,244,1438,112,2276,68,659,77,68
"807","2020-04-04",94,10,236,429,2716,0.467967599410898,0,0,244,1438,96,2372,37,696,61,37
"808","2020-04-05",100,10,241,442,2716,0.467967599410898,0,0,244,1438,101,2473,23,719,62,23
"809","2020-04-06",116,10,242,454,2716,0.467967599410898,0,0,244,1438,114,2587,23,742,67,23
"810","2020-04-07",113,10,229,455,2716,0.467967599410898,0,0,244,1438,101,2688,54,796,65,54
"811","2020-04-08",124,10,225,450,2716,0.467967599410898,0,0,244,1438,97,2785,55,851,62,55
"812","2020-04-09",123,10,206,434,2716,0.467967599410898,0,0,244,1438,84,2869,24,875,40,24
"813","2020-04-10",118,10,183,437,2716,0.467967599410898,0,0,244,1438,100,2969,23,898,63,23
"814","2020-04-11",117,10,179,432,2716,0.467967599410898,0,0,244,1438,100,3069,72,970,54,72
"815","2020-04-12",126,10,236,448,2716,0.467967599410898,0,0,244,1438,98,3167,24,994,58,24
"816","2020-04-13",120,10,239,438,2716,0.467967599410898,0,0,244,1438,80,3247,48,1042,47,48
"817","2020-04-14",119,10,231,434,2716,0.467967599410898,0,0,244,1438,90,3337,22,1064,56,22
"818","2020-04-15",112,10,204,424,2716,0.467967599410898,0,0,244,1438,83,3420,16,1080,49,16
"819","2020-04-16",114,10,214,436,2716,0.467967599410898,0,0,244,1438,88,3508,17,1097,45,17
"820","2020-04-17",118,10,179,425,2716,0.467967599410898,0,0,244,1438,99,3607,46,1143,59,46
"821","2020-04-18",133,10,172,412,2716,0.467967599410898,0,0,244,1438,75,3682,56,1199,38,56
"822","2020-04-19",125,10,163,411,2716,0.467967599410898,0,0,244,1438,85,3767,61,1260,43,61
"823","2020-04-20",124,10,177,412,2716,0.467967599410898,0,0,244,1438,70,3837,55,1315,34,55
"824","2020-04-21",132,10,170,398,2716,0.467967599410898,0,0,244,1438,67,3904,27,1342,37,27
"825","2020-04-22",133,10,174,404,2716,0.467967599410898,0,0,244,1438,83,3987,25,1367,44,25
"826","2020-04-23",130,10,181,406,2716,0.467967599410898,0,0,244,1438,68,4055,21,1388,38,21
"827","2020-04-24",133,10,205,401,2716,0.467967599410898,0,0,244,1438,73,4128,68,1456,35,68
"828","2020-04-25",118,10,196,406,2716,0.467967599410898,0,0,244,1438,63,4191,40,1496,30,40
"829","2020-04-26",122,10,193,396,2716,0.467967599410898,0,0,244,1438,49,4240,32,1528,24,32
"830","2020-04-27",117,10,199,404,2716,0.467967599410898,0,0,244,1438,59,4299,24,1552,27,24
"831","2020-04-28",115,10,214,402,2716,0.467967599410898,0,0,244,1438,57,4356,41,1593,27,41
"832","2020-04-29",114,10,218,383,2716,0.467967599410898,0,0,244,1438,63,4419,27,1620,28,27
"833","2020-04-30",119,10,207,385,2716,0.467967599410898,0,0,244,1438,44,4463,40,1660,18,40
"834","2020-05-01",107,10,197,383,2716,0.467967599410898,0,0,244,1438,47,4510,27,1687,22,27
"835","2020-05-02",106,10,229,375,2716,0.467967599410898,0,0,244,1438,53,4563,14,1701,29,14
"836","2020-05-03",103,10,237,360,2716,0.467967599410898,0,0,244,1438,42,4605,8,1709,12,8
"837","2020-05-04",109,10,258,359,2716,0.467967599410898,0,0,244,1438,49,4654,35,1744,21,35
"838","2020-05-05",103,10,225,354,2716,0.467967599410898,0,0,244,1438,39,4693,20,1764,12,20
"839","2020-05-06",96,10,206,349,2716,0.467967599410898,0,0,244,1438,61,4754,20,1784,24,20
"840","2020-05-07",99,10,183,345,2716,0.467967599410898,0,0,244,1438,48,4802,18,1802,19,18
"841","2020-05-08",101,10,180,348,2716,0.467967599410898,0,0,244,1438,46,4848,58,1860,20,58
"842","2020-05-09",95,10,194,340,2716,0.467967599410898,0,0,244,1438,33,4881,59,1919,11,59
"843","2020-05-10",95,10,205,337,2716,0.467967599410898,0,0,244,1438,42,4923,30,1949,17,30
"844","2020-05-11",93,10,205,337,2716,0.467967599410898,0,0,244,1438,31,4954,65,2014,12,65
"845","2020-05-12",94,10,204,332,2716,0.467967599410898,0,0,244,1438,33,4987,57,2071,14,57
"846","2020-05-13",98,10,200,320,2716,0.467967599410898,0,0,244,1438,49,5036,28,2099,24,28
"847","2020-05-14",89,10,179,312,2716,0.467967599410898,0,0,244,1438,36,5072,29,2128,13,29
"848","2020-05-15",91,10,168,305,2716,0.467967599410898,0,0,244,1438,41,5113,24,2152,12,24
"849","2020-05-16",91,10,180,304,2716,0.467967599410898,0,0,244,1438,32,5145,59,2211,15,59
"850","2020-05-17",89,10,168,304,2716,0.467967599410898,0,0,244,1438,35,5180,64,2275,14,64
"851","2020-05-18",88,10,155,306,2716,0.467967599410898,0,0,244,1438,30,5210,40,2315,12,40
"852","2020-05-19",87,10,163,292,2716,0.467967599410898,0,0,244,1438,26,5236,24,2339,8,24
"853","2020-05-20",91,10,179,284,2716,0.467967599410898,0,0,244,1438,23,5259,12,2351,14,12
"854","2020-05-21",88,10,198,284,2716,0.467967599410898,0,0,244,1438,33,5292,12,2363,19,12
"855","2020-05-22",90,10,188,292,2716,0.467967599410898,0,0,244,1438,26,5318,20,2383,9,20
"856","2020-05-23",91,10,181,289,2716,0.467967599410898,0,0,244,1438,24,5342,38,2421,12,38
"857","2020-05-24",86,10,190,276,2716,0.467967599410898,0,0,244,1438,29,5371,24,2445,9,24
"858","2020-05-25",85,10,185,274,2716,0.467967599410898,0,0,244,1438,18,5389,19,2464,5,19
"859","2020-05-26",87,10,196,281,2716,0.467967599410898,0,0,244,1438,22,5411,22,2486,9,22
"860","2020-05-27",76,10,186,277,2716,0.467967599410898,0,0,244,1438,30,5441,47,2533,15,47
"861","2020-05-28",83,10,169,272,2716,0.467967599410898,0,0,244,1438,15,5456,42,2575,8,42
"862","2020-05-29",77,10,173,265,2716,0.467967599410898,0,0,244,1438,20,5476,19,2594,9,19
"863","2020-05-30",76,10,151,257,2716,0.467967599410898,0,0,244,1438,24,5500,36,2630,12,36
"864","2020-05-31",78,10,140,243,2716,0.467967599410898,0,0,244,1438,22,5522,23,2653,9,23
"865","2020-06-01",77,10,137,237,2716,0.467967599410898,0,0,244,1438,14,5536,26,2679,4,26
"866","2020-06-02",75,10,186,225,2716,0.467967599410898,0,0,244,1438,12,5548,25,2704,4,25
"867","2020-06-03",73,10,227,218,2716,0.467967599410898,0,0,244,1438,19,5567,32,2736,9,32
"868","2020-06-04",61,10,230,217,2716,0.467967599410898,0,0,244,1438,11,5578,29,2765,5,29
"869","2020-06-05",57,10,190,210,2716,0.467967599410898,0,0,244,1438,16,5594,22,2787,4,22
"870","2020-06-06",56,10,167,199,2716,0.467967599410898,0,0,244,1438,13,5607,10,2797,5,10
"871","2020-06-07",56,10,159,205,2716,0.467967599410898,0,0,244,1438,12,5619,5,2802,7,5
"872","2020-03-12",1,11,74,112,6104,0.260321100917431,0,0,545,1385,72,149,57,89,4,57
"873","2020-03-13",7,11,73,183,6104,0.260321100917431,0,0,545,1385,84,233,58,147,12,58
"874","2020-03-14",13,11,85,257,6104,0.260321100917431,0,0,545,1385,95,328,56,203,10,56
"875","2020-03-15",20,11,84,338,6104,0.260321100917431,0,0,545,1385,88,416,49,252,20,49
"876","2020-03-16",33,11,118,409,6104,0.260321100917431,0,0,545,1385,101,517,74,326,22,74
"877","2020-03-17",46,11,131,487,6104,0.260321100917431,0,0,545,1385,98,615,48,374,36,48
"878","2020-03-18",63,11,121,545,6104,0.260321100917431,0,0,545,1385,114,729,57,431,39,57
"879","2020-03-19",79,11,109,619,6104,0.260321100917431,0,0,545,1385,105,834,75,506,40,75
"880","2020-03-20",92,11,111,702,6104,0.260321100917431,0,0,545,1385,124,958,70,576,51,70
"881","2020-03-21",107,11,125,751,6104,0.260321100917431,0,0,545,1385,116,1074,70,646,43,70
"882","2020-03-22",136,11,124,811,6104,0.260321100917431,0,0,545,1385,131,1205,36,682,65,36
"883","2020-03-23",154,11,170,869,6104,0.260321100917431,0,0,545,1385,139,1344,34,716,51,34
"884","2020-03-24",195,11,233,910,6104,0.260321100917431,0,0,545,1385,122,1466,28,744,62,28
"885","2020-03-25",221,11,210,923,6104,0.260321100917431,0,0,545,1385,104,1570,28,772,50,28
"886","2020-03-26",233,11,200,943,6104,0.260321100917431,0,0,545,1385,122,1692,48,820,60,48
"887","2020-03-27",267,11,228,989,6104,0.260321100917431,0,0,545,1385,113,1805,25,845,39,25
"888","2020-03-28",281,11,250,1006,6104,0.260321100917431,0,0,545,1385,130,1935,49,894,53,49
"889","2020-03-29",281,11,288,1033,6104,0.260321100917431,0,0,545,1385,114,2049,52,946,39,52
"890","2020-03-30",284,11,288,1027,6104,0.260321100917431,0,0,545,1385,98,2147,51,997,41,51
"891","2020-03-31",273,11,298,1026,6104,0.260321100917431,0,0,545,1385,127,2274,55,1052,43,55
"892","2020-04-01",265,11,279,1040,6104,0.260321100917431,0,0,545,1385,110,2384,40,1092,46,40
"893","2020-04-02",273,11,243,1014,6104,0.260321100917431,0,0,545,1385,115,2499,42,1134,41,42
"894","2020-04-03",264,11,238,994,6104,0.260321100917431,0,0,545,1385,91,2590,31,1165,38,31
"895","2020-04-04",261,11,273,992,6104,0.260321100917431,0,0,545,1385,111,2701,35,1200,47,35
"896","2020-04-05",268,11,263,988,6104,0.260321100917431,0,0,545,1385,111,2812,35,1235,39,35
"897","2020-04-06",288,11,277,982,6104,0.260321100917431,0,0,545,1385,120,2932,24,1259,51,24
"898","2020-04-07",294,11,288,987,6104,0.260321100917431,0,0,545,1385,117,3049,47,1306,48,47
"899","2020-04-08",296,11,268,985,6104,0.260321100917431,0,0,545,1385,102,3151,38,1344,35,38
"900","2020-04-09",305,11,242,986,6104,0.260321100917431,0,0,545,1385,114,3265,34,1378,39,34
"901","2020-04-10",299,11,269,978,6104,0.260321100917431,0,0,545,1385,128,3393,46,1424,39,46
"902","2020-04-11",310,11,300,973,6104,0.260321100917431,0,0,545,1385,101,3494,29,1453,38,29
"903","2020-04-12",302,11,292,954,6104,0.260321100917431,0,0,545,1385,99,3593,30,1483,39,30
"904","2020-04-13",281,11,262,942,6104,0.260321100917431,0,0,545,1385,91,3684,38,1521,31,38
"905","2020-04-14",268,11,234,924,6104,0.260321100917431,0,0,545,1385,99,3783,31,1552,38,31
"906","2020-04-15",264,11,219,916,6104,0.260321100917431,0,0,545,1385,83,3866,48,1600,32,48
"907","2020-04-16",261,11,180,882,6104,0.260321100917431,0,0,545,1385,94,3960,34,1634,31,34
"908","2020-04-17",255,11,186,877,6104,0.260321100917431,0,0,545,1385,102,4062,33,1667,32,33
"909","2020-04-18",242,11,232,888,6104,0.260321100917431,0,0,545,1385,85,4147,37,1704,25,37
"910","2020-04-19",237,11,236,877,6104,0.260321100917431,0,0,545,1385,85,4232,51,1755,25,51
"911","2020-04-20",232,11,220,849,6104,0.260321100917431,0,0,545,1385,101,4333,34,1789,28,34
"912","2020-04-21",230,11,205,822,6104,0.260321100917431,0,0,545,1385,84,4417,50,1839,34,50
"913","2020-04-22",229,11,201,839,6104,0.260321100917431,0,0,545,1385,60,4477,44,1883,24,44
"914","2020-04-23",232,11,198,842,6104,0.260321100917431,0,0,545,1385,77,4554,32,1915,13,32
"915","2020-04-24",230,11,186,820,6104,0.260321100917431,0,0,545,1385,88,4642,36,1951,29,36
"916","2020-04-25",232,11,178,811,6104,0.260321100917431,0,0,545,1385,77,4719,49,2000,13,49
"917","2020-04-26",230,11,190,791,6104,0.260321100917431,0,0,545,1385,67,4786,55,2055,25,55
"918","2020-04-27",225,11,202,795,6104,0.260321100917431,0,0,545,1385,73,4859,35,2090,25,35
"919","2020-04-28",232,11,224,803,6104,0.260321100917431,0,0,545,1385,66,4925,36,2126,24,36
"920","2020-04-29",220,11,256,802,6104,0.260321100917431,0,0,545,1385,59,4984,28,2154,18,28
"921","2020-04-30",201,11,243,796,6104,0.260321100917431,0,0,545,1385,53,5037,21,2175,16,21
"922","2020-05-01",198,11,225,787,6104,0.260321100917431,0,0,545,1385,69,5106,26,2201,15,26
"923","2020-05-02",202,11,212,767,6104,0.260321100917431,0,0,545,1385,51,5157,26,2227,14,26
"924","2020-05-03",209,11,248,757,6104,0.260321100917431,0,0,545,1385,53,5210,30,2257,18,30
"925","2020-05-04",217,11,245,741,6104,0.260321100917431,0,0,545,1385,45,5255,23,2280,15,23
"926","2020-05-05",203,11,231,745,6104,0.260321100917431,0,0,545,1385,58,5313,39,2319,13,39
"927","2020-05-06",206,11,217,756,6104,0.260321100917431,0,0,545,1385,59,5372,24,2343,12,24
"928","2020-05-07",214,11,211,760,6104,0.260321100917431,0,0,545,1385,45,5417,36,2379,6,36
"929","2020-05-08",218,11,206,730,6104,0.260321100917431,0,0,545,1385,62,5479,34,2413,22,34
"930","2020-05-09",201,11,221,738,6104,0.260321100917431,0,0,545,1385,45,5524,53,2466,9,53
"931","2020-05-10",193,11,222,720,6104,0.260321100917431,0,0,545,1385,49,5573,38,2504,12,38
"932","2020-05-11",196,11,212,702,6104,0.260321100917431,0,0,545,1385,44,5617,31,2535,10,31
"933","2020-05-12",194,11,213,696,6104,0.260321100917431,0,0,545,1385,43,5660,26,2561,10,26
"934","2020-05-13",200,11,208,668,6104,0.260321100917431,0,0,545,1385,55,5715,57,2618,14,57
"935","2020-05-14",187,11,213,653,6104,0.260321100917431,0,0,545,1385,36,5751,42,2660,8,42
"936","2020-05-15",176,11,204,629,6104,0.260321100917431,0,0,545,1385,25,5776,49,2709,7,49
"937","2020-05-16",173,11,188,588,6104,0.260321100917431,0,0,545,1385,28,5804,45,2754,9,45
"938","2020-05-17",166,11,231,592,6104,0.260321100917431,0,0,545,1385,47,5851,40,2794,11,40
"939","2020-05-18",160,11,222,565,6104,0.260321100917431,0,0,545,1385,34,5885,33,2827,11,33
"940","2020-05-19",154,11,240,538,6104,0.260321100917431,0,0,545,1385,37,5922,41,2868,11,41
"941","2020-05-20",149,11,224,504,6104,0.260321100917431,0,0,545,1385,32,5954,30,2898,10,30
"942","2020-05-21",149,11,289,482,6104,0.260321100917431,0,0,545,1385,26,5980,53,2951,8,53
"943","2020-05-22",152,11,315,464,6104,0.260321100917431,0,0,545,1385,28,6008,35,2986,5,35
"944","2020-05-23",155,11,294,457,6104,0.260321100917431,0,0,545,1385,23,6031,41,3027,4,41
"945","2020-05-24",155,11,313,440,6104,0.260321100917431,0,0,545,1385,21,6052,46,3073,2,46
"946","2020-05-25",139,11,273,430,6104,0.260321100917431,0,0,545,1385,19,6071,51,3124,2,51
"947","2020-05-26",137,11,246,417,6104,0.260321100917431,0,0,545,1385,22,6093,46,3170,3,46
"948","2020-05-27",132,11,224,398,6104,0.260321100917431,0,0,545,1385,20,6113,39,3209,4,39
"949","2020-05-28",133,11,209,377,6104,0.260321100917431,0,0,545,1385,20,6133,59,3268,4,59
"950","2020-05-29",131,11,236,370,6104,0.260321100917431,0,0,545,1385,14,6147,34,3302,4,34
"951","2020-05-30",129,11,254,352,6104,0.260321100917431,0,0,545,1385,20,6167,59,3361,3,59
"952","2020-05-31",127,11,256,338,6104,0.260321100917431,0,0,545,1385,25,6192,40,3401,4,40
"953","2020-06-01",128,11,229,313,6104,0.260321100917431,0,0,545,1385,12,6204,39,3440,1,39
"954","2020-06-02",125,11,220,304,6104,0.260321100917431,0,0,545,1385,15,6219,64,3504,3,64
"955","2020-06-03",117,11,207,285,6104,0.260321100917431,0,0,545,1385,17,6236,42,3546,4,42
"956","2020-06-04",103,11,234,266,6104,0.260321100917431,0,0,545,1385,17,6253,49,3595,5,49
"957","2020-06-05",91,11,227,255,6104,0.260321100917431,0,0,545,1385,16,6269,52,3647,3,52
"958","2020-06-06",88,11,278,246,6104,0.260321100917431,0,0,545,1385,21,6290,46,3693,6,46
"959","2020-06-07",81,11,308,227,6104,0.260321100917431,0,0,545,1385,10,6300,30,3723,3,30
"960","2020-03-13",2,12,48,216,6629,0.202896364459194,0,0,547,993,57,149,9,89,18,9
"961","2020-03-14",8,12,71,281,6629,0.202896364459194,0,0,547,993,65,214,13,102,26,13
"962","2020-03-15",19,12,91,365,6629,0.202896364459194,0,0,547,993,73,287,53,155,32,53
"963","2020-03-16",35,12,102,462,6629,0.202896364459194,0,0,547,993,64,351,52,207,33,52
"964","2020-03-17",44,12,119,535,6629,0.202896364459194,0,0,547,993,76,427,32,239,43,32
"965","2020-03-18",67,12,129,637,6629,0.202896364459194,0,0,547,993,84,511,60,299,53,60
"966","2020-03-19",85,12,170,733,6629,0.202896364459194,0,0,547,993,98,609,49,348,67,49
"967","2020-03-20",104,12,174,794,6629,0.202896364459194,0,0,547,993,83,692,25,373,54,25
"968","2020-03-21",125,12,202,865,6629,0.202896364459194,0,0,547,993,98,790,26,399,67,26
"969","2020-03-22",152,12,233,932,6629,0.202896364459194,0,0,547,993,90,880,49,448,53,49
"970","2020-03-23",178,12,251,986,6629,0.202896364459194,0,0,547,993,115,995,28,476,86,28
"971","2020-03-24",210,12,273,1022,6629,0.202896364459194,0,0,547,993,104,1099,30,506,75,30
"972","2020-03-25",225,12,265,1052,6629,0.202896364459194,0,0,547,993,89,1188,25,531,53,25
"973","2020-03-26",245,12,265,1049,6629,0.202896364459194,0,0,547,993,103,1291,42,573,74,42
"974","2020-03-27",279,12,238,1046,6629,0.202896364459194,0,0,547,993,87,1378,23,596,54,23
"975","2020-03-28",287,12,233,1049,6629,0.202896364459194,0,0,547,993,88,1466,30,626,61,30
"976","2020-03-29",303,12,239,1063,6629,0.202896364459194,0,0,547,993,94,1560,22,648,66,22
"977","2020-03-30",310,12,234,1066,6629,0.202896364459194,0,0,547,993,92,1652,8,656,62,8
"978","2020-03-31",303,12,245,1076,6629,0.202896364459194,0,0,547,993,95,1747,28,684,76,28
"979","2020-04-01",301,12,226,1072,6629,0.202896364459194,0,0,547,993,104,1851,87,771,75,87
"980","2020-04-02",308,12,201,1089,6629,0.202896364459194,0,0,547,993,110,1961,63,834,75,63
"981","2020-04-03",302,12,200,1094,6629,0.202896364459194,0,0,547,993,112,2073,50,884,82,50
"982","2020-04-04",309,12,214,1102,6629,0.202896364459194,0,0,547,993,92,2165,44,928,57,44
"983","2020-04-05",289,12,228,1070,6629,0.202896364459194,0,0,547,993,109,2274,55,983,64,55
"984","2020-04-06",284,12,217,1079,6629,0.202896364459194,0,0,547,993,86,2360,54,1037,58,54
"985","2020-04-07",291,12,223,1079,6629,0.202896364459194,0,0,547,993,92,2452,32,1069,60,32
"986","2020-04-08",300,12,215,1059,6629,0.202896364459194,0,0,547,993,102,2554,20,1089,75,20
"987","2020-04-09",288,12,202,1056,6629,0.202896364459194,0,0,547,993,112,2666,49,1138,75,49
"988","2020-04-10",280,12,194,1043,6629,0.202896364459194,0,0,547,993,108,2774,58,1196,75,58
"989","2020-04-11",282,12,228,1050,6629,0.202896364459194,0,0,547,993,80,2854,55,1251,53,55
"990","2020-04-12",284,12,243,1047,6629,0.202896364459194,0,0,547,993,103,2957,23,1274,66,23
"991","2020-04-13",271,12,272,1032,6629,0.202896364459194,0,0,547,993,92,3049,45,1319,56,45
"992","2020-04-14",278,12,285,1029,6629,0.202896364459194,0,0,547,993,86,3135,53,1372,58,53
"993","2020-04-15",288,12,279,1010,6629,0.202896364459194,0,0,547,993,94,3229,26,1398,53,26
"994","2020-04-16",297,12,254,1003,6629,0.202896364459194,0,0,547,993,107,3336,23,1421,74,23
"995","2020-04-17",290,12,241,1007,6629,0.202896364459194,0,0,547,993,97,3433,28,1449,63,28
"996","2020-04-18",280,12,240,971,6629,0.202896364459194,0,0,547,993,98,3531,77,1526,61,77
"997","2020-04-19",269,12,220,954,6629,0.202896364459194,0,0,547,993,71,3602,84,1610,42,84
"998","2020-04-20",274,12,246,973,6629,0.202896364459194,0,0,547,993,101,3703,73,1683,70,73
"999","2020-04-21",281,12,240,971,6629,0.202896364459194,0,0,547,993,71,3774,34,1717,43,34
"1000","2020-04-22",265,12,242,951,6629,0.202896364459194,0,0,547,993,76,3850,31,1748,52,31
"1001","2020-04-23",255,12,243,931,6629,0.202896364459194,0,0,547,993,73,3923,16,1764,45,16
"1002","2020-04-24",254,12,246,907,6629,0.202896364459194,0,0,547,993,86,4009,62,1826,59,62
"1003","2020-04-25",263,12,269,905,6629,0.202896364459194,0,0,547,993,68,4077,24,1850,39,24
"1004","2020-04-26",271,12,284,909,6629,0.202896364459194,0,0,547,993,63,4140,20,1870,35,20
"1005","2020-04-27",265,12,277,903,6629,0.202896364459194,0,0,547,993,63,4203,17,1887,33,17
"1006","2020-04-28",238,12,306,886,6629,0.202896364459194,0,0,547,993,74,4277,14,1901,44,14
"1007","2020-04-29",232,12,326,881,6629,0.202896364459194,0,0,547,993,75,4352,18,1919,46,18
"1008","2020-04-30",229,12,341,877,6629,0.202896364459194,0,0,547,993,53,4405,16,1935,22,16
"1009","2020-05-01",223,12,325,891,6629,0.202896364459194,0,0,547,993,65,4470,37,1972,29,37
"1010","2020-05-02",212,12,300,871,6629,0.202896364459194,0,0,547,993,56,4526,59,2031,33,59
"1011","2020-05-03",214,12,278,857,6629,0.202896364459194,0,0,547,993,43,4569,55,2086,22,55
"1012","2020-05-04",216,12,271,830,6629,0.202896364459194,0,0,547,993,60,4629,50,2136,34,50
"1013","2020-05-05",228,12,285,815,6629,0.202896364459194,0,0,547,993,51,4680,29,2165,24,29
"1014","2020-05-06",225,12,268,786,6629,0.202896364459194,0,0,547,993,39,4719,18,2183,23,18
"1015","2020-05-07",216,12,268,774,6629,0.202896364459194,0,0,547,993,45,4764,46,2229,28,46
"1016","2020-05-08",207,12,295,736,6629,0.202896364459194,0,0,547,993,50,4814,51,2280,26,51
"1017","2020-05-09",204,12,293,721,6629,0.202896364459194,0,0,547,993,55,4869,43,2323,36,43
"1018","2020-05-10",185,12,275,699,6629,0.202896364459194,0,0,547,993,46,4915,23,2346,25,23
"1019","2020-05-11",189,12,251,663,6629,0.202896364459194,0,0,547,993,38,4953,25,2371,20,25
"1020","2020-05-12",171,12,261,652,6629,0.202896364459194,0,0,547,993,45,4998,20,2391,25,20
"1021","2020-05-13",164,12,291,630,6629,0.202896364459194,0,0,547,993,48,5046,24,2415,25,24
"1022","2020-05-14",169,12,293,609,6629,0.202896364459194,0,0,547,993,29,5075,16,2431,14,16
"1023","2020-05-15",167,12,287,568,6629,0.202896364459194,0,0,547,993,25,5100,11,2442,15,11
"1024","2020-05-16",166,12,294,554,6629,0.202896364459194,0,0,547,993,32,5132,52,2494,12,52
"1025","2020-05-17",173,12,300,539,6629,0.202896364459194,0,0,547,993,33,5165,73,2567,19,73
"1026","2020-05-18",152,12,304,515,6629,0.202896364459194,0,0,547,993,35,5200,65,2632,19,65
"1027","2020-05-19",155,12,290,504,6629,0.202896364459194,0,0,547,993,42,5242,52,2684,25,52
"1028","2020-05-20",149,12,283,495,6629,0.202896364459194,0,0,547,993,28,5270,23,2707,11,23
"1029","2020-05-21",138,12,282,490,6629,0.202896364459194,0,0,547,993,16,5286,19,2726,10,19
"1030","2020-05-22",141,12,277,473,6629,0.202896364459194,0,0,547,993,25,5311,16,2742,10,16
"1031","2020-05-23",128,12,259,459,6629,0.202896364459194,0,0,547,993,22,5333,15,2757,9,15
"1032","2020-05-24",124,12,260,426,6629,0.202896364459194,0,0,547,993,14,5347,41,2798,8,41
"1033","2020-05-25",123,12,280,408,6629,0.202896364459194,0,0,547,993,17,5364,25,2823,9,25
"1034","2020-05-26",113,12,266,384,6629,0.202896364459194,0,0,547,993,20,5384,22,2845,6,22
"1035","2020-05-27",116,12,262,367,6629,0.202896364459194,0,0,547,993,25,5409,38,2883,14,38
"1036","2020-05-28",115,12,283,353,6629,0.202896364459194,0,0,547,993,15,5424,64,2947,6,64
"1037","2020-05-29",107,12,292,323,6629,0.202896364459194,0,0,547,993,15,5439,46,2993,7,46
"1038","2020-05-30",105,12,298,325,6629,0.202896364459194,0,0,547,993,24,5463,59,3052,13,59
"1039","2020-05-31",99,12,294,316,6629,0.202896364459194,0,0,547,993,20,5483,31,3083,13,31
"1040","2020-06-01",96,12,282,305,6629,0.202896364459194,0,0,547,993,23,5506,31,3114,11,31
"1041","2020-06-02",90,12,267,294,6629,0.202896364459194,0,0,547,993,17,5523,69,3183,10,69
"1042","2020-06-03",81,12,256,272,6629,0.202896364459194,0,0,547,993,15,5538,47,3230,9,47
"1043","2020-06-04",80,12,255,263,6629,0.202896364459194,0,0,547,993,21,5559,36,3266,12,36
"1044","2020-06-05",78,12,248,241,6629,0.202896364459194,0,0,547,993,26,5585,51,3317,15,51
"1045","2020-06-06",74,12,242,240,6629,0.202896364459194,0,0,547,993,9,5594,60,3377,6,60
"1046","2020-06-07",76,12,257,237,6629,0.202896364459194,0,0,547,993,15,5609,53,3430,11,53
"1047","2020-03-13",2,13,106,76,3095,0.334733441033926,0,0,292,930,46,154,15,40,4,15
"1048","2020-03-14",4,13,110,103,3095,0.334733441033926,0,0,292,930,58,212,19,59,12,19
"1049","2020-03-15",8,13,117,137,3095,0.334733441033926,0,0,292,930,63,275,11,70,22,11
"1050","2020-03-16",13,13,123,175,3095,0.334733441033926,0,0,292,930,57,332,10,80,11,10
"1051","2020-03-17",22,13,120,210,3095,0.334733441033926,0,0,292,930,70,402,8,88,32,8
"1052","2020-03-18",27,13,130,253,3095,0.334733441033926,0,0,292,930,91,493,5,93,35,5
"1053","2020-03-19",33,13,149,281,3095,0.334733441033926,0,0,292,930,96,589,13,106,43,13
"1054","2020-03-20",40,13,150,303,3095,0.334733441033926,0,0,292,930,91,680,39,145,41,39
"1055","2020-03-21",50,13,161,335,3095,0.334733441033926,0,0,292,930,97,777,17,162,43,17
"1056","2020-03-22",64,13,173,348,3095,0.334733441033926,0,0,292,930,78,855,13,175,33,13
"1057","2020-03-23",69,13,175,356,3095,0.334733441033926,0,0,292,930,107,962,27,202,64,27
"1058","2020-03-24",80,13,176,369,3095,0.334733441033926,0,0,292,930,90,1052,28,230,42,28
"1059","2020-03-25",91,13,190,375,3095,0.334733441033926,0,0,292,930,101,1153,31,261,55,31
"1060","2020-03-26",95,13,192,399,3095,0.334733441033926,0,0,292,930,89,1242,22,283,35,22
"1061","2020-03-27",96,13,185,418,3095,0.334733441033926,0,0,292,930,97,1339,30,313,58,30
"1062","2020-03-28",102,13,207,434,3095,0.334733441033926,0,0,292,930,105,1444,31,344,53,31
"1063","2020-03-29",102,13,209,428,3095,0.334733441033926,0,0,292,930,87,1531,31,375,38,31
"1064","2020-03-30",111,13,213,426,3095,0.334733441033926,0,0,292,930,91,1622,54,429,47,54
"1065","2020-03-31",105,13,242,441,3095,0.334733441033926,0,0,292,930,78,1700,24,453,37,24
"1066","2020-04-01",109,13,271,458,3095,0.334733441033926,0,0,292,930,80,1780,28,481,20,28
"1067","2020-04-02",123,13,248,466,3095,0.334733441033926,0,0,292,930,78,1858,51,532,30,51
"1068","2020-04-03",138,13,266,466,3095,0.334733441033926,0,0,292,930,81,1939,41,573,21,41
"1069","2020-04-04",143,13,255,463,3095,0.334733441033926,0,0,292,930,73,2012,24,597,24,24
"1070","2020-04-05",138,13,261,481,3095,0.334733441033926,0,0,292,930,79,2091,17,614,20,17
"1071","2020-04-06",138,13,251,465,3095,0.334733441033926,0,0,292,930,69,2160,18,632,24,18
"1072","2020-04-07",141,13,235,455,3095,0.334733441033926,0,0,292,930,80,2240,34,666,39,34
"1073","2020-04-08",134,13,228,449,3095,0.334733441033926,0,0,292,930,79,2319,32,698,23,32
"1074","2020-04-09",130,13,216,450,3095,0.334733441033926,0,0,292,930,75,2394,17,715,17,17
"1075","2020-04-10",128,13,251,437,3095,0.334733441033926,0,0,292,930,68,2462,20,735,22,20
"1076","2020-04-11",125,13,275,444,3095,0.334733441033926,0,0,292,930,108,2570,13,748,43,13
"1077","2020-04-12",129,13,271,435,3095,0.334733441033926,0,0,292,930,73,2643,47,795,26,47
"1078","2020-04-13",132,13,256,440,3095,0.334733441033926,0,0,292,930,59,2702,39,834,16,39
"1079","2020-04-14",132,13,301,429,3095,0.334733441033926,0,0,292,930,80,2782,24,858,24,24
"1080","2020-04-15",140,13,298,429,3095,0.334733441033926,0,0,292,930,72,2854,52,910,20,52
"1081","2020-04-16",131,13,306,430,3095,0.334733441033926,0,0,292,930,65,2919,17,927,18,17
"1082","2020-04-17",126,13,330,429,3095,0.334733441033926,0,0,292,930,64,2983,25,952,23,25
"1083","2020-04-18",121,13,331,418,3095,0.334733441033926,0,0,292,930,73,3056,39,991,19,39
"1084","2020-04-19",117,13,325,425,3095,0.334733441033926,0,0,292,930,56,3112,24,1015,10,24
"1085","2020-04-20",109,13,307,417,3095,0.334733441033926,0,0,292,930,54,3166,30,1045,15,30
"1086","2020-04-21",113,13,285,422,3095,0.334733441033926,0,0,292,930,52,3218,50,1095,12,50
"1087","2020-04-22",102,13,276,430,3095,0.334733441033926,0,0,292,930,61,3279,19,1114,10,19
"1088","2020-04-23",104,13,279,438,3095,0.334733441033926,0,0,292,930,68,3347,15,1129,19,15
"1089","2020-04-24",100,13,278,442,3095,0.334733441033926,0,0,292,930,72,3419,11,1140,31,11
"1090","2020-04-25",99,13,278,444,3095,0.334733441033926,0,0,292,930,75,3494,18,1158,19,18
"1091","2020-04-26",107,13,266,436,3095,0.334733441033926,0,0,292,930,55,3549,10,1168,7,10
"1092","2020-04-27",111,13,260,446,3095,0.334733441033926,0,0,292,930,60,3609,34,1202,14,34
"1093","2020-04-28",109,13,283,468,3095,0.334733441033926,0,0,292,930,49,3658,15,1217,10,15
"1094","2020-04-29",113,13,298,462,3095,0.334733441033926,0,0,292,930,43,3701,16,1233,8,16
"1095","2020-04-30",119,13,302,461,3095,0.334733441033926,0,0,292,930,58,3759,28,1261,12,28
"1096","2020-05-01",126,13,304,462,3095,0.334733441033926,0,0,292,930,46,3805,49,1310,13,49
"1097","2020-05-02",131,13,271,461,3095,0.334733441033926,0,0,292,930,50,3855,34,1344,5,34
"1098","2020-05-03",131,13,275,450,3095,0.334733441033926,0,0,292,930,43,3898,45,1389,8,45
"1099","2020-05-04",133,13,293,443,3095,0.334733441033926,0,0,292,930,62,3960,29,1418,16,29
"1100","2020-05-05",127,13,276,439,3095,0.334733441033926,0,0,292,930,60,4020,26,1444,17,26
"1101","2020-05-06",136,13,279,413,3095,0.334733441033926,0,0,292,930,51,4071,12,1456,8,12
"1102","2020-05-07",133,13,267,420,3095,0.334733441033926,0,0,292,930,67,4138,24,1480,20,24
"1103","2020-05-08",132,13,252,420,3095,0.334733441033926,0,0,292,930,38,4176,13,1493,7,13
"1104","2020-05-09",128,13,243,429,3095,0.334733441033926,0,0,292,930,40,4216,16,1509,8,16
"1105","2020-05-10",128,13,278,419,3095,0.334733441033926,0,0,292,930,49,4265,24,1533,13,24
"1106","2020-05-11",131,13,267,415,3095,0.334733441033926,0,0,292,930,54,4319,41,1574,8,41
"1107","2020-05-12",138,13,273,420,3095,0.334733441033926,0,0,292,930,49,4368,22,1596,10,22
"1108","2020-05-13",127,13,279,401,3095,0.334733441033926,0,0,292,930,46,4414,15,1611,15,15
"1109","2020-05-14",122,13,278,401,3095,0.334733441033926,0,0,292,930,41,4455,14,1625,12,14
"1110","2020-05-15",121,13,276,383,3095,0.334733441033926,0,0,292,930,35,4490,38,1663,7,38
"1111","2020-05-16",120,13,274,381,3095,0.334733441033926,0,0,292,930,49,4539,21,1684,20,21
"1112","2020-05-17",110,13,259,362,3095,0.334733441033926,0,0,292,930,30,4569,29,1713,10,29
"1113","2020-05-18",102,13,274,360,3095,0.334733441033926,0,0,292,930,35,4604,42,1755,11,42
"1114","2020-05-19",96,13,312,342,3095,0.334733441033926,0,0,292,930,31,4635,23,1778,11,23
"1115","2020-05-20",98,13,323,334,3095,0.334733441033926,0,0,292,930,42,4677,41,1819,8,41
"1116","2020-05-21",103,13,314,327,3095,0.334733441033926,0,0,292,930,24,4701,24,1843,5,24
"1117","2020-05-22",93,13,294,307,3095,0.334733441033926,0,0,292,930,29,4730,16,1859,5,16
"1118","2020-05-23",89,13,280,301,3095,0.334733441033926,0,0,292,930,23,4753,20,1879,6,20
"1119","2020-05-24",86,13,282,286,3095,0.334733441033926,0,0,292,930,28,4781,18,1897,9,18
"1120","2020-05-25",80,13,311,266,3095,0.334733441033926,0,0,292,930,36,4817,37,1934,10,37
"1121","2020-05-26",75,13,306,256,3095,0.334733441033926,0,0,292,930,23,4840,48,1982,8,48
"1122","2020-05-27",80,13,308,252,3095,0.334733441033926,0,0,292,930,33,4873,39,2021,10,39
"1123","2020-05-28",71,13,318,245,3095,0.334733441033926,0,0,292,930,21,4894,26,2047,6,26
"1124","2020-05-29",68,13,329,235,3095,0.334733441033926,0,0,292,930,25,4919,20,2067,6,20
"1125","2020-05-30",64,13,335,233,3095,0.334733441033926,0,0,292,930,27,4946,16,2083,4,16
"1126","2020-05-31",64,13,334,217,3095,0.334733441033926,0,0,292,930,17,4963,18,2101,9,18
"1127","2020-06-01",65,13,338,215,3095,0.334733441033926,0,0,292,930,22,4985,20,2121,6,20
"1128","2020-06-02",64,13,361,199,3095,0.334733441033926,0,0,292,930,21,5006,16,2137,6,16
"1129","2020-06-03",52,13,341,196,3095,0.334733441033926,0,0,292,930,22,5028,17,2154,4,17
"1130","2020-06-04",53,13,313,195,3095,0.334733441033926,0,0,292,930,16,5044,12,2166,1,12
"1131","2020-06-05",61,13,289,187,3095,0.334733441033926,0,0,292,930,20,5064,6,2172,3,6
"1132","2020-06-06",65,13,280,169,3095,0.334733441033926,0,0,292,930,22,5086,33,2205,7,33
"1133","2020-06-07",62,13,250,156,3095,0.334733441033926,0,0,292,930,27,5113,37,2242,7,37
"1134","2020-03-14",3,14,154,138,7189,0.811795799137571,0,0,693,1181,66,217,22,74,36,22
"1135","2020-03-15",8,14,187,188,7189,0.811795799137571,0,0,693,1181,122,339,53,127,79,53
"1136","2020-03-16",13,14,203,252,7189,0.811795799137571,0,0,693,1181,123,462,56,183,96,56
"1137","2020-03-17",19,14,191,331,7189,0.811795799137571,0,0,693,1181,187,649,64,247,162,64
"1138","2020-03-18",25,14,192,403,7189,0.811795799137571,0,0,693,1181,187,836,36,283,156,36
"1139","2020-03-19",41,14,213,494,7189,0.811795799137571,0,0,693,1181,318,1154,61,344,287,61
"1140","2020-03-20",49,14,255,570,7189,0.811795799137571,0,0,693,1181,355,1509,37,381,325,37
"1141","2020-03-21",61,14,253,668,7189,0.811795799137571,0,0,693,1181,347,1856,35,416,326,35
"1142","2020-03-22",79,14,261,784,7189,0.811795799137571,0,0,693,1181,468,2324,20,436,446,20
"1143","2020-03-23",102,14,234,952,7189,0.811795799137571,0,0,693,1181,651,2975,11,447,622,11
"1144","2020-03-24",134,14,215,1060,7189,0.811795799137571,0,0,693,1181,474,3449,20,467,450,20
"1145","2020-03-25",172,14,249,1216,7189,0.811795799137571,0,0,693,1181,524,3973,11,478,501,11
"1146","2020-03-26",193,14,267,1315,7189,0.811795799137571,0,0,693,1181,578,4551,35,513,558,35
"1147","2020-03-27",240,14,268,1446,7189,0.811795799137571,0,0,693,1181,506,5057,35,548,488,35
"1148","2020-03-28",294,14,247,1580,7189,0.811795799137571,0,0,693,1181,395,5452,51,599,376,51
"1149","2020-03-29",346,14,242,1728,7189,0.811795799137571,0,0,693,1181,437,5889,64,663,426,64
"1150","2020-03-30",394,14,241,1903,7189,0.811795799137571,0,0,693,1181,456,6345,37,700,445,37
"1151","2020-03-31",437,14,259,2010,7189,0.811795799137571,0,0,693,1181,362,6707,30,730,356,30
"1152","2020-04-01",464,14,264,2085,7189,0.811795799137571,0,0,693,1181,208,6915,20,750,200,20
"1153","2020-04-02",512,14,250,2194,7189,0.811795799137571,0,0,693,1181,155,7070,13,763,148,13
"1154","2020-04-03",556,14,244,2268,7189,0.811795799137571,0,0,693,1181,152,7222,9,772,150,9
"1155","2020-04-04",563,14,252,2333,7189,0.811795799137571,0,0,693,1181,117,7339,8,780,111,8
"1156","2020-04-05",572,14,280,2362,7189,0.811795799137571,0,0,693,1181,98,7437,7,787,95,7
"1157","2020-04-06",579,14,289,2377,7189,0.811795799137571,0,0,693,1181,73,7510,NA,NA,69,NA
"1158","2020-04-07",602,14,259,2387,7189,0.811795799137571,0,0,693,1181,44,7554,12,799,39,12
"1159","2020-04-08",626,14,262,2318,7189,0.811795799137571,0,0,693,1181,27,7581,8,807,22,8
"1160","2020-04-09",642,14,267,2270,7189,0.811795799137571,0,0,693,1181,22,7603,8,815,21,8
"1161","2020-04-10",633,14,261,2189,7189,0.811795799137571,0,0,693,1181,18,7621,8,823,18,8
"1162","2020-04-11",644,14,233,2139,7189,0.811795799137571,0,0,693,1181,9,7630,61,884,8,61
"1163","2020-04-12",648,14,224,2062,7189,0.811795799137571,0,0,693,1181,19,7649,23,907,15,23
"1164","2020-04-13",653,14,226,1974,7189,0.811795799137571,0,0,693,1181,20,7669,21,928,16,21
"1165","2020-04-14",627,14,260,1894,7189,0.811795799137571,0,0,693,1181,7,7676,14,942,2,14
"1166","2020-04-15",596,14,287,1798,7189,0.811795799137571,0,0,693,1181,7,7683,28,970,5,28
"1167","2020-04-16",563,14,307,1663,7189,0.811795799137571,0,0,693,1181,8,7691,5,975,6,5
"1168","2020-04-17",547,14,302,1544,7189,0.811795799137571,0,0,693,1181,4,7695,10,985,3,10
"1169","2020-04-18",518,14,284,1449,7189,0.811795799137571,0,0,693,1181,5,7700,7,992,5,7
"1170","2020-04-19",498,14,270,1352,7189,0.811795799137571,0,0,693,1181,6,7706,12,1004,4,12
"1171","2020-04-20",454,14,238,1287,7189,0.811795799137571,0,0,693,1181,6,7712,32,1036,2,32
"1172","2020-04-21",419,14,241,1161,7189,0.811795799137571,0,0,693,1181,6,7718,34,1070,3,34
"1173","2020-04-22",398,14,239,1063,7189,0.811795799137571,0,0,693,1181,1,7719,14,1084,1,14
"1174","2020-04-23",388,14,218,997,7189,0.811795799137571,0,0,693,1181,5,7724,16,1100,3,16
"1175","2020-04-24",347,14,229,924,7189,0.811795799137571,0,0,693,1181,3,7727,12,1112,2,12
"1176","2020-04-25",329,14,218,851,7189,0.811795799137571,0,0,693,1181,5,7732,9,1121,2,9
"1177","2020-04-26",298,14,253,803,7189,0.811795799137571,0,0,693,1181,4,7736,9,1130,2,9
"1178","2020-04-27",278,14,245,747,7189,0.811795799137571,0,0,693,1181,3,7739,12,1142,2,12
"1179","2020-04-28",264,14,239,691,7189,0.811795799137571,0,0,693,1181,3,7742,19,1161,1,19
"1180","2020-04-29",248,14,218,642,7189,0.811795799137571,0,0,693,1181,2,7744,47,1208,2,47
"1181","2020-04-30",210,14,232,619,7189,0.811795799137571,0,0,693,1181,4,7748,75,1283,NA,75
"1182","2020-05-01",202,14,265,559,7189,0.811795799137571,0,0,693,1181,3,7751,45,1328,1,45
"1183","2020-05-02",179,14,264,506,7189,0.811795799137571,0,0,693,1181,1,7752,21,1349,NA,21
"1184","2020-05-03",161,14,268,469,7189,0.811795799137571,0,0,693,1181,1,7753,7,1356,1,7
"1185","2020-05-04",153,14,266,439,7189,0.811795799137571,0,0,693,1181,7,7760,14,1370,2,14
"1186","2020-05-05",144,14,267,410,7189,0.811795799137571,0,0,693,1181,1,7761,30,1400,NA,30
"1187","2020-05-06",128,14,262,385,7189,0.811795799137571,0,0,693,1181,2,7763,50,1450,NA,50
"1188","2020-05-07",122,14,287,358,7189,0.811795799137571,0,0,693,1181,1,7764,33,1483,NA,33
"1189","2020-05-08",117,14,285,335,7189,0.811795799137571,0,0,693,1181,3,7767,24,1507,1,24
"1190","2020-05-09",109,14,270,321,7189,0.811795799137571,0,0,693,1181,3,7770,13,1520,2,13
"1191","2020-05-10",107,14,282,300,7189,0.811795799137571,0,0,693,1181,1,7771,13,1533,1,13
"1192","2020-05-11",105,14,272,282,7189,0.811795799137571,0,0,693,1181,1,7772,36,1569,NA,36
"1193","2020-05-12",96,14,261,256,7189,0.811795799137571,0,0,693,1181,2,7774,20,1589,1,20
"1194","2020-05-13",94,14,263,247,7189,0.811795799137571,0,0,693,1181,5,7779,11,1600,2,11
"1195","2020-05-14",87,14,277,233,7189,0.811795799137571,0,0,693,1181,3,7782,33,1633,2,33
"1196","2020-05-15",79,14,268,232,7189,0.811795799137571,0,0,693,1181,2,7784,18,1651,1,18
"1197","2020-05-16",76,14,242,223,7189,0.811795799137571,0,0,693,1181,1,7785,26,1677,NA,26
"1198","2020-05-17",69,14,235,210,7189,0.811795799137571,0,0,693,1181,1,7786,11,1688,1,11
"1199","2020-05-18",64,14,235,205,7189,0.811795799137571,0,0,693,1181,3,7789,8,1696,1,8
"1200","2020-05-19",58,14,271,196,7189,0.811795799137571,0,0,693,1181,1,7790,5,1701,NA,5
"1201","2020-05-20",58,14,294,191,7189,0.811795799137571,0,0,693,1181,3,7793,10,1711,1,10
"1202","2020-05-21",58,14,290,180,7189,0.811795799137571,0,0,693,1181,3,7796,40,1751,1,40
"1203","2020-05-22",52,14,285,166,7189,0.811795799137571,0,0,693,1181,1,7797,24,1775,NA,24
"1204","2020-05-23",48,14,278,161,7189,0.811795799137571,0,0,693,1181,2,7799,13,1788,1,13
"1205","2020-05-24",45,14,283,158,7189,0.811795799137571,0,0,693,1181,2,7801,15,1803,1,15
"1206","2020-05-25",45,14,274,158,7189,0.811795799137571,0,0,693,1181,2,7803,12,1815,1,12
"1207","2020-05-26",46,14,276,155,7189,0.811795799137571,0,0,693,1181,1,7804,48,1863,NA,48
"1208","2020-05-27",41,14,283,144,7189,0.811795799137571,0,0,693,1181,NA,NA,27,1890,NA,27
"1209","2020-05-28",39,14,278,138,7189,0.811795799137571,0,0,693,1181,1,7805,30,1920,1,30
"1210","2020-05-29",38,14,254,136,7189,0.811795799137571,0,0,693,1181,1,7806,18,1938,NA,18
"1211","2020-05-30",42,14,239,132,7189,0.811795799137571,0,0,693,1181,1,7807,52,1990,1,52
"1212","2020-05-31",42,14,220,122,7189,0.811795799137571,0,0,693,1181,1,7808,37,2027,NA,37
"1213","2020-06-01",37,14,204,114,7189,0.811795799137571,0,0,693,1181,NA,NA,49,2076,NA,49
"1214","2020-06-02",34,14,196,108,7189,0.811795799137571,0,0,693,1181,1,7809,58,2134,NA,58
"1215","2020-06-03",38,14,177,102,7189,0.811795799137571,0,0,693,1181,3,7812,38,2172,NA,38
"1216","2020-06-04",38,14,173,101,7189,0.811795799137571,0,0,693,1181,2,7814,34,2206,1,34
"1217","2020-06-05",38,14,157,96,7189,0.811795799137571,0,0,693,1181,1,7815,14,2220,1,14
"1218","2020-06-06",36,14,154,91,7189,0.811795799137571,0,0,693,1181,NA,NA,5,2225,NA,5
"1219","2020-06-07",29,14,157,87,7189,0.811795799137571,0,0,693,1181,1,7816,10,2235,1,10
"1220","2020-03-12",1,15,183,193,9571,0.744749764914847,0,0,808,1819,99,164,19,28,2,19
"1221","2020-03-13",5,15,226,330,9571,0.744749764914847,0,0,808,1819,86,250,33,61,7,33
"1222","2020-03-14",10,15,272,522,9571,0.744749764914847,0,0,808,1819,94,344,33,94,8,33
"1223","2020-03-15",24,15,313,769,9571,0.744749764914847,0,0,808,1819,109,453,43,137,19,43
"1224","2020-03-16",46,15,301,1093,9571,0.744749764914847,0,0,808,1819,111,564,22,159,30,22
"1225","2020-03-17",84,15,257,1470,9571,0.744749764914847,0,0,808,1819,105,669,32,191,26,32
"1226","2020-03-18",135,15,238,1884,9571,0.744749764914847,0,0,808,1819,103,772,19,210,23,19
"1227","2020-03-19",186,15,235,2413,9571,0.744749764914847,0,0,808,1819,94,866,48,258,26,48
"1228","2020-03-20",258,15,228,3009,9571,0.744749764914847,0,0,808,1819,109,975,45,303,23,45
"1229","2020-03-21",357,15,200,3642,9571,0.744749764914847,0,0,808,1819,113,1088,38,341,22,38
"1230","2020-03-22",466,15,183,4147,9571,0.744749764914847,0,0,808,1819,125,1213,40,381,34,40
"1231","2020-03-23",592,15,172,4648,9571,0.744749764914847,0,0,808,1819,101,1314,27,408,27,27
"1232","2020-03-24",713,15,173,5143,9571,0.744749764914847,0,0,808,1819,124,1438,44,452,33,44
"1233","2020-03-25",874,15,212,5433,9571,0.744749764914847,0,0,808,1819,111,1549,46,498,37,46
"1234","2020-03-26",1022,15,226,5588,9571,0.744749764914847,0,0,808,1819,113,1662,57,555,34,57
"1235","2020-03-27",1191,15,240,5639,9571,0.744749764914847,0,0,808,1819,117,1779,50,605,33,50
"1236","2020-03-28",1322,15,240,5519,9571,0.744749764914847,0,0,808,1819,120,1899,32,637,38,32
"1237","2020-03-29",1468,15,244,5312,9571,0.744749764914847,0,0,808,1819,153,2052,45,682,35,45
"1238","2020-03-30",1570,15,266,4984,9571,0.744749764914847,0,0,808,1819,119,2171,21,703,40,21
"1239","2020-03-31",1635,15,298,4568,9571,0.744749764914847,0,0,808,1819,100,2271,29,732,31,29
"1240","2020-04-01",1652,15,283,4131,9571,0.744749764914847,0,0,808,1819,110,2381,34,766,26,34
"1241","2020-04-02",1610,15,263,3664,9571,0.744749764914847,0,0,808,1819,124,2505,13,779,31,13
"1242","2020-04-03",1495,15,264,3160,9571,0.744749764914847,0,0,808,1819,112,2617,20,799,35,20
"1243","2020-04-04",1385,15,263,2706,9571,0.744749764914847,0,0,808,1819,95,2712,23,822,23,23
"1244","2020-04-05",1225,15,252,2273,9571,0.744749764914847,0,0,808,1819,97,2809,26,848,26,26
"1245","2020-04-06",1061,15,234,1883,9571,0.744749764914847,0,0,808,1819,113,2922,22,870,29,22
"1246","2020-04-07",905,15,237,1554,9571,0.744749764914847,0,0,808,1819,128,3050,18,888,39,18
"1247","2020-04-08",724,15,278,1276,9571,0.744749764914847,0,0,808,1819,112,3162,29,917,28,29
"1248","2020-04-09",603,15,302,1048,9571,0.744749764914847,0,0,808,1819,108,3270,41,958,22,41
"1249","2020-04-10",499,15,275,864,9571,0.744749764914847,0,0,808,1819,122,3392,39,997,37,39
"1250","2020-04-11",391,15,255,719,9571,0.744749764914847,0,0,808,1819,94,3486,49,1046,21,49
"1251","2020-04-12",297,15,248,594,9571,0.744749764914847,0,0,808,1819,119,3605,24,1070,30,24
"1252","2020-04-13",226,15,255,487,9571,0.744749764914847,0,0,808,1819,96,3701,16,1086,24,16
"1253","2020-04-14",169,15,254,416,9571,0.744749764914847,0,0,808,1819,99,3800,15,1101,38,15
"1254","2020-04-15",133,15,247,350,9571,0.744749764914847,0,0,808,1819,114,3914,23,1124,26,23
"1255","2020-04-16",104,15,281,293,9571,0.744749764914847,0,0,808,1819,97,4011,38,1162,17,38
"1256","2020-04-17",83,15,264,257,9571,0.744749764914847,0,0,808,1819,107,4118,23,1185,19,23
"1257","2020-04-18",68,15,250,221,9571,0.744749764914847,0,0,808,1819,91,4209,18,1203,21,18
"1258","2020-04-19",57,15,253,194,9571,0.744749764914847,0,0,808,1819,75,4284,27,1230,18,27
"1259","2020-04-20",45,15,272,164,9571,0.744749764914847,0,0,808,1819,85,4369,18,1248,18,18
"1260","2020-04-21",38,15,264,141,9571,0.744749764914847,0,0,808,1819,79,4448,14,1262,22,14
"1261","2020-04-22",27,15,245,125,9571,0.744749764914847,0,0,808,1819,87,4535,19,1281,14,19
"1262","2020-04-23",21,15,230,112,9571,0.744749764914847,0,0,808,1819,76,4611,16,1297,16,16
"1263","2020-04-24",16,15,221,94,9571,0.744749764914847,0,0,808,1819,72,4683,35,1332,12,35
"1264","2020-04-25",19,15,256,93,9571,0.744749764914847,0,0,808,1819,66,4749,33,1365,12,33
"1265","2020-04-26",16,15,249,86,9571,0.744749764914847,0,0,808,1819,74,4823,21,1386,21,21
"1266","2020-04-27",14,15,242,75,9571,0.744749764914847,0,0,808,1819,67,4890,27,1413,20,27
"1267","2020-04-28",11,15,278,69,9571,0.744749764914847,0,0,808,1819,82,4972,50,1463,15,50
"1268","2020-04-29",12,15,245,64,9571,0.744749764914847,0,0,808,1819,61,5033,64,1527,9,64
"1269","2020-04-30",10,15,223,60,9571,0.744749764914847,0,0,808,1819,56,5089,30,1557,6,30
"1270","2020-05-01",11,15,213,52,9571,0.744749764914847,0,0,808,1819,75,5164,39,1596,13,39
"1271","2020-05-02",7,15,209,47,9571,0.744749764914847,0,0,808,1819,58,5222,42,1638,12,42
"1272","2020-05-03",9,15,198,42,9571,0.744749764914847,0,0,808,1819,51,5273,24,1662,7,24
"1273","2020-05-04",9,15,177,38,9571,0.744749764914847,0,0,808,1819,52,5325,29,1691,8,29
"1274","2020-05-05",9,15,216,37,9571,0.744749764914847,0,0,808,1819,51,5376,48,1739,7,48
"1275","2020-05-06",8,15,299,38,9571,0.744749764914847,0,0,808,1819,49,5425,42,1781,9,42
"1276","2020-05-07",10,15,282,36,9571,0.744749764914847,0,0,808,1819,47,5472,27,1808,4,27
"1277","2020-05-08",9,15,282,37,9571,0.744749764914847,0,0,808,1819,41,5513,20,1828,5,20
"1278","2020-05-09",9,15,287,34,9571,0.744749764914847,0,0,808,1819,51,5564,23,1851,3,23
"1279","2020-05-10",6,15,286,32,9571,0.744749764914847,0,0,808,1819,31,5595,29,1880,1,29
"1280","2020-05-11",6,15,270,29,9571,0.744749764914847,0,0,808,1819,48,5643,23,1903,8,23
"1281","2020-05-12",6,15,267,26,9571,0.744749764914847,0,0,808,1819,40,5683,48,1951,8,48
"1282","2020-05-13",6,15,253,25,9571,0.744749764914847,0,0,808,1819,34,5717,30,1981,2,30
"1283","2020-05-14",4,15,250,24,9571,0.744749764914847,0,0,808,1819,31,5748,45,2026,3,45
"1284","2020-05-15",6,15,236,26,9571,0.744749764914847,0,0,808,1819,36,5784,28,2054,4,28
"1285","2020-05-16",5,15,220,23,9571,0.744749764914847,0,0,808,1819,41,5825,27,2081,3,27
"1286","2020-05-17",6,15,225,25,9571,0.744749764914847,0,0,808,1819,31,5856,18,2099,NA,18
"1287","2020-05-18",5,15,259,26,9571,0.744749764914847,0,0,808,1819,29,5885,22,2121,3,22
"1288","2020-05-19",5,15,293,27,9571,0.744749764914847,0,0,808,1819,33,5918,31,2152,4,31
"1289","2020-05-20",5,15,264,27,9571,0.744749764914847,0,0,808,1819,28,5946,26,2178,3,26
"1290","2020-05-21",6,15,229,27,9571,0.744749764914847,0,0,808,1819,22,5968,54,2232,2,54
"1291","2020-05-22",4,15,208,28,9571,0.744749764914847,0,0,808,1819,32,6000,55,2287,7,55
"1292","2020-05-23",4,15,205,25,9571,0.744749764914847,0,0,808,1819,25,6025,34,2321,2,34
"1293","2020-05-24",4,15,276,23,9571,0.744749764914847,0,0,808,1819,21,6046,45,2366,1,45
"1294","2020-05-25",6,15,298,20,9571,0.744749764914847,0,0,808,1819,14,6060,31,2397,1,31
"1295","2020-05-26",6,15,291,17,9571,0.744749764914847,0,0,808,1819,26,6086,37,2434,3,37
"1296","2020-05-27",5,15,281,16,9571,0.744749764914847,0,0,808,1819,23,6109,22,2456,3,22
"1297","2020-05-28",4,15,293,13,9571,0.744749764914847,0,0,808,1819,33,6142,23,2479,2,23
"1298","2020-05-29",4,15,306,12,9571,0.744749764914847,0,0,808,1819,25,6167,44,2523,5,44
"1299","2020-05-30",4,15,294,9,9571,0.744749764914847,0,0,808,1819,14,6181,45,2568,2,45
"1300","2020-05-31",4,15,267,9,9571,0.744749764914847,0,0,808,1819,25,6206,23,2591,4,23
"1301","2020-06-01",3,15,250,7,9571,0.744749764914847,0,0,808,1819,21,6227,9,2600,4,9
"1302","2020-06-02",2,15,250,7,9571,0.744749764914847,0,0,808,1819,23,6250,35,2635,3,35
"1303","2020-06-03",2,15,232,6,9571,0.744749764914847,0,0,808,1819,11,6261,32,2667,NA,32
"1304","2020-06-04",3,15,216,7,9571,0.744749764914847,0,0,808,1819,18,6279,24,2691,1,24
"1305","2020-06-05",3,15,261,6,9571,0.744749764914847,0,0,808,1819,20,6299,35,2726,3,35
"1306","2020-06-06",3,15,255,5,9571,0.744749764914847,0,0,808,1819,18,6317,23,2749,2,23
"1307","2020-06-07",2,15,241,6,9571,0.744749764914847,0,0,808,1819,7,6324,26,2775,1,26
"1308","2020-03-14",2,16,141,108,4215,0.429181494661922,0,0,377,1705,61,256,22,106,14,22
"1309","2020-03-15",8,16,131,138,4215,0.429181494661922,0,0,377,1705,68,324,24,130,22,24
"1310","2020-03-16",12,16,117,179,4215,0.429181494661922,0,0,377,1705,73,397,16,146,29,16
"1311","2020-03-17",19,16,129,228,4215,0.429181494661922,0,0,377,1705,95,492,31,177,31,31
"1312","2020-03-18",27,16,162,278,4215,0.429181494661922,0,0,377,1705,83,575,20,197,36,20
"1313","2020-03-19",38,16,199,318,4215,0.429181494661922,0,0,377,1705,96,671,58,255,39,58
"1314","2020-03-20",48,16,198,364,4215,0.429181494661922,0,0,377,1705,99,770,90,345,40,90
"1315","2020-03-21",61,16,246,389,4215,0.429181494661922,0,0,377,1705,111,881,50,395,39,50
"1316","2020-03-22",71,16,272,444,4215,0.429181494661922,0,0,377,1705,84,965,67,462,29,67
"1317","2020-03-23",86,16,260,473,4215,0.429181494661922,0,0,377,1705,74,1039,46,508,26,46
"1318","2020-03-24",96,16,261,505,4215,0.429181494661922,0,0,377,1705,76,1115,37,545,35,37
"1319","2020-03-25",107,16,254,525,4215,0.429181494661922,0,0,377,1705,109,1224,40,585,53,40
"1320","2020-03-26",127,16,239,524,4215,0.429181494661922,0,0,377,1705,115,1339,49,634,51,49
"1321","2020-03-27",139,16,224,553,4215,0.429181494661922,0,0,377,1705,126,1465,59,693,62,59
"1322","2020-03-28",141,16,215,573,4215,0.429181494661922,0,0,377,1705,106,1571,53,746,43,53
"1323","2020-03-29",146,16,217,589,4215,0.429181494661922,0,0,377,1705,81,1652,30,776,31,30
"1324","2020-03-30",145,16,195,585,4215,0.429181494661922,0,0,377,1705,107,1759,44,820,40,44
"1325","2020-03-31",150,16,203,583,4215,0.429181494661922,0,0,377,1705,76,1835,50,870,24,50
"1326","2020-04-01",161,16,230,585,4215,0.429181494661922,0,0,377,1705,119,1954,44,914,42,44
"1327","2020-04-02",156,16,263,589,4215,0.429181494661922,0,0,377,1705,107,2061,48,962,47,48
"1328","2020-04-03",155,16,246,590,4215,0.429181494661922,0,0,377,1705,106,2167,30,992,47,30
"1329","2020-04-04",167,16,255,596,4215,0.429181494661922,0,0,377,1705,102,2269,40,1032,37,40
"1330","2020-04-05",171,16,246,603,4215,0.429181494661922,0,0,377,1705,106,2375,42,1074,31,42
"1331","2020-04-06",175,16,233,608,4215,0.429181494661922,0,0,377,1705,95,2470,41,1115,32,41
"1332","2020-04-07",178,16,215,610,4215,0.429181494661922,0,0,377,1705,106,2576,36,1151,39,36
"1333","2020-04-08",176,16,217,611,4215,0.429181494661922,0,0,377,1705,99,2675,29,1180,31,29
"1334","2020-04-09",178,16,210,599,4215,0.429181494661922,0,0,377,1705,110,2785,64,1244,42,64
"1335","2020-04-10",180,16,226,610,4215,0.429181494661922,0,0,377,1705,88,2873,62,1306,36,62
"1336","2020-04-11",172,16,235,648,4215,0.429181494661922,0,0,377,1705,91,2964,39,1345,28,39
"1337","2020-04-12",167,16,231,671,4215,0.429181494661922,0,0,377,1705,112,3076,37,1382,39,37
"1338","2020-04-13",179,16,227,664,4215,0.429181494661922,0,0,377,1705,84,3160,46,1428,31,46
"1339","2020-04-14",188,16,210,679,4215,0.429181494661922,0,0,377,1705,94,3254,55,1483,31,55
"1340","2020-04-15",186,16,204,705,4215,0.429181494661922,0,0,377,1705,83,3337,37,1520,33,37
"1341","2020-04-16",180,16,212,720,4215,0.429181494661922,0,0,377,1705,69,3406,39,1559,17,39
"1342","2020-04-17",192,16,233,711,4215,0.429181494661922,0,0,377,1705,87,3493,46,1605,30,46
"1343","2020-04-18",200,16,234,713,4215,0.429181494661922,0,0,377,1705,73,3566,34,1639,24,34
"1344","2020-04-19",216,16,226,703,4215,0.429181494661922,0,0,377,1705,72,3638,47,1686,26,47
"1345","2020-04-20",210,16,217,705,4215,0.429181494661922,0,0,377,1705,75,3713,29,1715,22,29
"1346","2020-04-21",201,16,219,685,4215,0.429181494661922,0,0,377,1705,72,3785,46,1761,21,46
"1347","2020-04-22",201,16,222,695,4215,0.429181494661922,0,0,377,1705,69,3854,38,1799,19,38
"1348","2020-04-23",199,16,224,683,4215,0.429181494661922,0,0,377,1705,72,3926,36,1835,11,36
"1349","2020-04-24",194,16,220,673,4215,0.429181494661922,0,0,377,1705,75,4001,55,1890,19,55
"1350","2020-04-25",194,16,231,657,4215,0.429181494661922,0,0,377,1705,71,4072,34,1924,26,34
"1351","2020-04-26",186,16,262,637,4215,0.429181494661922,0,0,377,1705,55,4127,42,1966,15,42
"1352","2020-04-27",185,16,304,635,4215,0.429181494661922,0,0,377,1705,57,4184,35,2001,15,35
"1353","2020-04-28",184,16,275,620,4215,0.429181494661922,0,0,377,1705,71,4255,35,2036,21,35
"1354","2020-04-29",175,16,271,618,4215,0.429181494661922,0,0,377,1705,78,4333,30,2066,21,30
"1355","2020-04-30",174,16,270,615,4215,0.429181494661922,0,0,377,1705,63,4396,36,2102,14,36
"1356","2020-05-01",170,16,277,604,4215,0.429181494661922,0,0,377,1705,66,4462,32,2134,16,32
"1357","2020-05-02",171,16,308,593,4215,0.429181494661922,0,0,377,1705,63,4525,29,2163,15,29
"1358","2020-05-03",172,16,297,594,4215,0.429181494661922,0,0,377,1705,68,4593,32,2195,22,32
"1359","2020-05-04",160,16,296,581,4215,0.429181494661922,0,0,377,1705,58,4651,30,2225,18,30
"1360","2020-05-05",158,16,272,581,4215,0.429181494661922,0,0,377,1705,55,4706,31,2256,18,31
"1361","2020-05-06",159,16,255,568,4215,0.429181494661922,0,0,377,1705,45,4751,32,2288,6,32
"1362","2020-05-07",163,16,247,564,4215,0.429181494661922,0,0,377,1705,67,4818,41,2329,12,41
"1363","2020-05-08",163,16,229,549,4215,0.429181494661922,0,0,377,1705,52,4870,50,2379,9,50
"1364","2020-05-09",159,16,234,541,4215,0.429181494661922,0,0,377,1705,47,4917,37,2416,13,37
"1365","2020-05-10",155,16,222,520,4215,0.429181494661922,0,0,377,1705,55,4972,46,2462,13,46
"1366","2020-05-11",160,16,254,512,4215,0.429181494661922,0,0,377,1705,43,5015,27,2489,9,27
"1367","2020-05-12",154,16,288,485,4215,0.429181494661922,0,0,377,1705,49,5064,43,2532,16,43
"1368","2020-05-13",155,16,296,476,4215,0.429181494661922,0,0,377,1705,39,5103,34,2566,7,34
"1369","2020-05-14",151,16,263,466,4215,0.429181494661922,0,0,377,1705,36,5139,32,2598,6,32
"1370","2020-05-15",148,16,267,454,4215,0.429181494661922,0,0,377,1705,40,5179,48,2646,8,48
"1371","2020-05-16",137,16,269,443,4215,0.429181494661922,0,0,377,1705,37,5216,40,2686,9,40
"1372","2020-05-17",132,16,274,443,4215,0.429181494661922,0,0,377,1705,36,5252,67,2753,13,67
"1373","2020-05-18",134,16,266,445,4215,0.429181494661922,0,0,377,1705,34,5286,59,2812,8,59
"1374","2020-05-19",130,16,248,440,4215,0.429181494661922,0,0,377,1705,37,5323,47,2859,8,47
"1375","2020-05-20",122,16,238,435,4215,0.429181494661922,0,0,377,1705,30,5353,37,2896,8,37
"1376","2020-05-21",120,16,208,425,4215,0.429181494661922,0,0,377,1705,32,5385,29,2925,7,29
"1377","2020-05-22",113,16,204,403,4215,0.429181494661922,0,0,377,1705,33,5418,27,2952,6,27
"1378","2020-05-23",121,16,199,393,4215,0.429181494661922,0,0,377,1705,34,5452,38,2990,6,38
"1379","2020-05-24",114,16,212,384,4215,0.429181494661922,0,0,377,1705,33,5485,68,3058,7,68
"1380","2020-05-25",103,16,233,376,4215,0.429181494661922,0,0,377,1705,17,5502,54,3112,2,54
"1381","2020-05-26",112,16,238,360,4215,0.429181494661922,0,0,377,1705,22,5524,44,3156,8,44
"1382","2020-05-27",113,16,225,350,4215,0.429181494661922,0,0,377,1705,16,5540,34,3190,3,34
"1383","2020-05-28",111,16,219,343,4215,0.429181494661922,0,0,377,1705,28,5568,32,3222,5,32
"1384","2020-05-29",115,16,253,322,4215,0.429181494661922,0,0,377,1705,26,5594,55,3277,6,55
"1385","2020-05-30",102,16,263,304,4215,0.429181494661922,0,0,377,1705,18,5612,36,3313,2,36
"1386","2020-05-31",100,16,274,297,4215,0.429181494661922,0,0,377,1705,36,5648,48,3361,11,48
"1387","2020-06-01",105,16,310,291,4215,0.429181494661922,0,0,377,1705,20,5668,46,3407,4,46
"1388","2020-06-02",92,16,293,281,4215,0.429181494661922,0,0,377,1705,20,5688,35,3442,6,35
"1389","2020-06-03",95,16,289,282,4215,0.429181494661922,0,0,377,1705,16,5704,42,3484,5,42
"1390","2020-06-04",87,16,268,267,4215,0.429181494661922,0,0,377,1705,22,5726,38,3522,7,38
"1391","2020-06-05",76,16,266,258,4215,0.429181494661922,0,0,377,1705,10,5736,58,3580,2,58
"1392","2020-06-06",80,16,257,239,4215,0.429181494661922,0,0,377,1705,17,5753,50,3630,3,50
"1393","2020-06-07",80,16,252,245,4215,0.429181494661922,0,0,377,1705,12,5765,61,3691,1,61
"1394","2020-03-12",1,17,119,105,5226,0.182740145426713,0,0,440,1305,20,39,30,63,8,30
"1395","2020-03-13",5,17,186,160,5226,0.182740145426713,0,0,440,1305,30,69,20,83,16,20
"1396","2020-03-14",9,17,222,216,5226,0.182740145426713,0,0,440,1305,48,117,48,131,29,48
"1397","2020-03-15",18,17,240,275,5226,0.182740145426713,0,0,440,1305,43,160,46,177,35,46
"1398","2020-03-16",38,17,266,320,5226,0.182740145426713,0,0,440,1305,59,219,28,205,47,28
"1399","2020-03-17",47,17,284,378,5226,0.182740145426713,0,0,440,1305,83,302,37,242,74,37
"1400","2020-03-18",61,17,261,426,5226,0.182740145426713,0,0,440,1305,99,401,31,273,88,31
"1401","2020-03-19",73,17,235,469,5226,0.182740145426713,0,0,440,1305,123,524,50,323,116,50
"1402","2020-03-20",89,17,264,506,5226,0.182740145426713,0,0,440,1305,166,690,44,367,157,44
"1403","2020-03-21",97,17,244,552,5226,0.182740145426713,0,0,440,1305,228,918,28,395,216,28
"1404","2020-03-22",115,17,215,595,5226,0.182740145426713,0,0,440,1305,234,1152,49,444,225,49
"1405","2020-03-23",115,17,209,628,5226,0.182740145426713,0,0,440,1305,231,1383,23,467,222,23
"1406","2020-03-24",132,17,174,648,5226,0.182740145426713,0,0,440,1305,270,1653,25,492,266,25
"1407","2020-03-25",138,17,167,641,5226,0.182740145426713,0,0,440,1305,403,2056,14,506,399,14
"1408","2020-03-26",151,17,165,663,5226,0.182740145426713,0,0,440,1305,337,2393,19,525,333,19
"1409","2020-03-27",158,17,194,698,5226,0.182740145426713,0,0,440,1305,427,2820,31,556,420,31
"1410","2020-03-28",177,17,248,735,5226,0.182740145426713,0,0,440,1305,454,3274,23,579,443,23
"1411","2020-03-29",175,17,245,737,5226,0.182740145426713,0,0,440,1305,438,3712,52,631,429,52
"1412","2020-03-30",188,17,273,740,5226,0.182740145426713,0,0,440,1305,460,4172,54,685,455,54
"1413","2020-03-31",187,17,262,752,5226,0.182740145426713,0,0,440,1305,359,4531,43,728,348,43
"1414","2020-04-01",194,17,292,772,5226,0.182740145426713,0,0,440,1305,378,4909,23,751,374,23
"1415","2020-04-02",198,17,264,775,5226,0.182740145426713,0,0,440,1305,413,5322,11,762,407,11
"1416","2020-04-03",208,17,248,797,5226,0.182740145426713,0,0,440,1305,311,5633,4,766,306,4
"1417","2020-04-04",207,17,235,820,5226,0.182740145426713,0,0,440,1305,267,5900,11,777,258,11
"1418","2020-04-05",216,17,216,829,5226,0.182740145426713,0,0,440,1305,235,6135,6,783,231,6
"1419","2020-04-06",226,17,227,826,5226,0.182740145426713,0,0,440,1305,222,6357,1,784,221,1
"1420","2020-04-07",233,17,229,831,5226,0.182740145426713,0,0,440,1305,175,6532,12,796,173,12
"1421","2020-04-08",242,17,213,828,5226,0.182740145426713,0,0,440,1305,142,6674,7,803,139,7
"1422","2020-04-09",238,17,198,819,5226,0.182740145426713,0,0,440,1305,118,6792,19,822,115,19
"1423","2020-04-10",238,17,183,832,5226,0.182740145426713,0,0,440,1305,89,6881,29,851,84,29
"1424","2020-04-11",232,17,182,838,5226,0.182740145426713,0,0,440,1305,90,6971,45,896,88,45
"1425","2020-04-12",226,17,191,847,5226,0.182740145426713,0,0,440,1305,80,7051,30,926,76,30
"1426","2020-04-13",215,17,208,824,5226,0.182740145426713,0,0,440,1305,56,7107,22,948,53,22
"1427","2020-04-14",216,17,209,841,5226,0.182740145426713,0,0,440,1305,57,7164,14,962,56,14
"1428","2020-04-15",203,17,252,831,5226,0.182740145426713,0,0,440,1305,34,7198,7,969,32,7
"1429","2020-04-16",217,17,252,820,5226,0.182740145426713,0,0,440,1305,27,7225,14,983,26,14
"1430","2020-04-17",208,17,238,805,5226,0.182740145426713,0,0,440,1305,23,7248,14,997,22,14
"1431","2020-04-18",211,17,206,795,5226,0.182740145426713,0,0,440,1305,25,7273,19,1016,23,19
"1432","2020-04-19",216,17,240,796,5226,0.182740145426713,0,0,440,1305,13,7286,31,1047,11,31
"1433","2020-04-20",213,17,297,787,5226,0.182740145426713,0,0,440,1305,20,7306,31,1078,19,31
"1434","2020-04-21",209,17,296,792,5226,0.182740145426713,0,0,440,1305,9,7315,55,1133,9,55
"1435","2020-04-22",220,17,276,779,5226,0.182740145426713,0,0,440,1305,12,7327,36,1169,11,36
"1436","2020-04-23",213,17,268,765,5226,0.182740145426713,0,0,440,1305,10,7337,51,1220,5,51
"1437","2020-04-24",222,17,255,760,5226,0.182740145426713,0,0,440,1305,16,7353,28,1248,15,28
"1438","2020-04-25",216,17,263,754,5226,0.182740145426713,0,0,440,1305,13,7366,29,1277,10,29
"1439","2020-04-26",208,17,261,750,5226,0.182740145426713,0,0,440,1305,12,7378,15,1292,12,15
"1440","2020-04-27",219,17,227,737,5226,0.182740145426713,0,0,440,1305,9,7387,40,1332,8,40
"1441","2020-04-28",213,17,213,729,5226,0.182740145426713,0,0,440,1305,7,7394,23,1355,4,23
"1442","2020-04-29",214,17,210,728,5226,0.182740145426713,0,0,440,1305,8,7402,49,1404,5,49
"1443","2020-04-30",210,17,222,743,5226,0.182740145426713,0,0,440,1305,9,7411,26,1430,7,26
"1444","2020-05-01",193,17,229,725,5226,0.182740145426713,0,0,440,1305,6,7417,19,1449,4,19
"1445","2020-05-02",195,17,205,712,5226,0.182740145426713,0,0,440,1305,10,7427,15,1464,10,15
"1446","2020-05-03",200,17,194,691,5226,0.182740145426713,0,0,440,1305,2,7429,12,1476,2,12
"1447","2020-05-04",184,17,202,687,5226,0.182740145426713,0,0,440,1305,3,7432,5,1481,2,5
"1448","2020-05-05",189,17,193,683,5226,0.182740145426713,0,0,440,1305,2,7434,18,1499,2,18
"1449","2020-05-06",174,17,198,666,5226,0.182740145426713,0,0,440,1305,2,7436,51,1550,1,51
"1450","2020-05-07",166,17,212,649,5226,0.182740145426713,0,0,440,1305,4,7440,31,1581,2,31
"1451","2020-05-08",163,17,239,626,5226,0.182740145426713,0,0,440,1305,5,7445,15,1596,5,15
"1452","2020-05-09",165,17,247,595,5226,0.182740145426713,0,0,440,1305,6,7451,34,1630,3,34
"1453","2020-05-10",165,17,221,585,5226,0.182740145426713,0,0,440,1305,2,7453,24,1654,1,24
"1454","2020-05-11",162,17,209,565,5226,0.182740145426713,0,0,440,1305,NA,NA,17,1671,NA,17
"1455","2020-05-12",153,17,192,549,5226,0.182740145426713,0,0,440,1305,2,7455,18,1689,1,18
"1456","2020-05-13",155,17,197,557,5226,0.182740145426713,0,0,440,1305,2,7457,16,1705,2,16
"1457","2020-05-14",144,17,199,541,5226,0.182740145426713,0,0,440,1305,5,7462,19,1724,2,19
"1458","2020-05-15",140,17,216,541,5226,0.182740145426713,0,0,440,1305,5,7467,20,1744,3,20
"1459","2020-05-16",144,17,239,527,5226,0.182740145426713,0,0,440,1305,2,7469,20,1764,NA,20
"1460","2020-05-17",139,17,251,508,5226,0.182740145426713,0,0,440,1305,7,7476,74,1838,5,74
"1461","2020-05-18",135,17,249,482,5226,0.182740145426713,0,0,440,1305,4,7480,47,1885,2,47
"1462","2020-05-19",137,17,235,480,5226,0.182740145426713,0,0,440,1305,5,7485,15,1900,4,15
"1463","2020-05-20",130,17,220,466,5226,0.182740145426713,0,0,440,1305,5,7490,38,1938,3,38
"1464","2020-05-21",140,17,227,450,5226,0.182740145426713,0,0,440,1305,4,7494,30,1968,4,30
"1465","2020-05-22",156,17,211,436,5226,0.182740145426713,0,0,440,1305,2,7496,43,2011,NA,43
"1466","2020-05-23",148,17,237,421,5226,0.182740145426713,0,0,440,1305,3,7499,18,2029,3,18
"1467","2020-05-24",135,17,284,405,5226,0.182740145426713,0,0,440,1305,2,7501,34,2063,2,34
"1468","2020-05-25",133,17,272,392,5226,0.182740145426713,0,0,440,1305,2,7503,23,2086,2,23
"1469","2020-05-26",126,17,246,374,5226,0.182740145426713,0,0,440,1305,NA,NA,26,2112,NA,26
"1470","2020-05-27",121,17,254,364,5226,0.182740145426713,0,0,440,1305,2,7505,49,2161,2,49
"1471","2020-05-28",120,17,250,356,5226,0.182740145426713,0,0,440,1305,5,7510,31,2192,5,31
"1472","2020-05-29",97,17,283,337,5226,0.182740145426713,0,0,440,1305,3,7513,15,2207,1,15
"1473","2020-05-30",84,17,284,321,5226,0.182740145426713,0,0,440,1305,2,7515,14,2221,1,14
"1474","2020-05-31",88,17,298,303,5226,0.182740145426713,0,0,440,1305,2,7517,46,2267,NA,46
"1475","2020-06-01",85,17,316,290,5226,0.182740145426713,0,0,440,1305,3,7520,57,2324,2,57
"1476","2020-06-02",82,17,287,288,5226,0.182740145426713,0,0,440,1305,2,7522,42,2366,1,42
"1477","2020-06-03",86,17,249,279,5226,0.182740145426713,0,0,440,1305,NA,NA,27,2393,NA,27
"1478","2020-06-04",83,17,230,268,5226,0.182740145426713,0,0,440,1305,1,7523,16,2409,1,16
"1479","2020-06-05",87,17,229,254,5226,0.182740145426713,0,0,440,1305,1,7524,51,2460,NA,51
"1480","2020-06-06",89,17,227,248,5226,0.182740145426713,0,0,440,1305,2,7526,43,2503,2,43
"1481","2020-06-07",83,17,217,240,5226,0.182740145426713,0,0,440,1305,NA,NA,31,2534,NA,31
"1482","2020-03-13",1,18,171,88,4286,0.45380307979468,0,0,394,1629,15,48,8,64,1,8
"1483","2020-03-14",5,18,154,125,4286,0.45380307979468,0,0,394,1629,18,66,43,107,9,43
"1484","2020-03-15",11,18,146,152,4286,0.45380307979468,0,0,394,1629,20,86,52,159,6,52
"1485","2020-03-16",18,18,130,183,4286,0.45380307979468,0,0,394,1629,29,115,26,185,6,26
"1486","2020-03-17",22,18,127,224,4286,0.45380307979468,0,0,394,1629,19,134,19,204,9,19
"1487","2020-03-18",33,18,119,273,4286,0.45380307979468,0,0,394,1629,20,154,16,220,8,16
"1488","2020-03-19",45,18,123,304,4286,0.45380307979468,0,0,394,1629,26,180,35,255,13,35
"1489","2020-03-20",56,18,178,363,4286,0.45380307979468,0,0,394,1629,29,209,57,312,15,57
"1490","2020-03-21",64,18,179,404,4286,0.45380307979468,0,0,394,1629,21,230,50,362,9,50
"1491","2020-03-22",72,18,189,445,4286,0.45380307979468,0,0,394,1629,16,246,42,404,7,42
"1492","2020-03-23",82,18,163,473,4286,0.45380307979468,0,0,394,1629,21,267,24,428,13,24
"1493","2020-03-24",96,18,142,511,4286,0.45380307979468,0,0,394,1629,35,302,18,446,21,18
"1494","2020-03-25",108,18,154,524,4286,0.45380307979468,0,0,394,1629,30,332,11,457,12,11
"1495","2020-03-26",121,18,179,543,4286,0.45380307979468,0,0,394,1629,28,360,11,468,11,11
"1496","2020-03-27",127,18,175,562,4286,0.45380307979468,0,0,394,1629,29,389,8,476,13,8
"1497","2020-03-28",134,18,221,580,4286,0.45380307979468,0,0,394,1629,38,427,12,488,22,12
"1498","2020-03-29",142,18,267,603,4286,0.45380307979468,0,0,394,1629,55,482,15,503,22,15
"1499","2020-03-30",154,18,251,623,4286,0.45380307979468,0,0,394,1629,37,519,4,507,20,4
"1500","2020-03-31",166,18,251,643,4286,0.45380307979468,0,0,394,1629,42,561,7,514,25,7
"1501","2020-04-01",169,18,256,668,4286,0.45380307979468,0,0,394,1629,40,601,6,520,26,6
"1502","2020-04-02",171,18,225,680,4286,0.45380307979468,0,0,394,1629,49,650,13,533,33,13
"1503","2020-04-03",181,18,220,686,4286,0.45380307979468,0,0,394,1629,48,698,55,588,32,55
"1504","2020-04-04",198,18,232,705,4286,0.45380307979468,0,0,394,1629,44,742,69,657,26,69
"1505","2020-04-05",203,18,237,723,4286,0.45380307979468,0,0,394,1629,43,785,44,701,24,44
"1506","2020-04-06",199,18,222,745,4286,0.45380307979468,0,0,394,1629,38,823,28,729,21,28
"1507","2020-04-07",195,18,200,752,4286,0.45380307979468,0,0,394,1629,39,862,31,760,21,31
"1508","2020-04-08",193,18,221,754,4286,0.45380307979468,0,0,394,1629,33,895,24,784,20,24
"1509","2020-04-09",212,18,213,751,4286,0.45380307979468,0,0,394,1629,30,925,17,801,16,17
"1510","2020-04-10",219,18,230,740,4286,0.45380307979468,0,0,394,1629,45,970,12,813,25,12
"1511","2020-04-11",204,18,217,728,4286,0.45380307979468,0,0,394,1629,40,1010,25,838,22,25
"1512","2020-04-12",208,18,203,718,4286,0.45380307979468,0,0,394,1629,51,1061,55,893,33,55
"1513","2020-04-13",215,18,195,711,4286,0.45380307979468,0,0,394,1629,28,1089,39,932,14,39
"1514","2020-04-14",217,18,203,691,4286,0.45380307979468,0,0,394,1629,39,1128,28,960,13,28
"1515","2020-04-15",219,18,214,676,4286,0.45380307979468,0,0,394,1629,38,1166,17,977,19,17
"1516","2020-04-16",198,18,254,677,4286,0.45380307979468,0,0,394,1629,41,1207,11,988,12,11
"1517","2020-04-17",191,18,253,685,4286,0.45380307979468,0,0,394,1629,34,1241,12,1000,16,12
"1518","2020-04-18",204,18,240,681,4286,0.45380307979468,0,0,394,1629,35,1276,2,1002,17,2
"1519","2020-04-19",194,18,214,682,4286,0.45380307979468,0,0,394,1629,32,1308,17,1019,14,17
"1520","2020-04-20",186,18,207,668,4286,0.45380307979468,0,0,394,1629,41,1349,18,1037,21,18
"1521","2020-04-21",181,18,183,668,4286,0.45380307979468,0,0,394,1629,25,1374,16,1053,12,16
"1522","2020-04-22",177,18,194,667,4286,0.45380307979468,0,0,394,1629,38,1412,14,1067,11,14
"1523","2020-04-23",181,18,199,671,4286,0.45380307979468,0,0,394,1629,31,1443,16,1083,14,16
"1524","2020-04-24",178,18,192,658,4286,0.45380307979468,0,0,394,1629,28,1471,37,1120,13,37
"1525","2020-04-25",171,18,196,647,4286,0.45380307979468,0,0,394,1629,53,1524,22,1142,26,22
"1526","2020-04-26",172,18,185,622,4286,0.45380307979468,0,0,394,1629,35,1559,19,1161,8,19
"1527","2020-04-27",170,18,224,608,4286,0.45380307979468,0,0,394,1629,42,1601,16,1177,28,16
"1528","2020-04-28",178,18,221,597,4286,0.45380307979468,0,0,394,1629,34,1635,38,1215,10,38
"1529","2020-04-29",181,18,237,581,4286,0.45380307979468,0,0,394,1629,28,1663,20,1235,12,20
"1530","2020-04-30",181,18,249,580,4286,0.45380307979468,0,0,394,1629,27,1690,15,1250,13,15
"1531","2020-05-01",170,18,259,571,4286,0.45380307979468,0,0,394,1629,34,1724,14,1264,14,14
"1532","2020-05-02",167,18,268,545,4286,0.45380307979468,0,0,394,1629,41,1765,35,1299,18,35
"1533","2020-05-03",165,18,257,550,4286,0.45380307979468,0,0,394,1629,29,1794,21,1320,18,21
"1534","2020-05-04",167,18,232,554,4286,0.45380307979468,0,0,394,1629,27,1821,33,1353,14,33
"1535","2020-05-05",155,18,227,534,4286,0.45380307979468,0,0,394,1629,33,1854,15,1368,15,15
"1536","2020-05-06",150,18,228,545,4286,0.45380307979468,0,0,394,1629,23,1877,15,1383,9,15
"1537","2020-05-07",143,18,215,534,4286,0.45380307979468,0,0,394,1629,31,1908,7,1390,9,7
"1538","2020-05-08",147,18,224,531,4286,0.45380307979468,0,0,394,1629,34,1942,19,1409,15,19
"1539","2020-05-09",149,18,212,502,4286,0.45380307979468,0,0,394,1629,29,1971,25,1434,14,25
"1540","2020-05-10",149,18,233,500,4286,0.45380307979468,0,0,394,1629,32,2003,18,1452,11,18
"1541","2020-05-11",136,18,221,485,4286,0.45380307979468,0,0,394,1629,27,2030,22,1474,15,22
"1542","2020-05-12",140,18,212,477,4286,0.45380307979468,0,0,394,1629,27,2057,28,1502,15,28
"1543","2020-05-13",133,18,211,477,4286,0.45380307979468,0,0,394,1629,21,2078,25,1527,7,25
"1544","2020-05-14",128,18,210,466,4286,0.45380307979468,0,0,394,1629,22,2100,13,1540,8,13
"1545","2020-05-15",128,18,198,449,4286,0.45380307979468,0,0,394,1629,26,2126,9,1549,13,9
"1546","2020-05-16",129,18,163,438,4286,0.45380307979468,0,0,394,1629,35,2161,23,1572,18,23
"1547","2020-05-17",128,18,162,434,4286,0.45380307979468,0,0,394,1629,28,2189,9,1581,12,9
"1548","2020-05-18",136,18,176,414,4286,0.45380307979468,0,0,394,1629,31,2220,8,1589,14,8
"1549","2020-05-19",134,18,160,400,4286,0.45380307979468,0,0,394,1629,27,2247,8,1597,10,8
"1550","2020-05-20",143,18,159,383,4286,0.45380307979468,0,0,394,1629,27,2274,34,1631,17,34
"1551","2020-05-21",138,18,164,378,4286,0.45380307979468,0,0,394,1629,23,2297,27,1658,8,27
"1552","2020-05-22",133,18,174,368,4286,0.45380307979468,0,0,394,1629,27,2324,21,1679,11,21
"1553","2020-05-23",121,18,180,351,4286,0.45380307979468,0,0,394,1629,22,2346,12,1691,13,12
"1554","2020-05-24",109,18,185,336,4286,0.45380307979468,0,0,394,1629,15,2361,26,1717,7,26
"1555","2020-05-25",100,18,168,341,4286,0.45380307979468,0,0,394,1629,23,2384,25,1742,13,25
"1556","2020-05-26",94,18,167,328,4286,0.45380307979468,0,0,394,1629,25,2409,32,1774,15,32
"1557","2020-05-27",83,18,148,309,4286,0.45380307979468,0,0,394,1629,26,2435,22,1796,11,22
"1558","2020-05-28",93,18,141,291,4286,0.45380307979468,0,0,394,1629,23,2458,15,1811,15,15
"1559","2020-05-29",92,18,143,283,4286,0.45380307979468,0,0,394,1629,19,2477,14,1825,9,14
"1560","2020-05-30",92,18,182,278,4286,0.45380307979468,0,0,394,1629,19,2496,6,1831,14,6
"1561","2020-05-31",95,18,220,279,4286,0.45380307979468,0,0,394,1629,15,2511,9,1840,7,9
"1562","2020-06-01",91,18,215,280,4286,0.45380307979468,0,0,394,1629,20,2531,14,1854,11,14
"1563","2020-06-02",81,18,198,261,4286,0.45380307979468,0,0,394,1629,17,2548,54,1908,10,54
"1564","2020-06-03",81,18,229,265,4286,0.45380307979468,0,0,394,1629,21,2569,55,1963,10,55
"1565","2020-06-04",62,18,267,255,4286,0.45380307979468,0,0,394,1629,15,2584,26,1989,4,26
"1566","2020-06-05",61,18,240,248,4286,0.45380307979468,0,0,394,1629,13,2597,15,2004,6,15
"1567","2020-06-06",52,18,210,228,4286,0.45380307979468,0,0,394,1629,15,2612,15,2019,7,15
"1568","2020-06-07",56,18,180,223,4286,0.45380307979468,0,0,394,1629,22,2634,17,2036,14,17
"1569","2020-03-13",3,19,123,136,5092,0.166732128829537,0,0,426,781,71,183,8,45,11,8
"1570","2020-03-14",5,19,155,179,5092,0.166732128829537,0,0,426,781,74,257,8,53,8,8
"1571","2020-03-15",10,19,150,228,5092,0.166732128829537,0,0,426,781,82,339,8,61,22,8
"1572","2020-03-16",18,19,135,284,5092,0.166732128829537,0,0,426,781,72,411,41,102,31,41
"1573","2020-03-17",29,19,121,333,5092,0.166732128829537,0,0,426,781,80,491,20,122,36,20
"1574","2020-03-18",44,19,118,400,5092,0.166732128829537,0,0,426,781,63,554,13,135,30,13
"1575","2020-03-19",59,19,120,441,5092,0.166732128829537,0,0,426,781,90,644,16,151,44,16
"1576","2020-03-20",72,19,147,486,5092,0.166732128829537,0,0,426,781,104,748,7,158,47,7
"1577","2020-03-21",97,19,186,533,5092,0.166732128829537,0,0,426,781,88,836,15,173,34,15
"1578","2020-03-22",116,19,187,560,5092,0.166732128829537,0,0,426,781,98,934,12,185,51,12
"1579","2020-03-23",125,19,172,596,5092,0.166732128829537,0,0,426,781,108,1042,53,238,50,53
"1580","2020-03-24",141,19,143,631,5092,0.166732128829537,0,0,426,781,87,1129,67,305,39,67
"1581","2020-03-25",150,19,141,660,5092,0.166732128829537,0,0,426,781,80,1209,18,323,28,18
"1582","2020-03-26",165,19,161,675,5092,0.166732128829537,0,0,426,781,80,1289,24,347,41,24
"1583","2020-03-27",166,19,161,673,5092,0.166732128829537,0,0,426,781,111,1400,51,398,51,51
"1584","2020-03-28",173,19,163,694,5092,0.166732128829537,0,0,426,781,105,1505,56,454,44,56
"1585","2020-03-29",170,19,166,693,5092,0.166732128829537,0,0,426,781,106,1611,64,518,41,64
"1586","2020-03-30",188,19,152,717,5092,0.166732128829537,0,0,426,781,76,1687,24,542,21,24
"1587","2020-03-31",189,19,175,738,5092,0.166732128829537,0,0,426,781,89,1776,64,606,34,64
"1588","2020-04-01",196,19,220,749,5092,0.166732128829537,0,0,426,781,94,1870,35,641,30,35
"1589","2020-04-02",193,19,263,766,5092,0.166732128829537,0,0,426,781,63,1933,21,662,18,21
"1590","2020-04-03",205,19,268,763,5092,0.166732128829537,0,0,426,781,84,2017,31,693,22,31
"1591","2020-04-04",205,19,242,752,5092,0.166732128829537,0,0,426,781,89,2106,57,750,35,57
"1592","2020-04-05",218,19,253,764,5092,0.166732128829537,0,0,426,781,91,2197,37,787,23,37
"1593","2020-04-06",206,19,228,773,5092,0.166732128829537,0,0,426,781,84,2281,39,826,18,39
"1594","2020-04-07",212,19,263,763,5092,0.166732128829537,0,0,426,781,93,2374,66,892,30,66
"1595","2020-04-08",209,19,239,769,5092,0.166732128829537,0,0,426,781,84,2458,25,917,21,25
"1596","2020-04-09",222,19,232,768,5092,0.166732128829537,0,0,426,781,71,2529,25,942,15,25
"1597","2020-04-10",220,19,212,780,5092,0.166732128829537,0,0,426,781,72,2601,57,999,23,57
"1598","2020-04-11",210,19,194,794,5092,0.166732128829537,0,0,426,781,84,2685,63,1062,33,63
"1599","2020-04-12",206,19,195,787,5092,0.166732128829537,0,0,426,781,78,2763,49,1111,16,49
"1600","2020-04-13",218,19,201,792,5092,0.166732128829537,0,0,426,781,72,2835,22,1133,15,22
"1601","2020-04-14",218,19,236,798,5092,0.166732128829537,0,0,426,781,63,2898,22,1155,9,22
"1602","2020-04-15",223,19,241,793,5092,0.166732128829537,0,0,426,781,72,2970,11,1166,22,11
"1603","2020-04-16",215,19,234,772,5092,0.166732128829537,0,0,426,781,62,3032,10,1176,17,10
"1604","2020-04-17",220,19,208,744,5092,0.166732128829537,0,0,426,781,80,3112,22,1198,25,22
"1605","2020-04-18",223,19,187,735,5092,0.166732128829537,0,0,426,781,85,3197,44,1242,29,44
"1606","2020-04-19",219,19,174,737,5092,0.166732128829537,0,0,426,781,70,3267,28,1270,15,28
"1607","2020-04-20",207,19,232,732,5092,0.166732128829537,0,0,426,781,58,3325,23,1293,18,23
"1608","2020-04-21",197,19,256,720,5092,0.166732128829537,0,0,426,781,58,3383,20,1313,15,20
"1609","2020-04-22",192,19,241,728,5092,0.166732128829537,0,0,426,781,82,3465,11,1324,21,11
"1610","2020-04-23",195,19,254,728,5092,0.166732128829537,0,0,426,781,64,3529,15,1339,13,15
"1611","2020-04-24",190,19,253,718,5092,0.166732128829537,0,0,426,781,56,3585,13,1352,18,13
"1612","2020-04-25",187,19,293,706,5092,0.166732128829537,0,0,426,781,78,3663,10,1362,19,10
"1613","2020-04-26",193,19,292,711,5092,0.166732128829537,0,0,426,781,53,3716,23,1385,11,23
"1614","2020-04-27",192,19,285,696,5092,0.166732128829537,0,0,426,781,73,3789,33,1418,23,33
"1615","2020-04-28",197,19,324,691,5092,0.166732128829537,0,0,426,781,65,3854,34,1452,15,34
"1616","2020-04-29",198,19,316,689,5092,0.166732128829537,0,0,426,781,66,3920,49,1501,14,49
"1617","2020-04-30",205,19,300,690,5092,0.166732128829537,0,0,426,781,69,3989,26,1527,12,26
"1618","2020-05-01",201,19,289,694,5092,0.166732128829537,0,0,426,781,59,4048,17,1544,10,17
"1619","2020-05-02",203,19,301,688,5092,0.166732128829537,0,0,426,781,71,4119,16,1560,16,16
"1620","2020-05-03",199,19,296,682,5092,0.166732128829537,0,0,426,781,58,4177,50,1610,13,50
"1621","2020-05-04",200,19,287,668,5092,0.166732128829537,0,0,426,781,64,4241,15,1625,13,15
"1622","2020-05-05",193,19,261,665,5092,0.166732128829537,0,0,426,781,58,4299,11,1636,12,11
"1623","2020-05-06",203,19,237,669,5092,0.166732128829537,0,0,426,781,66,4365,33,1669,20,33
"1624","2020-05-07",190,19,197,646,5092,0.166732128829537,0,0,426,781,64,4429,24,1693,14,24
"1625","2020-05-08",193,19,197,653,5092,0.166732128829537,0,0,426,781,39,4468,15,1708,8,15
"1626","2020-05-09",199,19,211,632,5092,0.166732128829537,0,0,426,781,65,4533,32,1740,12,32
"1627","2020-05-10",183,19,207,606,5092,0.166732128829537,0,0,426,781,48,4581,24,1764,16,24
"1628","2020-05-11",172,19,203,588,5092,0.166732128829537,0,0,426,781,56,4637,15,1779,8,15
"1629","2020-05-12",170,19,194,592,5092,0.166732128829537,0,0,426,781,52,4689,25,1804,8,25
"1630","2020-05-13",159,19,187,585,5092,0.166732128829537,0,0,426,781,44,4733,30,1834,12,30
"1631","2020-05-14",148,19,181,573,5092,0.166732128829537,0,0,426,781,54,4787,17,1851,11,17
"1632","2020-05-15",146,19,196,557,5092,0.166732128829537,0,0,426,781,43,4830,14,1865,8,14
"1633","2020-05-16",135,19,182,562,5092,0.166732128829537,0,0,426,781,31,4861,17,1882,11,17
"1634","2020-05-17",146,19,169,553,5092,0.166732128829537,0,0,426,781,51,4912,45,1927,8,45
"1635","2020-05-18",155,19,164,541,5092,0.166732128829537,0,0,426,781,42,4954,24,1951,12,24
"1636","2020-05-19",156,19,166,520,5092,0.166732128829537,0,0,426,781,41,4995,42,1993,7,42
"1637","2020-05-20",150,19,170,505,5092,0.166732128829537,0,0,426,781,26,5021,20,2013,6,20
"1638","2020-05-21",147,19,161,484,5092,0.166732128829537,0,0,426,781,36,5057,73,2086,9,73
"1639","2020-05-22",139,19,176,465,5092,0.166732128829537,0,0,426,781,40,5097,71,2157,7,71
"1640","2020-05-23",141,19,204,439,5092,0.166732128829537,0,0,426,781,32,5129,42,2199,6,42
"1641","2020-05-24",136,19,206,431,5092,0.166732128829537,0,0,426,781,24,5153,55,2254,7,55
"1642","2020-05-25",129,19,208,419,5092,0.166732128829537,0,0,426,781,29,5182,26,2280,6,26
"1643","2020-05-26",118,19,247,397,5092,0.166732128829537,0,0,426,781,27,5209,25,2305,7,25
"1644","2020-05-27",115,19,274,388,5092,0.166732128829537,0,0,426,781,28,5237,18,2323,7,18
"1645","2020-05-28",113,19,288,369,5092,0.166732128829537,0,0,426,781,22,5259,24,2347,1,24
"1646","2020-05-29",109,19,315,367,5092,0.166732128829537,0,0,426,781,29,5288,55,2402,6,55
"1647","2020-05-30",108,19,313,360,5092,0.166732128829537,0,0,426,781,23,5311,39,2441,6,39
"1648","2020-05-31",104,19,274,329,5092,0.166732128829537,0,0,426,781,28,5339,33,2474,5,33
"1649","2020-06-01",111,19,243,319,5092,0.166732128829537,0,0,426,781,11,5350,22,2496,2,22
"1650","2020-06-02",114,19,210,309,5092,0.166732128829537,0,0,426,781,21,5371,20,2516,5,20
"1651","2020-06-03",110,19,218,291,5092,0.166732128829537,0,0,426,781,14,5385,22,2538,4,22
"1652","2020-06-04",109,19,210,279,5092,0.166732128829537,0,0,426,781,20,5405,50,2588,5,50
"1653","2020-06-05",108,19,192,259,5092,0.166732128829537,0,0,426,781,12,5417,33,2621,1,33
"1654","2020-06-06",92,19,206,247,5092,0.166732128829537,0,0,426,781,20,5437,73,2694,5,73
"1655","2020-06-07",85,19,209,238,5092,0.166732128829537,0,0,426,781,15,5452,75,2769,7,75
"1656","2020-03-13",1,20,78,56,5022,0.810832337714058,0,0,452,1474,28,76,27,78,6,27
"1657","2020-03-14",1,20,82,77,5022,0.810832337714058,0,0,452,1474,27,103,24,102,8,24
"1658","2020-03-15",3,20,92,111,5022,0.810832337714058,0,0,452,1474,34,137,19,121,14,19
"1659","2020-03-16",8,20,92,139,5022,0.810832337714058,0,0,452,1474,38,175,22,143,12,22
"1660","2020-03-17",18,20,113,170,5022,0.810832337714058,0,0,452,1474,36,211,19,162,15,19
"1661","2020-03-18",28,20,154,194,5022,0.810832337714058,0,0,452,1474,47,258,25,187,26,25
"1662","2020-03-19",35,20,176,241,5022,0.810832337714058,0,0,452,1474,35,293,35,222,20,35
"1663","2020-03-20",42,20,195,291,5022,0.810832337714058,0,0,452,1474,32,325,35,257,13,35
"1664","2020-03-21",57,20,195,327,5022,0.810832337714058,0,0,452,1474,45,370,31,288,25,31
"1665","2020-03-22",63,20,224,375,5022,0.810832337714058,0,0,452,1474,31,401,26,314,17,26
"1666","2020-03-23",75,20,227,404,5022,0.810832337714058,0,0,452,1474,34,435,31,345,13,31
"1667","2020-03-24",75,20,222,441,5022,0.810832337714058,0,0,452,1474,37,472,29,374,17,29
"1668","2020-03-25",75,20,256,487,5022,0.810832337714058,0,0,452,1474,35,507,38,412,12,38
"1669","2020-03-26",87,20,283,531,5022,0.810832337714058,0,0,452,1474,45,552,33,445,21,33
"1670","2020-03-27",106,20,306,576,5022,0.810832337714058,0,0,452,1474,54,606,32,477,28,32
"1671","2020-03-28",118,20,305,592,5022,0.810832337714058,0,0,452,1474,51,657,48,525,22,48
"1672","2020-03-29",139,20,318,648,5022,0.810832337714058,0,0,452,1474,41,698,36,561,19,36
"1673","2020-03-30",151,20,275,714,5022,0.810832337714058,0,0,452,1474,31,729,33,594,18,33
"1674","2020-03-31",164,20,293,762,5022,0.810832337714058,0,0,452,1474,46,775,62,656,27,62
"1675","2020-04-01",181,20,316,810,5022,0.810832337714058,0,0,452,1474,48,823,69,725,21,69
"1676","2020-04-02",192,20,295,846,5022,0.810832337714058,0,0,452,1474,50,873,37,762,15,37
"1677","2020-04-03",191,20,256,867,5022,0.810832337714058,0,0,452,1474,34,907,56,818,15,56
"1678","2020-04-04",199,20,228,933,5022,0.810832337714058,0,0,452,1474,32,939,36,854,13,36
"1679","2020-04-05",211,20,211,969,5022,0.810832337714058,0,0,452,1474,55,994,58,912,20,58
"1680","2020-04-06",227,20,224,991,5022,0.810832337714058,0,0,452,1474,27,1021,40,952,7,40
"1681","2020-04-07",244,20,194,1038,5022,0.810832337714058,0,0,452,1474,34,1055,31,983,11,31
"1682","2020-04-08",256,20,176,1071,5022,0.810832337714058,0,0,452,1474,35,1090,33,1016,12,33
"1683","2020-04-09",264,20,162,1096,5022,0.810832337714058,0,0,452,1474,45,1135,24,1040,18,24
"1684","2020-04-10",272,20,166,1117,5022,0.810832337714058,0,0,452,1474,43,1178,61,1101,17,61
"1685","2020-04-11",290,20,156,1099,5022,0.810832337714058,0,0,452,1474,40,1218,57,1158,8,57
"1686","2020-04-12",292,20,150,1091,5022,0.810832337714058,0,0,452,1474,36,1254,43,1201,10,43
"1687","2020-04-13",288,20,151,1119,5022,0.810832337714058,0,0,452,1474,38,1292,42,1243,12,42
"1688","2020-04-14",292,20,174,1128,5022,0.810832337714058,0,0,452,1474,36,1328,69,1312,18,69
"1689","2020-04-15",303,20,204,1134,5022,0.810832337714058,0,0,452,1474,40,1368,55,1367,13,55
"1690","2020-04-16",318,20,204,1111,5022,0.810832337714058,0,0,452,1474,37,1405,47,1414,13,47
"1691","2020-04-17",334,20,208,1080,5022,0.810832337714058,0,0,452,1474,42,1447,66,1480,12,66
"1692","2020-04-18",329,20,258,1062,5022,0.810832337714058,0,0,452,1474,30,1477,57,1537,8,57
"1693","2020-04-19",315,20,324,1065,5022,0.810832337714058,0,0,452,1474,41,1518,53,1590,10,53
"1694","2020-04-20",315,20,343,1048,5022,0.810832337714058,0,0,452,1474,36,1554,36,1626,7,36
"1695","2020-04-21",318,20,326,1007,5022,0.810832337714058,0,0,452,1474,47,1601,38,1664,16,38
"1696","2020-04-22",312,20,290,965,5022,0.810832337714058,0,0,452,1474,39,1640,32,1696,14,32
"1697","2020-04-23",298,20,279,942,5022,0.810832337714058,0,0,452,1474,47,1687,35,1731,18,35
"1698","2020-04-24",290,20,318,931,5022,0.810832337714058,0,0,452,1474,45,1732,46,1777,16,46
"1699","2020-04-25",275,20,305,904,5022,0.810832337714058,0,0,452,1474,44,1776,37,1814,9,37
"1700","2020-04-26",287,20,273,874,5022,0.810832337714058,0,0,452,1474,34,1810,46,1860,7,46
"1701","2020-04-27",287,20,248,839,5022,0.810832337714058,0,0,452,1474,48,1858,31,1891,7,31
"1702","2020-04-28",280,20,251,790,5022,0.810832337714058,0,0,452,1474,56,1914,52,1943,17,52
"1703","2020-04-29",263,20,242,773,5022,0.810832337714058,0,0,452,1474,38,1952,43,1986,13,43
"1704","2020-04-30",254,20,227,756,5022,0.810832337714058,0,0,452,1474,36,1988,51,2037,13,51
"1705","2020-05-01",236,20,218,695,5022,0.810832337714058,0,0,452,1474,36,2024,48,2085,15,48
"1706","2020-05-02",228,20,218,668,5022,0.810832337714058,0,0,452,1474,41,2065,35,2120,11,35
"1707","2020-05-03",214,20,199,633,5022,0.810832337714058,0,0,452,1474,30,2095,33,2153,9,33
"1708","2020-05-04",195,20,196,612,5022,0.810832337714058,0,0,452,1474,37,2132,49,2202,10,49
"1709","2020-05-05",183,20,201,572,5022,0.810832337714058,0,0,452,1474,38,2170,38,2240,7,38
"1710","2020-05-06",183,20,185,536,5022,0.810832337714058,0,0,452,1474,28,2198,41,2281,12,41
"1711","2020-05-07",174,20,188,518,5022,0.810832337714058,0,0,452,1474,46,2244,29,2310,11,29
"1712","2020-05-08",174,20,173,509,5022,0.810832337714058,0,0,452,1474,36,2280,22,2332,9,22
"1713","2020-05-09",167,20,207,480,5022,0.810832337714058,0,0,452,1474,47,2327,31,2363,9,31
"1714","2020-05-10",160,20,277,470,5022,0.810832337714058,0,0,452,1474,35,2362,58,2421,9,58
"1715","2020-05-11",155,20,300,452,5022,0.810832337714058,0,0,452,1474,35,2397,34,2455,10,34
"1716","2020-05-12",148,20,312,440,5022,0.810832337714058,0,0,452,1474,37,2434,35,2490,13,35
"1717","2020-05-13",133,20,312,441,5022,0.810832337714058,0,0,452,1474,20,2454,40,2530,5,40
"1718","2020-05-14",132,20,280,444,5022,0.810832337714058,0,0,452,1474,31,2485,45,2575,16,45
"1719","2020-05-15",124,20,262,442,5022,0.810832337714058,0,0,452,1474,25,2510,34,2609,11,34
"1720","2020-05-16",121,20,289,421,5022,0.810832337714058,0,0,452,1474,35,2545,36,2645,11,36
"1721","2020-05-17",112,20,280,420,5022,0.810832337714058,0,0,452,1474,24,2569,39,2684,9,39
"1722","2020-05-18",116,20,261,411,5022,0.810832337714058,0,0,452,1474,39,2608,41,2725,14,41
"1723","2020-05-19",114,20,262,402,5022,0.810832337714058,0,0,452,1474,28,2636,59,2784,7,59
"1724","2020-05-20",118,20,267,396,5022,0.810832337714058,0,0,452,1474,22,2658,50,2834,6,50
"1725","2020-05-21",119,20,279,375,5022,0.810832337714058,0,0,452,1474,21,2679,38,2872,6,38
"1726","2020-05-22",119,20,235,380,5022,0.810832337714058,0,0,452,1474,20,2699,35,2907,7,35
"1727","2020-05-23",119,20,234,363,5022,0.810832337714058,0,0,452,1474,23,2722,38,2945,10,38
"1728","2020-05-24",127,20,214,345,5022,0.810832337714058,0,0,452,1474,21,2743,36,2981,7,36
"1729","2020-05-25",126,20,189,335,5022,0.810832337714058,0,0,452,1474,20,2763,63,3044,7,63
"1730","2020-05-26",117,20,217,327,5022,0.810832337714058,0,0,452,1474,19,2782,37,3081,6,37
"1731","2020-05-27",114,20,260,312,5022,0.810832337714058,0,0,452,1474,24,2806,43,3124,3,43
"1732","2020-05-28",103,20,279,295,5022,0.810832337714058,0,0,452,1474,19,2825,45,3169,9,45
"1733","2020-05-29",95,20,293,276,5022,0.810832337714058,0,0,452,1474,18,2843,47,3216,8,47
"1734","2020-05-30",92,20,291,261,5022,0.810832337714058,0,0,452,1474,17,2860,57,3273,7,57
"1735","2020-05-31",81,20,254,256,5022,0.810832337714058,0,0,452,1474,9,2869,57,3330,3,57
"1736","2020-06-01",74,20,251,240,5022,0.810832337714058,0,0,452,1474,24,2893,49,3379,11,49
"1737","2020-06-02",75,20,218,234,5022,0.810832337714058,0,0,452,1474,17,2910,79,3458,5,79
"1738","2020-06-03",71,20,199,219,5022,0.810832337714058,0,0,452,1474,13,2923,39,3497,3,39
"1739","2020-06-04",68,20,186,216,5022,0.810832337714058,0,0,452,1474,9,2932,37,3534,1,37
"1740","2020-06-05",64,20,187,209,5022,0.810832337714058,0,0,452,1474,18,2950,25,3559,6,25
"1741","2020-06-06",67,20,199,200,5022,0.810832337714058,0,0,452,1474,14,2964,34,3593,4,34
"1742","2020-06-07",65,20,263,189,5022,0.810832337714058,0,0,452,1474,6,2970,18,3611,2,18
