"","Date","Absents","Paramset","Infections_or_Exposed_per_day_Patient","Infections_or_Exposed_per_day_HCW","total_infections","nosocomial_proportion","PCR_pooled","LFD_pooled","HCW_symp_test","patient_symp_test","new_hcw_infs","cumulative_hcw_infs","new_pat_infs","cumulative_pats_infs","new_nosocomial_hcw_infs","new_nosocomial_pat_infs"
"1","2020-03-14",1,1,15,39,2288,0.527972027972028,1920,4511,247,235,14,39,4,14,3,4
"2","2020-03-15",2,1,18,55,2288,0.527972027972028,1920,4511,247,235,16,55,3,17,5,3
"3","2020-03-16",5,1,24,66,2288,0.527972027972028,1920,4511,247,235,11,66,8,25,4,8
"4","2020-03-17",7,1,31,83,2288,0.527972027972028,1920,4511,247,235,17,83,12,37,6,12
"5","2020-03-18",9,1,31,100,2288,0.527972027972028,1920,4511,247,235,18,101,5,42,9,5
"6","2020-03-19",12,1,33,113,2288,0.527972027972028,1920,4511,247,235,15,116,7,49,7,7
"7","2020-03-20",19,1,31,130,2288,0.527972027972028,1920,4511,247,235,20,136,4,53,8,4
"8","2020-03-21",29,1,33,146,2288,0.527972027972028,1920,4511,247,235,17,153,4,57,7,4
"9","2020-03-22",31,1,40,156,2288,0.527972027972028,1920,4511,247,235,16,169,11,68,6,11
"10","2020-03-23",31,1,35,164,2288,0.527972027972028,1920,4511,247,235,23,192,6,74,13,6
"11","2020-03-24",32,1,32,173,2288,0.527972027972028,1920,4511,247,235,23,215,5,79,13,5
"12","2020-03-25",35,1,37,194,2288,0.527972027972028,1920,4511,247,235,28,243,9,88,10,9
"13","2020-03-26",42,1,42,198,2288,0.527972027972028,1920,4511,247,235,21,264,14,102,10,14
"14","2020-03-27",46,1,43,210,2288,0.527972027972028,1920,4511,247,235,23,287,7,109,10,7
"15","2020-03-28",40,1,52,228,2288,0.527972027972028,1920,4511,247,235,32,319,15,124,17,15
"16","2020-03-29",48,1,61,229,2288,0.527972027972028,1920,4511,247,235,25,344,16,140,12,16
"17","2020-03-30",49,1,57,245,2288,0.527972027972028,1920,4511,247,235,31,375,8,148,16,8
"18","2020-03-31",52,1,47,257,2288,0.527972027972028,1920,4511,247,235,25,400,7,155,18,7
"19","2020-04-01",55,1,55,265,2288,0.527972027972028,1920,4511,247,235,29,429,13,168,10,13
"20","2020-04-02",60,1,55,261,2288,0.527972027972028,1920,4511,247,235,25,454,13,181,11,13
"21","2020-04-03",77,1,58,273,2288,0.527972027972028,1920,4511,247,235,30,484,11,192,19,11
"22","2020-04-04",85,1,48,274,2288,0.527972027972028,1920,4511,247,235,23,507,5,197,16,5
"23","2020-04-05",83,1,38,290,2288,0.527972027972028,1920,4511,247,235,38,545,4,201,23,4
"24","2020-04-06",91,1,45,311,2288,0.527972027972028,1920,4511,247,235,42,587,12,213,27,12
"25","2020-04-07",85,1,43,322,2288,0.527972027972028,1920,4511,247,235,31,618,8,221,14,8
"26","2020-04-08",92,1,47,327,2288,0.527972027972028,1920,4511,247,235,31,649,11,232,20,11
"27","2020-04-09",92,1,45,343,2288,0.527972027972028,1920,4511,247,235,45,694,5,237,24,5
"28","2020-04-10",97,1,46,335,2288,0.527972027972028,1920,4511,247,235,26,720,12,249,11,12
"29","2020-04-11",103,1,48,354,2288,0.527972027972028,1920,4511,247,235,36,756,6,255,24,6
"30","2020-04-12",125,1,50,362,2288,0.527972027972028,1920,4511,247,235,35,791,7,262,19,7
"31","2020-04-13",123,1,43,363,2288,0.527972027972028,1920,4511,247,235,33,824,4,266,16,4
"32","2020-04-14",125,1,43,371,2288,0.527972027972028,1920,4511,247,235,36,860,7,273,20,7
"33","2020-04-15",124,1,47,375,2288,0.527972027972028,1920,4511,247,235,35,895,7,280,18,7
"34","2020-04-16",123,1,50,370,2288,0.527972027972028,1920,4511,247,235,36,931,15,295,19,15
"35","2020-04-17",127,1,53,370,2288,0.527972027972028,1920,4511,247,235,33,964,11,306,20,11
"36","2020-04-18",134,1,56,357,2288,0.527972027972028,1920,4511,247,235,31,995,13,319,22,13
"37","2020-04-19",124,1,65,357,2288,0.527972027972028,1920,4511,247,235,30,1025,13,332,18,13
"38","2020-04-20",121,1,68,345,2288,0.527972027972028,1920,4511,247,235,26,1051,17,349,13,17
"39","2020-04-21",116,1,74,345,2288,0.527972027972028,1920,4511,247,235,31,1082,8,357,16,8
"40","2020-04-22",115,1,67,364,2288,0.527972027972028,1920,4511,247,235,45,1127,6,363,21,6
"41","2020-04-23",119,1,55,375,2288,0.527972027972028,1920,4511,247,235,32,1159,9,372,15,9
"42","2020-04-24",130,1,49,358,2288,0.527972027972028,1920,4511,247,235,26,1185,8,380,16,8
"43","2020-04-25",131,1,47,345,2288,0.527972027972028,1920,4511,247,235,25,1210,4,384,15,4
"44","2020-04-26",124,1,47,341,2288,0.527972027972028,1920,4511,247,235,31,1241,8,392,15,8
"45","2020-04-27",115,1,48,330,2288,0.527972027972028,1920,4511,247,235,24,1265,7,399,12,7
"46","2020-04-28",107,1,47,328,2288,0.527972027972028,1920,4511,247,235,28,1293,7,406,15,7
"47","2020-04-29",110,1,50,321,2288,0.527972027972028,1920,4511,247,235,29,1322,8,414,9,8
"48","2020-04-30",106,1,49,317,2288,0.527972027972028,1920,4511,247,235,20,1342,7,421,10,7
"49","2020-05-01",102,1,63,317,2288,0.527972027972028,1920,4511,247,235,29,1371,14,435,19,14
"50","2020-05-02",103,1,61,319,2288,0.527972027972028,1920,4511,247,235,29,1400,11,446,16,11
"51","2020-05-03",91,1,59,314,2288,0.527972027972028,1920,4511,247,235,31,1431,11,457,12,11
"52","2020-05-04",92,1,59,319,2288,0.527972027972028,1920,4511,247,235,28,1459,8,465,15,8
"53","2020-05-05",96,1,59,310,2288,0.527972027972028,1920,4511,247,235,26,1485,14,479,14,14
"54","2020-05-06",94,1,53,296,2288,0.527972027972028,1920,4511,247,235,25,1510,6,485,12,6
"55","2020-05-07",89,1,59,291,2288,0.527972027972028,1920,4511,247,235,19,1529,10,495,7,10
"56","2020-05-08",90,1,53,292,2288,0.527972027972028,1920,4511,247,235,35,1564,8,503,21,8
"57","2020-05-09",105,1,59,296,2288,0.527972027972028,1920,4511,247,235,32,1596,13,516,17,13
"58","2020-05-10",103,1,58,306,2288,0.527972027972028,1920,4511,247,235,36,1632,7,523,15,7
"59","2020-05-11",95,1,69,311,2288,0.527972027972028,1920,4511,247,235,34,1666,19,542,18,19
"60","2020-05-12",96,1,71,316,2288,0.527972027972028,1920,4511,247,235,26,1692,9,551,13,9
"61","2020-05-13",94,1,69,306,2288,0.527972027972028,1920,4511,247,235,25,1717,12,563,14,12
"62","2020-05-14",104,1,72,310,2288,0.527972027972028,1920,4511,247,235,26,1743,8,571,18,8
"63","2020-05-15",122,1,65,309,2288,0.527972027972028,1920,4511,247,235,28,1771,10,581,22,10
"64","2020-05-16",118,1,75,312,2288,0.527972027972028,1920,4511,247,235,25,1796,15,596,16,15
"65","2020-05-17",116,1,71,320,2288,0.527972027972028,1920,4511,247,235,33,1829,11,607,24,11
"66","2020-05-18",110,1,61,327,2288,0.527972027972028,1920,4511,247,235,34,1863,5,612,19,5
"67","2020-05-19",114,1,59,325,2288,0.527972027972028,1920,4511,247,235,23,1886,9,621,17,9
"68","2020-05-20",118,1,65,329,2288,0.527972027972028,1920,4511,247,235,29,1915,14,635,19,14
"69","2020-05-21",112,1,58,318,2288,0.527972027972028,1920,4511,247,235,29,1944,8,643,20,8
"70","2020-05-22",118,1,62,306,2288,0.527972027972028,1920,4511,247,235,20,1964,12,655,14,12
"71","2020-05-23",118,1,61,305,2288,0.527972027972028,1920,4511,247,235,29,1993,12,667,16,12
"72","2020-05-24",120,1,59,289,2288,0.527972027972028,1920,4511,247,235,18,2011,6,673,7,6
"73","2020-05-25",119,1,56,296,2288,0.527972027972028,1920,4511,247,235,34,2045,11,684,15,11
"74","2020-05-26",106,1,52,279,2288,0.527972027972028,1920,4511,247,235,13,2058,7,691,6,7
"75","2020-05-27",102,1,46,279,2288,0.527972027972028,1920,4511,247,235,18,2076,6,697,11,6
"76","2020-05-28",96,1,44,255,2288,0.527972027972028,1920,4511,247,235,15,2091,7,704,9,7
"77","2020-05-29",93,1,38,246,2288,0.527972027972028,1920,4511,247,235,21,2112,2,706,12,2
"78","2020-05-30",102,1,39,232,2288,0.527972027972028,1920,4511,247,235,12,2124,7,713,7,7
"79","2020-05-31",91,1,44,221,2288,0.527972027972028,1920,4511,247,235,17,2141,5,718,10,5
"80","2020-06-01",88,1,42,209,2288,0.527972027972028,1920,4511,247,235,12,2153,8,726,9,8
"81","2020-06-02",87,1,37,199,2288,0.527972027972028,1920,4511,247,235,17,2170,4,730,12,4
"82","2020-06-03",80,1,39,192,2288,0.527972027972028,1920,4511,247,235,16,2186,8,738,10,8
"83","2020-06-04",79,1,40,173,2288,0.527972027972028,1920,4511,247,235,11,2197,7,745,7,7
"84","2020-06-05",73,1,44,170,2288,0.527972027972028,1920,4511,247,235,18,2215,10,755,10,10
"85","2020-06-06",61,1,42,161,2288,0.527972027972028,1920,4511,247,235,10,2225,5,760,5,5
"86","2020-06-07",56,1,53,159,2288,0.527972027972028,1920,4511,247,235,12,2237,15,775,11,15
"87","2020-03-15",3,2,15,32,3337,0.841474378183998,2070,6214,352,208,13,52,1,13,6,1
"88","2020-03-16",5,2,16,37,3337,0.841474378183998,2070,6214,352,208,25,77,4,17,9,4
"89","2020-03-17",6,2,13,47,3337,0.841474378183998,2070,6214,352,208,15,92,11,28,6,11
"90","2020-03-18",9,2,16,58,3337,0.841474378183998,2070,6214,352,208,27,119,7,35,11,7
"91","2020-03-19",11,2,15,66,3337,0.841474378183998,2070,6214,352,208,19,138,4,39,11,4
"92","2020-03-20",14,2,19,73,3337,0.841474378183998,2070,6214,352,208,22,160,4,43,13,4
"93","2020-03-21",20,2,21,92,3337,0.841474378183998,2070,6214,352,208,13,173,3,46,8,3
"94","2020-03-22",23,2,23,105,3337,0.841474378183998,2070,6214,352,208,22,195,2,48,10,2
"95","2020-03-23",23,2,27,115,3337,0.841474378183998,2070,6214,352,208,27,222,7,55,17,7
"96","2020-03-24",27,2,26,128,3337,0.841474378183998,2070,6214,352,208,33,255,1,56,19,1
"97","2020-03-25",28,2,22,145,3337,0.841474378183998,2070,6214,352,208,25,280,1,57,13,1
"98","2020-03-26",34,2,19,162,3337,0.841474378183998,2070,6214,352,208,19,299,6,63,9,6
"99","2020-03-27",43,2,21,172,3337,0.841474378183998,2070,6214,352,208,33,332,5,68,24,5
"100","2020-03-28",45,2,23,189,3337,0.841474378183998,2070,6214,352,208,30,362,7,75,18,7
"101","2020-03-29",47,2,23,198,3337,0.841474378183998,2070,6214,352,208,24,386,6,81,18,6
"102","2020-03-30",53,2,25,208,3337,0.841474378183998,2070,6214,352,208,39,425,11,92,23,11
"103","2020-03-31",54,2,28,225,3337,0.841474378183998,2070,6214,352,208,15,440,6,98,8,6
"104","2020-04-01",56,2,24,244,3337,0.841474378183998,2070,6214,352,208,42,482,12,110,25,12
"105","2020-04-02",61,2,24,264,3337,0.841474378183998,2070,6214,352,208,39,521,6,116,30,6
"106","2020-04-03",68,2,28,284,3337,0.841474378183998,2070,6214,352,208,25,546,6,122,14,6
"107","2020-04-04",76,2,29,299,3337,0.841474378183998,2070,6214,352,208,41,587,9,131,29,9
"108","2020-04-05",85,2,28,312,3337,0.841474378183998,2070,6214,352,208,28,615,7,138,22,7
"109","2020-04-06",87,2,29,344,3337,0.841474378183998,2070,6214,352,208,36,651,7,145,20,7
"110","2020-04-07",95,2,31,350,3337,0.841474378183998,2070,6214,352,208,55,706,9,154,40,9
"111","2020-04-08",104,2,42,343,3337,0.841474378183998,2070,6214,352,208,36,742,9,163,25,9
"112","2020-04-09",103,2,46,369,3337,0.841474378183998,2070,6214,352,208,35,777,15,178,25,15
"113","2020-04-10",108,2,52,377,3337,0.841474378183998,2070,6214,352,208,36,813,13,191,20,13
"114","2020-04-11",119,2,54,396,3337,0.841474378183998,2070,6214,352,208,36,849,13,204,24,13
"115","2020-04-12",131,2,50,419,3337,0.841474378183998,2070,6214,352,208,45,894,19,223,32,19
"116","2020-04-13",126,2,45,448,3337,0.841474378183998,2070,6214,352,208,28,922,12,235,18,12
"117","2020-04-14",119,2,36,476,3337,0.841474378183998,2070,6214,352,208,44,966,10,245,35,10
"118","2020-04-15",123,2,30,515,3337,0.841474378183998,2070,6214,352,208,48,1014,11,256,34,11
"119","2020-04-16",129,2,29,527,3337,0.841474378183998,2070,6214,352,208,38,1052,9,265,31,9
"120","2020-04-17",163,2,30,546,3337,0.841474378183998,2070,6214,352,208,48,1100,7,272,32,7
"121","2020-04-18",195,2,34,581,3337,0.841474378183998,2070,6214,352,208,52,1152,14,286,34,14
"122","2020-04-19",185,2,32,610,3337,0.841474378183998,2070,6214,352,208,37,1189,12,298,27,12
"123","2020-04-20",187,2,30,619,3337,0.841474378183998,2070,6214,352,208,37,1226,18,316,29,18
"124","2020-04-21",199,2,26,646,3337,0.841474378183998,2070,6214,352,208,47,1273,17,333,36,17
"125","2020-04-22",205,2,23,672,3337,0.841474378183998,2070,6214,352,208,54,1327,19,352,45,19
"126","2020-04-23",212,2,36,675,3337,0.841474378183998,2070,6214,352,208,34,1361,23,375,25,23
"127","2020-04-24",241,2,45,680,3337,0.841474378183998,2070,6214,352,208,38,1399,21,396,28,21
"128","2020-04-25",226,2,54,681,3337,0.841474378183998,2070,6214,352,208,42,1441,19,415,34,19
"129","2020-04-26",231,2,63,687,3337,0.841474378183998,2070,6214,352,208,38,1479,17,432,33,17
"130","2020-04-27",232,2,50,680,3337,0.841474378183998,2070,6214,352,208,35,1514,9,441,25,9
"131","2020-04-28",225,2,52,672,3337,0.841474378183998,2070,6214,352,208,51,1565,11,452,33,11
"132","2020-04-29",219,2,50,676,3337,0.841474378183998,2070,6214,352,208,27,1592,9,461,19,9
"133","2020-04-30",218,2,53,673,3337,0.841474378183998,2070,6214,352,208,39,1631,17,478,26,17
"134","2020-05-01",228,2,45,686,3337,0.841474378183998,2070,6214,352,208,35,1666,16,494,24,16
"135","2020-05-02",224,2,46,691,3337,0.841474378183998,2070,6214,352,208,38,1704,10,504,25,10
"136","2020-05-03",214,2,47,704,3337,0.841474378183998,2070,6214,352,208,45,1749,19,523,36,19
"137","2020-05-04",218,2,46,696,3337,0.841474378183998,2070,6214,352,208,37,1786,14,537,28,14
"138","2020-05-05",207,2,48,705,3337,0.841474378183998,2070,6214,352,208,48,1834,11,548,32,11
"139","2020-05-06",219,2,43,688,3337,0.841474378183998,2070,6214,352,208,38,1872,14,562,25,14
"140","2020-05-07",219,2,40,690,3337,0.841474378183998,2070,6214,352,208,34,1906,21,583,24,21
"141","2020-05-08",229,2,46,668,3337,0.841474378183998,2070,6214,352,208,29,1935,24,607,20,24
"142","2020-05-09",249,2,55,658,3337,0.841474378183998,2070,6214,352,208,38,1973,13,620,23,13
"143","2020-05-10",247,2,60,634,3337,0.841474378183998,2070,6214,352,208,30,2003,14,634,21,14
"144","2020-05-11",247,2,60,616,3337,0.841474378183998,2070,6214,352,208,36,2039,12,646,25,12
"145","2020-05-12",235,2,55,612,3337,0.841474378183998,2070,6214,352,208,29,2068,8,654,19,8
"146","2020-05-13",228,2,44,603,3337,0.841474378183998,2070,6214,352,208,25,2093,12,666,18,12
"147","2020-05-14",224,2,46,555,3337,0.841474378183998,2070,6214,352,208,22,2115,13,679,12,13
"148","2020-05-15",218,2,40,527,3337,0.841474378183998,2070,6214,352,208,28,2143,9,688,20,9
"149","2020-05-16",201,2,53,506,3337,0.841474378183998,2070,6214,352,208,24,2167,12,700,10,12
"150","2020-05-17",192,2,54,487,3337,0.841474378183998,2070,6214,352,208,27,2194,4,704,16,4
"151","2020-05-18",171,2,51,478,3337,0.841474378183998,2070,6214,352,208,25,2219,8,712,16,8
"152","2020-05-19",167,2,42,451,3337,0.841474378183998,2070,6214,352,208,25,2244,14,726,15,14
"153","2020-05-20",160,2,37,430,3337,0.841474378183998,2070,6214,352,208,19,2263,14,740,10,14
"154","2020-05-21",154,2,33,415,3337,0.841474378183998,2070,6214,352,208,18,2281,8,748,13,8
"155","2020-05-22",161,2,37,395,3337,0.841474378183998,2070,6214,352,208,17,2298,9,757,12,9
"156","2020-05-23",155,2,47,371,3337,0.841474378183998,2070,6214,352,208,15,2313,12,769,9,12
"157","2020-05-24",133,2,51,358,3337,0.841474378183998,2070,6214,352,208,24,2337,7,776,16,7
"158","2020-05-25",136,2,54,347,3337,0.841474378183998,2070,6214,352,208,17,2354,4,780,13,4
"159","2020-05-26",131,2,62,330,3337,0.841474378183998,2070,6214,352,208,19,2373,4,784,13,4
"160","2020-05-27",128,2,66,320,3337,0.841474378183998,2070,6214,352,208,9,2382,6,790,7,6
"161","2020-05-28",128,2,62,314,3337,0.841474378183998,2070,6214,352,208,20,2402,3,793,17,3
"162","2020-05-29",112,2,58,299,3337,0.841474378183998,2070,6214,352,208,16,2418,11,804,11,11
"163","2020-05-30",107,2,64,287,3337,0.841474378183998,2070,6214,352,208,8,2426,9,813,3,9
"164","2020-05-31",108,2,49,278,3337,0.841474378183998,2070,6214,352,208,17,2443,12,825,13,12
"165","2020-06-01",109,2,53,270,3337,0.841474378183998,2070,6214,352,208,15,2458,8,833,11,8
"166","2020-06-02",108,2,53,251,3337,0.841474378183998,2070,6214,352,208,10,2468,6,839,7,6
"167","2020-06-03",106,2,53,244,3337,0.841474378183998,2070,6214,352,208,15,2483,6,845,9,6
"168","2020-06-04",97,2,53,231,3337,0.841474378183998,2070,6214,352,208,16,2499,7,852,11,7
"169","2020-06-05",94,2,43,215,3337,0.841474378183998,2070,6214,352,208,17,2516,6,858,10,6
"170","2020-06-06",91,2,38,212,3337,0.841474378183998,2070,6214,352,208,6,2522,8,866,4,8
"171","2020-06-07",82,2,34,210,3337,0.841474378183998,2070,6214,352,208,14,2536,12,878,9,12
"172","2020-03-14",1,3,45,42,3245,0.72326656394453,2040,5679,356,554,5,21,4,14,2,4
"173","2020-03-15",3,3,47,58,3245,0.72326656394453,2040,5679,356,554,9,30,3,17,6,3
"174","2020-03-16",4,3,51,80,3245,0.72326656394453,2040,5679,356,554,14,44,7,24,11,7
"175","2020-03-17",6,3,47,101,3245,0.72326656394453,2040,5679,356,554,15,59,8,32,12,8
"176","2020-03-18",9,3,66,125,3245,0.72326656394453,2040,5679,356,554,16,75,4,36,12,4
"177","2020-03-19",14,3,63,145,3245,0.72326656394453,2040,5679,356,554,12,87,1,37,10,1
"178","2020-03-20",22,3,65,169,3245,0.72326656394453,2040,5679,356,554,14,101,1,38,11,1
"179","2020-03-21",33,3,60,199,3245,0.72326656394453,2040,5679,356,554,23,124,2,40,20,2
"180","2020-03-22",40,3,66,216,3245,0.72326656394453,2040,5679,356,554,23,147,5,45,17,5
"181","2020-03-23",40,3,74,228,3245,0.72326656394453,2040,5679,356,554,11,158,8,53,11,8
"182","2020-03-24",48,3,72,251,3245,0.72326656394453,2040,5679,356,554,24,182,2,55,23,2
"183","2020-03-25",55,3,76,271,3245,0.72326656394453,2040,5679,356,554,29,211,6,61,27,6
"184","2020-03-26",58,3,78,280,3245,0.72326656394453,2040,5679,356,554,25,236,7,68,24,7
"185","2020-03-27",76,3,83,303,3245,0.72326656394453,2040,5679,356,554,28,264,5,73,24,5
"186","2020-03-28",87,3,78,317,3245,0.72326656394453,2040,5679,356,554,37,301,6,79,35,6
"187","2020-03-29",92,3,78,345,3245,0.72326656394453,2040,5679,356,554,29,330,5,84,24,5
"188","2020-03-30",99,3,69,368,3245,0.72326656394453,2040,5679,356,554,28,358,9,93,25,9
"189","2020-03-31",99,3,77,391,3245,0.72326656394453,2040,5679,356,554,47,405,13,106,43,13
"190","2020-04-01",105,3,83,406,3245,0.72326656394453,2040,5679,356,554,47,452,7,113,41,7
"191","2020-04-02",113,3,102,418,3245,0.72326656394453,2040,5679,356,554,33,485,6,119,32,6
"192","2020-04-03",121,3,104,441,3245,0.72326656394453,2040,5679,356,554,42,527,6,125,38,6
"193","2020-04-04",140,3,110,449,3245,0.72326656394453,2040,5679,356,554,47,574,8,133,43,8
"194","2020-04-05",147,3,121,467,3245,0.72326656394453,2040,5679,356,554,43,617,9,142,41,9
"195","2020-04-06",141,3,126,481,3245,0.72326656394453,2040,5679,356,554,45,662,11,153,42,11
"196","2020-04-07",150,3,120,503,3245,0.72326656394453,2040,5679,356,554,66,728,10,163,61,10
"197","2020-04-08",151,3,113,517,3245,0.72326656394453,2040,5679,356,554,46,774,8,171,42,8
"198","2020-04-09",154,3,118,529,3245,0.72326656394453,2040,5679,356,554,58,832,6,177,54,6
"199","2020-04-10",190,3,130,538,3245,0.72326656394453,2040,5679,356,554,52,884,7,184,44,7
"200","2020-04-11",195,3,132,546,3245,0.72326656394453,2040,5679,356,554,62,946,7,191,59,7
"201","2020-04-12",186,3,122,546,3245,0.72326656394453,2040,5679,356,554,66,1012,3,194,64,3
"202","2020-04-13",189,3,122,550,3245,0.72326656394453,2040,5679,356,554,76,1088,7,201,73,7
"203","2020-04-14",182,3,148,548,3245,0.72326656394453,2040,5679,356,554,86,1174,9,210,83,9
"204","2020-04-15",188,3,159,540,3245,0.72326656394453,2040,5679,356,554,82,1256,6,216,79,6
"205","2020-04-16",190,3,176,543,3245,0.72326656394453,2040,5679,356,554,75,1331,11,227,73,11
"206","2020-04-17",201,3,165,546,3245,0.72326656394453,2040,5679,356,554,94,1425,6,233,88,6
"207","2020-04-18",192,3,174,557,3245,0.72326656394453,2040,5679,356,554,75,1500,13,246,72,13
"208","2020-04-19",203,3,183,558,3245,0.72326656394453,2040,5679,356,554,90,1590,12,258,85,12
"209","2020-04-20",200,3,175,553,3245,0.72326656394453,2040,5679,356,554,78,1668,16,274,76,16
"210","2020-04-21",195,3,179,537,3245,0.72326656394453,2040,5679,356,554,80,1748,10,284,79,10
"211","2020-04-22",186,3,166,512,3245,0.72326656394453,2040,5679,356,554,92,1840,13,297,88,13
"212","2020-04-23",184,3,174,527,3245,0.72326656394453,2040,5679,356,554,89,1929,24,321,88,24
"213","2020-04-24",195,3,176,525,3245,0.72326656394453,2040,5679,356,554,96,2025,11,332,89,11
"214","2020-04-25",209,3,184,534,3245,0.72326656394453,2040,5679,356,554,96,2121,17,349,95,17
"215","2020-04-26",185,3,182,530,3245,0.72326656394453,2040,5679,356,554,101,2222,22,371,99,22
"216","2020-04-27",180,3,174,534,3245,0.72326656394453,2040,5679,356,554,117,2339,19,390,114,19
"217","2020-04-28",178,3,180,529,3245,0.72326656394453,2040,5679,356,554,110,2449,16,406,105,16
"218","2020-04-29",178,3,182,520,3245,0.72326656394453,2040,5679,356,554,113,2562,17,423,107,17
"219","2020-04-30",184,3,190,529,3245,0.72326656394453,2040,5679,356,554,117,2679,9,432,112,9
"220","2020-05-01",172,3,189,517,3245,0.72326656394453,2040,5679,356,554,91,2770,17,449,85,17
"221","2020-05-02",179,3,191,505,3245,0.72326656394453,2040,5679,356,554,72,2842,19,468,71,19
"222","2020-05-03",172,3,186,491,3245,0.72326656394453,2040,5679,356,554,114,2956,15,483,114,15
"223","2020-05-04",170,3,178,491,3245,0.72326656394453,2040,5679,356,554,101,3057,16,499,99,16
"224","2020-05-05",165,3,183,495,3245,0.72326656394453,2040,5679,356,554,94,3151,11,510,90,11
"225","2020-05-06",168,3,160,489,3245,0.72326656394453,2040,5679,356,554,97,3248,10,520,93,10
"226","2020-05-07",162,3,173,474,3245,0.72326656394453,2040,5679,356,554,78,3326,11,531,77,11
"227","2020-05-08",168,3,189,482,3245,0.72326656394453,2040,5679,356,554,92,3418,11,542,89,11
"228","2020-05-09",158,3,193,462,3245,0.72326656394453,2040,5679,356,554,83,3501,18,560,80,18
"229","2020-05-10",153,3,183,457,3245,0.72326656394453,2040,5679,356,554,97,3598,22,582,94,22
"230","2020-05-11",146,3,183,444,3245,0.72326656394453,2040,5679,356,554,96,3694,21,603,96,21
"231","2020-05-12",150,3,197,449,3245,0.72326656394453,2040,5679,356,554,67,3761,18,621,66,18
"232","2020-05-13",153,3,197,441,3245,0.72326656394453,2040,5679,356,554,74,3835,18,639,71,18
"233","2020-05-14",146,3,179,436,3245,0.72326656394453,2040,5679,356,554,68,3903,17,656,64,17
"234","2020-05-15",136,3,179,437,3245,0.72326656394453,2040,5679,356,554,56,3959,20,676,55,20
"235","2020-05-16",147,3,170,427,3245,0.72326656394453,2040,5679,356,554,70,4029,13,689,70,13
"236","2020-05-17",135,3,184,408,3245,0.72326656394453,2040,5679,356,554,44,4073,16,705,44,16
"237","2020-05-18",131,3,183,414,3245,0.72326656394453,2040,5679,356,554,71,4144,9,714,71,9
"238","2020-05-19",128,3,181,414,3245,0.72326656394453,2040,5679,356,554,49,4193,10,724,47,10
"239","2020-05-20",125,3,183,406,3245,0.72326656394453,2040,5679,356,554,44,4237,12,736,42,12
"240","2020-05-21",123,3,193,387,3245,0.72326656394453,2040,5679,356,554,36,4273,15,751,36,15
"241","2020-05-22",146,3,182,386,3245,0.72326656394453,2040,5679,356,554,51,4324,19,770,48,19
"242","2020-05-23",151,3,194,374,3245,0.72326656394453,2040,5679,356,554,30,4354,14,784,30,14
"243","2020-05-24",144,3,177,372,3245,0.72326656394453,2040,5679,356,554,33,4387,24,808,32,24
"244","2020-05-25",130,3,180,361,3245,0.72326656394453,2040,5679,356,554,33,4420,27,835,31,27
"245","2020-05-26",135,3,172,339,3245,0.72326656394453,2040,5679,356,554,30,4450,17,852,28,17
"246","2020-05-27",127,3,183,328,3245,0.72326656394453,2040,5679,356,554,35,4485,15,867,32,15
"247","2020-05-28",132,3,180,313,3245,0.72326656394453,2040,5679,356,554,20,4505,12,879,18,12
"248","2020-05-29",124,3,175,305,3245,0.72326656394453,2040,5679,356,554,25,4530,11,890,24,11
"249","2020-05-30",112,3,164,287,3245,0.72326656394453,2040,5679,356,554,20,4550,17,907,18,17
"250","2020-05-31",99,3,166,282,3245,0.72326656394453,2040,5679,356,554,20,4570,15,922,18,15
"251","2020-06-01",100,3,174,256,3245,0.72326656394453,2040,5679,356,554,18,4588,14,936,16,14
"252","2020-06-02",87,3,172,251,3245,0.72326656394453,2040,5679,356,554,20,4608,17,953,19,17
"253","2020-06-03",91,3,160,245,3245,0.72326656394453,2040,5679,356,554,25,4633,16,969,24,16
"254","2020-06-04",81,3,144,225,3245,0.72326656394453,2040,5679,356,554,20,4653,24,993,19,24
"255","2020-06-05",67,3,132,210,3245,0.72326656394453,2040,5679,356,554,16,4669,22,1015,16,22
"256","2020-06-06",58,3,128,198,3245,0.72326656394453,2040,5679,356,554,22,4691,24,1039,20,24
"257","2020-06-07",65,3,122,177,3245,0.72326656394453,2040,5679,356,554,18,4709,18,1057,17,18
"258","2020-03-13",1,4,20,21,2748,0.829330422125182,2085,5410,287,234,8,29,11,43,3,11
"259","2020-03-14",2,4,25,39,2748,0.829330422125182,2085,5410,287,234,21,50,16,59,8,16
"260","2020-03-15",6,4,28,45,2748,0.829330422125182,2085,5410,287,234,17,67,6,65,8,6
"261","2020-03-16",8,4,38,58,2748,0.829330422125182,2085,5410,287,234,18,85,4,69,4,4
"262","2020-03-17",10,4,51,71,2748,0.829330422125182,2085,5410,287,234,18,103,8,77,10,8
"263","2020-03-18",13,4,51,84,2748,0.829330422125182,2085,5410,287,234,21,124,13,90,13,13
"264","2020-03-19",17,4,46,95,2748,0.829330422125182,2085,5410,287,234,26,150,4,94,14,4
"265","2020-03-20",22,4,46,118,2748,0.829330422125182,2085,5410,287,234,30,180,5,99,20,5
"266","2020-03-21",30,4,40,130,2748,0.829330422125182,2085,5410,287,234,27,207,15,114,17,15
"267","2020-03-22",30,4,38,153,2748,0.829330422125182,2085,5410,287,234,24,231,17,131,12,17
"268","2020-03-23",30,4,35,173,2748,0.829330422125182,2085,5410,287,234,34,265,17,148,23,17
"269","2020-03-24",34,4,40,187,2748,0.829330422125182,2085,5410,287,234,36,301,23,171,19,23
"270","2020-03-25",37,4,43,204,2748,0.829330422125182,2085,5410,287,234,37,338,8,179,19,8
"271","2020-03-26",41,4,54,211,2748,0.829330422125182,2085,5410,287,234,35,373,9,188,21,9
"272","2020-03-27",60,4,56,220,2748,0.829330422125182,2085,5410,287,234,32,405,9,197,26,9
"273","2020-03-28",65,4,54,235,2748,0.829330422125182,2085,5410,287,234,30,435,17,214,17,17
"274","2020-03-29",69,4,48,246,2748,0.829330422125182,2085,5410,287,234,38,473,16,230,30,16
"275","2020-03-30",75,4,63,254,2748,0.829330422125182,2085,5410,287,234,34,507,5,235,24,5
"276","2020-03-31",79,4,70,272,2748,0.829330422125182,2085,5410,287,234,37,544,35,270,24,35
"277","2020-04-01",85,4,69,302,2748,0.829330422125182,2085,5410,287,234,32,576,35,305,24,35
"278","2020-04-02",88,4,65,316,2748,0.829330422125182,2085,5410,287,234,57,633,34,339,44,34
"279","2020-04-03",83,4,59,329,2748,0.829330422125182,2085,5410,287,234,43,676,19,358,31,19
"280","2020-04-04",94,4,56,339,2748,0.829330422125182,2085,5410,287,234,43,719,30,388,32,30
"281","2020-04-05",110,4,46,350,2748,0.829330422125182,2085,5410,287,234,32,751,33,421,21,33
"282","2020-04-06",109,4,41,359,2748,0.829330422125182,2085,5410,287,234,48,799,23,444,37,23
"283","2020-04-07",106,4,37,359,2748,0.829330422125182,2085,5410,287,234,27,826,13,457,15,13
"284","2020-04-08",104,4,37,361,2748,0.829330422125182,2085,5410,287,234,53,879,9,466,36,9
"285","2020-04-09",108,4,38,376,2748,0.829330422125182,2085,5410,287,234,38,917,15,481,30,15
"286","2020-04-10",131,4,45,382,2748,0.829330422125182,2085,5410,287,234,34,951,21,502,23,21
"287","2020-04-11",132,4,54,393,2748,0.829330422125182,2085,5410,287,234,29,980,9,511,18,9
"288","2020-04-12",132,4,51,389,2748,0.829330422125182,2085,5410,287,234,38,1018,17,528,27,17
"289","2020-04-13",129,4,45,393,2748,0.829330422125182,2085,5410,287,234,41,1059,13,541,20,13
"290","2020-04-14",125,4,44,392,2748,0.829330422125182,2085,5410,287,234,41,1100,8,549,28,8
"291","2020-04-15",133,4,55,394,2748,0.829330422125182,2085,5410,287,234,53,1153,10,559,36,10
"292","2020-04-16",130,4,61,423,2748,0.829330422125182,2085,5410,287,234,42,1195,11,570,28,11
"293","2020-04-17",139,4,51,426,2748,0.829330422125182,2085,5410,287,234,43,1238,4,574,27,4
"294","2020-04-18",143,4,44,426,2748,0.829330422125182,2085,5410,287,234,34,1272,12,586,21,12
"295","2020-04-19",128,4,52,436,2748,0.829330422125182,2085,5410,287,234,45,1317,24,610,29,24
"296","2020-04-20",134,4,53,444,2748,0.829330422125182,2085,5410,287,234,40,1357,23,633,28,23
"297","2020-04-21",133,4,52,448,2748,0.829330422125182,2085,5410,287,234,33,1390,11,644,20,11
"298","2020-04-22",135,4,45,445,2748,0.829330422125182,2085,5410,287,234,44,1434,6,650,33,6
"299","2020-04-23",146,4,42,448,2748,0.829330422125182,2085,5410,287,234,36,1470,10,660,24,10
"300","2020-04-24",147,4,43,452,2748,0.829330422125182,2085,5410,287,234,50,1520,5,665,35,5
"301","2020-04-25",170,4,56,452,2748,0.829330422125182,2085,5410,287,234,42,1562,3,668,32,3
"302","2020-04-26",178,4,61,469,2748,0.829330422125182,2085,5410,287,234,34,1596,2,670,18,2
"303","2020-04-27",167,4,59,470,2748,0.829330422125182,2085,5410,287,234,50,1646,5,675,25,5
"304","2020-04-28",166,4,48,483,2748,0.829330422125182,2085,5410,287,234,28,1674,34,709,16,34
"305","2020-04-29",168,4,58,460,2748,0.829330422125182,2085,5410,287,234,44,1718,32,741,28,32
"306","2020-04-30",163,4,59,458,2748,0.829330422125182,2085,5410,287,234,35,1753,38,779,22,38
"307","2020-05-01",174,4,59,457,2748,0.829330422125182,2085,5410,287,234,42,1795,13,792,27,13
"308","2020-05-02",162,4,52,460,2748,0.829330422125182,2085,5410,287,234,35,1830,18,810,27,18
"309","2020-05-03",155,4,50,458,2748,0.829330422125182,2085,5410,287,234,41,1871,17,827,29,17
"310","2020-05-04",148,4,43,443,2748,0.829330422125182,2085,5410,287,234,45,1916,16,843,30,16
"311","2020-05-05",143,4,49,438,2748,0.829330422125182,2085,5410,287,234,38,1954,18,861,25,18
"312","2020-05-06",135,4,45,434,2748,0.829330422125182,2085,5410,287,234,22,1976,30,891,17,30
"313","2020-05-07",132,4,56,438,2748,0.829330422125182,2085,5410,287,234,37,2013,43,934,25,43
"314","2020-05-08",132,4,53,442,2748,0.829330422125182,2085,5410,287,234,31,2044,35,969,25,35
"315","2020-05-09",131,4,55,447,2748,0.829330422125182,2085,5410,287,234,46,2090,32,1001,33,32
"316","2020-05-10",136,4,56,441,2748,0.829330422125182,2085,5410,287,234,38,2128,33,1034,30,33
"317","2020-05-11",141,4,67,443,2748,0.829330422125182,2085,5410,287,234,34,2162,27,1061,25,27
"318","2020-05-12",141,4,61,441,2748,0.829330422125182,2085,5410,287,234,44,2206,26,1087,31,26
"319","2020-05-13",141,4,51,423,2748,0.829330422125182,2085,5410,287,234,31,2237,22,1109,21,22
"320","2020-05-14",143,4,46,425,2748,0.829330422125182,2085,5410,287,234,35,2272,11,1120,27,11
"321","2020-05-15",150,4,41,408,2748,0.829330422125182,2085,5410,287,234,27,2299,11,1131,17,11
"322","2020-05-16",151,4,39,402,2748,0.829330422125182,2085,5410,287,234,22,2321,6,1137,13,6
"323","2020-05-17",149,4,48,408,2748,0.829330422125182,2085,5410,287,234,28,2349,10,1147,20,10
"324","2020-05-18",141,4,55,385,2748,0.829330422125182,2085,5410,287,234,29,2378,18,1165,22,18
"325","2020-05-19",140,4,57,382,2748,0.829330422125182,2085,5410,287,234,25,2403,12,1177,17,12
"326","2020-05-20",146,4,61,378,2748,0.829330422125182,2085,5410,287,234,33,2436,21,1198,21,21
"327","2020-05-21",145,4,63,363,2748,0.829330422125182,2085,5410,287,234,21,2457,27,1225,15,27
"328","2020-05-22",139,4,55,348,2748,0.829330422125182,2085,5410,287,234,27,2484,35,1260,19,35
"329","2020-05-23",143,4,53,332,2748,0.829330422125182,2085,5410,287,234,37,2521,36,1296,25,36
"330","2020-05-24",130,4,60,325,2748,0.829330422125182,2085,5410,287,234,26,2547,18,1314,17,18
"331","2020-05-25",125,4,54,303,2748,0.829330422125182,2085,5410,287,234,26,2573,8,1322,21,8
"332","2020-05-26",117,4,51,295,2748,0.829330422125182,2085,5410,287,234,25,2598,12,1334,20,12
"333","2020-05-27",100,4,51,284,2748,0.829330422125182,2085,5410,287,234,31,2629,10,1344,27,10
"334","2020-05-28",97,4,39,277,2748,0.829330422125182,2085,5410,287,234,19,2648,18,1362,12,18
"335","2020-05-29",96,4,34,270,2748,0.829330422125182,2085,5410,287,234,30,2678,20,1382,23,20
"336","2020-05-30",84,4,40,261,2748,0.829330422125182,2085,5410,287,234,16,2694,10,1392,13,10
"337","2020-05-31",82,4,40,246,2748,0.829330422125182,2085,5410,287,234,25,2719,11,1403,20,11
"338","2020-06-01",82,4,36,241,2748,0.829330422125182,2085,5410,287,234,19,2738,24,1427,12,24
"339","2020-06-02",80,4,33,242,2748,0.829330422125182,2085,5410,287,234,17,2755,32,1459,14,32
"340","2020-06-03",85,4,32,229,2748,0.829330422125182,2085,5410,287,234,25,2780,14,1473,22,14
"341","2020-06-04",78,4,26,217,2748,0.829330422125182,2085,5410,287,234,19,2799,18,1491,14,18
"342","2020-06-05",78,4,28,212,2748,0.829330422125182,2085,5410,287,234,17,2816,24,1515,10,24
"343","2020-06-06",79,4,33,211,2748,0.829330422125182,2085,5410,287,234,20,2836,18,1533,16,18
"344","2020-06-07",70,4,33,205,2748,0.829330422125182,2085,5410,287,234,20,2856,9,1542,14,9
"345","2020-03-13",1,5,9,21,3432,0.830710955710956,2040,5862,379,207,3,10,11,27,NA,11
"346","2020-03-14",3,5,18,27,3432,0.830710955710956,2040,5862,379,207,5,15,9,36,1,9
"347","2020-03-15",4,5,17,36,3432,0.830710955710956,2040,5862,379,207,4,19,7,43,3,7
"348","2020-03-16",5,5,18,44,3432,0.830710955710956,2040,5862,379,207,8,27,10,53,4,10
"349","2020-03-17",6,5,19,56,3432,0.830710955710956,2040,5862,379,207,6,33,10,63,3,10
"350","2020-03-18",7,5,15,64,3432,0.830710955710956,2040,5862,379,207,12,45,13,76,11,13
"351","2020-03-19",9,5,16,78,3432,0.830710955710956,2040,5862,379,207,10,55,14,90,6,14
"352","2020-03-20",13,5,19,93,3432,0.830710955710956,2040,5862,379,207,3,58,11,101,2,11
"353","2020-03-21",14,5,26,104,3432,0.830710955710956,2040,5862,379,207,9,67,16,117,6,16
"354","2020-03-22",14,5,23,121,3432,0.830710955710956,2040,5862,379,207,19,86,14,131,16,14
"355","2020-03-23",20,5,22,134,3432,0.830710955710956,2040,5862,379,207,9,95,11,142,7,11
"356","2020-03-24",20,5,24,153,3432,0.830710955710956,2040,5862,379,207,19,114,9,151,15,9
"357","2020-03-25",29,5,19,172,3432,0.830710955710956,2040,5862,379,207,16,130,7,158,12,7
"358","2020-03-26",34,5,17,189,3432,0.830710955710956,2040,5862,379,207,22,152,9,167,21,9
"359","2020-03-27",44,5,15,203,3432,0.830710955710956,2040,5862,379,207,23,175,24,191,19,24
"360","2020-03-28",50,5,15,236,3432,0.830710955710956,2040,5862,379,207,25,200,6,197,23,6
"361","2020-03-29",59,5,22,256,3432,0.830710955710956,2040,5862,379,207,20,220,6,203,18,6
"362","2020-03-30",57,5,26,277,3432,0.830710955710956,2040,5862,379,207,32,252,10,213,26,10
"363","2020-03-31",67,5,33,300,3432,0.830710955710956,2040,5862,379,207,27,279,14,227,24,14
"364","2020-04-01",73,5,37,328,3432,0.830710955710956,2040,5862,379,207,30,309,8,235,27,8
"365","2020-04-02",77,5,34,350,3432,0.830710955710956,2040,5862,379,207,35,344,9,244,33,9
"366","2020-04-03",99,5,31,362,3432,0.830710955710956,2040,5862,379,207,37,381,7,251,29,7
"367","2020-04-04",108,5,31,357,3432,0.830710955710956,2040,5862,379,207,44,425,6,257,44,6
"368","2020-04-05",121,5,29,376,3432,0.830710955710956,2040,5862,379,207,47,472,6,263,44,6
"369","2020-04-06",122,5,31,393,3432,0.830710955710956,2040,5862,379,207,47,519,4,267,45,4
"370","2020-04-07",118,5,34,406,3432,0.830710955710956,2040,5862,379,207,54,573,4,271,48,4
"371","2020-04-08",110,5,33,430,3432,0.830710955710956,2040,5862,379,207,68,641,7,278,62,7
"372","2020-04-09",116,5,33,455,3432,0.830710955710956,2040,5862,379,207,82,723,16,294,77,16
"373","2020-04-10",130,5,47,462,3432,0.830710955710956,2040,5862,379,207,61,784,9,303,58,9
"374","2020-04-11",146,5,42,489,3432,0.830710955710956,2040,5862,379,207,77,861,16,319,69,16
"375","2020-04-12",136,5,36,526,3432,0.830710955710956,2040,5862,379,207,104,965,13,332,100,13
"376","2020-04-13",145,5,37,549,3432,0.830710955710956,2040,5862,379,207,69,1034,11,343,64,11
"377","2020-04-14",148,5,40,561,3432,0.830710955710956,2040,5862,379,207,99,1133,13,356,97,13
"378","2020-04-15",156,5,40,564,3432,0.830710955710956,2040,5862,379,207,104,1237,17,373,100,17
"379","2020-04-16",152,5,42,580,3432,0.830710955710956,2040,5862,379,207,115,1352,16,389,113,16
"380","2020-04-17",164,5,52,586,3432,0.830710955710956,2040,5862,379,207,93,1445,25,414,90,25
"381","2020-04-18",201,5,55,622,3432,0.830710955710956,2040,5862,379,207,111,1556,16,430,107,16
"382","2020-04-19",197,5,56,636,3432,0.830710955710956,2040,5862,379,207,106,1662,10,440,102,10
"383","2020-04-20",185,5,49,639,3432,0.830710955710956,2040,5862,379,207,109,1771,14,454,109,14
"384","2020-04-21",189,5,48,650,3432,0.830710955710956,2040,5862,379,207,136,1907,20,474,131,20
"385","2020-04-22",199,5,47,672,3432,0.830710955710956,2040,5862,379,207,127,2034,26,500,123,26
"386","2020-04-23",213,5,50,677,3432,0.830710955710956,2040,5862,379,207,112,2146,15,515,108,15
"387","2020-04-24",247,5,46,664,3432,0.830710955710956,2040,5862,379,207,168,2314,20,535,162,20
"388","2020-04-25",239,5,51,683,3432,0.830710955710956,2040,5862,379,207,147,2461,14,549,144,14
"389","2020-04-26",230,5,56,668,3432,0.830710955710956,2040,5862,379,207,103,2564,31,580,101,31
"390","2020-04-27",228,5,58,659,3432,0.830710955710956,2040,5862,379,207,135,2699,26,606,131,26
"391","2020-04-28",231,5,63,640,3432,0.830710955710956,2040,5862,379,207,143,2842,18,624,141,18
"392","2020-04-29",223,5,66,626,3432,0.830710955710956,2040,5862,379,207,153,2995,20,644,150,20
"393","2020-04-30",218,5,73,646,3432,0.830710955710956,2040,5862,379,207,113,3108,26,670,108,26
"394","2020-05-01",221,5,70,621,3432,0.830710955710956,2040,5862,379,207,127,3235,29,699,123,29
"395","2020-05-02",206,5,75,610,3432,0.830710955710956,2040,5862,379,207,163,3398,29,728,157,29
"396","2020-05-03",206,5,71,593,3432,0.830710955710956,2040,5862,379,207,117,3515,27,755,112,27
"397","2020-05-04",213,5,78,595,3432,0.830710955710956,2040,5862,379,207,113,3628,25,780,109,25
"398","2020-05-05",207,5,74,612,3432,0.830710955710956,2040,5862,379,207,89,3717,32,812,85,32
"399","2020-05-06",209,5,72,597,3432,0.830710955710956,2040,5862,379,207,137,3854,33,845,133,33
"400","2020-05-07",210,5,73,598,3432,0.830710955710956,2040,5862,379,207,91,3945,37,882,87,37
"401","2020-05-08",195,5,72,578,3432,0.830710955710956,2040,5862,379,207,86,4031,38,920,82,38
"402","2020-05-09",186,5,70,590,3432,0.830710955710956,2040,5862,379,207,85,4116,36,956,84,36
"403","2020-05-10",192,5,69,603,3432,0.830710955710956,2040,5862,379,207,89,4205,21,977,81,21
"404","2020-05-11",191,5,69,588,3432,0.830710955710956,2040,5862,379,207,92,4297,24,1001,91,24
"405","2020-05-12",188,5,70,573,3432,0.830710955710956,2040,5862,379,207,74,4371,36,1037,73,36
"406","2020-05-13",196,5,67,555,3432,0.830710955710956,2040,5862,379,207,93,4464,17,1054,93,17
"407","2020-05-14",186,5,72,549,3432,0.830710955710956,2040,5862,379,207,64,4528,21,1075,62,21
"408","2020-05-15",196,5,75,551,3432,0.830710955710956,2040,5862,379,207,72,4600,21,1096,69,21
"409","2020-05-16",204,5,68,536,3432,0.830710955710956,2040,5862,379,207,59,4659,19,1115,59,19
"410","2020-05-17",196,5,67,538,3432,0.830710955710956,2040,5862,379,207,61,4720,21,1136,59,21
"411","2020-05-18",186,5,57,508,3432,0.830710955710956,2040,5862,379,207,49,4769,22,1158,47,22
"412","2020-05-19",175,5,57,474,3432,0.830710955710956,2040,5862,379,207,43,4812,17,1175,43,17
"413","2020-05-20",162,5,50,461,3432,0.830710955710956,2040,5862,379,207,51,4863,20,1195,50,20
"414","2020-05-21",167,5,46,449,3432,0.830710955710956,2040,5862,379,207,43,4906,18,1213,40,18
"415","2020-05-22",170,5,55,425,3432,0.830710955710956,2040,5862,379,207,34,4940,18,1231,31,18
"416","2020-05-23",172,5,45,417,3432,0.830710955710956,2040,5862,379,207,41,4981,19,1250,39,19
"417","2020-05-24",160,5,43,403,3432,0.830710955710956,2040,5862,379,207,51,5032,19,1269,48,19
"418","2020-05-25",155,5,48,386,3432,0.830710955710956,2040,5862,379,207,27,5059,30,1299,26,30
"419","2020-05-26",146,5,50,363,3432,0.830710955710956,2040,5862,379,207,31,5090,36,1335,26,36
"420","2020-05-27",145,5,54,345,3432,0.830710955710956,2040,5862,379,207,15,5105,24,1359,15,24
"421","2020-05-28",144,5,55,325,3432,0.830710955710956,2040,5862,379,207,22,5127,17,1376,19,17
"422","2020-05-29",124,5,49,306,3432,0.830710955710956,2040,5862,379,207,23,5150,12,1388,21,12
"423","2020-05-30",111,5,48,278,3432,0.830710955710956,2040,5862,379,207,17,5167,27,1415,17,27
"424","2020-05-31",116,5,48,263,3432,0.830710955710956,2040,5862,379,207,16,5183,18,1433,16,18
"425","2020-06-01",108,5,47,246,3432,0.830710955710956,2040,5862,379,207,18,5201,23,1456,18,23
"426","2020-06-02",97,5,43,249,3432,0.830710955710956,2040,5862,379,207,10,5211,14,1470,8,14
"427","2020-06-03",97,5,41,239,3432,0.830710955710956,2040,5862,379,207,13,5224,21,1491,11,21
"428","2020-06-04",89,5,49,216,3432,0.830710955710956,2040,5862,379,207,17,5241,9,1500,16,9
"429","2020-06-05",93,5,47,198,3432,0.830710955710956,2040,5862,379,207,16,5257,9,1509,16,9
"430","2020-06-06",92,5,48,183,3432,0.830710955710956,2040,5862,379,207,7,5264,16,1525,7,16
"431","2020-06-07",71,5,41,183,3432,0.830710955710956,2040,5862,379,207,12,5276,17,1542,12,17
"432","2020-03-14",3,6,20,22,2735,0.83290676416819,2145,5593,249,332,6,25,3,20,NA,3
"433","2020-03-15",4,6,22,35,2735,0.83290676416819,2145,5593,249,332,9,34,2,22,2,2
"434","2020-03-16",3,6,20,50,2735,0.83290676416819,2145,5593,249,332,14,48,5,27,5,5
"435","2020-03-17",7,6,25,60,2735,0.83290676416819,2145,5593,249,332,11,59,2,29,1,2
"436","2020-03-18",9,6,19,73,2735,0.83290676416819,2145,5593,249,332,13,72,2,31,4,2
"437","2020-03-19",11,6,18,84,2735,0.83290676416819,2145,5593,249,332,14,86,4,35,9,4
"438","2020-03-20",20,6,26,99,2735,0.83290676416819,2145,5593,249,332,16,102,7,42,10,7
"439","2020-03-21",27,6,34,117,2735,0.83290676416819,2145,5593,249,332,21,123,8,50,15,8
"440","2020-03-22",35,6,43,139,2735,0.83290676416819,2145,5593,249,332,13,136,7,57,10,7
"441","2020-03-23",40,6,53,154,2735,0.83290676416819,2145,5593,249,332,23,159,3,60,13,3
"442","2020-03-24",39,6,45,172,2735,0.83290676416819,2145,5593,249,332,22,181,2,62,14,2
"443","2020-03-25",45,6,46,177,2735,0.83290676416819,2145,5593,249,332,25,206,7,69,21,7
"444","2020-03-26",50,6,48,188,2735,0.83290676416819,2145,5593,249,332,27,233,4,73,20,4
"445","2020-03-27",54,6,60,192,2735,0.83290676416819,2145,5593,249,332,36,269,18,91,25,18
"446","2020-03-28",59,6,62,206,2735,0.83290676416819,2145,5593,249,332,34,303,11,102,24,11
"447","2020-03-29",64,6,59,217,2735,0.83290676416819,2145,5593,249,332,21,324,14,116,16,14
"448","2020-03-30",60,6,65,226,2735,0.83290676416819,2145,5593,249,332,44,368,14,130,32,14
"449","2020-03-31",54,6,57,227,2735,0.83290676416819,2145,5593,249,332,38,406,10,140,28,10
"450","2020-04-01",53,6,61,246,2735,0.83290676416819,2145,5593,249,332,39,445,8,148,33,8
"451","2020-04-02",60,6,75,263,2735,0.83290676416819,2145,5593,249,332,30,475,26,174,24,26
"452","2020-04-03",71,6,67,281,2735,0.83290676416819,2145,5593,249,332,44,519,17,191,37,17
"453","2020-04-04",84,6,62,289,2735,0.83290676416819,2145,5593,249,332,40,559,23,214,30,23
"454","2020-04-05",81,6,47,295,2735,0.83290676416819,2145,5593,249,332,52,611,12,226,44,12
"455","2020-04-06",83,6,46,316,2735,0.83290676416819,2145,5593,249,332,46,657,19,245,39,19
"456","2020-04-07",90,6,53,335,2735,0.83290676416819,2145,5593,249,332,42,699,2,247,35,2
"457","2020-04-08",91,6,50,348,2735,0.83290676416819,2145,5593,249,332,62,761,13,260,51,13
"458","2020-04-09",87,6,43,378,2735,0.83290676416819,2145,5593,249,332,59,820,12,272,51,12
"459","2020-04-10",94,6,39,378,2735,0.83290676416819,2145,5593,249,332,45,865,16,288,37,16
"460","2020-04-11",103,6,47,396,2735,0.83290676416819,2145,5593,249,332,47,912,8,296,37,8
"461","2020-04-12",117,6,55,406,2735,0.83290676416819,2145,5593,249,332,79,991,7,303,53,7
"462","2020-04-13",114,6,54,405,2735,0.83290676416819,2145,5593,249,332,52,1043,23,326,38,23
"463","2020-04-14",120,6,46,403,2735,0.83290676416819,2145,5593,249,332,45,1088,22,348,42,22
"464","2020-04-15",128,6,49,415,2735,0.83290676416819,2145,5593,249,332,70,1158,14,362,61,14
"465","2020-04-16",134,6,64,424,2735,0.83290676416819,2145,5593,249,332,63,1221,12,374,54,12
"466","2020-04-17",161,6,58,431,2735,0.83290676416819,2145,5593,249,332,57,1278,13,387,47,13
"467","2020-04-18",167,6,55,441,2735,0.83290676416819,2145,5593,249,332,60,1338,14,401,55,14
"468","2020-04-19",152,6,65,436,2735,0.83290676416819,2145,5593,249,332,75,1413,7,408,58,7
"469","2020-04-20",158,6,52,441,2735,0.83290676416819,2145,5593,249,332,75,1488,8,416,64,8
"470","2020-04-21",152,6,49,448,2735,0.83290676416819,2145,5593,249,332,64,1552,8,424,57,8
"471","2020-04-22",155,6,50,446,2735,0.83290676416819,2145,5593,249,332,81,1633,16,440,74,16
"472","2020-04-23",157,6,49,441,2735,0.83290676416819,2145,5593,249,332,81,1714,23,463,75,23
"473","2020-04-24",168,6,47,440,2735,0.83290676416819,2145,5593,249,332,59,1773,20,483,54,20
"474","2020-04-25",164,6,58,444,2735,0.83290676416819,2145,5593,249,332,62,1835,27,510,51,27
"475","2020-04-26",155,6,61,441,2735,0.83290676416819,2145,5593,249,332,65,1900,21,531,61,21
"476","2020-04-27",149,6,57,442,2735,0.83290676416819,2145,5593,249,332,65,1965,15,546,57,15
"477","2020-04-28",147,6,61,446,2735,0.83290676416819,2145,5593,249,332,48,2013,16,562,42,16
"478","2020-04-29",142,6,58,449,2735,0.83290676416819,2145,5593,249,332,71,2084,13,575,64,13
"479","2020-04-30",147,6,74,442,2735,0.83290676416819,2145,5593,249,332,51,2135,12,587,44,12
"480","2020-05-01",160,6,80,423,2735,0.83290676416819,2145,5593,249,332,52,2187,16,603,46,16
"481","2020-05-02",157,6,80,417,2735,0.83290676416819,2145,5593,249,332,65,2252,10,613,53,10
"482","2020-05-03",167,6,76,418,2735,0.83290676416819,2145,5593,249,332,58,2310,16,629,50,16
"483","2020-05-04",166,6,74,405,2735,0.83290676416819,2145,5593,249,332,65,2375,17,646,53,17
"484","2020-05-05",156,6,82,410,2735,0.83290676416819,2145,5593,249,332,65,2440,28,674,57,28
"485","2020-05-06",154,6,81,398,2735,0.83290676416819,2145,5593,249,332,46,2486,27,701,39,27
"486","2020-05-07",146,6,95,399,2735,0.83290676416819,2145,5593,249,332,33,2519,28,729,27,28
"487","2020-05-08",138,6,100,397,2735,0.83290676416819,2145,5593,249,332,63,2582,31,760,57,31
"488","2020-05-09",143,6,96,398,2735,0.83290676416819,2145,5593,249,332,51,2633,24,784,45,24
"489","2020-05-10",115,6,85,400,2735,0.83290676416819,2145,5593,249,332,43,2676,22,806,41,22
"490","2020-05-11",111,6,74,410,2735,0.83290676416819,2145,5593,249,332,45,2721,28,834,41,28
"491","2020-05-12",119,6,66,406,2735,0.83290676416819,2145,5593,249,332,53,2774,19,853,50,19
"492","2020-05-13",116,6,56,413,2735,0.83290676416819,2145,5593,249,332,52,2826,20,873,45,20
"493","2020-05-14",121,6,53,423,2735,0.83290676416819,2145,5593,249,332,49,2875,23,896,45,23
"494","2020-05-15",118,6,54,433,2735,0.83290676416819,2145,5593,249,332,39,2914,14,910,30,14
"495","2020-05-16",125,6,60,436,2735,0.83290676416819,2145,5593,249,332,45,2959,16,926,39,16
"496","2020-05-17",139,6,56,446,2735,0.83290676416819,2145,5593,249,332,54,3013,18,944,44,18
"497","2020-05-18",141,6,54,428,2735,0.83290676416819,2145,5593,249,332,35,3048,7,951,30,7
"498","2020-05-19",139,6,64,422,2735,0.83290676416819,2145,5593,249,332,31,3079,10,961,26,10
"499","2020-05-20",149,6,65,410,2735,0.83290676416819,2145,5593,249,332,30,3109,5,966,24,5
"500","2020-05-21",154,6,67,407,2735,0.83290676416819,2145,5593,249,332,23,3132,20,986,21,20
"501","2020-05-22",159,6,65,386,2735,0.83290676416819,2145,5593,249,332,36,3168,11,997,32,11
"502","2020-05-23",151,6,68,379,2735,0.83290676416819,2145,5593,249,332,25,3193,9,1006,22,9
"503","2020-05-24",134,6,75,365,2735,0.83290676416819,2145,5593,249,332,22,3215,6,1012,22,6
"504","2020-05-25",123,6,71,356,2735,0.83290676416819,2145,5593,249,332,28,3243,6,1018,23,6
"505","2020-05-26",121,6,66,343,2735,0.83290676416819,2145,5593,249,332,37,3280,12,1030,32,12
"506","2020-05-27",122,6,60,331,2735,0.83290676416819,2145,5593,249,332,15,3295,7,1037,13,7
"507","2020-05-28",107,6,58,326,2735,0.83290676416819,2145,5593,249,332,20,3315,7,1044,17,7
"508","2020-05-29",109,6,54,316,2735,0.83290676416819,2145,5593,249,332,18,3333,8,1052,17,8
"509","2020-05-30",113,6,60,303,2735,0.83290676416819,2145,5593,249,332,26,3359,13,1065,22,13
"510","2020-05-31",107,6,55,311,2735,0.83290676416819,2145,5593,249,332,17,3376,8,1073,15,8
"511","2020-06-01",115,6,57,315,2735,0.83290676416819,2145,5593,249,332,17,3393,4,1077,14,4
"512","2020-06-02",111,6,45,298,2735,0.83290676416819,2145,5593,249,332,19,3412,5,1082,16,5
"513","2020-06-03",104,6,41,289,2735,0.83290676416819,2145,5593,249,332,17,3429,9,1091,14,9
"514","2020-06-04",107,6,41,281,2735,0.83290676416819,2145,5593,249,332,20,3449,13,1104,20,13
"515","2020-06-05",110,6,32,274,2735,0.83290676416819,2145,5593,249,332,12,3461,12,1116,11,12
"516","2020-06-06",112,6,30,275,2735,0.83290676416819,2145,5593,249,332,16,3477,4,1120,14,4
"517","2020-06-07",100,6,30,264,2735,0.83290676416819,2145,5593,249,332,17,3494,6,1126,16,6
"518","2020-03-14",2,7,13,55,2499,0.551420568227291,1980,4875,276,188,4,13,11,31,1,11
"519","2020-03-15",9,7,16,68,2499,0.551420568227291,1980,4875,276,188,15,28,4,35,11,4
"520","2020-03-16",11,7,16,80,2499,0.551420568227291,1980,4875,276,188,11,39,10,45,7,10
"521","2020-03-17",11,7,17,100,2499,0.551420568227291,1980,4875,276,188,11,50,15,60,9,15
"522","2020-03-18",14,7,14,118,2499,0.551420568227291,1980,4875,276,188,12,62,4,64,7,4
"523","2020-03-19",21,7,21,126,2499,0.551420568227291,1980,4875,276,188,11,73,6,70,10,6
"524","2020-03-20",28,7,21,141,2499,0.551420568227291,1980,4875,276,188,6,79,19,89,5,19
"525","2020-03-21",31,7,20,164,2499,0.551420568227291,1980,4875,276,188,32,111,6,95,25,6
"526","2020-03-22",45,7,18,182,2499,0.551420568227291,1980,4875,276,188,7,118,4,99,6,4
"527","2020-03-23",50,7,17,194,2499,0.551420568227291,1980,4875,276,188,15,133,5,104,10,5
"528","2020-03-24",54,7,17,205,2499,0.551420568227291,1980,4875,276,188,15,148,10,114,14,10
"529","2020-03-25",58,7,19,221,2499,0.551420568227291,1980,4875,276,188,22,170,11,125,20,11
"530","2020-03-26",59,7,25,208,2499,0.551420568227291,1980,4875,276,188,15,185,11,136,13,11
"531","2020-03-27",64,7,26,215,2499,0.551420568227291,1980,4875,276,188,30,215,6,142,24,6
"532","2020-03-28",72,7,29,221,2499,0.551420568227291,1980,4875,276,188,14,229,7,149,10,7
"533","2020-03-29",68,7,25,228,2499,0.551420568227291,1980,4875,276,188,33,262,15,164,30,15
"534","2020-03-30",69,7,20,253,2499,0.551420568227291,1980,4875,276,188,38,300,13,177,33,13
"535","2020-03-31",70,7,18,266,2499,0.551420568227291,1980,4875,276,188,34,334,20,197,27,20
"536","2020-04-01",71,7,17,266,2499,0.551420568227291,1980,4875,276,188,28,362,28,225,27,28
"537","2020-04-02",76,7,24,278,2499,0.551420568227291,1980,4875,276,188,29,391,22,247,24,22
"538","2020-04-03",84,7,24,297,2499,0.551420568227291,1980,4875,276,188,53,444,20,267,48,20
"539","2020-04-04",93,7,23,293,2499,0.551420568227291,1980,4875,276,188,46,490,18,285,43,18
"540","2020-04-05",89,7,16,300,2499,0.551420568227291,1980,4875,276,188,39,529,7,292,36,7
"541","2020-04-06",90,7,16,303,2499,0.551420568227291,1980,4875,276,188,64,593,12,304,60,12
"542","2020-04-07",85,7,16,310,2499,0.551420568227291,1980,4875,276,188,52,645,9,313,49,9
"543","2020-04-08",86,7,19,325,2499,0.551420568227291,1980,4875,276,188,72,717,14,327,68,14
"544","2020-04-09",85,7,17,325,2499,0.551420568227291,1980,4875,276,188,58,775,10,337,57,10
"545","2020-04-10",93,7,28,337,2499,0.551420568227291,1980,4875,276,188,67,842,14,351,64,14
"546","2020-04-11",93,7,34,345,2499,0.551420568227291,1980,4875,276,188,61,903,14,365,59,14
"547","2020-04-12",99,7,30,358,2499,0.551420568227291,1980,4875,276,188,82,985,14,379,80,14
"548","2020-04-13",98,7,31,360,2499,0.551420568227291,1980,4875,276,188,61,1046,9,388,59,9
"549","2020-04-14",96,7,33,374,2499,0.551420568227291,1980,4875,276,188,91,1137,17,405,87,17
"550","2020-04-15",100,7,32,397,2499,0.551420568227291,1980,4875,276,188,80,1217,13,418,75,13
"551","2020-04-16",107,7,27,401,2499,0.551420568227291,1980,4875,276,188,112,1329,19,437,111,19
"552","2020-04-17",127,7,25,414,2499,0.551420568227291,1980,4875,276,188,81,1410,21,458,76,21
"553","2020-04-18",134,7,28,429,2499,0.551420568227291,1980,4875,276,188,84,1494,6,464,80,6
"554","2020-04-19",122,7,23,437,2499,0.551420568227291,1980,4875,276,188,83,1577,21,485,75,21
"555","2020-04-20",124,7,19,447,2499,0.551420568227291,1980,4875,276,188,95,1672,26,511,94,26
"556","2020-04-21",137,7,25,441,2499,0.551420568227291,1980,4875,276,188,101,1773,23,534,95,23
"557","2020-04-22",143,7,32,444,2499,0.551420568227291,1980,4875,276,188,112,1885,9,543,105,9
"558","2020-04-23",144,7,34,429,2499,0.551420568227291,1980,4875,276,188,124,2009,21,564,116,21
"559","2020-04-24",144,7,31,429,2499,0.551420568227291,1980,4875,276,188,79,2088,14,578,78,14
"560","2020-04-25",134,7,41,427,2499,0.551420568227291,1980,4875,276,188,96,2184,27,605,90,27
"561","2020-04-26",159,7,41,432,2499,0.551420568227291,1980,4875,276,188,125,2309,12,617,121,12
"562","2020-04-27",164,7,40,426,2499,0.551420568227291,1980,4875,276,188,110,2419,10,627,103,10
"563","2020-04-28",154,7,32,436,2499,0.551420568227291,1980,4875,276,188,124,2543,28,655,121,28
"564","2020-04-29",146,7,25,437,2499,0.551420568227291,1980,4875,276,188,99,2642,11,666,95,11
"565","2020-04-30",146,7,20,422,2499,0.551420568227291,1980,4875,276,188,110,2752,16,682,105,16
"566","2020-05-01",145,7,18,414,2499,0.551420568227291,1980,4875,276,188,121,2873,11,693,119,11
"567","2020-05-02",154,7,15,408,2499,0.551420568227291,1980,4875,276,188,94,2967,16,709,91,16
"568","2020-05-03",133,7,20,394,2499,0.551420568227291,1980,4875,276,188,107,3074,17,726,100,17
"569","2020-05-04",117,7,27,395,2499,0.551420568227291,1980,4875,276,188,110,3184,9,735,106,9
"570","2020-05-05",112,7,31,389,2499,0.551420568227291,1980,4875,276,188,98,3282,7,742,94,7
"571","2020-05-06",119,7,28,384,2499,0.551420568227291,1980,4875,276,188,87,3369,4,746,83,4
"572","2020-05-07",113,7,27,386,2499,0.551420568227291,1980,4875,276,188,80,3449,5,751,78,5
"573","2020-05-08",119,7,30,384,2499,0.551420568227291,1980,4875,276,188,79,3528,5,756,77,5
"574","2020-05-09",117,7,35,385,2499,0.551420568227291,1980,4875,276,188,81,3609,15,771,77,15
"575","2020-05-10",123,7,51,366,2499,0.551420568227291,1980,4875,276,188,77,3686,8,779,77,8
"576","2020-05-11",133,7,41,366,2499,0.551420568227291,1980,4875,276,188,73,3759,19,798,69,19
"577","2020-05-12",130,7,31,355,2499,0.551420568227291,1980,4875,276,188,55,3814,15,813,51,15
"578","2020-05-13",128,7,27,341,2499,0.551420568227291,1980,4875,276,188,81,3895,6,819,81,6
"579","2020-05-14",130,7,37,341,2499,0.551420568227291,1980,4875,276,188,53,3948,4,823,48,4
"580","2020-05-15",144,7,34,333,2499,0.551420568227291,1980,4875,276,188,54,4002,12,835,54,12
"581","2020-05-16",144,7,37,335,2499,0.551420568227291,1980,4875,276,188,48,4050,21,856,47,21
"582","2020-05-17",129,7,35,332,2499,0.551420568227291,1980,4875,276,188,43,4093,10,866,41,10
"583","2020-05-18",113,7,41,309,2499,0.551420568227291,1980,4875,276,188,40,4133,5,871,37,5
"584","2020-05-19",106,7,40,295,2499,0.551420568227291,1980,4875,276,188,38,4171,21,892,37,21
"585","2020-05-20",100,7,37,281,2499,0.551420568227291,1980,4875,276,188,41,4212,20,912,38,20
"586","2020-05-21",94,7,37,268,2499,0.551420568227291,1980,4875,276,188,36,4248,19,931,35,19
"587","2020-05-22",87,7,38,260,2499,0.551420568227291,1980,4875,276,188,33,4281,13,944,31,13
"588","2020-05-23",84,7,40,252,2499,0.551420568227291,1980,4875,276,188,41,4322,14,958,39,14
"589","2020-05-24",83,7,42,258,2499,0.551420568227291,1980,4875,276,188,27,4349,5,963,27,5
"590","2020-05-25",91,7,43,252,2499,0.551420568227291,1980,4875,276,188,24,4373,8,971,22,8
"591","2020-05-26",91,7,33,244,2499,0.551420568227291,1980,4875,276,188,22,4395,4,975,21,4
"592","2020-05-27",89,7,32,229,2499,0.551420568227291,1980,4875,276,188,16,4411,13,988,15,13
"593","2020-05-28",94,7,33,228,2499,0.551420568227291,1980,4875,276,188,18,4429,6,994,17,6
"594","2020-05-29",93,7,32,236,2499,0.551420568227291,1980,4875,276,188,20,4449,9,1003,20,9
"595","2020-05-30",98,7,30,226,2499,0.551420568227291,1980,4875,276,188,14,4463,10,1013,13,10
"596","2020-05-31",97,7,30,218,2499,0.551420568227291,1980,4875,276,188,12,4475,8,1021,11,8
"597","2020-06-01",90,7,29,211,2499,0.551420568227291,1980,4875,276,188,14,4489,7,1028,13,7
"598","2020-06-02",89,7,25,214,2499,0.551420568227291,1980,4875,276,188,16,4505,8,1036,13,8
"599","2020-06-03",88,7,23,198,2499,0.551420568227291,1980,4875,276,188,18,4523,7,1043,16,7
"600","2020-06-04",76,7,16,191,2499,0.551420568227291,1980,4875,276,188,15,4538,1,1044,15,1
"601","2020-06-05",67,7,15,177,2499,0.551420568227291,1980,4875,276,188,10,4548,7,1051,9,7
"602","2020-06-06",67,7,16,173,2499,0.551420568227291,1980,4875,276,188,12,4560,13,1064,12,13
"603","2020-06-07",59,7,16,181,2499,0.551420568227291,1980,4875,276,188,11,4571,11,1075,10,11
"604","2020-03-13",2,8,18,28,3208,0.764962593516209,2010,5909,378,514,5,19,2,16,1,2
"605","2020-03-14",3,8,28,39,3208,0.764962593516209,2010,5909,378,514,7,26,NA,NA,2,NA
"606","2020-03-15",6,8,40,49,3208,0.764962593516209,2010,5909,378,514,10,36,1,17,3,1
"607","2020-03-16",8,8,54,63,3208,0.764962593516209,2010,5909,378,514,16,52,NA,NA,7,NA
"608","2020-03-17",11,8,57,81,3208,0.764962593516209,2010,5909,378,514,9,61,2,19,4,2
"609","2020-03-18",14,8,58,93,3208,0.764962593516209,2010,5909,378,514,10,71,5,24,3,5
"610","2020-03-19",15,8,68,116,3208,0.764962593516209,2010,5909,378,514,12,83,12,36,4,12
"611","2020-03-20",17,8,71,132,3208,0.764962593516209,2010,5909,378,514,13,96,5,41,5,5
"612","2020-03-21",28,8,80,152,3208,0.764962593516209,2010,5909,378,514,15,111,6,47,12,6
"613","2020-03-22",35,8,97,178,3208,0.764962593516209,2010,5909,378,514,14,125,6,53,6,6
"614","2020-03-23",36,8,91,200,3208,0.764962593516209,2010,5909,378,514,16,141,1,54,10,1
"615","2020-03-24",39,8,96,213,3208,0.764962593516209,2010,5909,378,514,19,160,7,61,10,7
"616","2020-03-25",44,8,98,228,3208,0.764962593516209,2010,5909,378,514,17,177,11,72,12,11
"617","2020-03-26",53,8,89,250,3208,0.764962593516209,2010,5909,378,514,19,196,11,83,11,11
"618","2020-03-27",69,8,83,261,3208,0.764962593516209,2010,5909,378,514,15,211,9,92,9,9
"619","2020-03-28",71,8,86,274,3208,0.764962593516209,2010,5909,378,514,22,233,15,107,17,15
"620","2020-03-29",84,8,85,298,3208,0.764962593516209,2010,5909,378,514,21,254,8,115,10,8
"621","2020-03-30",84,8,90,319,3208,0.764962593516209,2010,5909,378,514,20,274,6,121,16,6
"622","2020-03-31",89,8,103,344,3208,0.764962593516209,2010,5909,378,514,22,296,2,123,17,2
"623","2020-04-01",92,8,108,355,3208,0.764962593516209,2010,5909,378,514,35,331,1,124,22,1
"624","2020-04-02",93,8,120,369,3208,0.764962593516209,2010,5909,378,514,21,352,6,130,14,6
"625","2020-04-03",104,8,118,368,3208,0.764962593516209,2010,5909,378,514,26,378,9,139,19,9
"626","2020-04-04",116,8,131,393,3208,0.764962593516209,2010,5909,378,514,27,405,5,144,18,5
"627","2020-04-05",108,8,148,403,3208,0.764962593516209,2010,5909,378,514,30,435,15,159,23,15
"628","2020-04-06",117,8,155,442,3208,0.764962593516209,2010,5909,378,514,28,463,19,178,18,19
"629","2020-04-07",117,8,128,458,3208,0.764962593516209,2010,5909,378,514,26,489,9,187,18,9
"630","2020-04-08",129,8,141,481,3208,0.764962593516209,2010,5909,378,514,25,514,8,195,17,8
"631","2020-04-09",134,8,134,495,3208,0.764962593516209,2010,5909,378,514,32,546,5,200,21,5
"632","2020-04-10",173,8,122,502,3208,0.764962593516209,2010,5909,378,514,30,576,7,207,21,7
"633","2020-04-11",169,8,137,499,3208,0.764962593516209,2010,5909,378,514,39,615,9,216,23,9
"634","2020-04-12",179,8,147,506,3208,0.764962593516209,2010,5909,378,514,29,644,8,224,21,8
"635","2020-04-13",175,8,171,509,3208,0.764962593516209,2010,5909,378,514,44,688,6,230,31,6
"636","2020-04-14",167,8,177,526,3208,0.764962593516209,2010,5909,378,514,36,724,5,235,25,5
"637","2020-04-15",160,8,169,534,3208,0.764962593516209,2010,5909,378,514,30,754,5,240,23,5
"638","2020-04-16",158,8,174,544,3208,0.764962593516209,2010,5909,378,514,49,803,9,249,32,9
"639","2020-04-17",145,8,160,543,3208,0.764962593516209,2010,5909,378,514,23,826,10,259,15,10
"640","2020-04-18",154,8,150,564,3208,0.764962593516209,2010,5909,378,514,27,853,6,265,15,6
"641","2020-04-19",145,8,139,581,3208,0.764962593516209,2010,5909,378,514,34,887,6,271,24,6
"642","2020-04-20",143,8,140,580,3208,0.764962593516209,2010,5909,378,514,38,925,7,278,28,7
"643","2020-04-21",146,8,149,603,3208,0.764962593516209,2010,5909,378,514,42,967,9,287,28,9
"644","2020-04-22",153,8,150,603,3208,0.764962593516209,2010,5909,378,514,36,1003,6,293,28,6
"645","2020-04-23",160,8,153,604,3208,0.764962593516209,2010,5909,378,514,51,1054,6,299,43,6
"646","2020-04-24",177,8,148,623,3208,0.764962593516209,2010,5909,378,514,46,1100,5,304,31,5
"647","2020-04-25",213,8,139,623,3208,0.764962593516209,2010,5909,378,514,37,1137,10,314,30,10
"648","2020-04-26",212,8,140,622,3208,0.764962593516209,2010,5909,378,514,29,1166,20,334,25,20
"649","2020-04-27",211,8,158,601,3208,0.764962593516209,2010,5909,378,514,34,1200,14,348,25,14
"650","2020-04-28",209,8,162,606,3208,0.764962593516209,2010,5909,378,514,35,1235,15,363,26,15
"651","2020-04-29",210,8,160,599,3208,0.764962593516209,2010,5909,378,514,39,1274,19,382,26,19
"652","2020-04-30",201,8,167,594,3208,0.764962593516209,2010,5909,378,514,41,1315,12,394,33,12
"653","2020-05-01",222,8,163,592,3208,0.764962593516209,2010,5909,378,514,37,1352,24,418,27,24
"654","2020-05-02",210,8,171,604,3208,0.764962593516209,2010,5909,378,514,33,1385,14,432,27,14
"655","2020-05-03",199,8,172,606,3208,0.764962593516209,2010,5909,378,514,42,1427,10,442,31,10
"656","2020-05-04",201,8,186,613,3208,0.764962593516209,2010,5909,378,514,24,1451,10,452,13,10
"657","2020-05-05",192,8,186,603,3208,0.764962593516209,2010,5909,378,514,32,1483,10,462,24,10
"658","2020-05-06",189,8,198,603,3208,0.764962593516209,2010,5909,378,514,29,1512,8,470,22,8
"659","2020-05-07",207,8,216,573,3208,0.764962593516209,2010,5909,378,514,27,1539,7,477,20,7
"660","2020-05-08",221,8,211,557,3208,0.764962593516209,2010,5909,378,514,25,1564,15,492,22,15
"661","2020-05-09",234,8,208,542,3208,0.764962593516209,2010,5909,378,514,28,1592,9,501,22,9
"662","2020-05-10",212,8,207,534,3208,0.764962593516209,2010,5909,378,514,25,1617,10,511,20,10
"663","2020-05-11",190,8,188,524,3208,0.764962593516209,2010,5909,378,514,31,1648,12,523,19,12
"664","2020-05-12",186,8,190,505,3208,0.764962593516209,2010,5909,378,514,23,1671,7,530,17,7
"665","2020-05-13",179,8,175,483,3208,0.764962593516209,2010,5909,378,514,33,1704,8,538,28,8
"666","2020-05-14",164,8,159,470,3208,0.764962593516209,2010,5909,378,514,21,1725,14,552,16,14
"667","2020-05-15",163,8,157,445,3208,0.764962593516209,2010,5909,378,514,31,1756,8,560,25,8
"668","2020-05-16",156,8,154,432,3208,0.764962593516209,2010,5909,378,514,30,1786,11,571,24,11
"669","2020-05-17",151,8,156,404,3208,0.764962593516209,2010,5909,378,514,21,1807,3,574,17,3
"670","2020-05-18",146,8,151,390,3208,0.764962593516209,2010,5909,378,514,32,1839,11,585,20,11
"671","2020-05-19",138,8,168,384,3208,0.764962593516209,2010,5909,378,514,31,1870,7,592,19,7
"672","2020-05-20",141,8,168,367,3208,0.764962593516209,2010,5909,378,514,24,1894,10,602,16,10
"673","2020-05-21",140,8,150,336,3208,0.764962593516209,2010,5909,378,514,33,1927,11,613,26,11
"674","2020-05-22",137,8,150,325,3208,0.764962593516209,2010,5909,378,514,25,1952,8,621,22,8
"675","2020-05-23",136,8,150,323,3208,0.764962593516209,2010,5909,378,514,28,1980,8,629,21,8
"676","2020-05-24",128,8,144,302,3208,0.764962593516209,2010,5909,378,514,22,2002,10,639,16,10
"677","2020-05-25",120,8,137,267,3208,0.764962593516209,2010,5909,378,514,17,2019,10,649,16,10
"678","2020-05-26",117,8,130,264,3208,0.764962593516209,2010,5909,378,514,23,2042,8,657,19,8
"679","2020-05-27",106,8,121,242,3208,0.764962593516209,2010,5909,378,514,26,2068,7,664,19,7
"680","2020-05-28",98,8,137,239,3208,0.764962593516209,2010,5909,378,514,21,2089,9,673,19,9
"681","2020-05-29",75,8,144,221,3208,0.764962593516209,2010,5909,378,514,34,2123,7,680,26,7
"682","2020-05-30",62,8,138,201,3208,0.764962593516209,2010,5909,378,514,21,2144,10,690,15,10
"683","2020-05-31",62,8,141,178,3208,0.764962593516209,2010,5909,378,514,22,2166,6,696,15,6
"684","2020-06-01",55,8,134,179,3208,0.764962593516209,2010,5909,378,514,25,2191,4,700,23,4
"685","2020-06-02",58,8,130,165,3208,0.764962593516209,2010,5909,378,514,17,2208,7,707,15,7
"686","2020-06-03",57,8,132,162,3208,0.764962593516209,2010,5909,378,514,15,2223,6,713,11,6
"687","2020-06-04",57,8,126,154,3208,0.764962593516209,2010,5909,378,514,26,2249,6,719,22,6
"688","2020-06-05",59,8,135,147,3208,0.764962593516209,2010,5909,378,514,12,2261,6,725,10,6
"689","2020-06-06",60,8,135,132,3208,0.764962593516209,2010,5909,378,514,16,2277,5,730,12,5
"690","2020-06-07",54,8,146,134,3208,0.764962593516209,2010,5909,378,514,13,2290,12,742,6,12
"691","2020-03-15",1,9,22,23,5527,0.980278632169351,2025,6887,607,304,5,16,10,28,3,10
"692","2020-03-16",2,9,20,32,5527,0.980278632169351,2025,6887,607,304,6,22,8,36,4,8
"693","2020-03-17",2,9,31,49,5527,0.980278632169351,2025,6887,607,304,8,30,7,43,6,7
"694","2020-03-18",4,9,39,63,5527,0.980278632169351,2025,6887,607,304,8,38,3,46,6,3
"695","2020-03-19",5,9,44,81,5527,0.980278632169351,2025,6887,607,304,12,50,2,48,10,2
"696","2020-03-20",10,9,40,100,5527,0.980278632169351,2025,6887,607,304,11,61,4,52,10,4
"697","2020-03-21",18,9,41,119,5527,0.980278632169351,2025,6887,607,304,16,77,1,53,15,1
"698","2020-03-22",24,9,45,140,5527,0.980278632169351,2025,6887,607,304,12,89,5,58,11,5
"699","2020-03-23",25,9,46,176,5527,0.980278632169351,2025,6887,607,304,12,101,1,59,11,1
"700","2020-03-24",32,9,54,211,5527,0.980278632169351,2025,6887,607,304,14,115,3,62,13,3
"701","2020-03-25",34,9,49,264,5527,0.980278632169351,2025,6887,607,304,14,129,14,76,12,14
"702","2020-03-26",46,9,48,299,5527,0.980278632169351,2025,6887,607,304,26,155,16,92,25,16
"703","2020-03-27",76,9,44,332,5527,0.980278632169351,2025,6887,607,304,17,172,18,110,16,18
"704","2020-03-28",89,9,48,369,5527,0.980278632169351,2025,6887,607,304,29,201,11,121,29,11
"705","2020-03-29",90,9,52,419,5527,0.980278632169351,2025,6887,607,304,17,218,9,130,17,9
"706","2020-03-30",107,9,56,440,5527,0.980278632169351,2025,6887,607,304,29,247,6,136,26,6
"707","2020-03-31",115,9,66,489,5527,0.980278632169351,2025,6887,607,304,26,273,14,150,24,14
"708","2020-04-01",124,9,64,534,5527,0.980278632169351,2025,6887,607,304,35,308,12,162,34,12
"709","2020-04-02",135,9,68,598,5527,0.980278632169351,2025,6887,607,304,22,330,9,171,22,9
"710","2020-04-03",153,9,72,630,5527,0.980278632169351,2025,6887,607,304,37,367,7,178,32,7
"711","2020-04-04",191,9,67,680,5527,0.980278632169351,2025,6887,607,304,35,402,20,198,32,20
"712","2020-04-05",206,9,79,725,5527,0.980278632169351,2025,6887,607,304,43,445,17,215,38,17
"713","2020-04-06",193,9,66,769,5527,0.980278632169351,2025,6887,607,304,50,495,17,232,47,17
"714","2020-04-07",208,9,68,782,5527,0.980278632169351,2025,6887,607,304,56,551,11,243,54,11
"715","2020-04-08",218,9,80,859,5527,0.980278632169351,2025,6887,607,304,48,599,18,261,44,18
"716","2020-04-09",217,9,78,908,5527,0.980278632169351,2025,6887,607,304,69,668,21,282,67,21
"717","2020-04-10",279,9,82,978,5527,0.980278632169351,2025,6887,607,304,61,729,19,301,59,19
"718","2020-04-11",278,9,81,1063,5527,0.980278632169351,2025,6887,607,304,67,796,9,310,65,9
"719","2020-04-12",304,9,70,1092,5527,0.980278632169351,2025,6887,607,304,60,856,10,320,58,10
"720","2020-04-13",319,9,69,1151,5527,0.980278632169351,2025,6887,607,304,96,952,12,332,95,12
"721","2020-04-14",310,9,68,1216,5527,0.980278632169351,2025,6887,607,304,70,1022,18,350,66,18
"722","2020-04-15",333,9,76,1292,5527,0.980278632169351,2025,6887,607,304,64,1086,25,375,62,25
"723","2020-04-16",358,9,76,1349,5527,0.980278632169351,2025,6887,607,304,92,1178,12,387,89,12
"724","2020-04-17",456,9,72,1400,5527,0.980278632169351,2025,6887,607,304,89,1267,10,397,86,10
"725","2020-04-18",478,9,70,1445,5527,0.980278632169351,2025,6887,607,304,82,1349,17,414,81,17
"726","2020-04-19",437,9,69,1516,5527,0.980278632169351,2025,6887,607,304,99,1448,12,426,97,12
"727","2020-04-20",441,9,70,1580,5527,0.980278632169351,2025,6887,607,304,97,1545,5,431,95,5
"728","2020-04-21",470,9,67,1590,5527,0.980278632169351,2025,6887,607,304,99,1644,10,441,96,10
"729","2020-04-22",474,9,59,1625,5527,0.980278632169351,2025,6887,607,304,103,1747,15,456,103,15
"730","2020-04-23",476,9,56,1669,5527,0.980278632169351,2025,6887,607,304,87,1834,16,472,86,16
"731","2020-04-24",535,9,62,1653,5527,0.980278632169351,2025,6887,607,304,98,1932,17,489,97,17
"732","2020-04-25",575,9,67,1617,5527,0.980278632169351,2025,6887,607,304,121,2053,26,515,119,26
"733","2020-04-26",528,9,66,1614,5527,0.980278632169351,2025,6887,607,304,126,2179,23,538,120,23
"734","2020-04-27",533,9,65,1570,5527,0.980278632169351,2025,6887,607,304,97,2276,27,565,97,27
"735","2020-04-28",508,9,61,1519,5527,0.980278632169351,2025,6887,607,304,88,2364,18,583,87,18
"736","2020-04-29",507,9,60,1485,5527,0.980278632169351,2025,6887,607,304,111,2475,25,608,110,25
"737","2020-04-30",508,9,70,1414,5527,0.980278632169351,2025,6887,607,304,129,2604,18,626,128,18
"738","2020-05-01",511,9,79,1342,5527,0.980278632169351,2025,6887,607,304,92,2696,17,643,90,17
"739","2020-05-02",447,9,86,1286,5527,0.980278632169351,2025,6887,607,304,98,2794,6,649,96,6
"740","2020-05-03",439,9,81,1221,5527,0.980278632169351,2025,6887,607,304,98,2892,9,658,98,9
"741","2020-05-04",430,9,77,1145,5527,0.980278632169351,2025,6887,607,304,108,3000,8,666,107,8
"742","2020-05-05",420,9,71,1072,5527,0.980278632169351,2025,6887,607,304,82,3082,8,674,80,8
"743","2020-05-06",413,9,64,1021,5527,0.980278632169351,2025,6887,607,304,103,3185,6,680,102,6
"744","2020-05-07",401,9,52,975,5527,0.980278632169351,2025,6887,607,304,125,3310,8,688,124,8
"745","2020-05-08",360,9,47,899,5527,0.980278632169351,2025,6887,607,304,98,3408,5,693,98,5
"746","2020-05-09",365,9,36,848,5527,0.980278632169351,2025,6887,607,304,96,3504,2,695,96,2
"747","2020-05-10",319,9,30,776,5527,0.980278632169351,2025,6887,607,304,108,3612,3,698,107,3
"748","2020-05-11",298,9,33,724,5527,0.980278632169351,2025,6887,607,304,91,3703,11,709,91,11
"749","2020-05-12",278,9,38,660,5527,0.980278632169351,2025,6887,607,304,71,3774,8,717,70,8
"750","2020-05-13",253,9,35,613,5527,0.980278632169351,2025,6887,607,304,85,3859,7,724,82,7
"751","2020-05-14",231,9,38,556,5527,0.980278632169351,2025,6887,607,304,79,3938,4,728,79,4
"752","2020-05-15",196,9,53,508,5527,0.980278632169351,2025,6887,607,304,71,4009,10,738,71,10
"753","2020-05-16",192,9,52,465,5527,0.980278632169351,2025,6887,607,304,75,4084,6,744,74,6
"754","2020-05-17",166,9,51,432,5527,0.980278632169351,2025,6887,607,304,63,4147,11,755,62,11
"755","2020-05-18",154,9,48,405,5527,0.980278632169351,2025,6887,607,304,79,4226,8,763,78,8
"756","2020-05-19",139,9,51,375,5527,0.980278632169351,2025,6887,607,304,81,4307,5,768,80,5
"757","2020-05-20",134,9,52,344,5527,0.980278632169351,2025,6887,607,304,48,4355,15,783,46,15
"758","2020-05-21",128,9,54,301,5527,0.980278632169351,2025,6887,607,304,38,4393,11,794,37,11
"759","2020-05-22",121,9,56,278,5527,0.980278632169351,2025,6887,607,304,42,4435,10,804,40,10
"760","2020-05-23",102,9,62,252,5527,0.980278632169351,2025,6887,607,304,33,4468,14,818,33,14
"761","2020-05-24",101,9,57,232,5527,0.980278632169351,2025,6887,607,304,45,4513,14,832,44,14
"762","2020-05-25",93,9,49,216,5527,0.980278632169351,2025,6887,607,304,37,4550,6,838,37,6
"763","2020-05-26",90,9,44,202,5527,0.980278632169351,2025,6887,607,304,43,4593,6,844,42,6
"764","2020-05-27",91,9,38,187,5527,0.980278632169351,2025,6887,607,304,33,4626,1,845,33,1
"765","2020-05-28",89,9,37,172,5527,0.980278632169351,2025,6887,607,304,39,4665,5,850,38,5
"766","2020-05-29",78,9,38,162,5527,0.980278632169351,2025,6887,607,304,29,4694,5,855,28,5
"767","2020-05-30",83,9,29,148,5527,0.980278632169351,2025,6887,607,304,29,4723,2,857,29,2
"768","2020-05-31",65,9,32,137,5527,0.980278632169351,2025,6887,607,304,22,4745,2,859,22,2
"769","2020-06-01",65,9,36,124,5527,0.980278632169351,2025,6887,607,304,16,4761,2,861,15,2
"770","2020-06-02",64,9,31,108,5527,0.980278632169351,2025,6887,607,304,23,4784,2,863,21,2
"771","2020-06-03",52,9,31,102,5527,0.980278632169351,2025,6887,607,304,18,4802,5,868,18,5
"772","2020-06-04",45,9,39,90,5527,0.980278632169351,2025,6887,607,304,14,4816,1,869,14,1
"773","2020-06-05",45,9,49,84,5527,0.980278632169351,2025,6887,607,304,21,4837,NA,NA,21,NA
"774","2020-06-06",33,9,48,85,5527,0.980278632169351,2025,6887,607,304,8,4845,5,874,8,5
"775","2020-06-07",31,9,51,79,5527,0.980278632169351,2025,6887,607,304,14,4859,9,883,13,9
"776","2020-03-07",1,10,0,0,5253,0.965924233771178,2130,7254,609,333,NA,NA,NA,NA,NA,NA
"777","2020-03-08",1,10,0,0,5253,0.965924233771178,2130,7254,609,333,NA,NA,NA,NA,NA,NA
"778","2020-03-09",0,10,0,0,5253,0.965924233771178,2130,7254,609,333,NA,NA,NA,NA,NA,NA
"779","2020-03-10",0,10,0,0,5253,0.965924233771178,2130,7254,609,333,NA,NA,NA,NA,NA,NA
"780","2020-03-11",0,10,0,0,5253,0.965924233771178,2130,7254,609,333,4,4,5,5,NA,5
"781","2020-03-12",0,10,0,0,5253,0.965924233771178,2130,7254,609,333,4,8,1,6,NA,1
"782","2020-03-13",0,10,0,0,5253,0.965924233771178,2130,7254,609,333,5,13,8,14,2,8
"783","2020-03-14",0,10,0,0,5253,0.965924233771178,2130,7254,609,333,8,21,2,16,3,2
"784","2020-03-15",0,10,0,0,5253,0.965924233771178,2130,7254,609,333,11,32,NA,NA,5,NA
"785","2020-03-16",1,10,27,21,5253,0.965924233771178,2130,7254,609,333,5,37,2,18,1,2
"786","2020-03-17",2,10,25,29,5253,0.965924233771178,2130,7254,609,333,10,47,4,22,6,4
"787","2020-03-18",3,10,21,33,5253,0.965924233771178,2130,7254,609,333,12,59,3,25,7,3
"788","2020-03-19",7,10,18,42,5253,0.965924233771178,2130,7254,609,333,9,68,2,27,5,2
"789","2020-03-20",9,10,16,45,5253,0.965924233771178,2130,7254,609,333,8,76,7,34,5,7
"790","2020-03-21",12,10,10,56,5253,0.965924233771178,2130,7254,609,333,20,96,6,40,11,6
"791","2020-03-22",14,10,14,67,5253,0.965924233771178,2130,7254,609,333,18,114,5,45,13,5
"792","2020-03-23",17,10,12,78,5253,0.965924233771178,2130,7254,609,333,15,129,4,49,11,4
"793","2020-03-24",20,10,18,85,5253,0.965924233771178,2130,7254,609,333,17,146,7,56,12,7
"794","2020-03-25",25,10,21,100,5253,0.965924233771178,2130,7254,609,333,22,168,2,58,13,2
"795","2020-03-26",23,10,29,116,5253,0.965924233771178,2130,7254,609,333,23,191,1,59,20,1
"796","2020-03-27",28,10,31,131,5253,0.965924233771178,2130,7254,609,333,21,212,5,64,17,5
"797","2020-03-28",34,10,33,142,5253,0.965924233771178,2130,7254,609,333,32,244,5,69,22,5
"798","2020-03-29",39,10,39,163,5253,0.965924233771178,2130,7254,609,333,20,264,5,74,17,5
"799","2020-03-30",39,10,33,178,5253,0.965924233771178,2130,7254,609,333,25,289,5,79,22,5
"800","2020-03-31",43,10,33,206,5253,0.965924233771178,2130,7254,609,333,29,318,8,87,26,8
"801","2020-04-01",44,10,38,215,5253,0.965924233771178,2130,7254,609,333,31,349,4,91,26,4
"802","2020-04-02",49,10,40,247,5253,0.965924233771178,2130,7254,609,333,35,384,9,100,26,9
"803","2020-04-03",65,10,35,286,5253,0.965924233771178,2130,7254,609,333,36,420,6,106,22,6
"804","2020-04-04",88,10,42,311,5253,0.965924233771178,2130,7254,609,333,37,457,6,112,34,6
"805","2020-04-05",86,10,48,345,5253,0.965924233771178,2130,7254,609,333,35,492,3,115,24,3
"806","2020-04-06",91,10,44,384,5253,0.965924233771178,2130,7254,609,333,46,538,4,119,38,4
"807","2020-04-07",97,10,42,438,5253,0.965924233771178,2130,7254,609,333,37,575,6,125,25,6
"808","2020-04-08",108,10,42,480,5253,0.965924233771178,2130,7254,609,333,22,597,15,140,18,15
"809","2020-04-09",111,10,48,512,5253,0.965924233771178,2130,7254,609,333,52,649,9,149,47,9
"810","2020-04-10",134,10,42,569,5253,0.965924233771178,2130,7254,609,333,42,691,13,162,34,13
"811","2020-04-11",153,10,43,631,5253,0.965924233771178,2130,7254,609,333,48,739,8,170,43,8
"812","2020-04-12",164,10,33,667,5253,0.965924233771178,2130,7254,609,333,52,791,8,178,41,8
"813","2020-04-13",173,10,46,737,5253,0.965924233771178,2130,7254,609,333,60,851,7,185,52,7
"814","2020-04-14",186,10,40,775,5253,0.965924233771178,2130,7254,609,333,57,908,3,188,49,3
"815","2020-04-15",199,10,46,860,5253,0.965924233771178,2130,7254,609,333,68,976,2,190,60,2
"816","2020-04-16",214,10,50,934,5253,0.965924233771178,2130,7254,609,333,49,1025,3,193,47,3
"817","2020-04-17",265,10,52,1000,5253,0.965924233771178,2130,7254,609,333,62,1087,8,201,54,8
"818","2020-04-18",307,10,54,1085,5253,0.965924233771178,2130,7254,609,333,74,1161,5,206,59,5
"819","2020-04-19",318,10,55,1146,5253,0.965924233771178,2130,7254,609,333,67,1228,4,210,54,4
"820","2020-04-20",314,10,63,1208,5253,0.965924233771178,2130,7254,609,333,58,1286,3,213,50,3
"821","2020-04-21",317,10,71,1269,5253,0.965924233771178,2130,7254,609,333,72,1358,4,217,64,4
"822","2020-04-22",345,10,71,1342,5253,0.965924233771178,2130,7254,609,333,73,1431,5,222,69,5
"823","2020-04-23",368,10,75,1416,5253,0.965924233771178,2130,7254,609,333,63,1494,14,236,58,14
"824","2020-04-24",457,10,77,1456,5253,0.965924233771178,2130,7254,609,333,58,1552,14,250,52,14
"825","2020-04-25",445,10,76,1482,5253,0.965924233771178,2130,7254,609,333,58,1610,13,263,52,13
"826","2020-04-26",510,10,86,1507,5253,0.965924233771178,2130,7254,609,333,68,1678,13,276,58,13
"827","2020-04-27",520,10,90,1513,5253,0.965924233771178,2130,7254,609,333,58,1736,7,283,52,7
"828","2020-04-28",500,10,90,1507,5253,0.965924233771178,2130,7254,609,333,61,1797,5,288,54,5
"829","2020-04-29",487,10,101,1509,5253,0.965924233771178,2130,7254,609,333,64,1861,14,302,56,14
"830","2020-04-30",500,10,104,1488,5253,0.965924233771178,2130,7254,609,333,62,1923,6,308,56,6
"831","2020-05-01",580,10,97,1505,5253,0.965924233771178,2130,7254,609,333,77,2000,7,315,71,7
"832","2020-05-02",582,10,107,1512,5253,0.965924233771178,2130,7254,609,333,70,2070,7,322,63,7
"833","2020-05-03",491,10,113,1474,5253,0.965924233771178,2130,7254,609,333,66,2136,9,331,60,9
"834","2020-05-04",493,10,110,1469,5253,0.965924233771178,2130,7254,609,333,54,2190,9,340,48,9
"835","2020-05-05",506,10,112,1426,5253,0.965924233771178,2130,7254,609,333,64,2254,12,352,54,12
"836","2020-05-06",522,10,114,1364,5253,0.965924233771178,2130,7254,609,333,59,2313,5,357,52,5
"837","2020-05-07",515,10,116,1324,5253,0.965924233771178,2130,7254,609,333,61,2374,3,360,55,3
"838","2020-05-08",488,10,107,1304,5253,0.965924233771178,2130,7254,609,333,52,2426,14,374,45,14
"839","2020-05-09",489,10,93,1207,5253,0.965924233771178,2130,7254,609,333,54,2480,11,385,49,11
"840","2020-05-10",452,10,94,1162,5253,0.965924233771178,2130,7254,609,333,37,2517,18,403,34,18
"841","2020-05-11",439,10,96,1100,5253,0.965924233771178,2130,7254,609,333,51,2568,8,411,47,8
"842","2020-05-12",426,10,85,1046,5253,0.965924233771178,2130,7254,609,333,47,2615,11,422,43,11
"843","2020-05-13",395,10,91,970,5253,0.965924233771178,2130,7254,609,333,51,2666,3,425,47,3
"844","2020-05-14",376,10,88,903,5253,0.965924233771178,2130,7254,609,333,33,2699,13,438,27,13
"845","2020-05-15",364,10,78,852,5253,0.965924233771178,2130,7254,609,333,37,2736,8,446,30,8
"846","2020-05-16",344,10,78,779,5253,0.965924233771178,2130,7254,609,333,36,2772,17,463,35,17
"847","2020-05-17",306,10,68,735,5253,0.965924233771178,2130,7254,609,333,45,2817,9,472,40,9
"848","2020-05-18",286,10,64,698,5253,0.965924233771178,2130,7254,609,333,34,2851,5,477,31,5
"849","2020-05-19",270,10,59,645,5253,0.965924233771178,2130,7254,609,333,27,2878,1,478,26,1
"850","2020-05-20",265,10,65,587,5253,0.965924233771178,2130,7254,609,333,33,2911,6,484,31,6
"851","2020-05-21",255,10,52,549,5253,0.965924233771178,2130,7254,609,333,26,2937,4,488,21,4
"852","2020-05-22",215,10,55,509,5253,0.965924233771178,2130,7254,609,333,24,2961,4,492,21,4
"853","2020-05-23",196,10,60,455,5253,0.965924233771178,2130,7254,609,333,25,2986,12,504,22,12
"854","2020-05-24",184,10,65,421,5253,0.965924233771178,2130,7254,609,333,23,3009,11,515,21,11
"855","2020-05-25",188,10,69,382,5253,0.965924233771178,2130,7254,609,333,26,3035,10,525,24,10
"856","2020-05-26",166,10,70,335,5253,0.965924233771178,2130,7254,609,333,28,3063,12,537,23,12
"857","2020-05-27",153,10,76,307,5253,0.965924233771178,2130,7254,609,333,25,3088,11,548,21,11
"858","2020-05-28",136,10,73,284,5253,0.965924233771178,2130,7254,609,333,25,3113,7,555,18,7
"859","2020-05-29",119,10,71,265,5253,0.965924233771178,2130,7254,609,333,28,3141,9,564,24,9
"860","2020-05-30",117,10,80,245,5253,0.965924233771178,2130,7254,609,333,27,3168,10,574,26,10
"861","2020-05-31",100,10,71,210,5253,0.965924233771178,2130,7254,609,333,16,3184,5,579,15,5
"862","2020-06-01",81,10,61,184,5253,0.965924233771178,2130,7254,609,333,17,3201,12,591,14,12
"863","2020-06-02",78,10,55,168,5253,0.965924233771178,2130,7254,609,333,16,3217,9,600,12,9
"864","2020-06-03",69,10,53,154,5253,0.965924233771178,2130,7254,609,333,14,3231,7,607,13,7
"865","2020-06-04",67,10,45,145,5253,0.965924233771178,2130,7254,609,333,12,3243,12,619,10,12
"866","2020-06-05",64,10,37,131,5253,0.965924233771178,2130,7254,609,333,12,3255,2,621,9,2
"867","2020-06-06",57,10,42,117,5253,0.965924233771178,2130,7254,609,333,24,3279,4,625,21,4
"868","2020-06-07",45,10,31,102,5253,0.965924233771178,2130,7254,609,333,16,3295,6,631,12,6
"869","2020-03-13",1,11,18,24,5023,0.875572367111288,2100,7038,486,312,17,37,13,34,4,13
"870","2020-03-14",1,11,23,44,5023,0.875572367111288,2100,7038,486,312,5,42,11,45,1,11
"871","2020-03-15",1,11,17,59,5023,0.875572367111288,2100,7038,486,312,16,58,9,54,6,9
"872","2020-03-16",3,11,19,72,5023,0.875572367111288,2100,7038,486,312,22,80,11,65,10,11
"873","2020-03-17",6,11,16,94,5023,0.875572367111288,2100,7038,486,312,21,101,9,74,7,9
"874","2020-03-18",7,11,17,126,5023,0.875572367111288,2100,7038,486,312,27,128,20,94,14,20
"875","2020-03-19",12,11,22,153,5023,0.875572367111288,2100,7038,486,312,22,150,16,110,15,16
"876","2020-03-20",16,11,19,165,5023,0.875572367111288,2100,7038,486,312,29,179,17,127,22,17
"877","2020-03-21",36,11,16,198,5023,0.875572367111288,2100,7038,486,312,33,212,8,135,23,8
"878","2020-03-22",46,11,21,235,5023,0.875572367111288,2100,7038,486,312,22,234,11,146,14,11
"879","2020-03-23",45,11,21,259,5023,0.875572367111288,2100,7038,486,312,22,256,18,164,16,18
"880","2020-03-24",49,11,16,293,5023,0.875572367111288,2100,7038,486,312,40,296,15,179,29,15
"881","2020-03-25",60,11,22,325,5023,0.875572367111288,2100,7038,486,312,40,336,13,192,27,13
"882","2020-03-26",67,11,18,355,5023,0.875572367111288,2100,7038,486,312,25,361,16,208,18,16
"883","2020-03-27",96,11,27,394,5023,0.875572367111288,2100,7038,486,312,39,400,20,228,24,20
"884","2020-03-28",111,11,28,426,5023,0.875572367111288,2100,7038,486,312,31,431,9,237,22,9
"885","2020-03-29",118,11,33,455,5023,0.875572367111288,2100,7038,486,312,44,475,15,252,30,15
"886","2020-03-30",123,11,42,491,5023,0.875572367111288,2100,7038,486,312,47,522,13,265,36,13
"887","2020-03-31",131,11,45,508,5023,0.875572367111288,2100,7038,486,312,46,568,15,280,38,15
"888","2020-04-01",143,11,55,565,5023,0.875572367111288,2100,7038,486,312,45,613,20,300,34,20
"889","2020-04-02",154,11,62,608,5023,0.875572367111288,2100,7038,486,312,44,657,29,329,30,29
"890","2020-04-03",186,11,63,646,5023,0.875572367111288,2100,7038,486,312,55,712,21,350,35,21
"891","2020-04-04",204,11,61,702,5023,0.875572367111288,2100,7038,486,312,45,757,26,376,31,26
"892","2020-04-05",232,11,49,746,5023,0.875572367111288,2100,7038,486,312,50,807,22,398,35,22
"893","2020-04-06",235,11,48,786,5023,0.875572367111288,2100,7038,486,312,54,861,27,425,44,27
"894","2020-04-07",226,11,38,844,5023,0.875572367111288,2100,7038,486,312,47,908,22,447,32,22
"895","2020-04-08",233,11,41,875,5023,0.875572367111288,2100,7038,486,312,53,961,21,468,42,21
"896","2020-04-09",248,11,39,900,5023,0.875572367111288,2100,7038,486,312,54,1015,31,499,45,31
"897","2020-04-10",306,11,32,964,5023,0.875572367111288,2100,7038,486,312,55,1070,35,534,38,35
"898","2020-04-11",328,11,32,980,5023,0.875572367111288,2100,7038,486,312,52,1122,21,555,35,21
"899","2020-04-12",313,11,33,1010,5023,0.875572367111288,2100,7038,486,312,40,1162,25,580,27,25
"900","2020-04-13",315,11,33,1064,5023,0.875572367111288,2100,7038,486,312,44,1206,24,604,37,24
"901","2020-04-14",337,11,28,1083,5023,0.875572367111288,2100,7038,486,312,60,1266,35,639,51,35
"902","2020-04-15",329,11,25,1091,5023,0.875572367111288,2100,7038,486,312,41,1307,34,673,36,34
"903","2020-04-16",350,11,32,1147,5023,0.875572367111288,2100,7038,486,312,52,1359,42,715,42,42
"904","2020-04-17",404,11,46,1152,5023,0.875572367111288,2100,7038,486,312,50,1409,28,743,36,28
"905","2020-04-18",410,11,57,1196,5023,0.875572367111288,2100,7038,486,312,48,1457,29,772,40,29
"906","2020-04-19",380,11,57,1213,5023,0.875572367111288,2100,7038,486,312,55,1512,47,819,44,47
"907","2020-04-20",370,11,75,1191,5023,0.875572367111288,2100,7038,486,312,49,1561,30,849,37,30
"908","2020-04-21",364,11,78,1179,5023,0.875572367111288,2100,7038,486,312,35,1596,31,880,25,31
"909","2020-04-22",378,11,70,1190,5023,0.875572367111288,2100,7038,486,312,38,1634,25,905,25,25
"910","2020-04-23",364,11,61,1190,5023,0.875572367111288,2100,7038,486,312,60,1694,33,938,49,33
"911","2020-04-24",397,11,55,1169,5023,0.875572367111288,2100,7038,486,312,55,1749,39,977,42,39
"912","2020-04-25",397,11,53,1155,5023,0.875572367111288,2100,7038,486,312,49,1798,44,1021,39,44
"913","2020-04-26",391,11,70,1124,5023,0.875572367111288,2100,7038,486,312,41,1839,33,1054,33,33
"914","2020-04-27",395,11,65,1084,5023,0.875572367111288,2100,7038,486,312,46,1885,38,1092,27,38
"915","2020-04-28",387,11,83,1067,5023,0.875572367111288,2100,7038,486,312,44,1929,37,1129,33,37
"916","2020-04-29",381,11,95,1034,5023,0.875572367111288,2100,7038,486,312,37,1966,41,1170,28,41
"917","2020-04-30",371,11,99,1012,5023,0.875572367111288,2100,7038,486,312,49,2015,42,1212,38,42
"918","2020-05-01",359,11,91,989,5023,0.875572367111288,2100,7038,486,312,45,2060,39,1251,35,39
"919","2020-05-02",349,11,77,950,5023,0.875572367111288,2100,7038,486,312,48,2108,37,1288,38,37
"920","2020-05-03",320,11,87,905,5023,0.875572367111288,2100,7038,486,312,39,2147,24,1312,32,24
"921","2020-05-04",316,11,69,852,5023,0.875572367111288,2100,7038,486,312,46,2193,26,1338,36,26
"922","2020-05-05",307,11,84,812,5023,0.875572367111288,2100,7038,486,312,42,2235,26,1364,33,26
"923","2020-05-06",307,11,77,800,5023,0.875572367111288,2100,7038,486,312,41,2276,13,1377,33,13
"924","2020-05-07",296,11,75,771,5023,0.875572367111288,2100,7038,486,312,37,2313,37,1414,24,37
"925","2020-05-08",268,11,71,751,5023,0.875572367111288,2100,7038,486,312,57,2370,43,1457,43,43
"926","2020-05-09",274,11,60,734,5023,0.875572367111288,2100,7038,486,312,34,2404,29,1486,24,29
"927","2020-05-10",249,11,54,721,5023,0.875572367111288,2100,7038,486,312,39,2443,40,1526,31,40
"928","2020-05-11",234,11,54,701,5023,0.875572367111288,2100,7038,486,312,37,2480,32,1558,30,32
"929","2020-05-12",222,11,52,672,5023,0.875572367111288,2100,7038,486,312,35,2515,47,1605,24,47
"930","2020-05-13",224,11,46,645,5023,0.875572367111288,2100,7038,486,312,42,2557,36,1641,36,36
"931","2020-05-14",236,11,48,608,5023,0.875572367111288,2100,7038,486,312,39,2596,33,1674,33,33
"932","2020-05-15",251,11,48,582,5023,0.875572367111288,2100,7038,486,312,39,2635,32,1706,32,32
"933","2020-05-16",237,11,64,558,5023,0.875572367111288,2100,7038,486,312,33,2668,26,1732,21,26
"934","2020-05-17",236,11,70,529,5023,0.875572367111288,2100,7038,486,312,32,2700,47,1779,26,47
"935","2020-05-18",233,11,71,498,5023,0.875572367111288,2100,7038,486,312,41,2741,30,1809,33,30
"936","2020-05-19",222,11,73,469,5023,0.875572367111288,2100,7038,486,312,36,2777,35,1844,29,35
"937","2020-05-20",206,11,73,431,5023,0.875572367111288,2100,7038,486,312,27,2804,36,1880,22,36
"938","2020-05-21",188,11,69,395,5023,0.875572367111288,2100,7038,486,312,26,2830,40,1920,18,40
"939","2020-05-22",165,11,71,367,5023,0.875572367111288,2100,7038,486,312,35,2865,31,1951,23,31
"940","2020-05-23",163,11,70,343,5023,0.875572367111288,2100,7038,486,312,33,2898,34,1985,24,34
"941","2020-05-24",129,11,76,311,5023,0.875572367111288,2100,7038,486,312,26,2924,26,2011,19,26
"942","2020-05-25",117,11,80,282,5023,0.875572367111288,2100,7038,486,312,22,2946,40,2051,18,40
"943","2020-05-26",107,11,79,278,5023,0.875572367111288,2100,7038,486,312,25,2971,29,2080,16,29
"944","2020-05-27",100,11,70,256,5023,0.875572367111288,2100,7038,486,312,25,2996,40,2120,19,40
"945","2020-05-28",87,11,72,255,5023,0.875572367111288,2100,7038,486,312,25,3021,26,2146,22,26
"946","2020-05-29",78,11,69,229,5023,0.875572367111288,2100,7038,486,312,19,3040,37,2183,17,37
"947","2020-05-30",64,11,70,220,5023,0.875572367111288,2100,7038,486,312,18,3058,22,2205,14,22
"948","2020-05-31",67,11,59,213,5023,0.875572367111288,2100,7038,486,312,23,3081,28,2233,18,28
"949","2020-06-01",61,11,55,200,5023,0.875572367111288,2100,7038,486,312,14,3095,30,2263,12,30
"950","2020-06-02",57,11,52,185,5023,0.875572367111288,2100,7038,486,312,17,3112,33,2296,15,33
"951","2020-06-03",55,11,50,171,5023,0.875572367111288,2100,7038,486,312,21,3133,15,2311,15,15
"952","2020-06-04",55,11,44,168,5023,0.875572367111288,2100,7038,486,312,6,3139,18,2329,5,18
"953","2020-06-05",54,11,40,153,5023,0.875572367111288,2100,7038,486,312,14,3153,18,2347,10,18
"954","2020-06-06",55,11,44,153,5023,0.875572367111288,2100,7038,486,312,13,3166,16,2363,8,16
"955","2020-06-07",51,11,38,152,5023,0.875572367111288,2100,7038,486,312,10,3176,20,2383,8,20
"956","2020-03-14",1,12,9,39,2599,0.649480569449788,2115,5866,259,265,18,39,5,22,8,5
"957","2020-03-15",2,12,8,52,2599,0.649480569449788,2115,5866,259,265,6,45,5,27,4,5
"958","2020-03-16",3,12,11,77,2599,0.649480569449788,2115,5866,259,265,13,58,11,38,8,11
"959","2020-03-17",7,12,24,90,2599,0.649480569449788,2115,5866,259,265,13,71,20,58,7,20
"960","2020-03-18",13,12,22,114,2599,0.649480569449788,2115,5866,259,265,13,84,9,67,9,9
"961","2020-03-19",17,12,23,133,2599,0.649480569449788,2115,5866,259,265,13,97,6,73,11,6
"962","2020-03-20",23,12,24,152,2599,0.649480569449788,2115,5866,259,265,25,122,11,84,19,11
"963","2020-03-21",36,12,25,158,2599,0.649480569449788,2115,5866,259,265,15,137,2,86,11,2
"964","2020-03-22",56,12,24,175,2599,0.649480569449788,2115,5866,259,265,27,164,6,92,24,6
"965","2020-03-23",58,12,28,192,2599,0.649480569449788,2115,5866,259,265,25,189,5,97,23,5
"966","2020-03-24",58,12,27,215,2599,0.649480569449788,2115,5866,259,265,24,213,8,105,22,8
"967","2020-03-25",57,12,22,223,2599,0.649480569449788,2115,5866,259,265,32,245,8,113,24,8
"968","2020-03-26",59,12,28,232,2599,0.649480569449788,2115,5866,259,265,17,262,12,125,12,12
"969","2020-03-27",78,12,29,254,2599,0.649480569449788,2115,5866,259,265,25,287,14,139,19,14
"970","2020-03-28",80,12,29,271,2599,0.649480569449788,2115,5866,259,265,26,313,5,144,23,5
"971","2020-03-29",66,12,28,281,2599,0.649480569449788,2115,5866,259,265,26,339,7,151,19,7
"972","2020-03-30",72,12,38,292,2599,0.649480569449788,2115,5866,259,265,22,361,19,170,17,19
"973","2020-03-31",77,12,40,283,2599,0.649480569449788,2115,5866,259,265,42,403,18,188,34,18
"974","2020-04-01",88,12,47,294,2599,0.649480569449788,2115,5866,259,265,43,446,12,200,35,12
"975","2020-04-02",90,12,46,317,2599,0.649480569449788,2115,5866,259,265,35,481,9,209,30,9
"976","2020-04-03",111,12,43,315,2599,0.649480569449788,2115,5866,259,265,31,512,9,218,21,9
"977","2020-04-04",110,12,40,333,2599,0.649480569449788,2115,5866,259,265,30,542,9,227,27,9
"978","2020-04-05",126,12,41,337,2599,0.649480569449788,2115,5866,259,265,39,581,3,230,30,3
"979","2020-04-06",118,12,42,353,2599,0.649480569449788,2115,5866,259,265,43,624,3,233,37,3
"980","2020-04-07",115,12,47,375,2599,0.649480569449788,2115,5866,259,265,29,653,7,240,26,7
"981","2020-04-08",111,12,45,381,2599,0.649480569449788,2115,5866,259,265,35,688,6,246,28,6
"982","2020-04-09",115,12,51,377,2599,0.649480569449788,2115,5866,259,265,44,732,5,251,40,5
"983","2020-04-10",115,12,57,383,2599,0.649480569449788,2115,5866,259,265,39,771,13,264,35,13
"984","2020-04-11",126,12,65,385,2599,0.649480569449788,2115,5866,259,265,42,813,18,282,35,18
"985","2020-04-12",121,12,65,395,2599,0.649480569449788,2115,5866,259,265,29,842,7,289,28,7
"986","2020-04-13",120,12,64,394,2599,0.649480569449788,2115,5866,259,265,43,885,4,293,35,4
"987","2020-04-14",111,12,67,391,2599,0.649480569449788,2115,5866,259,265,37,922,4,297,35,4
"988","2020-04-15",118,12,66,405,2599,0.649480569449788,2115,5866,259,265,30,952,19,316,25,19
"989","2020-04-16",122,12,69,415,2599,0.649480569449788,2115,5866,259,265,56,1008,10,326,47,10
"990","2020-04-17",141,12,63,427,2599,0.649480569449788,2115,5866,259,265,38,1046,3,329,33,3
"991","2020-04-18",151,12,69,439,2599,0.649480569449788,2115,5866,259,265,34,1080,5,334,29,5
"992","2020-04-19",141,12,64,445,2599,0.649480569449788,2115,5866,259,265,43,1123,13,347,37,13
"993","2020-04-20",141,12,74,455,2599,0.649480569449788,2115,5866,259,265,52,1175,6,353,41,6
"994","2020-04-21",146,12,81,463,2599,0.649480569449788,2115,5866,259,265,44,1219,4,357,38,4
"995","2020-04-22",143,12,82,475,2599,0.649480569449788,2115,5866,259,265,38,1257,4,361,33,4
"996","2020-04-23",143,12,91,470,2599,0.649480569449788,2115,5866,259,265,46,1303,3,364,39,3
"997","2020-04-24",142,12,90,468,2599,0.649480569449788,2115,5866,259,265,40,1343,7,371,30,7
"998","2020-04-25",147,12,88,466,2599,0.649480569449788,2115,5866,259,265,43,1386,20,391,41,20
"999","2020-04-26",146,12,91,459,2599,0.649480569449788,2115,5866,259,265,48,1434,17,408,43,17
"1000","2020-04-27",148,12,85,452,2599,0.649480569449788,2115,5866,259,265,38,1472,3,411,30,3
"1001","2020-04-28",150,12,81,460,2599,0.649480569449788,2115,5866,259,265,52,1524,3,414,48,3
"1002","2020-04-29",146,12,76,455,2599,0.649480569449788,2115,5866,259,265,30,1554,14,428,25,14
"1003","2020-04-30",149,12,80,443,2599,0.649480569449788,2115,5866,259,265,46,1600,15,443,39,15
"1004","2020-05-01",164,12,88,435,2599,0.649480569449788,2115,5866,259,265,50,1650,11,454,39,11
"1005","2020-05-02",158,12,76,434,2599,0.649480569449788,2115,5866,259,265,43,1693,7,461,36,7
"1006","2020-05-03",148,12,78,428,2599,0.649480569449788,2115,5866,259,265,42,1735,4,465,36,4
"1007","2020-05-04",141,12,77,422,2599,0.649480569449788,2115,5866,259,265,31,1766,6,471,27,6
"1008","2020-05-05",128,12,69,426,2599,0.649480569449788,2115,5866,259,265,34,1800,12,483,29,12
"1009","2020-05-06",134,12,74,421,2599,0.649480569449788,2115,5866,259,265,34,1834,6,489,28,6
"1010","2020-05-07",130,12,83,421,2599,0.649480569449788,2115,5866,259,265,42,1876,16,505,36,16
"1011","2020-05-08",132,12,89,415,2599,0.649480569449788,2115,5866,259,265,44,1920,3,508,40,3
"1012","2020-05-09",139,12,82,411,2599,0.649480569449788,2115,5866,259,265,47,1967,6,514,41,6
"1013","2020-05-10",131,12,81,401,2599,0.649480569449788,2115,5866,259,265,38,2005,13,527,36,13
"1014","2020-05-11",133,12,80,389,2599,0.649480569449788,2115,5866,259,265,42,2047,23,550,37,23
"1015","2020-05-12",141,12,81,378,2599,0.649480569449788,2115,5866,259,265,36,2083,5,555,32,5
"1016","2020-05-13",139,12,85,368,2599,0.649480569449788,2115,5866,259,265,32,2115,3,558,28,3
"1017","2020-05-14",133,12,84,361,2599,0.649480569449788,2115,5866,259,265,45,2160,5,563,37,5
"1018","2020-05-15",132,12,70,364,2599,0.649480569449788,2115,5866,259,265,29,2189,2,565,26,2
"1019","2020-05-16",129,12,66,347,2599,0.649480569449788,2115,5866,259,265,32,2221,2,567,29,2
"1020","2020-05-17",123,12,59,329,2599,0.649480569449788,2115,5866,259,265,38,2259,16,583,34,16
"1021","2020-05-18",121,12,58,321,2599,0.649480569449788,2115,5866,259,265,22,2281,16,599,21,16
"1022","2020-05-19",112,12,64,305,2599,0.649480569449788,2115,5866,259,265,35,2316,13,612,26,13
"1023","2020-05-20",106,12,70,293,2599,0.649480569449788,2115,5866,259,265,24,2340,14,626,19,14
"1024","2020-05-21",109,12,55,276,2599,0.649480569449788,2115,5866,259,265,27,2367,13,639,25,13
"1025","2020-05-22",109,12,56,257,2599,0.649480569449788,2115,5866,259,265,23,2390,6,645,19,6
"1026","2020-05-23",110,12,57,245,2599,0.649480569449788,2115,5866,259,265,27,2417,6,651,22,6
"1027","2020-05-24",98,12,54,242,2599,0.649480569449788,2115,5866,259,265,32,2449,11,662,28,11
"1028","2020-05-25",88,12,41,231,2599,0.649480569449788,2115,5866,259,265,22,2471,5,667,19,5
"1029","2020-05-26",85,12,40,227,2599,0.649480569449788,2115,5866,259,265,30,2501,7,674,26,7
"1030","2020-05-27",85,12,38,205,2599,0.649480569449788,2115,5866,259,265,23,2524,11,685,19,11
"1031","2020-05-28",81,12,34,203,2599,0.649480569449788,2115,5866,259,265,20,2544,2,687,20,2
"1032","2020-05-29",86,12,39,203,2599,0.649480569449788,2115,5866,259,265,26,2570,2,689,17,2
"1033","2020-05-30",80,12,50,196,2599,0.649480569449788,2115,5866,259,265,22,2592,10,699,20,10
"1034","2020-05-31",75,12,53,196,2599,0.649480569449788,2115,5866,259,265,18,2610,3,702,16,3
"1035","2020-06-01",70,12,48,188,2599,0.649480569449788,2115,5866,259,265,18,2628,2,704,15,2
"1036","2020-06-02",64,12,45,179,2599,0.649480569449788,2115,5866,259,265,23,2651,2,706,18,2
"1037","2020-06-03",61,12,42,163,2599,0.649480569449788,2115,5866,259,265,12,2663,2,708,8,2
"1038","2020-06-04",53,12,41,162,2599,0.649480569449788,2115,5866,259,265,9,2672,2,710,6,2
"1039","2020-06-05",51,12,44,165,2599,0.649480569449788,2115,5866,259,265,14,2686,4,714,11,4
"1040","2020-06-06",54,12,43,156,2599,0.649480569449788,2115,5866,259,265,19,2705,3,717,19,3
"1041","2020-06-07",50,12,48,155,2599,0.649480569449788,2115,5866,259,265,15,2720,3,720,12,3
"1042","2020-03-08",1,13,0,0,5197,0.956320954396767,2055,7206,522,316,NA,NA,NA,NA,NA,NA
"1043","2020-03-09",1,13,0,0,5197,0.956320954396767,2055,7206,522,316,NA,NA,NA,NA,NA,NA
"1044","2020-03-10",0,13,0,0,5197,0.956320954396767,2055,7206,522,316,NA,NA,1,1,NA,1
"1045","2020-03-11",0,13,0,0,5197,0.956320954396767,2055,7206,522,316,7,7,NA,NA,NA,NA
"1046","2020-03-12",0,13,0,0,5197,0.956320954396767,2055,7206,522,316,7,14,2,3,1,2
"1047","2020-03-13",1,13,6,18,5197,0.956320954396767,2055,7206,522,316,7,21,3,6,1,3
"1048","2020-03-14",1,13,11,28,5197,0.956320954396767,2055,7206,522,316,6,27,8,14,1,8
"1049","2020-03-15",1,13,12,38,5197,0.956320954396767,2055,7206,522,316,9,36,1,15,3,1
"1050","2020-03-16",2,13,14,43,5197,0.956320954396767,2055,7206,522,316,8,44,5,20,4,5
"1051","2020-03-17",3,13,18,54,5197,0.956320954396767,2055,7206,522,316,12,56,4,24,9,4
"1052","2020-03-18",5,13,16,72,5197,0.956320954396767,2055,7206,522,316,10,66,1,25,7,1
"1053","2020-03-19",8,13,19,83,5197,0.956320954396767,2055,7206,522,316,14,80,1,26,9,1
"1054","2020-03-20",16,13,20,89,5197,0.956320954396767,2055,7206,522,316,18,98,6,32,14,6
"1055","2020-03-21",24,13,21,109,5197,0.956320954396767,2055,7206,522,316,17,115,7,39,10,7
"1056","2020-03-22",31,13,25,129,5197,0.956320954396767,2055,7206,522,316,21,136,4,43,14,4
"1057","2020-03-23",32,13,36,148,5197,0.956320954396767,2055,7206,522,316,18,154,4,47,15,4
"1058","2020-03-24",36,13,38,169,5197,0.956320954396767,2055,7206,522,316,22,176,5,52,15,5
"1059","2020-03-25",43,13,41,185,5197,0.956320954396767,2055,7206,522,316,23,199,1,53,18,1
"1060","2020-03-26",52,13,40,220,5197,0.956320954396767,2055,7206,522,316,28,227,2,55,22,2
"1061","2020-03-27",53,13,48,231,5197,0.956320954396767,2055,7206,522,316,32,259,3,58,26,3
"1062","2020-03-28",60,13,48,256,5197,0.956320954396767,2055,7206,522,316,42,301,2,60,32,2
"1063","2020-03-29",76,13,49,279,5197,0.956320954396767,2055,7206,522,316,32,333,9,69,24,9
"1064","2020-03-30",84,13,46,318,5197,0.956320954396767,2055,7206,522,316,35,368,5,74,23,5
"1065","2020-03-31",85,13,48,339,5197,0.956320954396767,2055,7206,522,316,37,405,12,86,32,12
"1066","2020-04-01",87,13,47,372,5197,0.956320954396767,2055,7206,522,316,43,448,13,99,37,13
"1067","2020-04-02",90,13,42,407,5197,0.956320954396767,2055,7206,522,316,42,490,4,103,39,4
"1068","2020-04-03",119,13,52,444,5197,0.956320954396767,2055,7206,522,316,36,526,3,106,33,3
"1069","2020-04-04",130,13,65,485,5197,0.956320954396767,2055,7206,522,316,40,566,9,115,32,9
"1070","2020-04-05",132,13,64,530,5197,0.956320954396767,2055,7206,522,316,44,610,3,118,39,3
"1071","2020-04-06",134,13,68,577,5197,0.956320954396767,2055,7206,522,316,34,644,9,127,32,9
"1072","2020-04-07",131,13,61,616,5197,0.956320954396767,2055,7206,522,316,51,695,5,132,40,5
"1073","2020-04-08",156,13,59,676,5197,0.956320954396767,2055,7206,522,316,60,755,4,136,51,4
"1074","2020-04-09",162,13,60,725,5197,0.956320954396767,2055,7206,522,316,57,812,6,142,50,6
"1075","2020-04-10",189,13,59,782,5197,0.956320954396767,2055,7206,522,316,43,855,16,158,37,16
"1076","2020-04-11",201,13,61,859,5197,0.956320954396767,2055,7206,522,316,60,915,7,165,49,7
"1077","2020-04-12",232,13,66,905,5197,0.956320954396767,2055,7206,522,316,62,977,4,169,55,4
"1078","2020-04-13",242,13,76,966,5197,0.956320954396767,2055,7206,522,316,65,1042,4,173,56,4
"1079","2020-04-14",253,13,67,995,5197,0.956320954396767,2055,7206,522,316,51,1093,6,179,43,6
"1080","2020-04-15",262,13,68,1082,5197,0.956320954396767,2055,7206,522,316,50,1143,6,185,43,6
"1081","2020-04-16",281,13,67,1124,5197,0.956320954396767,2055,7206,522,316,59,1202,10,195,52,10
"1082","2020-04-17",368,13,68,1148,5197,0.956320954396767,2055,7206,522,316,57,1259,13,208,54,13
"1083","2020-04-18",399,13,68,1222,5197,0.956320954396767,2055,7206,522,316,81,1340,15,223,72,15
"1084","2020-04-19",378,13,71,1252,5197,0.956320954396767,2055,7206,522,316,68,1408,8,231,55,8
"1085","2020-04-20",386,13,73,1283,5197,0.956320954396767,2055,7206,522,316,58,1466,11,242,47,11
"1086","2020-04-21",387,13,72,1311,5197,0.956320954396767,2055,7206,522,316,53,1519,11,253,43,11
"1087","2020-04-22",378,13,69,1335,5197,0.956320954396767,2055,7206,522,316,77,1596,7,260,68,7
"1088","2020-04-23",383,13,73,1371,5197,0.956320954396767,2055,7206,522,316,55,1651,10,270,51,10
"1089","2020-04-24",446,13,80,1388,5197,0.956320954396767,2055,7206,522,316,64,1715,8,278,54,8
"1090","2020-04-25",467,13,83,1412,5197,0.956320954396767,2055,7206,522,316,72,1787,11,289,65,11
"1091","2020-04-26",447,13,77,1410,5197,0.956320954396767,2055,7206,522,316,50,1837,8,297,46,8
"1092","2020-04-27",445,13,73,1379,5197,0.956320954396767,2055,7206,522,316,49,1886,15,312,42,15
"1093","2020-04-28",441,13,69,1391,5197,0.956320954396767,2055,7206,522,316,41,1927,16,328,35,16
"1094","2020-04-29",455,13,73,1362,5197,0.956320954396767,2055,7206,522,316,50,1977,13,341,43,13
"1095","2020-04-30",471,13,86,1311,5197,0.956320954396767,2055,7206,522,316,78,2055,20,361,71,20
"1096","2020-05-01",503,13,90,1256,5197,0.956320954396767,2055,7206,522,316,51,2106,10,371,38,10
"1097","2020-05-02",493,13,81,1210,5197,0.956320954396767,2055,7206,522,316,45,2151,16,387,35,16
"1098","2020-05-03",451,13,93,1168,5197,0.956320954396767,2055,7206,522,316,48,2199,15,402,40,15
"1099","2020-05-04",430,13,90,1150,5197,0.956320954396767,2055,7206,522,316,54,2253,17,419,44,17
"1100","2020-05-05",421,13,88,1133,5197,0.956320954396767,2055,7206,522,316,76,2329,13,432,67,13
"1101","2020-05-06",416,13,93,1077,5197,0.956320954396767,2055,7206,522,316,47,2376,14,446,43,14
"1102","2020-05-07",400,13,106,1041,5197,0.956320954396767,2055,7206,522,316,57,2433,12,458,51,12
"1103","2020-05-08",378,13,93,971,5197,0.956320954396767,2055,7206,522,316,43,2476,9,467,37,9
"1104","2020-05-09",362,13,98,913,5197,0.956320954396767,2055,7206,522,316,64,2540,14,481,59,14
"1105","2020-05-10",330,13,114,855,5197,0.956320954396767,2055,7206,522,316,55,2595,19,500,43,19
"1106","2020-05-11",323,13,110,821,5197,0.956320954396767,2055,7206,522,316,42,2637,15,515,30,15
"1107","2020-05-12",306,13,101,778,5197,0.956320954396767,2055,7206,522,316,46,2683,10,525,41,10
"1108","2020-05-13",285,13,107,731,5197,0.956320954396767,2055,7206,522,316,38,2721,11,536,32,11
"1109","2020-05-14",256,13,102,692,5197,0.956320954396767,2055,7206,522,316,48,2769,14,550,46,14
"1110","2020-05-15",222,13,103,650,5197,0.956320954396767,2055,7206,522,316,51,2820,14,564,47,14
"1111","2020-05-16",221,13,98,595,5197,0.956320954396767,2055,7206,522,316,37,2857,10,574,35,10
"1112","2020-05-17",202,13,94,555,5197,0.956320954396767,2055,7206,522,316,56,2913,12,586,49,12
"1113","2020-05-18",196,13,92,526,5197,0.956320954396767,2055,7206,522,316,37,2950,9,595,33,9
"1114","2020-05-19",190,13,89,508,5197,0.956320954396767,2055,7206,522,316,27,2977,10,605,23,10
"1115","2020-05-20",189,13,82,468,5197,0.956320954396767,2055,7206,522,316,32,3009,7,612,27,7
"1116","2020-05-21",197,13,87,459,5197,0.956320954396767,2055,7206,522,316,36,3045,9,621,31,9
"1117","2020-05-22",180,13,92,449,5197,0.956320954396767,2055,7206,522,316,29,3074,11,632,24,11
"1118","2020-05-23",158,13,93,429,5197,0.956320954396767,2055,7206,522,316,30,3104,8,640,28,8
"1119","2020-05-24",169,13,94,411,5197,0.956320954396767,2055,7206,522,316,28,3132,9,649,25,9
"1120","2020-05-25",166,13,92,382,5197,0.956320954396767,2055,7206,522,316,30,3162,9,658,26,9
"1121","2020-05-26",154,13,97,345,5197,0.956320954396767,2055,7206,522,316,22,3184,8,666,15,8
"1122","2020-05-27",146,13,94,306,5197,0.956320954396767,2055,7206,522,316,20,3204,9,675,17,9
"1123","2020-05-28",139,13,94,283,5197,0.956320954396767,2055,7206,522,316,21,3225,13,688,16,13
"1124","2020-05-29",128,13,76,260,5197,0.956320954396767,2055,7206,522,316,17,3242,5,693,16,5
"1125","2020-05-30",122,13,89,234,5197,0.956320954396767,2055,7206,522,316,21,3263,8,701,21,8
"1126","2020-05-31",95,13,99,221,5197,0.956320954396767,2055,7206,522,316,18,3281,7,708,13,7
"1127","2020-06-01",81,13,102,212,5197,0.956320954396767,2055,7206,522,316,13,3294,7,715,12,7
"1128","2020-06-02",79,13,99,194,5197,0.956320954396767,2055,7206,522,316,22,3316,8,723,19,8
"1129","2020-06-03",71,13,100,187,5197,0.956320954396767,2055,7206,522,316,12,3328,8,731,10,8
"1130","2020-06-04",61,13,98,163,5197,0.956320954396767,2055,7206,522,316,14,3342,7,738,10,7
"1131","2020-06-05",64,13,101,157,5197,0.956320954396767,2055,7206,522,316,13,3355,7,745,10,7
"1132","2020-06-06",62,13,107,146,5197,0.956320954396767,2055,7206,522,316,12,3367,4,749,10,4
"1133","2020-06-07",52,13,104,136,5197,0.956320954396767,2055,7206,522,316,18,3385,6,755,14,6
"1134","2020-03-07",1,14,0,0,4770,0.943396226415094,2040,6880,543,332,NA,NA,NA,NA,NA,NA
"1135","2020-03-08",1,14,0,0,4770,0.943396226415094,2040,6880,543,332,NA,NA,NA,NA,NA,NA
"1136","2020-03-09",0,14,0,0,4770,0.943396226415094,2040,6880,543,332,NA,NA,NA,NA,NA,NA
"1137","2020-03-10",0,14,0,0,4770,0.943396226415094,2040,6880,543,332,NA,NA,1,1,NA,1
"1138","2020-03-11",0,14,0,0,4770,0.943396226415094,2040,6880,543,332,2,2,4,5,NA,4
"1139","2020-03-12",0,14,0,0,4770,0.943396226415094,2040,6880,543,332,6,8,5,10,3,5
"1140","2020-03-13",2,14,12,16,4770,0.943396226415094,2040,6880,543,332,9,17,6,16,3,6
"1141","2020-03-14",4,14,15,21,4770,0.943396226415094,2040,6880,543,332,5,22,1,17,3,1
"1142","2020-03-15",2,14,19,30,4770,0.943396226415094,2040,6880,543,332,13,35,1,18,6,1
"1143","2020-03-16",2,14,21,44,4770,0.943396226415094,2040,6880,543,332,15,50,1,19,10,1
"1144","2020-03-17",2,14,24,59,4770,0.943396226415094,2040,6880,543,332,10,60,5,24,5,5
"1145","2020-03-18",3,14,23,72,4770,0.943396226415094,2040,6880,543,332,13,73,NA,NA,4,NA
"1146","2020-03-19",6,14,21,84,4770,0.943396226415094,2040,6880,543,332,12,85,NA,NA,10,NA
"1147","2020-03-20",9,14,18,97,4770,0.943396226415094,2040,6880,543,332,17,102,8,32,14,8
"1148","2020-03-21",22,14,23,117,4770,0.943396226415094,2040,6880,543,332,20,122,14,46,13,14
"1149","2020-03-22",27,14,28,139,4770,0.943396226415094,2040,6880,543,332,24,146,14,60,20,14
"1150","2020-03-23",32,14,29,144,4770,0.943396226415094,2040,6880,543,332,18,164,12,72,16,12
"1151","2020-03-24",37,14,30,159,4770,0.943396226415094,2040,6880,543,332,19,183,4,76,12,4
"1152","2020-03-25",42,14,30,183,4770,0.943396226415094,2040,6880,543,332,16,199,10,86,16,10
"1153","2020-03-26",40,14,30,198,4770,0.943396226415094,2040,6880,543,332,23,222,8,94,19,8
"1154","2020-03-27",52,14,28,214,4770,0.943396226415094,2040,6880,543,332,20,242,15,109,18,15
"1155","2020-03-28",48,14,31,240,4770,0.943396226415094,2040,6880,543,332,29,271,12,121,24,12
"1156","2020-03-29",63,14,29,248,4770,0.943396226415094,2040,6880,543,332,22,293,10,131,18,10
"1157","2020-03-30",58,14,36,265,4770,0.943396226415094,2040,6880,543,332,29,322,13,144,26,13
"1158","2020-03-31",59,14,44,295,4770,0.943396226415094,2040,6880,543,332,23,345,8,152,18,8
"1159","2020-04-01",66,14,44,321,4770,0.943396226415094,2040,6880,543,332,31,376,15,167,26,15
"1160","2020-04-02",82,14,40,338,4770,0.943396226415094,2040,6880,543,332,35,411,17,184,32,17
"1161","2020-04-03",94,14,41,357,4770,0.943396226415094,2040,6880,543,332,31,442,10,194,21,10
"1162","2020-04-04",112,14,44,377,4770,0.943396226415094,2040,6880,543,332,34,476,7,201,25,7
"1163","2020-04-05",128,14,51,402,4770,0.943396226415094,2040,6880,543,332,35,511,3,204,26,3
"1164","2020-04-06",135,14,53,427,4770,0.943396226415094,2040,6880,543,332,38,549,3,207,33,3
"1165","2020-04-07",128,14,53,455,4770,0.943396226415094,2040,6880,543,332,43,592,14,221,34,14
"1166","2020-04-08",123,14,56,468,4770,0.943396226415094,2040,6880,543,332,32,624,7,228,26,7
"1167","2020-04-09",120,14,46,488,4770,0.943396226415094,2040,6880,543,332,52,676,3,231,42,3
"1168","2020-04-10",145,14,39,501,4770,0.943396226415094,2040,6880,543,332,30,706,2,233,26,2
"1169","2020-04-11",160,14,46,518,4770,0.943396226415094,2040,6880,543,332,41,747,10,243,34,10
"1170","2020-04-12",137,14,39,557,4770,0.943396226415094,2040,6880,543,332,42,789,11,254,38,11
"1171","2020-04-13",142,14,37,595,4770,0.943396226415094,2040,6880,543,332,32,821,8,262,30,8
"1172","2020-04-14",149,14,46,625,4770,0.943396226415094,2040,6880,543,332,40,861,7,269,35,7
"1173","2020-04-15",170,14,41,674,4770,0.943396226415094,2040,6880,543,332,44,905,12,281,37,12
"1174","2020-04-16",177,14,47,689,4770,0.943396226415094,2040,6880,543,332,38,943,14,295,29,14
"1175","2020-04-17",211,14,46,737,4770,0.943396226415094,2040,6880,543,332,41,984,8,303,31,8
"1176","2020-04-18",217,14,49,762,4770,0.943396226415094,2040,6880,543,332,42,1026,3,306,37,3
"1177","2020-04-19",229,14,51,802,4770,0.943396226415094,2040,6880,543,332,29,1055,16,322,25,16
"1178","2020-04-20",233,14,63,827,4770,0.943396226415094,2040,6880,543,332,46,1101,5,327,38,5
"1179","2020-04-21",234,14,62,844,4770,0.943396226415094,2040,6880,543,332,47,1148,3,330,36,3
"1180","2020-04-22",234,14,69,867,4770,0.943396226415094,2040,6880,543,332,37,1185,7,337,31,7
"1181","2020-04-23",246,14,88,879,4770,0.943396226415094,2040,6880,543,332,50,1235,2,339,50,2
"1182","2020-04-24",275,14,87,907,4770,0.943396226415094,2040,6880,543,332,42,1277,4,343,37,4
"1183","2020-04-25",278,14,89,922,4770,0.943396226415094,2040,6880,543,332,44,1321,13,356,37,13
"1184","2020-04-26",276,14,102,945,4770,0.943396226415094,2040,6880,543,332,33,1354,11,367,27,11
"1185","2020-04-27",282,14,104,983,4770,0.943396226415094,2040,6880,543,332,35,1389,7,374,31,7
"1186","2020-04-28",282,14,97,1024,4770,0.943396226415094,2040,6880,543,332,44,1433,15,389,40,15
"1187","2020-04-29",288,14,90,1057,4770,0.943396226415094,2040,6880,543,332,40,1473,10,399,33,10
"1188","2020-04-30",291,14,80,1078,4770,0.943396226415094,2040,6880,543,332,31,1504,21,420,25,21
"1189","2020-05-01",329,14,81,1083,4770,0.943396226415094,2040,6880,543,332,36,1540,12,432,30,12
"1190","2020-05-02",347,14,86,1069,4770,0.943396226415094,2040,6880,543,332,32,1572,15,447,29,15
"1191","2020-05-03",372,14,85,1097,4770,0.943396226415094,2040,6880,543,332,35,1607,10,457,31,10
"1192","2020-05-04",377,14,87,1106,4770,0.943396226415094,2040,6880,543,332,26,1633,8,465,23,8
"1193","2020-05-05",377,14,78,1101,4770,0.943396226415094,2040,6880,543,332,43,1676,9,474,40,9
"1194","2020-05-06",375,14,69,1109,4770,0.943396226415094,2040,6880,543,332,36,1712,18,492,32,18
"1195","2020-05-07",375,14,61,1089,4770,0.943396226415094,2040,6880,543,332,45,1757,21,513,39,21
"1196","2020-05-08",392,14,67,1078,4770,0.943396226415094,2040,6880,543,332,43,1800,21,534,35,21
"1197","2020-05-09",394,14,80,1055,4770,0.943396226415094,2040,6880,543,332,38,1838,13,547,31,13
"1198","2020-05-10",341,14,83,1045,4770,0.943396226415094,2040,6880,543,332,39,1877,5,552,34,5
"1199","2020-05-11",335,14,92,1034,4770,0.943396226415094,2040,6880,543,332,39,1916,10,562,30,10
"1200","2020-05-12",334,14,97,1004,4770,0.943396226415094,2040,6880,543,332,36,1952,6,568,29,6
"1201","2020-05-13",332,14,95,967,4770,0.943396226415094,2040,6880,543,332,43,1995,2,570,30,2
"1202","2020-05-14",329,14,94,925,4770,0.943396226415094,2040,6880,543,332,41,2036,4,574,37,4
"1203","2020-05-15",345,14,91,878,4770,0.943396226415094,2040,6880,543,332,47,2083,14,588,39,14
"1204","2020-05-16",326,14,86,859,4770,0.943396226415094,2040,6880,543,332,34,2117,12,600,27,12
"1205","2020-05-17",319,14,80,794,4770,0.943396226415094,2040,6880,543,332,33,2150,8,608,28,8
"1206","2020-05-18",313,14,73,776,4770,0.943396226415094,2040,6880,543,332,30,2180,3,611,24,3
"1207","2020-05-19",288,14,72,746,4770,0.943396226415094,2040,6880,543,332,31,2211,13,624,27,13
"1208","2020-05-20",280,14,67,715,4770,0.943396226415094,2040,6880,543,332,25,2236,11,635,20,11
"1209","2020-05-21",270,14,72,675,4770,0.943396226415094,2040,6880,543,332,34,2270,15,650,32,15
"1210","2020-05-22",264,14,75,665,4770,0.943396226415094,2040,6880,543,332,26,2296,13,663,24,13
"1211","2020-05-23",263,14,79,622,4770,0.943396226415094,2040,6880,543,332,35,2331,16,679,28,16
"1212","2020-05-24",249,14,91,574,4770,0.943396226415094,2040,6880,543,332,36,2367,16,695,32,16
"1213","2020-05-25",228,14,104,546,4770,0.943396226415094,2040,6880,543,332,30,2397,12,707,30,12
"1214","2020-05-26",214,14,102,507,4770,0.943396226415094,2040,6880,543,332,22,2419,8,715,21,8
"1215","2020-05-27",213,14,105,472,4770,0.943396226415094,2040,6880,543,332,22,2441,9,724,20,9
"1216","2020-05-28",204,14,99,440,4770,0.943396226415094,2040,6880,543,332,24,2465,7,731,23,7
"1217","2020-05-29",178,14,90,398,4770,0.943396226415094,2040,6880,543,332,26,2491,9,740,23,9
"1218","2020-05-30",167,14,92,362,4770,0.943396226415094,2040,6880,543,332,26,2517,11,751,26,11
"1219","2020-05-31",142,14,89,328,4770,0.943396226415094,2040,6880,543,332,33,2550,3,754,25,3
"1220","2020-06-01",136,14,84,301,4770,0.943396226415094,2040,6880,543,332,30,2580,14,768,28,14
"1221","2020-06-02",132,14,81,279,4770,0.943396226415094,2040,6880,543,332,15,2595,4,772,13,4
"1222","2020-06-03",121,14,81,265,4770,0.943396226415094,2040,6880,543,332,21,2616,5,777,18,5
"1223","2020-06-04",114,14,90,262,4770,0.943396226415094,2040,6880,543,332,24,2640,5,782,20,5
"1224","2020-06-05",90,14,100,249,4770,0.943396226415094,2040,6880,543,332,18,2658,5,787,16,5
"1225","2020-06-06",88,14,104,241,4770,0.943396226415094,2040,6880,543,332,32,2690,3,790,31,3
"1226","2020-06-07",81,14,99,238,4770,0.943396226415094,2040,6880,543,332,14,2704,6,796,14,6
"1227","2020-03-13",3,15,41,29,2943,0.656133197417601,2010,5488,337,420,16,41,2,7,2,2
"1228","2020-03-14",4,15,49,50,2943,0.656133197417601,2010,5488,337,420,15,56,4,11,6,4
"1229","2020-03-15",8,15,44,67,2943,0.656133197417601,2010,5488,337,420,13,69,2,13,2,2
"1230","2020-03-16",9,15,43,85,2943,0.656133197417601,2010,5488,337,420,12,81,3,16,2,3
"1231","2020-03-17",14,15,42,103,2943,0.656133197417601,2010,5488,337,420,20,101,4,20,6,4
"1232","2020-03-18",17,15,49,124,2943,0.656133197417601,2010,5488,337,420,21,122,1,21,9,1
"1233","2020-03-19",21,15,42,148,2943,0.656133197417601,2010,5488,337,420,12,134,5,26,6,5
"1234","2020-03-20",32,15,39,172,2943,0.656133197417601,2010,5488,337,420,19,153,3,29,9,3
"1235","2020-03-21",44,15,51,195,2943,0.656133197417601,2010,5488,337,420,26,179,2,31,9,2
"1236","2020-03-22",62,15,61,213,2943,0.656133197417601,2010,5488,337,420,21,200,2,33,8,2
"1237","2020-03-23",63,15,66,232,2943,0.656133197417601,2010,5488,337,420,16,216,5,38,6,5
"1238","2020-03-24",65,15,81,255,2943,0.656133197417601,2010,5488,337,420,30,246,3,41,16,3
"1239","2020-03-25",67,15,72,276,2943,0.656133197417601,2010,5488,337,420,26,272,4,45,17,4
"1240","2020-03-26",70,15,65,294,2943,0.656133197417601,2010,5488,337,420,15,287,7,52,9,7
"1241","2020-03-27",85,15,66,312,2943,0.656133197417601,2010,5488,337,420,23,310,6,58,12,6
"1242","2020-03-28",82,15,77,318,2943,0.656133197417601,2010,5488,337,420,25,335,6,64,13,6
"1243","2020-03-29",74,15,83,335,2943,0.656133197417601,2010,5488,337,420,22,357,2,66,12,2
"1244","2020-03-30",85,15,78,346,2943,0.656133197417601,2010,5488,337,420,37,394,NA,NA,21,NA
"1245","2020-03-31",81,15,101,355,2943,0.656133197417601,2010,5488,337,420,29,423,4,70,19,4
"1246","2020-04-01",96,15,124,362,2943,0.656133197417601,2010,5488,337,420,29,452,3,73,13,3
"1247","2020-04-02",99,15,135,386,2943,0.656133197417601,2010,5488,337,420,30,482,5,78,14,5
"1248","2020-04-03",108,15,134,406,2943,0.656133197417601,2010,5488,337,420,35,517,4,82,16,4
"1249","2020-04-04",123,15,135,421,2943,0.656133197417601,2010,5488,337,420,23,540,4,86,18,4
"1250","2020-04-05",128,15,137,421,2943,0.656133197417601,2010,5488,337,420,31,571,NA,NA,19,NA
"1251","2020-04-06",127,15,131,445,2943,0.656133197417601,2010,5488,337,420,29,600,2,88,15,2
"1252","2020-04-07",131,15,119,422,2943,0.656133197417601,2010,5488,337,420,30,630,3,91,16,3
"1253","2020-04-08",129,15,108,437,2943,0.656133197417601,2010,5488,337,420,33,663,2,93,20,2
"1254","2020-04-09",132,15,107,443,2943,0.656133197417601,2010,5488,337,420,33,696,5,98,16,5
"1255","2020-04-10",138,15,105,442,2943,0.656133197417601,2010,5488,337,420,40,736,12,110,23,12
"1256","2020-04-11",136,15,89,420,2943,0.656133197417601,2010,5488,337,420,39,775,6,116,25,6
"1257","2020-04-12",129,15,93,418,2943,0.656133197417601,2010,5488,337,420,41,816,2,118,19,2
"1258","2020-04-13",127,15,87,413,2943,0.656133197417601,2010,5488,337,420,32,848,4,122,21,4
"1259","2020-04-14",131,15,76,422,2943,0.656133197417601,2010,5488,337,420,47,895,6,128,29,6
"1260","2020-04-15",131,15,70,441,2943,0.656133197417601,2010,5488,337,420,51,946,3,131,34,3
"1261","2020-04-16",133,15,72,437,2943,0.656133197417601,2010,5488,337,420,40,986,2,133,24,2
"1262","2020-04-17",135,15,65,434,2943,0.656133197417601,2010,5488,337,420,42,1028,5,138,29,5
"1263","2020-04-18",138,15,62,434,2943,0.656133197417601,2010,5488,337,420,43,1071,6,144,26,6
"1264","2020-04-19",145,15,81,446,2943,0.656133197417601,2010,5488,337,420,40,1111,2,146,24,2
"1265","2020-04-20",153,15,82,451,2943,0.656133197417601,2010,5488,337,420,33,1144,2,148,19,2
"1266","2020-04-21",138,15,86,443,2943,0.656133197417601,2010,5488,337,420,25,1169,6,154,9,6
"1267","2020-04-22",139,15,72,450,2943,0.656133197417601,2010,5488,337,420,43,1212,7,161,25,7
"1268","2020-04-23",137,15,70,448,2943,0.656133197417601,2010,5488,337,420,34,1246,2,163,20,2
"1269","2020-04-24",150,15,65,449,2943,0.656133197417601,2010,5488,337,420,41,1287,5,168,25,5
"1270","2020-04-25",152,15,60,453,2943,0.656133197417601,2010,5488,337,420,35,1322,11,179,24,11
"1271","2020-04-26",141,15,48,450,2943,0.656133197417601,2010,5488,337,420,43,1365,3,182,30,3
"1272","2020-04-27",137,15,52,455,2943,0.656133197417601,2010,5488,337,420,39,1404,6,188,25,6
"1273","2020-04-28",148,15,82,449,2943,0.656133197417601,2010,5488,337,420,44,1448,NA,NA,30,NA
"1274","2020-04-29",142,15,107,446,2943,0.656133197417601,2010,5488,337,420,42,1490,NA,NA,26,NA
"1275","2020-04-30",143,15,137,443,2943,0.656133197417601,2010,5488,337,420,30,1520,NA,NA,16,NA
"1276","2020-05-01",160,15,107,448,2943,0.656133197417601,2010,5488,337,420,25,1545,1,189,14,1
"1277","2020-05-02",156,15,102,441,2943,0.656133197417601,2010,5488,337,420,37,1582,1,190,19,1
"1278","2020-05-03",142,15,96,435,2943,0.656133197417601,2010,5488,337,420,36,1618,5,195,25,5
"1279","2020-05-04",132,15,101,434,2943,0.656133197417601,2010,5488,337,420,35,1653,7,202,23,7
"1280","2020-05-05",122,15,108,426,2943,0.656133197417601,2010,5488,337,420,32,1685,5,207,19,5
"1281","2020-05-06",116,15,120,409,2943,0.656133197417601,2010,5488,337,420,34,1719,2,209,20,2
"1282","2020-05-07",123,15,146,416,2943,0.656133197417601,2010,5488,337,420,40,1759,6,215,21,6
"1283","2020-05-08",126,15,143,407,2943,0.656133197417601,2010,5488,337,420,28,1787,6,221,16,6
"1284","2020-05-09",135,15,147,422,2943,0.656133197417601,2010,5488,337,420,35,1822,6,227,22,6
"1285","2020-05-10",130,15,146,414,2943,0.656133197417601,2010,5488,337,420,30,1852,15,242,14,15
"1286","2020-05-11",133,15,154,401,2943,0.656133197417601,2010,5488,337,420,36,1888,2,244,23,2
"1287","2020-05-12",127,15,161,407,2943,0.656133197417601,2010,5488,337,420,27,1915,1,245,16,1
"1288","2020-05-13",144,15,146,390,2943,0.656133197417601,2010,5488,337,420,29,1944,2,247,20,2
"1289","2020-05-14",146,15,127,399,2943,0.656133197417601,2010,5488,337,420,27,1971,10,257,20,10
"1290","2020-05-15",142,15,119,390,2943,0.656133197417601,2010,5488,337,420,24,1995,3,260,10,3
"1291","2020-05-16",155,15,96,378,2943,0.656133197417601,2010,5488,337,420,22,2017,7,267,11,7
"1292","2020-05-17",162,15,84,375,2943,0.656133197417601,2010,5488,337,420,24,2041,5,272,14,5
"1293","2020-05-18",147,15,90,369,2943,0.656133197417601,2010,5488,337,420,23,2064,11,283,12,11
"1294","2020-05-19",145,15,98,357,2943,0.656133197417601,2010,5488,337,420,20,2084,3,286,12,3
"1295","2020-05-20",131,15,96,359,2943,0.656133197417601,2010,5488,337,420,22,2106,4,290,14,4
"1296","2020-05-21",119,15,98,335,2943,0.656133197417601,2010,5488,337,420,23,2129,5,295,11,5
"1297","2020-05-22",121,15,116,323,2943,0.656133197417601,2010,5488,337,420,29,2158,7,302,12,7
"1298","2020-05-23",102,15,139,323,2943,0.656133197417601,2010,5488,337,420,20,2178,8,310,13,8
"1299","2020-05-24",85,15,120,308,2943,0.656133197417601,2010,5488,337,420,27,2205,8,318,14,8
"1300","2020-05-25",85,15,102,301,2943,0.656133197417601,2010,5488,337,420,18,2223,3,321,11,3
"1301","2020-05-26",80,15,103,292,2943,0.656133197417601,2010,5488,337,420,18,2241,4,325,12,4
"1302","2020-05-27",81,15,96,306,2943,0.656133197417601,2010,5488,337,420,9,2250,4,329,7,4
"1303","2020-05-28",78,15,92,299,2943,0.656133197417601,2010,5488,337,420,25,2275,8,337,14,9
"1304","2020-05-29",90,15,101,303,2943,0.656133197417601,2010,5488,337,420,26,2301,6,343,19,6
"1305","2020-05-30",89,15,86,298,2943,0.656133197417601,2010,5488,337,420,18,2319,3,346,12,3
"1306","2020-05-31",100,15,82,280,2943,0.656133197417601,2010,5488,337,420,15,2334,2,348,10,2
"1307","2020-06-01",102,15,95,267,2943,0.656133197417601,2010,5488,337,420,15,2349,1,349,9,1
"1308","2020-06-02",101,15,115,266,2943,0.656133197417601,2010,5488,337,420,16,2365,2,351,9,2
"1309","2020-06-03",102,15,112,269,2943,0.656133197417601,2010,5488,337,420,12,2377,2,353,10,2
"1310","2020-06-04",104,15,108,250,2943,0.656133197417601,2010,5488,337,420,12,2389,NA,NA,5,NA
"1311","2020-06-05",95,15,113,233,2943,0.656133197417601,2010,5488,337,420,9,2398,2,355,4,2
"1312","2020-06-06",98,15,105,232,2943,0.656133197417601,2010,5488,337,420,16,2414,2,357,12,2
"1313","2020-06-07",79,15,91,223,2943,0.656133197417601,2010,5488,337,420,23,2437,2,359,13,2
"1314","2020-03-16",1,16,38,27,5319,0.944726452340666,2010,6871,507,400,14,63,17,55,6,17
"1315","2020-03-17",3,16,44,33,5319,0.944726452340666,2010,6871,507,400,18,81,19,74,10,19
"1316","2020-03-18",3,16,47,45,5319,0.944726452340666,2010,6871,507,400,13,94,12,86,7,12
"1317","2020-03-19",8,16,51,54,5319,0.944726452340666,2010,6871,507,400,26,120,17,103,16,17
"1318","2020-03-20",12,16,53,56,5319,0.944726452340666,2010,6871,507,400,21,141,15,118,10,15
"1319","2020-03-21",14,16,67,64,5319,0.944726452340666,2010,6871,507,400,27,168,19,137,20,19
"1320","2020-03-22",17,16,67,83,5319,0.944726452340666,2010,6871,507,400,30,198,25,162,25,25
"1321","2020-03-23",21,16,65,87,5319,0.944726452340666,2010,6871,507,400,25,223,18,180,19,18
"1322","2020-03-24",22,16,63,100,5319,0.944726452340666,2010,6871,507,400,24,247,21,201,18,21
"1323","2020-03-25",26,16,56,111,5319,0.944726452340666,2010,6871,507,400,31,278,26,227,26,26
"1324","2020-03-26",24,16,53,127,5319,0.944726452340666,2010,6871,507,400,38,316,8,235,31,8
"1325","2020-03-27",28,16,65,144,5319,0.944726452340666,2010,6871,507,400,25,341,17,252,14,17
"1326","2020-03-28",34,16,62,158,5319,0.944726452340666,2010,6871,507,400,28,369,17,269,17,17
"1327","2020-03-29",39,16,58,168,5319,0.944726452340666,2010,6871,507,400,41,410,14,283,33,14
"1328","2020-03-30",42,16,52,189,5319,0.944726452340666,2010,6871,507,400,40,450,21,304,32,21
"1329","2020-03-31",46,16,66,205,5319,0.944726452340666,2010,6871,507,400,44,494,24,328,36,24
"1330","2020-04-01",46,16,62,227,5319,0.944726452340666,2010,6871,507,400,39,533,27,355,33,27
"1331","2020-04-02",49,16,64,251,5319,0.944726452340666,2010,6871,507,400,45,578,28,383,34,28
"1332","2020-04-03",63,16,57,278,5319,0.944726452340666,2010,6871,507,400,31,609,28,411,25,28
"1333","2020-04-04",78,16,56,299,5319,0.944726452340666,2010,6871,507,400,57,666,27,438,50,27
"1334","2020-04-05",83,16,49,327,5319,0.944726452340666,2010,6871,507,400,37,703,38,476,32,38
"1335","2020-04-06",85,16,44,350,5319,0.944726452340666,2010,6871,507,400,65,768,46,522,57,46
"1336","2020-04-07",91,16,36,386,5319,0.944726452340666,2010,6871,507,400,51,819,16,538,44,16
"1337","2020-04-08",95,16,40,435,5319,0.944726452340666,2010,6871,507,400,55,874,27,565,43,27
"1338","2020-04-09",109,16,59,493,5319,0.944726452340666,2010,6871,507,400,46,920,26,591,39,26
"1339","2020-04-10",132,16,47,522,5319,0.944726452340666,2010,6871,507,400,38,958,17,608,32,17
"1340","2020-04-11",158,16,62,566,5319,0.944726452340666,2010,6871,507,400,35,993,36,644,27,36
"1341","2020-04-12",156,16,63,639,5319,0.944726452340666,2010,6871,507,400,50,1043,33,677,41,33
"1342","2020-04-13",158,16,65,672,5319,0.944726452340666,2010,6871,507,400,56,1099,45,722,53,45
"1343","2020-04-14",164,16,66,724,5319,0.944726452340666,2010,6871,507,400,58,1157,42,764,42,42
"1344","2020-04-15",183,16,73,792,5319,0.944726452340666,2010,6871,507,400,54,1211,26,790,46,26
"1345","2020-04-16",188,16,78,860,5319,0.944726452340666,2010,6871,507,400,64,1275,34,824,49,34
"1346","2020-04-17",232,16,100,889,5319,0.944726452340666,2010,6871,507,400,45,1320,17,841,34,17
"1347","2020-04-18",274,16,94,944,5319,0.944726452340666,2010,6871,507,400,68,1388,25,866,58,25
"1348","2020-04-19",288,16,87,989,5319,0.944726452340666,2010,6871,507,400,60,1448,22,888,50,22
"1349","2020-04-20",292,16,93,1027,5319,0.944726452340666,2010,6871,507,400,50,1498,27,915,33,27
"1350","2020-04-21",298,16,93,1084,5319,0.944726452340666,2010,6871,507,400,59,1557,32,947,49,32
"1351","2020-04-22",312,16,109,1127,5319,0.944726452340666,2010,6871,507,400,63,1620,32,979,55,32
"1352","2020-04-23",329,16,103,1142,5319,0.944726452340666,2010,6871,507,400,49,1669,28,1007,40,28
"1353","2020-04-24",416,16,104,1219,5319,0.944726452340666,2010,6871,507,400,68,1737,27,1034,56,27
"1354","2020-04-25",400,16,99,1282,5319,0.944726452340666,2010,6871,507,400,43,1780,31,1065,34,31
"1355","2020-04-26",398,16,117,1287,5319,0.944726452340666,2010,6871,507,400,62,1842,30,1095,51,30
"1356","2020-04-27",399,16,121,1332,5319,0.944726452340666,2010,6871,507,400,43,1885,31,1126,33,31
"1357","2020-04-28",393,16,118,1374,5319,0.944726452340666,2010,6871,507,400,65,1950,32,1158,49,32
"1358","2020-04-29",421,16,113,1410,5319,0.944726452340666,2010,6871,507,400,56,2006,28,1186,44,28
"1359","2020-04-30",426,16,128,1396,5319,0.944726452340666,2010,6871,507,400,47,2053,34,1220,41,34
"1360","2020-05-01",489,16,139,1413,5319,0.944726452340666,2010,6871,507,400,59,2112,27,1247,51,27
"1361","2020-05-02",492,16,146,1468,5319,0.944726452340666,2010,6871,507,400,65,2177,33,1280,51,33
"1362","2020-05-03",472,16,144,1459,5319,0.944726452340666,2010,6871,507,400,61,2238,29,1309,48,29
"1363","2020-05-04",481,16,151,1453,5319,0.944726452340666,2010,6871,507,400,56,2294,45,1354,40,45
"1364","2020-05-05",488,16,157,1424,5319,0.944726452340666,2010,6871,507,400,43,2337,44,1398,35,44
"1365","2020-05-06",466,16,167,1410,5319,0.944726452340666,2010,6871,507,400,53,2390,51,1449,43,51
"1366","2020-05-07",489,16,179,1361,5319,0.944726452340666,2010,6871,507,400,37,2427,48,1497,29,48
"1367","2020-05-08",510,16,185,1300,5319,0.944726452340666,2010,6871,507,400,47,2474,38,1535,41,38
"1368","2020-05-09",533,16,186,1250,5319,0.944726452340666,2010,6871,507,400,30,2504,46,1581,22,46
"1369","2020-05-10",490,16,171,1220,5319,0.944726452340666,2010,6871,507,400,38,2542,44,1625,29,44
"1370","2020-05-11",477,16,162,1186,5319,0.944726452340666,2010,6871,507,400,42,2584,25,1650,37,25
"1371","2020-05-12",478,16,173,1129,5319,0.944726452340666,2010,6871,507,400,41,2625,35,1685,29,35
"1372","2020-05-13",473,16,157,1088,5319,0.944726452340666,2010,6871,507,400,39,2664,27,1712,24,27
"1373","2020-05-14",434,16,146,1033,5319,0.944726452340666,2010,6871,507,400,43,2707,17,1729,36,17
"1374","2020-05-15",406,16,140,989,5319,0.944726452340666,2010,6871,507,400,31,2738,27,1756,27,27
"1375","2020-05-16",393,16,131,936,5319,0.944726452340666,2010,6871,507,400,34,2772,26,1782,23,26
"1376","2020-05-17",351,16,132,883,5319,0.944726452340666,2010,6871,507,400,21,2793,26,1808,17,26
"1377","2020-05-18",336,16,134,831,5319,0.944726452340666,2010,6871,507,400,34,2827,27,1835,20,27
"1378","2020-05-19",300,16,125,777,5319,0.944726452340666,2010,6871,507,400,30,2857,36,1871,24,36
"1379","2020-05-20",291,16,129,741,5319,0.944726452340666,2010,6871,507,400,20,2877,31,1902,14,31
"1380","2020-05-21",281,16,131,694,5319,0.944726452340666,2010,6871,507,400,21,2898,15,1917,18,15
"1381","2020-05-22",257,16,128,646,5319,0.944726452340666,2010,6871,507,400,26,2924,24,1941,18,24
"1382","2020-05-23",227,16,126,588,5319,0.944726452340666,2010,6871,507,400,28,2952,26,1967,24,26
"1383","2020-05-24",219,16,127,574,5319,0.944726452340666,2010,6871,507,400,17,2969,20,1987,11,20
"1384","2020-05-25",215,16,147,537,5319,0.944726452340666,2010,6871,507,400,19,2988,24,2011,15,24
"1385","2020-05-26",211,16,164,486,5319,0.944726452340666,2010,6871,507,400,16,3004,24,2035,12,24
"1386","2020-05-27",190,16,164,441,5319,0.944726452340666,2010,6871,507,400,13,3017,19,2054,7,19
"1387","2020-05-28",186,16,153,396,5319,0.944726452340666,2010,6871,507,400,18,3035,31,2085,13,31
"1388","2020-05-29",168,16,136,374,5319,0.944726452340666,2010,6871,507,400,8,3043,30,2115,7,30
"1389","2020-05-30",175,16,142,341,5319,0.944726452340666,2010,6871,507,400,14,3057,17,2132,11,17
"1390","2020-05-31",146,16,142,320,5319,0.944726452340666,2010,6871,507,400,9,3066,23,2155,6,23
"1391","2020-06-01",126,16,140,293,5319,0.944726452340666,2010,6871,507,400,18,3084,19,2174,13,19
"1392","2020-06-02",112,16,129,264,5319,0.944726452340666,2010,6871,507,400,10,3094,21,2195,6,21
"1393","2020-06-03",106,16,126,232,5319,0.944726452340666,2010,6871,507,400,13,3107,30,2225,6,30
"1394","2020-06-04",104,16,110,214,5319,0.944726452340666,2010,6871,507,400,16,3123,15,2240,12,15
"1395","2020-06-05",91,16,106,203,5319,0.944726452340666,2010,6871,507,400,10,3133,24,2264,7,24
"1396","2020-06-06",70,16,103,183,5319,0.944726452340666,2010,6871,507,400,8,3141,23,2287,7,23
"1397","2020-06-07",67,16,107,160,5319,0.944726452340666,2010,6871,507,400,13,3154,31,2318,9,31
"1398","2020-03-12",1,17,20,12,3553,0.816493104418801,1980,5983,370,346,4,5,10,13,2,10
"1399","2020-03-13",1,17,25,19,3553,0.816493104418801,1980,5983,370,346,5,10,9,22,3,9
"1400","2020-03-14",8,17,26,25,3553,0.816493104418801,1980,5983,370,346,3,13,NA,NA,2,NA
"1401","2020-03-15",10,17,22,34,3553,0.816493104418801,1980,5983,370,346,10,23,6,28,7,6
"1402","2020-03-16",9,17,24,48,3553,0.816493104418801,1980,5983,370,346,9,32,6,34,6,6
"1403","2020-03-17",11,17,22,58,3553,0.816493104418801,1980,5983,370,346,17,49,12,46,16,12
"1404","2020-03-18",13,17,23,71,3553,0.816493104418801,1980,5983,370,346,14,63,10,56,12,10
"1405","2020-03-19",13,17,27,83,3553,0.816493104418801,1980,5983,370,346,19,82,9,65,19,9
"1406","2020-03-20",22,17,32,98,3553,0.816493104418801,1980,5983,370,346,20,102,6,71,19,6
"1407","2020-03-21",26,17,36,116,3553,0.816493104418801,1980,5983,370,346,19,121,8,79,18,8
"1408","2020-03-22",26,17,37,124,3553,0.816493104418801,1980,5983,370,346,24,145,4,83,22,4
"1409","2020-03-23",27,17,33,142,3553,0.816493104418801,1980,5983,370,346,40,185,9,92,40,9
"1410","2020-03-24",31,17,29,159,3553,0.816493104418801,1980,5983,370,346,39,224,16,108,37,16
"1411","2020-03-25",34,17,33,170,3553,0.816493104418801,1980,5983,370,346,57,281,4,112,53,4
"1412","2020-03-26",45,17,29,190,3553,0.816493104418801,1980,5983,370,346,44,325,10,122,39,10
"1413","2020-03-27",55,17,43,217,3553,0.816493104418801,1980,5983,370,346,46,371,5,127,46,5
"1414","2020-03-28",57,17,51,236,3553,0.816493104418801,1980,5983,370,346,50,421,8,135,46,8
"1415","2020-03-29",64,17,62,239,3553,0.816493104418801,1980,5983,370,346,65,486,11,146,64,11
"1416","2020-03-30",71,17,62,267,3553,0.816493104418801,1980,5983,370,346,48,534,12,158,48,12
"1417","2020-03-31",72,17,65,289,3553,0.816493104418801,1980,5983,370,346,76,610,19,177,72,19
"1418","2020-04-01",82,17,64,312,3553,0.816493104418801,1980,5983,370,346,74,684,14,191,74,14
"1419","2020-04-02",79,17,84,318,3553,0.816493104418801,1980,5983,370,346,91,775,15,206,89,15
"1420","2020-04-03",91,17,94,350,3553,0.816493104418801,1980,5983,370,346,72,847,13,219,72,13
"1421","2020-04-04",118,17,103,370,3553,0.816493104418801,1980,5983,370,346,80,927,14,233,79,14
"1422","2020-04-05",117,17,93,396,3553,0.816493104418801,1980,5983,370,346,92,1019,15,248,90,15
"1423","2020-04-06",106,17,90,411,3553,0.816493104418801,1980,5983,370,346,92,1111,10,258,91,10
"1424","2020-04-07",117,17,74,418,3553,0.816493104418801,1980,5983,370,346,71,1182,17,275,67,17
"1425","2020-04-08",120,17,70,448,3553,0.816493104418801,1980,5983,370,346,137,1319,23,298,137,23
"1426","2020-04-09",127,17,72,480,3553,0.816493104418801,1980,5983,370,346,113,1432,10,308,112,10
"1427","2020-04-10",147,17,72,492,3553,0.816493104418801,1980,5983,370,346,133,1565,16,324,130,16
"1428","2020-04-11",154,17,70,495,3553,0.816493104418801,1980,5983,370,346,154,1719,15,339,152,15
"1429","2020-04-12",162,17,69,537,3553,0.816493104418801,1980,5983,370,346,93,1812,7,346,93,7
"1430","2020-04-13",168,17,76,558,3553,0.816493104418801,1980,5983,370,346,146,1958,13,359,145,13
"1431","2020-04-14",171,17,92,558,3553,0.816493104418801,1980,5983,370,346,140,2098,13,372,140,13
"1432","2020-04-15",176,17,85,583,3553,0.816493104418801,1980,5983,370,346,163,2261,19,391,161,19
"1433","2020-04-16",180,17,81,601,3553,0.816493104418801,1980,5983,370,346,151,2412,13,404,150,13
"1434","2020-04-17",186,17,82,606,3553,0.816493104418801,1980,5983,370,346,152,2564,7,411,151,7
"1435","2020-04-18",209,17,78,621,3553,0.816493104418801,1980,5983,370,346,157,2721,8,419,155,8
"1436","2020-04-19",213,17,71,652,3553,0.816493104418801,1980,5983,370,346,162,2883,17,436,161,17
"1437","2020-04-20",218,17,70,665,3553,0.816493104418801,1980,5983,370,346,180,3063,10,446,178,10
"1438","2020-04-21",209,17,64,668,3553,0.816493104418801,1980,5983,370,346,142,3205,8,454,141,8
"1439","2020-04-22",208,17,72,691,3553,0.816493104418801,1980,5983,370,346,155,3360,3,457,155,3
"1440","2020-04-23",207,17,88,702,3553,0.816493104418801,1980,5983,370,346,187,3547,11,468,187,11
"1441","2020-04-24",239,17,91,708,3553,0.816493104418801,1980,5983,370,346,128,3675,12,480,123,12
"1442","2020-04-25",234,17,104,714,3553,0.816493104418801,1980,5983,370,346,122,3797,9,489,121,9
"1443","2020-04-26",223,17,110,702,3553,0.816493104418801,1980,5983,370,346,121,3918,7,496,119,7
"1444","2020-04-27",224,17,107,718,3553,0.816493104418801,1980,5983,370,346,114,4032,10,506,112,10
"1445","2020-04-28",227,17,98,715,3553,0.816493104418801,1980,5983,370,346,103,4135,9,515,102,9
"1446","2020-04-29",236,17,91,702,3553,0.816493104418801,1980,5983,370,346,111,4246,13,528,110,13
"1447","2020-04-30",241,17,81,701,3553,0.816493104418801,1980,5983,370,346,94,4340,18,546,93,18
"1448","2020-05-01",244,17,84,687,3553,0.816493104418801,1980,5983,370,346,99,4439,23,569,99,23
"1449","2020-05-02",250,17,79,696,3553,0.816493104418801,1980,5983,370,346,105,4544,21,590,104,21
"1450","2020-05-03",236,17,80,674,3553,0.816493104418801,1980,5983,370,346,85,4629,10,600,84,10
"1451","2020-05-04",225,17,83,673,3553,0.816493104418801,1980,5983,370,346,57,4686,9,609,56,9
"1452","2020-05-05",225,17,99,673,3553,0.816493104418801,1980,5983,370,346,65,4751,7,616,65,7
"1453","2020-05-06",218,17,115,652,3553,0.816493104418801,1980,5983,370,346,76,4827,3,619,76,3
"1454","2020-05-07",218,17,129,618,3553,0.816493104418801,1980,5983,370,346,79,4906,3,622,79,3
"1455","2020-05-08",224,17,144,624,3553,0.816493104418801,1980,5983,370,346,50,4956,2,624,48,2
"1456","2020-05-09",203,17,141,614,3553,0.816493104418801,1980,5983,370,346,54,5010,NA,NA,51,NA
"1457","2020-05-10",206,17,137,589,3553,0.816493104418801,1980,5983,370,346,30,5040,2,626,29,2
"1458","2020-05-11",196,17,148,568,3553,0.816493104418801,1980,5983,370,346,41,5081,4,630,41,4
"1459","2020-05-12",181,17,127,569,3553,0.816493104418801,1980,5983,370,346,35,5116,8,638,34,8
"1460","2020-05-13",180,17,123,559,3553,0.816493104418801,1980,5983,370,346,28,5144,5,643,28,5
"1461","2020-05-14",177,17,126,552,3553,0.816493104418801,1980,5983,370,346,26,5170,10,653,25,10
"1462","2020-05-15",178,17,106,528,3553,0.816493104418801,1980,5983,370,346,35,5205,20,673,35,20
"1463","2020-05-16",190,17,106,518,3553,0.816493104418801,1980,5983,370,346,21,5226,8,681,20,8
"1464","2020-05-17",175,17,94,527,3553,0.816493104418801,1980,5983,370,346,30,5256,7,688,30,7
"1465","2020-05-18",174,17,83,505,3553,0.816493104418801,1980,5983,370,346,22,5278,8,696,21,8
"1466","2020-05-19",189,17,73,488,3553,0.816493104418801,1980,5983,370,346,29,5307,5,701,29,5
"1467","2020-05-20",179,17,62,478,3553,0.816493104418801,1980,5983,370,346,20,5327,4,705,20,4
"1468","2020-05-21",180,17,70,438,3553,0.816493104418801,1980,5983,370,346,16,5343,13,718,15,13
"1469","2020-05-22",175,17,66,430,3553,0.816493104418801,1980,5983,370,346,19,5362,9,727,19,9
"1470","2020-05-23",168,17,64,403,3553,0.816493104418801,1980,5983,370,346,12,5374,16,743,12,16
"1471","2020-05-24",148,17,56,378,3553,0.816493104418801,1980,5983,370,346,14,5388,5,748,14,5
"1472","2020-05-25",134,17,57,357,3553,0.816493104418801,1980,5983,370,346,13,5401,9,757,12,9
"1473","2020-05-26",120,17,54,354,3553,0.816493104418801,1980,5983,370,346,11,5412,6,763,11,6
"1474","2020-05-27",120,17,56,328,3553,0.816493104418801,1980,5983,370,346,10,5422,4,767,10,4
"1475","2020-05-28",112,17,59,308,3553,0.816493104418801,1980,5983,370,346,7,5429,5,772,7,5
"1476","2020-05-29",109,17,52,288,3553,0.816493104418801,1980,5983,370,346,11,5440,7,779,11,7
"1477","2020-05-30",114,17,56,278,3553,0.816493104418801,1980,5983,370,346,8,5448,2,781,8,2
"1478","2020-05-31",103,17,47,268,3553,0.816493104418801,1980,5983,370,346,10,5458,5,786,10,5
"1479","2020-06-01",100,17,46,258,3553,0.816493104418801,1980,5983,370,346,7,5465,9,795,6,9
"1480","2020-06-02",95,17,42,245,3553,0.816493104418801,1980,5983,370,346,4,5469,6,801,4,6
"1481","2020-06-03",90,17,40,239,3553,0.816493104418801,1980,5983,370,346,5,5474,6,807,5,6
"1482","2020-06-04",82,17,46,230,3553,0.816493104418801,1980,5983,370,346,1,5475,12,819,1,12
"1483","2020-06-05",81,17,52,217,3553,0.816493104418801,1980,5983,370,346,5,5480,16,835,5,16
"1484","2020-06-06",67,17,44,206,3553,0.816493104418801,1980,5983,370,346,10,5490,5,840,10,5
"1485","2020-06-07",65,17,43,194,3553,0.816493104418801,1980,5983,370,346,3,5493,11,851,3,11
"1486","2020-03-14",1,18,38,13,4615,0.934561213434453,2130,6894,520,371,3,11,NA,NA,NA,NA
"1487","2020-03-15",1,18,36,28,4615,0.934561213434453,2130,6894,520,371,8,19,2,14,4,2
"1488","2020-03-16",1,18,47,39,4615,0.934561213434453,2130,6894,520,371,2,21,8,22,1,8
"1489","2020-03-17",2,18,47,50,4615,0.934561213434453,2130,6894,520,371,8,29,2,24,7,2
"1490","2020-03-18",5,18,47,61,4615,0.934561213434453,2130,6894,520,371,4,33,3,27,3,3
"1491","2020-03-19",6,18,44,71,4615,0.934561213434453,2130,6894,520,371,11,44,2,29,7,2
"1492","2020-03-20",13,18,53,74,4615,0.934561213434453,2130,6894,520,371,5,49,1,30,4,1
"1493","2020-03-21",18,18,50,103,4615,0.934561213434453,2130,6894,520,371,12,61,2,32,10,2
"1494","2020-03-22",20,18,48,110,4615,0.934561213434453,2130,6894,520,371,12,73,3,35,10,3
"1495","2020-03-23",23,18,37,120,4615,0.934561213434453,2130,6894,520,371,18,91,NA,NA,14,NA
"1496","2020-03-24",28,18,44,129,4615,0.934561213434453,2130,6894,520,371,10,101,6,41,9,6
"1497","2020-03-25",33,18,48,147,4615,0.934561213434453,2130,6894,520,371,20,121,5,46,15,5
"1498","2020-03-26",35,18,50,154,4615,0.934561213434453,2130,6894,520,371,19,140,6,52,15,6
"1499","2020-03-27",36,18,45,175,4615,0.934561213434453,2130,6894,520,371,19,159,6,58,15,6
"1500","2020-03-28",40,18,51,180,4615,0.934561213434453,2130,6894,520,371,15,174,5,63,15,5
"1501","2020-03-29",53,18,65,197,4615,0.934561213434453,2130,6894,520,371,27,201,12,75,25,12
"1502","2020-03-30",54,18,63,222,4615,0.934561213434453,2130,6894,520,371,21,222,3,78,21,3
"1503","2020-03-31",52,18,78,243,4615,0.934561213434453,2130,6894,520,371,39,261,4,82,37,4
"1504","2020-04-01",50,18,90,252,4615,0.934561213434453,2130,6894,520,371,26,287,9,91,23,9
"1505","2020-04-02",57,18,100,262,4615,0.934561213434453,2130,6894,520,371,41,328,9,100,35,9
"1506","2020-04-03",66,18,97,293,4615,0.934561213434453,2130,6894,520,371,50,378,6,106,47,6
"1507","2020-04-04",74,18,97,320,4615,0.934561213434453,2130,6894,520,371,43,421,8,114,42,8
"1508","2020-04-05",79,18,90,339,4615,0.934561213434453,2130,6894,520,371,60,481,10,124,54,10
"1509","2020-04-06",83,18,90,383,4615,0.934561213434453,2130,6894,520,371,60,541,8,132,59,8
"1510","2020-04-07",86,18,72,411,4615,0.934561213434453,2130,6894,520,371,72,613,8,140,69,8
"1511","2020-04-08",97,18,73,453,4615,0.934561213434453,2130,6894,520,371,59,672,7,147,57,7
"1512","2020-04-09",100,18,74,483,4615,0.934561213434453,2130,6894,520,371,61,733,10,157,58,10
"1513","2020-04-10",125,18,77,521,4615,0.934561213434453,2130,6894,520,371,83,816,3,160,78,3
"1514","2020-04-11",156,18,86,558,4615,0.934561213434453,2130,6894,520,371,91,907,8,168,88,8
"1515","2020-04-12",166,18,77,604,4615,0.934561213434453,2130,6894,520,371,80,987,1,169,80,1
"1516","2020-04-13",174,18,74,632,4615,0.934561213434453,2130,6894,520,371,105,1092,8,177,103,8
"1517","2020-04-14",174,18,72,667,4615,0.934561213434453,2130,6894,520,371,93,1185,10,187,92,10
"1518","2020-04-15",181,18,77,711,4615,0.934561213434453,2130,6894,520,371,130,1315,3,190,127,3
"1519","2020-04-16",198,18,88,772,4615,0.934561213434453,2130,6894,520,371,126,1441,8,198,123,8
"1520","2020-04-17",238,18,92,797,4615,0.934561213434453,2130,6894,520,371,127,1568,9,207,124,9
"1521","2020-04-18",260,18,73,817,4615,0.934561213434453,2130,6894,520,371,147,1715,17,224,144,17
"1522","2020-04-19",244,18,80,843,4615,0.934561213434453,2130,6894,520,371,134,1849,16,240,130,16
"1523","2020-04-20",250,18,107,879,4615,0.934561213434453,2130,6894,520,371,141,1990,15,255,136,15
"1524","2020-04-21",261,18,109,921,4615,0.934561213434453,2130,6894,520,371,121,2111,19,274,119,19
"1525","2020-04-22",272,18,101,953,4615,0.934561213434453,2130,6894,520,371,166,2277,13,287,163,13
"1526","2020-04-23",268,18,103,998,4615,0.934561213434453,2130,6894,520,371,156,2433,16,303,154,16
"1527","2020-04-24",313,18,97,992,4615,0.934561213434453,2130,6894,520,371,140,2573,18,321,139,18
"1528","2020-04-25",330,18,110,1011,4615,0.934561213434453,2130,6894,520,371,150,2723,9,330,147,9
"1529","2020-04-26",317,18,99,1050,4615,0.934561213434453,2130,6894,520,371,143,2866,16,346,139,16
"1530","2020-04-27",311,18,85,1075,4615,0.934561213434453,2130,6894,520,371,142,3008,14,360,137,14
"1531","2020-04-28",320,18,100,1097,4615,0.934561213434453,2130,6894,520,371,130,3138,22,382,129,22
"1532","2020-04-29",324,18,96,1106,4615,0.934561213434453,2130,6894,520,371,143,3281,23,405,139,23
"1533","2020-04-30",340,18,102,1137,4615,0.934561213434453,2130,6894,520,371,116,3397,18,423,115,18
"1534","2020-05-01",376,18,96,1158,4615,0.934561213434453,2130,6894,520,371,165,3562,17,440,164,17
"1535","2020-05-02",370,18,91,1153,4615,0.934561213434453,2130,6894,520,371,131,3693,29,469,130,29
"1536","2020-05-03",391,18,84,1171,4615,0.934561213434453,2130,6894,520,371,97,3790,17,486,97,17
"1537","2020-05-04",400,18,79,1189,4615,0.934561213434453,2130,6894,520,371,132,3922,13,499,132,13
"1538","2020-05-05",389,18,68,1161,4615,0.934561213434453,2130,6894,520,371,103,4025,22,521,102,22
"1539","2020-05-06",400,18,59,1142,4615,0.934561213434453,2130,6894,520,371,85,4110,30,551,83,30
"1540","2020-05-07",406,18,60,1117,4615,0.934561213434453,2130,6894,520,371,99,4209,18,569,97,18
"1541","2020-05-08",439,18,58,1102,4615,0.934561213434453,2130,6894,520,371,96,4305,14,583,96,14
"1542","2020-05-09",432,18,68,1058,4615,0.934561213434453,2130,6894,520,371,67,4372,15,598,67,15
"1543","2020-05-10",392,18,68,1028,4615,0.934561213434453,2130,6894,520,371,77,4449,14,612,76,14
"1544","2020-05-11",367,18,80,977,4615,0.934561213434453,2130,6894,520,371,68,4517,10,622,68,10
"1545","2020-05-12",357,18,84,918,4615,0.934561213434453,2130,6894,520,371,75,4592,13,635,73,13
"1546","2020-05-13",340,18,78,889,4615,0.934561213434453,2130,6894,520,371,58,4650,16,651,56,16
"1547","2020-05-14",325,18,70,847,4615,0.934561213434453,2130,6894,520,371,53,4703,13,664,51,13
"1548","2020-05-15",315,18,72,825,4615,0.934561213434453,2130,6894,520,371,74,4777,5,669,73,5
"1549","2020-05-16",314,18,75,784,4615,0.934561213434453,2130,6894,520,371,32,4809,10,679,32,10
"1550","2020-05-17",297,18,74,723,4615,0.934561213434453,2130,6894,520,371,48,4857,6,685,48,6
"1551","2020-05-18",289,18,67,683,4615,0.934561213434453,2130,6894,520,371,42,4899,4,689,42,4
"1552","2020-05-19",274,18,74,647,4615,0.934561213434453,2130,6894,520,371,28,4927,7,696,27,7
"1553","2020-05-20",270,18,83,630,4615,0.934561213434453,2130,6894,520,371,30,4957,16,712,30,16
"1554","2020-05-21",258,18,82,592,4615,0.934561213434453,2130,6894,520,371,34,4991,4,716,32,4
"1555","2020-05-22",241,18,87,544,4615,0.934561213434453,2130,6894,520,371,27,5018,10,726,27,10
"1556","2020-05-23",214,18,76,523,4615,0.934561213434453,2130,6894,520,371,24,5042,20,746,23,20
"1557","2020-05-24",198,18,64,483,4615,0.934561213434453,2130,6894,520,371,30,5072,15,761,30,15
"1558","2020-05-25",194,18,59,455,4615,0.934561213434453,2130,6894,520,371,15,5087,9,770,15,9
"1559","2020-05-26",190,18,50,420,4615,0.934561213434453,2130,6894,520,371,19,5106,11,781,19,11
"1560","2020-05-27",180,18,55,377,4615,0.934561213434453,2130,6894,520,371,12,5118,14,795,12,14
"1561","2020-05-28",167,18,53,351,4615,0.934561213434453,2130,6894,520,371,15,5133,12,807,15,12
"1562","2020-05-29",143,18,56,322,4615,0.934561213434453,2130,6894,520,371,16,5149,10,817,16,10
"1563","2020-05-30",147,18,58,296,4615,0.934561213434453,2130,6894,520,371,14,5163,13,830,14,13
"1564","2020-05-31",122,18,59,272,4615,0.934561213434453,2130,6894,520,371,8,5171,8,838,7,8
"1565","2020-06-01",106,18,55,245,4615,0.934561213434453,2130,6894,520,371,13,5184,5,843,13,5
"1566","2020-06-02",90,18,58,234,4615,0.934561213434453,2130,6894,520,371,10,5194,5,848,10,5
"1567","2020-06-03",80,18,48,220,4615,0.934561213434453,2130,6894,520,371,9,5203,4,852,9,4
"1568","2020-06-04",77,18,40,212,4615,0.934561213434453,2130,6894,520,371,9,5212,1,853,8,1
"1569","2020-06-05",82,18,40,190,4615,0.934561213434453,2130,6894,520,371,3,5215,4,857,3,4
"1570","2020-06-06",76,18,45,180,4615,0.934561213434453,2130,6894,520,371,3,5218,7,864,3,7
"1571","2020-06-07",66,18,45,165,4615,0.934561213434453,2130,6894,520,371,8,5226,3,867,8,3
"1572","2020-03-08",2,19,0,0,2320,0.700862068965517,2040,4857,187,195,NA,NA,NA,NA,NA,NA
"1573","2020-03-09",2,19,0,0,2320,0.700862068965517,2040,4857,187,195,NA,NA,NA,NA,NA,NA
"1574","2020-03-10",0,19,0,0,2320,0.700862068965517,2040,4857,187,195,NA,NA,1,1,NA,1
"1575","2020-03-11",0,19,0,0,2320,0.700862068965517,2040,4857,187,195,12,12,11,12,NA,11
"1576","2020-03-12",0,19,0,0,2320,0.700862068965517,2040,4857,187,195,6,18,4,16,NA,4
"1577","2020-03-13",3,19,15,19,2320,0.700862068965517,2040,4857,187,195,6,24,4,20,NA,4
"1578","2020-03-14",3,19,15,26,2320,0.700862068965517,2040,4857,187,195,20,44,4,24,8,4
"1579","2020-03-15",1,19,13,36,2320,0.700862068965517,2040,4857,187,195,15,59,1,25,7,1
"1580","2020-03-16",1,19,10,52,2320,0.700862068965517,2040,4857,187,195,13,72,3,28,6,3
"1581","2020-03-17",1,19,9,61,2320,0.700862068965517,2040,4857,187,195,22,94,NA,NA,13,NA
"1582","2020-03-18",5,19,17,66,2320,0.700862068965517,2040,4857,187,195,32,126,5,33,25,5
"1583","2020-03-19",9,19,26,75,2320,0.700862068965517,2040,4857,187,195,33,159,4,37,24,4
"1584","2020-03-20",11,19,27,86,2320,0.700862068965517,2040,4857,187,195,18,177,1,38,15,1
"1585","2020-03-21",15,19,28,99,2320,0.700862068965517,2040,4857,187,195,38,215,1,39,26,1
"1586","2020-03-22",24,19,25,107,2320,0.700862068965517,2040,4857,187,195,41,256,6,45,34,6
"1587","2020-03-23",24,19,19,116,2320,0.700862068965517,2040,4857,187,195,38,294,1,46,28,1
"1588","2020-03-24",24,19,26,130,2320,0.700862068965517,2040,4857,187,195,46,340,2,48,41,2
"1589","2020-03-25",27,19,34,137,2320,0.700862068965517,2040,4857,187,195,42,382,NA,NA,34,NA
"1590","2020-03-26",31,19,38,149,2320,0.700862068965517,2040,4857,187,195,46,428,3,51,39,3
"1591","2020-03-27",33,19,44,154,2320,0.700862068965517,2040,4857,187,195,58,486,7,58,54,7
"1592","2020-03-28",33,19,56,161,2320,0.700862068965517,2040,4857,187,195,51,537,9,67,43,9
"1593","2020-03-29",30,19,53,172,2320,0.700862068965517,2040,4857,187,195,56,593,7,74,51,7
"1594","2020-03-30",37,19,46,182,2320,0.700862068965517,2040,4857,187,195,66,659,14,88,61,14
"1595","2020-03-31",44,19,38,184,2320,0.700862068965517,2040,4857,187,195,48,707,14,102,44,14
"1596","2020-04-01",43,19,32,205,2320,0.700862068965517,2040,4857,187,195,84,791,14,116,75,14
"1597","2020-04-02",41,19,33,212,2320,0.700862068965517,2040,4857,187,195,73,864,14,130,63,14
"1598","2020-04-03",43,19,35,224,2320,0.700862068965517,2040,4857,187,195,77,941,11,141,67,11
"1599","2020-04-04",64,19,35,233,2320,0.700862068965517,2040,4857,187,195,86,1027,8,149,80,8
"1600","2020-04-05",68,19,48,250,2320,0.700862068965517,2040,4857,187,195,95,1122,5,154,84,5
"1601","2020-04-06",72,19,62,262,2320,0.700862068965517,2040,4857,187,195,98,1220,6,160,89,6
"1602","2020-04-07",75,19,59,267,2320,0.700862068965517,2040,4857,187,195,112,1332,2,162,106,2
"1603","2020-04-08",79,19,50,277,2320,0.700862068965517,2040,4857,187,195,97,1429,7,169,88,7
"1604","2020-04-09",90,19,44,285,2320,0.700862068965517,2040,4857,187,195,87,1516,5,174,79,5
"1605","2020-04-10",103,19,37,288,2320,0.700862068965517,2040,4857,187,195,127,1643,2,176,114,2
"1606","2020-04-11",109,19,40,310,2320,0.700862068965517,2040,4857,187,195,87,1730,4,180,86,4
"1607","2020-04-12",108,19,42,317,2320,0.700862068965517,2040,4857,187,195,106,1836,6,186,103,6
"1608","2020-04-13",95,19,40,322,2320,0.700862068965517,2040,4857,187,195,136,1972,4,190,118,4
"1609","2020-04-14",95,19,38,326,2320,0.700862068965517,2040,4857,187,195,106,2078,1,191,101,1
"1610","2020-04-15",99,19,31,338,2320,0.700862068965517,2040,4857,187,195,90,2168,3,194,83,3
"1611","2020-04-16",91,19,36,360,2320,0.700862068965517,2040,4857,187,195,131,2299,4,198,121,4
"1612","2020-04-17",111,19,39,355,2320,0.700862068965517,2040,4857,187,195,83,2382,15,213,76,15
"1613","2020-04-18",121,19,39,353,2320,0.700862068965517,2040,4857,187,195,126,2508,15,228,120,15
"1614","2020-04-19",114,19,32,354,2320,0.700862068965517,2040,4857,187,195,123,2631,10,238,116,10
"1615","2020-04-20",120,19,32,360,2320,0.700862068965517,2040,4857,187,195,99,2730,22,260,88,22
"1616","2020-04-21",118,19,30,375,2320,0.700862068965517,2040,4857,187,195,104,2834,11,271,95,11
"1617","2020-04-22",117,19,33,383,2320,0.700862068965517,2040,4857,187,195,123,2957,6,277,114,6
"1618","2020-04-23",116,19,33,393,2320,0.700862068965517,2040,4857,187,195,123,3080,6,283,113,6
"1619","2020-04-24",120,19,31,404,2320,0.700862068965517,2040,4857,187,195,97,3177,5,288,88,5
"1620","2020-04-25",110,19,37,408,2320,0.700862068965517,2040,4857,187,195,95,3272,13,301,90,13
"1621","2020-04-26",122,19,56,412,2320,0.700862068965517,2040,4857,187,195,78,3350,15,316,75,15
"1622","2020-04-27",118,19,62,412,2320,0.700862068965517,2040,4857,187,195,66,3416,10,326,61,10
"1623","2020-04-28",114,19,64,414,2320,0.700862068965517,2040,4857,187,195,88,3504,24,350,82,24
"1624","2020-04-29",117,19,71,409,2320,0.700862068965517,2040,4857,187,195,71,3575,24,374,64,24
"1625","2020-04-30",126,19,75,410,2320,0.700862068965517,2040,4857,187,195,73,3648,16,390,67,16
"1626","2020-05-01",126,19,82,405,2320,0.700862068965517,2040,4857,187,195,95,3743,8,398,90,8
"1627","2020-05-02",137,19,76,402,2320,0.700862068965517,2040,4857,187,195,70,3813,5,403,60,5
"1628","2020-05-03",133,19,71,397,2320,0.700862068965517,2040,4857,187,195,62,3875,24,427,59,24
"1629","2020-05-04",138,19,65,385,2320,0.700862068965517,2040,4857,187,195,51,3926,6,433,46,6
"1630","2020-05-05",134,19,63,383,2320,0.700862068965517,2040,4857,187,195,64,3990,27,460,57,27
"1631","2020-05-06",129,19,57,377,2320,0.700862068965517,2040,4857,187,195,65,4055,8,468,57,8
"1632","2020-05-07",125,19,56,368,2320,0.700862068965517,2040,4857,187,195,75,4130,14,482,68,14
"1633","2020-05-08",128,19,66,358,2320,0.700862068965517,2040,4857,187,195,57,4187,10,492,49,10
"1634","2020-05-09",130,19,66,344,2320,0.700862068965517,2040,4857,187,195,57,4244,6,498,45,6
"1635","2020-05-10",124,19,59,336,2320,0.700862068965517,2040,4857,187,195,61,4305,7,505,54,7
"1636","2020-05-11",119,19,61,334,2320,0.700862068965517,2040,4857,187,195,43,4348,5,510,38,5
"1637","2020-05-12",121,19,61,318,2320,0.700862068965517,2040,4857,187,195,35,4383,8,518,31,8
"1638","2020-05-13",116,19,58,305,2320,0.700862068965517,2040,4857,187,195,42,4425,5,523,39,5
"1639","2020-05-14",114,19,56,298,2320,0.700862068965517,2040,4857,187,195,44,4469,9,532,41,9
"1640","2020-05-15",121,19,54,299,2320,0.700862068965517,2040,4857,187,195,32,4501,6,538,29,6
"1641","2020-05-16",106,19,53,298,2320,0.700862068965517,2040,4857,187,195,40,4541,24,562,38,24
"1642","2020-05-17",108,19,48,291,2320,0.700862068965517,2040,4857,187,195,38,4579,15,577,33,15
"1643","2020-05-18",100,19,57,292,2320,0.700862068965517,2040,4857,187,195,21,4600,15,592,16,15
"1644","2020-05-19",94,19,49,291,2320,0.700862068965517,2040,4857,187,195,31,4631,16,608,27,16
"1645","2020-05-20",96,19,46,285,2320,0.700862068965517,2040,4857,187,195,23,4654,10,618,18,10
"1646","2020-05-21",93,19,51,292,2320,0.700862068965517,2040,4857,187,195,20,4674,11,629,17,11
"1647","2020-05-22",82,19,54,288,2320,0.700862068965517,2040,4857,187,195,20,4694,10,639,15,10
"1648","2020-05-23",87,19,55,290,2320,0.700862068965517,2040,4857,187,195,23,4717,13,652,19,13
"1649","2020-05-24",84,19,55,288,2320,0.700862068965517,2040,4857,187,195,17,4734,14,666,15,14
"1650","2020-05-25",80,19,55,279,2320,0.700862068965517,2040,4857,187,195,18,4752,18,684,13,18
"1651","2020-05-26",78,19,51,275,2320,0.700862068965517,2040,4857,187,195,27,4779,12,696,24,12
"1652","2020-05-27",82,19,54,269,2320,0.700862068965517,2040,4857,187,195,14,4793,9,705,12,9
"1653","2020-05-28",85,19,51,263,2320,0.700862068965517,2040,4857,187,195,31,4824,14,719,24,14
"1654","2020-05-29",97,19,46,271,2320,0.700862068965517,2040,4857,187,195,10,4834,14,733,10,14
"1655","2020-05-30",106,19,51,262,2320,0.700862068965517,2040,4857,187,195,17,4851,10,743,12,10
"1656","2020-05-31",90,19,54,253,2320,0.700862068965517,2040,4857,187,195,15,4866,3,746,12,3
"1657","2020-06-01",91,19,51,260,2320,0.700862068965517,2040,4857,187,195,10,4876,13,759,6,13
"1658","2020-06-02",91,19,50,256,2320,0.700862068965517,2040,4857,187,195,13,4889,11,770,12,11
"1659","2020-06-03",84,19,43,254,2320,0.700862068965517,2040,4857,187,195,12,4901,9,779,12,9
"1660","2020-06-04",84,19,44,247,2320,0.700862068965517,2040,4857,187,195,14,4915,4,783,12,4
"1661","2020-06-05",88,19,37,242,2320,0.700862068965517,2040,4857,187,195,9,4924,5,788,8,5
"1662","2020-06-06",85,19,37,241,2320,0.700862068965517,2040,4857,187,195,13,4937,9,797,11,9
"1663","2020-06-07",90,19,45,224,2320,0.700862068965517,2040,4857,187,195,10,4947,5,802,10,5
"1664","2020-03-15",1,20,29,16,4895,0.968335035750766,1935,6784,605,343,10,38,2,13,7,2
"1665","2020-03-16",2,20,35,22,4895,0.968335035750766,1935,6784,605,343,5,43,5,18,5,5
"1666","2020-03-17",2,20,33,30,4895,0.968335035750766,1935,6784,605,343,11,54,2,20,11,2
"1667","2020-03-18",2,20,34,38,4895,0.968335035750766,1935,6784,605,343,18,72,1,21,17,1
"1668","2020-03-19",4,20,28,47,4895,0.968335035750766,1935,6784,605,343,12,84,3,24,11,3
"1669","2020-03-20",10,20,26,57,4895,0.968335035750766,1935,6784,605,343,9,93,4,28,6,4
"1670","2020-03-21",12,20,23,72,4895,0.968335035750766,1935,6784,605,343,22,115,2,30,17,2
"1671","2020-03-22",18,20,29,81,4895,0.968335035750766,1935,6784,605,343,21,136,7,37,19,7
"1672","2020-03-23",17,20,24,91,4895,0.968335035750766,1935,6784,605,343,22,158,12,49,17,12
"1673","2020-03-24",19,20,24,103,4895,0.968335035750766,1935,6784,605,343,30,188,12,61,28,12
"1674","2020-03-25",21,20,44,116,4895,0.968335035750766,1935,6784,605,343,24,212,9,70,23,9
"1675","2020-03-26",21,20,51,136,4895,0.968335035750766,1935,6784,605,343,40,252,7,77,36,7
"1676","2020-03-27",27,20,54,139,4895,0.968335035750766,1935,6784,605,343,32,284,12,89,30,12
"1677","2020-03-28",36,20,61,162,4895,0.968335035750766,1935,6784,605,343,39,323,8,97,35,8
"1678","2020-03-29",38,20,63,170,4895,0.968335035750766,1935,6784,605,343,36,359,9,106,35,9
"1679","2020-03-30",44,20,62,188,4895,0.968335035750766,1935,6784,605,343,49,408,4,110,46,4
"1680","2020-03-31",45,20,65,203,4895,0.968335035750766,1935,6784,605,343,32,440,9,119,30,9
"1681","2020-04-01",48,20,62,228,4895,0.968335035750766,1935,6784,605,343,51,491,7,126,49,7
"1682","2020-04-02",56,20,65,232,4895,0.968335035750766,1935,6784,605,343,62,553,9,135,60,9
"1683","2020-04-03",55,20,53,260,4895,0.968335035750766,1935,6784,605,343,61,614,17,152,58,17
"1684","2020-04-04",59,20,63,282,4895,0.968335035750766,1935,6784,605,343,69,683,19,171,65,19
"1685","2020-04-05",57,20,68,300,4895,0.968335035750766,1935,6784,605,343,79,762,15,186,77,15
"1686","2020-04-06",61,20,80,331,4895,0.968335035750766,1935,6784,605,343,75,837,15,201,72,15
"1687","2020-04-07",72,20,80,376,4895,0.968335035750766,1935,6784,605,343,83,920,7,208,82,7
"1688","2020-04-08",85,20,93,393,4895,0.968335035750766,1935,6784,605,343,106,1026,12,220,103,12
"1689","2020-04-09",94,20,99,430,4895,0.968335035750766,1935,6784,605,343,83,1109,11,231,81,11
"1690","2020-04-10",124,20,103,468,4895,0.968335035750766,1935,6784,605,343,97,1206,9,240,95,9
"1691","2020-04-11",153,20,96,511,4895,0.968335035750766,1935,6784,605,343,127,1333,6,246,123,6
"1692","2020-04-12",161,20,78,546,4895,0.968335035750766,1935,6784,605,343,98,1431,10,256,98,10
"1693","2020-04-13",158,20,71,608,4895,0.968335035750766,1935,6784,605,343,127,1558,21,277,125,21
"1694","2020-04-14",170,20,79,639,4895,0.968335035750766,1935,6784,605,343,96,1654,10,287,95,10
"1695","2020-04-15",175,20,92,664,4895,0.968335035750766,1935,6784,605,343,141,1795,18,305,139,18
"1696","2020-04-16",172,20,80,704,4895,0.968335035750766,1935,6784,605,343,122,1917,12,317,121,12
"1697","2020-04-17",203,20,80,741,4895,0.968335035750766,1935,6784,605,343,107,2024,12,329,104,12
"1698","2020-04-18",223,20,88,784,4895,0.968335035750766,1935,6784,605,343,163,2187,13,342,160,13
"1699","2020-04-19",223,20,80,825,4895,0.968335035750766,1935,6784,605,343,135,2322,15,357,130,15
"1700","2020-04-20",234,20,66,840,4895,0.968335035750766,1935,6784,605,343,115,2437,12,369,112,12
"1701","2020-04-21",228,20,65,882,4895,0.968335035750766,1935,6784,605,343,140,2577,12,381,135,12
"1702","2020-04-22",237,20,73,912,4895,0.968335035750766,1935,6784,605,343,137,2714,15,396,135,15
"1703","2020-04-23",259,20,79,932,4895,0.968335035750766,1935,6784,605,343,144,2858,16,412,142,16
"1704","2020-04-24",308,20,87,957,4895,0.968335035750766,1935,6784,605,343,119,2977,18,430,115,18
"1705","2020-04-25",328,20,103,992,4895,0.968335035750766,1935,6784,605,343,138,3115,17,447,136,17
"1706","2020-04-26",336,20,110,1043,4895,0.968335035750766,1935,6784,605,343,118,3233,10,457,118,10
"1707","2020-04-27",327,20,120,1056,4895,0.968335035750766,1935,6784,605,343,104,3337,14,471,102,14
"1708","2020-04-28",338,20,112,1074,4895,0.968335035750766,1935,6784,605,343,120,3457,12,483,118,12
"1709","2020-04-29",350,20,115,1102,4895,0.968335035750766,1935,6784,605,343,107,3564,13,496,107,13
"1710","2020-04-30",344,20,108,1129,4895,0.968335035750766,1935,6784,605,343,101,3665,25,521,100,25
"1711","2020-05-01",403,20,102,1132,4895,0.968335035750766,1935,6784,605,343,88,3753,17,538,84,17
"1712","2020-05-02",395,20,91,1118,4895,0.968335035750766,1935,6784,605,343,74,3827,9,547,72,9
"1713","2020-05-03",387,20,95,1107,4895,0.968335035750766,1935,6784,605,343,95,3922,24,571,95,24
"1714","2020-05-04",395,20,80,1106,4895,0.968335035750766,1935,6784,605,343,96,4018,18,589,95,18
"1715","2020-05-05",389,20,71,1096,4895,0.968335035750766,1935,6784,605,343,103,4121,12,601,97,12
"1716","2020-05-06",385,20,61,1102,4895,0.968335035750766,1935,6784,605,343,69,4190,25,626,67,25
"1717","2020-05-07",402,20,60,1127,4895,0.968335035750766,1935,6784,605,343,67,4257,30,656,65,30
"1718","2020-05-08",401,20,58,1110,4895,0.968335035750766,1935,6784,605,343,55,4312,16,672,53,16
"1719","2020-05-09",422,20,47,1115,4895,0.968335035750766,1935,6784,605,343,53,4365,21,693,52,21
"1720","2020-05-10",390,20,52,1121,4895,0.968335035750766,1935,6784,605,343,48,4413,26,719,45,26
"1721","2020-05-11",376,20,54,1096,4895,0.968335035750766,1935,6784,605,343,67,4480,15,734,63,15
"1722","2020-05-12",367,20,58,1075,4895,0.968335035750766,1935,6784,605,343,54,4534,11,745,53,11
"1723","2020-05-13",356,20,48,1041,4895,0.968335035750766,1935,6784,605,343,57,4591,22,767,56,22
"1724","2020-05-14",345,20,48,1027,4895,0.968335035750766,1935,6784,605,343,46,4637,17,784,46,17
"1725","2020-05-15",361,20,47,981,4895,0.968335035750766,1935,6784,605,343,42,4679,17,801,39,17
"1726","2020-05-16",337,20,43,967,4895,0.968335035750766,1935,6784,605,343,41,4720,12,813,38,12
"1727","2020-05-17",317,20,45,931,4895,0.968335035750766,1935,6784,605,343,40,4760,15,828,40,15
"1728","2020-05-18",323,20,47,910,4895,0.968335035750766,1935,6784,605,343,34,4794,19,847,31,19
"1729","2020-05-19",312,20,46,883,4895,0.968335035750766,1935,6784,605,343,46,4840,19,866,44,19
"1730","2020-05-20",310,20,54,852,4895,0.968335035750766,1935,6784,605,343,23,4863,8,874,21,8
"1731","2020-05-21",298,20,58,778,4895,0.968335035750766,1935,6784,605,343,31,4894,19,893,30,19
"1732","2020-05-22",282,20,57,723,4895,0.968335035750766,1935,6784,605,343,34,4928,21,914,32,21
"1733","2020-05-23",282,20,60,665,4895,0.968335035750766,1935,6784,605,343,25,4953,13,927,25,13
"1734","2020-05-24",246,20,67,630,4895,0.968335035750766,1935,6784,605,343,30,4983,16,943,29,16
"1735","2020-05-25",222,20,58,590,4895,0.968335035750766,1935,6784,605,343,21,5004,14,957,19,14
"1736","2020-05-26",210,20,55,567,4895,0.968335035750766,1935,6784,605,343,12,5016,18,975,12,18
"1737","2020-05-27",209,20,47,541,4895,0.968335035750766,1935,6784,605,343,14,5030,11,986,13,11
"1738","2020-05-28",212,20,42,521,4895,0.968335035750766,1935,6784,605,343,17,5047,15,1001,16,15
"1739","2020-05-29",198,20,36,483,4895,0.968335035750766,1935,6784,605,343,8,5055,9,1010,8,9
"1740","2020-05-30",192,20,31,453,4895,0.968335035750766,1935,6784,605,343,10,5065,24,1034,9,24
"1741","2020-05-31",186,20,28,421,4895,0.968335035750766,1935,6784,605,343,17,5082,32,1066,16,32
"1742","2020-06-01",172,20,27,384,4895,0.968335035750766,1935,6784,605,343,13,5095,20,1086,12,20
"1743","2020-06-02",163,20,20,352,4895,0.968335035750766,1935,6784,605,343,12,5107,16,1102,12,16
"1744","2020-06-03",158,20,21,317,4895,0.968335035750766,1935,6784,605,343,10,5117,27,1129,10,27
"1745","2020-06-04",140,20,22,291,4895,0.968335035750766,1935,6784,605,343,8,5125,18,1147,8,18
"1746","2020-06-05",118,20,18,277,4895,0.968335035750766,1935,6784,605,343,11,5136,18,1165,11,18
"1747","2020-06-06",114,20,24,255,4895,0.968335035750766,1935,6784,605,343,13,5149,22,1187,10,22
"1748","2020-06-07",104,20,25,235,4895,0.968335035750766,1935,6784,605,343,5,5154,18,1205,4,18
