"","Date","Absents","Paramset","Infections_or_Exposed_per_day_Patient","Infections_or_Exposed_per_day_HCW","total_infections","nosocomial_proportion","PCR_pooled","LFD_pooled","HCW_symp_test","patient_symp_test","new_hcw_infs","cumulative_hcw_infs","new_pat_infs","cumulative_pats_infs","new_nosocomial_hcw_infs","new_nosocomial_pat_infs"
"1","2020-03-13",10,1,60,305,8409,0.288024735402545,8355,40308,464,1259,101,305,8,39,12,8
"2","2020-03-14",58,1,84,406,8409,0.288024735402545,8355,40308,464,1259,101,406,22,61,20,22
"3","2020-03-15",67,1,118,502,8409,0.288024735402545,8355,40308,464,1259,97,503,32,93,30,32
"4","2020-03-16",67,1,138,639,8409,0.288024735402545,8355,40308,464,1259,138,641,29,122,51,29
"5","2020-03-17",87,1,121,766,8409,0.288024735402545,8355,40308,464,1259,130,771,8,130,50,8
"6","2020-03-18",122,1,114,885,8409,0.288024735402545,8355,40308,464,1259,130,901,12,142,45,12
"7","2020-03-19",156,1,109,1010,8409,0.288024735402545,8355,40308,464,1259,148,1049,12,154,69,12
"8","2020-03-20",272,1,131,1092,8409,0.288024735402545,8355,40308,464,1259,118,1167,32,186,45,32
"9","2020-03-21",325,1,147,1194,8409,0.288024735402545,8355,40308,464,1259,141,1308,33,219,64,33
"10","2020-03-22",348,1,132,1286,8409,0.288024735402545,8355,40308,464,1259,141,1449,9,228,50,9
"11","2020-03-23",349,1,124,1351,8409,0.288024735402545,8355,40308,464,1259,132,1581,15,243,57,15
"12","2020-03-24",367,1,144,1412,8409,0.288024735402545,8355,40308,464,1259,140,1721,24,267,67,24
"13","2020-03-25",397,1,173,1488,8409,0.288024735402545,8355,40308,464,1259,160,1881,43,310,67,43
"14","2020-03-26",418,1,178,1526,8409,0.288024735402545,8355,40308,464,1259,137,2018,28,338,84,28
"15","2020-03-27",537,1,171,1570,8409,0.288024735402545,8355,40308,464,1259,154,2172,20,358,75,20
"16","2020-03-28",538,1,156,1585,8409,0.288024735402545,8355,40308,464,1259,135,2307,18,376,70,18
"17","2020-03-29",482,1,137,1607,8409,0.288024735402545,8355,40308,464,1259,148,2455,8,384,68,8
"18","2020-03-30",512,1,128,1611,8409,0.288024735402545,8355,40308,464,1259,131,2586,16,400,57,16
"19","2020-03-31",517,1,153,1623,8409,0.288024735402545,8355,40308,464,1259,128,2714,26,426,56,26
"20","2020-04-01",523,1,177,1598,8409,0.288024735402545,8355,40308,464,1259,108,2822,44,470,42,44
"21","2020-04-02",522,1,218,1602,8409,0.288024735402545,8355,40308,464,1259,133,2955,61,531,57,61
"22","2020-04-03",551,1,226,1573,8409,0.288024735402545,8355,40308,464,1259,118,3073,43,574,59,43
"23","2020-04-04",563,1,231,1545,8409,0.288024735402545,8355,40308,464,1259,114,3187,37,611,46,37
"24","2020-04-05",525,1,264,1505,8409,0.288024735402545,8355,40308,464,1259,120,3307,63,674,54,63
"25","2020-04-06",502,1,255,1496,8409,0.288024735402545,8355,40308,464,1259,118,3425,34,708,51,34
"26","2020-04-07",507,1,255,1480,8409,0.288024735402545,8355,40308,464,1259,114,3539,36,744,51,36
"27","2020-04-08",484,1,295,1465,8409,0.288024735402545,8355,40308,464,1259,109,3648,71,815,49,71
"28","2020-04-09",483,1,284,1491,8409,0.288024735402545,8355,40308,464,1259,143,3791,32,847,53,32
"29","2020-04-10",522,1,277,1477,8409,0.288024735402545,8355,40308,464,1259,104,3895,41,888,42,41
"30","2020-04-11",499,1,257,1444,8409,0.288024735402545,8355,40308,464,1259,103,3998,29,917,43,29
"31","2020-04-12",457,1,251,1446,8409,0.288024735402545,8355,40308,464,1259,123,4121,44,961,51,44
"32","2020-04-13",448,1,240,1434,8409,0.288024735402545,8355,40308,464,1259,121,4242,30,991,34,30
"33","2020-04-14",438,1,224,1407,8409,0.288024735402545,8355,40308,464,1259,93,4335,19,1010,34,19
"34","2020-04-15",437,1,204,1389,8409,0.288024735402545,8355,40308,464,1259,97,4432,19,1029,36,19
"35","2020-04-16",432,1,194,1337,8409,0.288024735402545,8355,40308,464,1259,79,4511,25,1054,28,25
"36","2020-04-17",447,1,189,1322,8409,0.288024735402545,8355,40308,464,1259,103,4614,19,1073,37,19
"37","2020-04-18",449,1,233,1275,8409,0.288024735402545,8355,40308,464,1259,71,4685,59,1132,14,59
"38","2020-04-19",435,1,230,1236,8409,0.288024735402545,8355,40308,464,1259,73,4758,36,1168,17,36
"39","2020-04-20",436,1,215,1218,8409,0.288024735402545,8355,40308,464,1259,100,4858,20,1188,30,20
"40","2020-04-21",420,1,196,1196,8409,0.288024735402545,8355,40308,464,1259,92,4950,15,1203,33,15
"41","2020-04-22",420,1,181,1168,8409,0.288024735402545,8355,40308,464,1259,73,5023,16,1219,22,16
"42","2020-04-23",406,1,184,1166,8409,0.288024735402545,8355,40308,464,1259,80,5103,13,1232,27,13
"43","2020-04-24",384,1,186,1129,8409,0.288024735402545,8355,40308,464,1259,71,5174,21,1253,27,21
"44","2020-04-25",393,1,226,1092,8409,0.288024735402545,8355,40308,464,1259,78,5252,56,1309,24,56
"45","2020-04-26",342,1,291,1075,8409,0.288024735402545,8355,40308,464,1259,81,5333,75,1384,22,75
"46","2020-04-27",325,1,278,1062,8409,0.288024735402545,8355,40308,464,1259,79,5412,34,1418,23,34
"47","2020-04-28",330,1,287,1032,8409,0.288024735402545,8355,40308,464,1259,67,5479,46,1464,19,46
"48","2020-04-29",312,1,291,1003,8409,0.288024735402545,8355,40308,464,1259,52,5531,45,1509,14,45
"49","2020-04-30",312,1,310,1001,8409,0.288024735402545,8355,40308,464,1259,86,5617,45,1554,20,45
"50","2020-05-01",334,1,286,996,8409,0.288024735402545,8355,40308,464,1259,77,5694,34,1588,24,34
"51","2020-05-02",317,1,263,970,8409,0.288024735402545,8355,40308,464,1259,57,5751,23,1611,21,23
"52","2020-05-03",315,1,251,941,8409,0.288024735402545,8355,40308,464,1259,52,5803,19,1630,16,19
"53","2020-05-04",302,1,273,893,8409,0.288024735402545,8355,40308,464,1259,56,5859,52,1682,15,52
"54","2020-05-05",299,1,296,866,8409,0.288024735402545,8355,40308,464,1259,62,5921,61,1743,20,61
"55","2020-05-06",295,1,299,836,8409,0.288024735402545,8355,40308,464,1259,48,5969,48,1791,11,48
"56","2020-05-07",290,1,263,798,8409,0.288024735402545,8355,40308,464,1259,46,6015,17,1808,8,17
"57","2020-05-08",263,1,230,764,8409,0.288024735402545,8355,40308,464,1259,50,6065,20,1828,12,20
"58","2020-05-09",258,1,228,739,8409,0.288024735402545,8355,40308,464,1259,36,6101,18,1846,7,18
"59","2020-05-10",231,1,221,705,8409,0.288024735402545,8355,40308,464,1259,46,6147,22,1868,10,22
"60","2020-05-11",227,1,248,691,8409,0.288024735402545,8355,40308,464,1259,47,6194,48,1916,14,48
"61","2020-05-12",218,1,250,669,8409,0.288024735402545,8355,40308,464,1259,50,6244,35,1951,15,35
"62","2020-05-13",217,1,259,632,8409,0.288024735402545,8355,40308,464,1259,28,6272,36,1987,8,36
"63","2020-05-14",208,1,268,605,8409,0.288024735402545,8355,40308,464,1259,37,6309,43,2030,9,43
"64","2020-05-15",212,1,287,575,8409,0.288024735402545,8355,40308,464,1259,28,6337,61,2091,4,61
"65","2020-05-16",210,1,260,552,8409,0.288024735402545,8355,40308,464,1259,39,6376,26,2117,9,26
"66","2020-05-17",183,1,237,517,8409,0.288024735402545,8355,40308,464,1259,25,6401,23,2140,4,23
"67","2020-05-18",180,1,245,490,8409,0.288024735402545,8355,40308,464,1259,19,6420,31,2171,5,31
"68","2020-05-19",166,1,230,463,8409,0.288024735402545,8355,40308,464,1259,19,6439,21,2192,2,21
"69","2020-05-20",158,1,215,430,8409,0.288024735402545,8355,40308,464,1259,19,6458,21,2213,3,21
"70","2020-05-21",149,1,216,409,8409,0.288024735402545,8355,40308,464,1259,30,6488,26,2239,4,26
"71","2020-05-22",148,1,218,393,8409,0.288024735402545,8355,40308,464,1259,24,6512,30,2269,5,30
"72","2020-05-23",146,1,242,356,8409,0.288024735402545,8355,40308,464,1259,16,6528,49,2318,3,49
"73","2020-05-24",136,1,228,329,8409,0.288024735402545,8355,40308,464,1259,17,6545,25,2343,3,25
"74","2020-05-25",123,1,212,318,8409,0.288024735402545,8355,40308,464,1259,31,6576,26,2369,5,26
"75","2020-05-26",107,1,240,300,8409,0.288024735402545,8355,40308,464,1259,13,6589,52,2421,2,52
"76","2020-05-27",99,1,240,293,8409,0.288024735402545,8355,40308,464,1259,17,6606,35,2456,6,35
"77","2020-05-28",97,1,214,274,8409,0.288024735402545,8355,40308,464,1259,21,6627,21,2477,3,21
"78","2020-05-29",87,1,178,272,8409,0.288024735402545,8355,40308,464,1259,25,6652,10,2487,3,10
"79","2020-05-30",83,1,168,259,8409,0.288024735402545,8355,40308,464,1259,15,6667,10,2497,2,10
"80","2020-05-31",78,1,158,251,8409,0.288024735402545,8355,40308,464,1259,13,6680,11,2508,3,11
"81","2020-06-01",71,1,145,243,8409,0.288024735402545,8355,40308,464,1259,12,6692,11,2519,2,11
"82","2020-06-02",69,1,141,237,8409,0.288024735402545,8355,40308,464,1259,15,6707,16,2535,4,16
"83","2020-06-03",67,1,130,218,8409,0.288024735402545,8355,40308,464,1259,8,6715,7,2542,NA,7
"84","2020-06-04",63,1,123,214,8409,0.288024735402545,8355,40308,464,1259,14,6729,2,2544,NA,2
"85","2020-06-05",62,1,134,203,8409,0.288024735402545,8355,40308,464,1259,15,6744,27,2571,3,27
"86","2020-06-06",55,1,151,195,8409,0.288024735402545,8355,40308,464,1259,12,6756,31,2602,1,31
"87","2020-06-07",53,1,167,171,8409,0.288024735402545,8355,40308,464,1259,5,6761,34,2636,1,34
"88","2020-03-13",2,2,104,149,7114,0.595586168119202,8355,36217,418,990,85,213,25,56,10,25
"89","2020-03-14",10,2,126,216,7114,0.595586168119202,8355,36217,418,990,88,301,21,77,13,21
"90","2020-03-15",28,2,117,284,7114,0.595586168119202,8355,36217,418,990,91,392,13,90,24,13
"91","2020-03-16",33,2,135,352,7114,0.595586168119202,8355,36217,418,990,110,502,21,111,35,21
"92","2020-03-17",42,2,147,448,7114,0.595586168119202,8355,36217,418,990,94,596,26,137,34,26
"93","2020-03-18",56,2,139,538,7114,0.595586168119202,8355,36217,418,990,94,690,33,170,37,33
"94","2020-03-19",78,2,172,628,7114,0.595586168119202,8355,36217,418,990,117,807,32,202,51,32
"95","2020-03-20",118,2,209,731,7114,0.595586168119202,8355,36217,418,990,121,928,53,255,60,53
"96","2020-03-21",162,2,221,833,7114,0.595586168119202,8355,36217,418,990,118,1046,52,307,55,52
"97","2020-03-22",223,2,192,942,7114,0.595586168119202,8355,36217,418,990,131,1177,69,376,72,69
"98","2020-03-23",244,2,184,1028,7114,0.595586168119202,8355,36217,418,990,140,1317,35,411,71,35
"99","2020-03-24",264,2,178,1125,7114,0.595586168119202,8355,36217,418,990,129,1446,33,444,77,33
"100","2020-03-25",286,2,154,1202,7114,0.595586168119202,8355,36217,418,990,155,1601,24,468,90,24
"101","2020-03-26",313,2,200,1273,7114,0.595586168119202,8355,36217,418,990,146,1747,37,505,76,37
"102","2020-03-27",454,2,222,1372,7114,0.595586168119202,8355,36217,418,990,138,1885,56,561,71,56
"103","2020-03-28",490,2,230,1417,7114,0.595586168119202,8355,36217,418,990,126,2011,49,610,74,49
"104","2020-03-29",424,2,211,1517,7114,0.595586168119202,8355,36217,418,990,134,2145,45,655,81,45
"105","2020-03-30",443,2,188,1566,7114,0.595586168119202,8355,36217,418,990,129,2274,57,712,79,57
"106","2020-03-31",441,2,203,1624,7114,0.595586168119202,8355,36217,418,990,124,2398,38,750,75,38
"107","2020-04-01",455,2,212,1693,7114,0.595586168119202,8355,36217,418,990,123,2521,20,770,62,20
"108","2020-04-02",467,2,226,1748,7114,0.595586168119202,8355,36217,418,990,127,2648,19,789,68,19
"109","2020-04-03",523,2,227,1745,7114,0.595586168119202,8355,36217,418,990,140,2788,19,808,78,19
"110","2020-04-04",568,2,205,1812,7114,0.595586168119202,8355,36217,418,990,152,2940,24,832,81,24
"111","2020-04-05",556,2,173,1808,7114,0.595586168119202,8355,36217,418,990,153,3093,44,876,93,44
"112","2020-04-06",546,2,159,1815,7114,0.595586168119202,8355,36217,418,990,158,3251,47,923,94,47
"113","2020-04-07",564,2,165,1795,7114,0.595586168119202,8355,36217,418,990,129,3380,27,950,67,27
"114","2020-04-08",580,2,194,1790,7114,0.595586168119202,8355,36217,418,990,117,3497,49,999,57,49
"115","2020-04-09",587,2,216,1757,7114,0.595586168119202,8355,36217,418,990,132,3629,38,1037,72,38
"116","2020-04-10",669,2,228,1733,7114,0.595586168119202,8355,36217,418,990,132,3761,51,1088,76,51
"117","2020-04-11",632,2,246,1681,7114,0.595586168119202,8355,36217,418,990,114,3875,60,1148,57,60
"118","2020-04-12",609,2,253,1646,7114,0.595586168119202,8355,36217,418,990,126,4001,36,1184,71,36
"119","2020-04-13",587,2,269,1594,7114,0.595586168119202,8355,36217,418,990,111,4112,23,1207,66,23
"120","2020-04-14",578,2,269,1553,7114,0.595586168119202,8355,36217,418,990,112,4224,23,1230,58,23
"121","2020-04-15",585,2,247,1471,7114,0.595586168119202,8355,36217,418,990,95,4319,21,1251,52,21
"122","2020-04-16",565,2,220,1431,7114,0.595586168119202,8355,36217,418,990,93,4412,56,1307,33,56
"123","2020-04-17",550,2,256,1371,7114,0.595586168119202,8355,36217,418,990,84,4496,38,1345,39,38
"124","2020-04-18",546,2,273,1310,7114,0.595586168119202,8355,36217,418,990,89,4585,32,1377,39,32
"125","2020-04-19",468,2,288,1266,7114,0.595586168119202,8355,36217,418,990,91,4676,39,1416,40,39
"126","2020-04-20",463,2,300,1225,7114,0.595586168119202,8355,36217,418,990,81,4757,32,1448,29,32
"127","2020-04-21",443,2,274,1178,7114,0.595586168119202,8355,36217,418,990,84,4841,29,1477,31,29
"128","2020-04-22",412,2,240,1138,7114,0.595586168119202,8355,36217,418,990,79,4920,34,1511,24,34
"129","2020-04-23",405,2,212,1067,7114,0.595586168119202,8355,36217,418,990,77,4997,18,1529,34,18
"130","2020-04-24",355,2,237,1008,7114,0.595586168119202,8355,36217,418,990,83,5080,26,1555,31,26
"131","2020-04-25",342,2,240,985,7114,0.595586168119202,8355,36217,418,990,66,5146,22,1577,26,22
"132","2020-04-26",350,2,229,947,7114,0.595586168119202,8355,36217,418,990,69,5215,22,1599,25,22
"133","2020-04-27",332,2,219,891,7114,0.595586168119202,8355,36217,418,990,60,5275,34,1633,24,34
"134","2020-04-28",311,2,199,853,7114,0.595586168119202,8355,36217,418,990,62,5337,49,1682,24,49
"135","2020-04-29",306,2,177,825,7114,0.595586168119202,8355,36217,418,990,44,5381,47,1729,14,47
"136","2020-04-30",298,2,157,801,7114,0.595586168119202,8355,36217,418,990,67,5448,41,1770,23,41
"137","2020-05-01",313,2,155,778,7114,0.595586168119202,8355,36217,418,990,55,5503,36,1806,21,36
"138","2020-05-02",306,2,185,738,7114,0.595586168119202,8355,36217,418,990,54,5557,33,1839,20,33
"139","2020-05-03",282,2,201,695,7114,0.595586168119202,8355,36217,418,990,49,5606,39,1878,16,39
"140","2020-05-04",272,2,201,663,7114,0.595586168119202,8355,36217,418,990,38,5644,27,1905,8,27
"141","2020-05-05",259,2,204,605,7114,0.595586168119202,8355,36217,418,990,44,5688,39,1944,16,39
"142","2020-05-06",242,2,210,584,7114,0.595586168119202,8355,36217,418,990,47,5735,40,1984,14,40
"143","2020-05-07",227,2,208,566,7114,0.595586168119202,8355,36217,418,990,47,5782,46,2030,11,46
"144","2020-05-08",204,2,216,543,7114,0.595586168119202,8355,36217,418,990,44,5826,68,2098,11,68
"145","2020-05-09",202,2,238,520,7114,0.595586168119202,8355,36217,418,990,47,5873,54,2152,12,54
"146","2020-05-10",174,2,258,496,7114,0.595586168119202,8355,36217,418,990,39,5912,45,2197,9,45
"147","2020-05-11",160,2,282,469,7114,0.595586168119202,8355,36217,418,990,45,5957,31,2228,11,31
"148","2020-05-12",161,2,280,438,7114,0.595586168119202,8355,36217,418,990,30,5987,34,2262,9,34
"149","2020-05-13",163,2,284,407,7114,0.595586168119202,8355,36217,418,990,39,6026,26,2288,9,26
"150","2020-05-14",155,2,269,388,7114,0.595586168119202,8355,36217,418,990,38,6064,47,2335,9,47
"151","2020-05-15",134,2,247,373,7114,0.595586168119202,8355,36217,418,990,34,6098,34,2369,10,34
"152","2020-05-16",124,2,254,361,7114,0.595586168119202,8355,36217,418,990,31,6129,34,2403,4,34
"153","2020-05-17",131,2,232,332,7114,0.595586168119202,8355,36217,418,990,25,6154,24,2427,7,24
"154","2020-05-18",128,2,257,306,7114,0.595586168119202,8355,36217,418,990,27,6181,19,2446,8,19
"155","2020-05-19",130,2,265,296,7114,0.595586168119202,8355,36217,418,990,23,6204,24,2470,6,24
"156","2020-05-20",115,2,263,275,7114,0.595586168119202,8355,36217,418,990,15,6219,28,2498,6,28
"157","2020-05-21",109,2,264,260,7114,0.595586168119202,8355,36217,418,990,27,6246,29,2527,5,29
"158","2020-05-22",109,2,270,243,7114,0.595586168119202,8355,36217,418,990,13,6259,53,2580,1,53
"159","2020-05-23",114,2,249,228,7114,0.595586168119202,8355,36217,418,990,22,6281,27,2607,5,27
"160","2020-05-24",82,2,238,213,7114,0.595586168119202,8355,36217,418,990,21,6302,47,2654,4,47
"161","2020-05-25",77,2,220,209,7114,0.595586168119202,8355,36217,418,990,21,6323,35,2689,2,35
"162","2020-05-26",63,2,213,202,7114,0.595586168119202,8355,36217,418,990,18,6341,30,2719,6,30
"163","2020-05-27",63,2,217,186,7114,0.595586168119202,8355,36217,418,990,13,6354,29,2748,2,29
"164","2020-05-28",67,2,200,174,7114,0.595586168119202,8355,36217,418,990,17,6371,36,2784,4,36
"165","2020-05-29",62,2,183,163,7114,0.595586168119202,8355,36217,418,990,25,6396,34,2818,3,34
"166","2020-05-30",58,2,177,156,7114,0.595586168119202,8355,36217,418,990,13,6409,23,2841,2,23
"167","2020-05-31",63,2,180,151,7114,0.595586168119202,8355,36217,418,990,15,6424,24,2865,1,24
"168","2020-06-01",58,2,176,148,7114,0.595586168119202,8355,36217,418,990,10,6434,25,2890,5,25
"169","2020-06-02",51,2,154,145,7114,0.595586168119202,8355,36217,418,990,15,6449,16,2906,2,16
"170","2020-06-03",48,2,151,130,7114,0.595586168119202,8355,36217,418,990,17,6466,41,2947,3,41
"171","2020-06-04",43,2,133,135,7114,0.595586168119202,8355,36217,418,990,18,6484,17,2964,1,17
"172","2020-06-05",40,2,119,128,7114,0.595586168119202,8355,36217,418,990,15,6499,45,3009,3,45
"173","2020-06-06",35,2,110,121,7114,0.595586168119202,8355,36217,418,990,11,6510,44,3053,3,44
"174","2020-06-07",32,2,103,125,7114,0.595586168119202,8355,36217,418,990,10,6520,50,3103,2,50
"175","2020-03-08",1,3,0,0,8268,0.435534591194969,8340,38333,487,2084,NA,NA,NA,NA,NA,NA
"176","2020-03-09",1,3,0,0,8268,0.435534591194969,8340,38333,487,2084,NA,NA,NA,NA,NA,NA
"177","2020-03-10",0,3,0,0,8268,0.435534591194969,8340,38333,487,2084,2,2,NA,NA,2,NA
"178","2020-03-11",0,3,0,0,8268,0.435534591194969,8340,38333,487,2084,26,28,13,13,6,13
"179","2020-03-12",5,3,108,171,8268,0.435534591194969,8340,38333,487,2084,37,65,27,40,8,27
"180","2020-03-13",9,3,192,253,8268,0.435534591194969,8340,38333,487,2084,60,125,38,78,36,38
"181","2020-03-14",36,3,251,351,8268,0.435534591194969,8340,38333,487,2084,56,181,42,120,34,42
"182","2020-03-15",50,3,272,465,8268,0.435534591194969,8340,38333,487,2084,49,230,52,172,33,52
"183","2020-03-16",56,3,304,573,8268,0.435534591194969,8340,38333,487,2084,80,310,40,212,53,40
"184","2020-03-17",73,3,329,701,8268,0.435534591194969,8340,38333,487,2084,80,390,40,252,50,40
"185","2020-03-18",101,3,321,826,8268,0.435534591194969,8340,38333,487,2084,76,466,32,284,58,32
"186","2020-03-19",120,3,305,949,8268,0.435534591194969,8340,38333,487,2084,108,574,24,308,88,24
"187","2020-03-20",196,3,307,1072,8268,0.435534591194969,8340,38333,487,2084,96,670,22,330,77,22
"188","2020-03-21",291,3,301,1195,8268,0.435534591194969,8340,38333,487,2084,125,795,26,356,101,26
"189","2020-03-22",356,3,306,1325,8268,0.435534591194969,8340,38333,487,2084,144,939,32,388,119,32
"190","2020-03-23",357,3,279,1454,8268,0.435534591194969,8340,38333,487,2084,148,1087,48,436,124,48
"191","2020-03-24",379,3,261,1559,8268,0.435534591194969,8340,38333,487,2084,151,1238,42,478,137,42
"192","2020-03-25",408,3,266,1654,8268,0.435534591194969,8340,38333,487,2084,132,1370,35,513,117,35
"193","2020-03-26",451,3,284,1717,8268,0.435534591194969,8340,38333,487,2084,164,1534,25,538,145,25
"194","2020-03-27",578,3,328,1789,8268,0.435534591194969,8340,38333,487,2084,172,1706,21,559,153,21
"195","2020-03-28",575,3,326,1824,8268,0.435534591194969,8340,38333,487,2084,172,1878,19,578,155,19
"196","2020-03-29",537,3,287,1879,8268,0.435534591194969,8340,38333,487,2084,175,2053,45,623,151,45
"197","2020-03-30",566,3,310,1898,8268,0.435534591194969,8340,38333,487,2084,187,2240,28,651,165,28
"198","2020-03-31",581,3,319,1943,8268,0.435534591194969,8340,38333,487,2084,205,2445,28,679,176,28
"199","2020-04-01",585,3,352,1976,8268,0.435534591194969,8340,38333,487,2084,157,2602,38,717,132,38
"200","2020-04-02",597,3,331,1997,8268,0.435534591194969,8340,38333,487,2084,186,2788,21,738,168,21
"201","2020-04-03",697,3,338,1989,8268,0.435534591194969,8340,38333,487,2084,192,2980,24,762,172,24
"202","2020-04-04",685,3,318,1986,8268,0.435534591194969,8340,38333,487,2084,178,3158,27,789,152,27
"203","2020-04-05",630,3,290,1960,8268,0.435534591194969,8340,38333,487,2084,188,3346,29,818,174,29
"204","2020-04-06",623,3,298,1951,8268,0.435534591194969,8340,38333,487,2084,156,3502,52,870,139,52
"205","2020-04-07",615,3,290,1923,8268,0.435534591194969,8340,38333,487,2084,161,3663,32,902,143,32
"206","2020-04-08",635,3,308,1919,8268,0.435534591194969,8340,38333,487,2084,157,3820,41,943,133,41
"207","2020-04-09",630,3,301,1858,8268,0.435534591194969,8340,38333,487,2084,162,3982,47,990,144,47
"208","2020-04-10",650,3,316,1845,8268,0.435534591194969,8340,38333,487,2084,154,4136,44,1034,139,44
"209","2020-04-11",639,3,329,1785,8268,0.435534591194969,8340,38333,487,2084,163,4299,32,1066,146,32
"210","2020-04-12",609,3,319,1695,8268,0.435534591194969,8340,38333,487,2084,117,4416,26,1092,103,26
"211","2020-04-13",594,3,309,1637,8268,0.435534591194969,8340,38333,487,2084,113,4529,39,1131,98,39
"212","2020-04-14",584,3,294,1592,8268,0.435534591194969,8340,38333,487,2084,110,4639,30,1161,97,30
"213","2020-04-15",552,3,284,1530,8268,0.435534591194969,8340,38333,487,2084,122,4761,28,1189,105,28
"214","2020-04-16",543,3,311,1468,8268,0.435534591194969,8340,38333,487,2084,98,4859,34,1223,82,34
"215","2020-04-17",512,3,303,1437,8268,0.435534591194969,8340,38333,487,2084,99,4958,33,1256,85,33
"216","2020-04-18",489,3,309,1394,8268,0.435534591194969,8340,38333,487,2084,96,5054,35,1291,82,35
"217","2020-04-19",458,3,312,1332,8268,0.435534591194969,8340,38333,487,2084,64,5118,46,1337,57,46
"218","2020-04-20",451,3,329,1260,8268,0.435534591194969,8340,38333,487,2084,63,5181,29,1366,49,29
"219","2020-04-21",423,3,321,1219,8268,0.435534591194969,8340,38333,487,2084,74,5255,37,1403,56,37
"220","2020-04-22",409,3,333,1162,8268,0.435534591194969,8340,38333,487,2084,69,5324,27,1430,56,27
"221","2020-04-23",385,3,318,1101,8268,0.435534591194969,8340,38333,487,2084,60,5384,26,1456,44,26
"222","2020-04-24",370,3,307,1036,8268,0.435534591194969,8340,38333,487,2084,56,5440,25,1481,47,25
"223","2020-04-25",375,3,316,993,8268,0.435534591194969,8340,38333,487,2084,60,5500,26,1507,46,26
"224","2020-04-26",326,3,342,956,8268,0.435534591194969,8340,38333,487,2084,60,5560,24,1531,48,24
"225","2020-04-27",308,3,351,915,8268,0.435534591194969,8340,38333,487,2084,54,5614,22,1553,43,22
"226","2020-04-28",303,3,394,865,8268,0.435534591194969,8340,38333,487,2084,44,5658,23,1576,33,23
"227","2020-04-29",296,3,361,829,8268,0.435534591194969,8340,38333,487,2084,41,5699,21,1597,32,21
"228","2020-04-30",282,3,339,788,8268,0.435534591194969,8340,38333,487,2084,41,5740,29,1626,31,29
"229","2020-05-01",256,3,321,747,8268,0.435534591194969,8340,38333,487,2084,36,5776,22,1648,30,22
"230","2020-05-02",259,3,319,712,8268,0.435534591194969,8340,38333,487,2084,36,5812,24,1672,27,24
"231","2020-05-03",236,3,304,682,8268,0.435534591194969,8340,38333,487,2084,37,5849,19,1691,29,19
"232","2020-05-04",230,3,327,660,8268,0.435534591194969,8340,38333,487,2084,21,5870,36,1727,12,36
"233","2020-05-05",218,3,331,621,8268,0.435534591194969,8340,38333,487,2084,24,5894,49,1776,16,49
"234","2020-05-06",205,3,326,598,8268,0.435534591194969,8340,38333,487,2084,33,5927,30,1806,22,30
"235","2020-05-07",196,3,311,575,8268,0.435534591194969,8340,38333,487,2084,29,5956,26,1832,22,26
"236","2020-05-08",186,3,313,551,8268,0.435534591194969,8340,38333,487,2084,21,5977,57,1889,13,57
"237","2020-05-09",171,3,305,514,8268,0.435534591194969,8340,38333,487,2084,25,6002,39,1928,15,39
"238","2020-05-10",175,3,293,507,8268,0.435534591194969,8340,38333,487,2084,33,6035,28,1956,27,28
"239","2020-05-11",157,3,290,487,8268,0.435534591194969,8340,38333,487,2084,34,6069,26,1982,27,26
"240","2020-05-12",146,3,291,446,8268,0.435534591194969,8340,38333,487,2084,24,6093,18,2000,13,18
"241","2020-05-13",146,3,306,423,8268,0.435534591194969,8340,38333,487,2084,20,6113,30,2030,11,30
"242","2020-05-14",140,3,293,409,8268,0.435534591194969,8340,38333,487,2084,17,6130,19,2049,9,19
"243","2020-05-15",129,3,305,391,8268,0.435534591194969,8340,38333,487,2084,15,6145,24,2073,10,24
"244","2020-05-16",141,3,288,377,8268,0.435534591194969,8340,38333,487,2084,18,6163,49,2122,13,49
"245","2020-05-17",125,3,303,350,8268,0.435534591194969,8340,38333,487,2084,14,6177,37,2159,9,37
"246","2020-05-18",115,3,312,327,8268,0.435534591194969,8340,38333,487,2084,21,6198,33,2192,11,33
"247","2020-05-19",114,3,318,314,8268,0.435534591194969,8340,38333,487,2084,10,6208,55,2247,7,55
"248","2020-05-20",108,3,319,297,8268,0.435534591194969,8340,38333,487,2084,14,6222,48,2295,9,48
"249","2020-05-21",104,3,314,285,8268,0.435534591194969,8340,38333,487,2084,13,6235,51,2346,8,51
"250","2020-05-22",100,3,325,277,8268,0.435534591194969,8340,38333,487,2084,14,6249,58,2404,8,58
"251","2020-05-23",91,3,331,259,8268,0.435534591194969,8340,38333,487,2084,14,6263,38,2442,12,38
"252","2020-05-24",87,3,347,245,8268,0.435534591194969,8340,38333,487,2084,9,6272,32,2474,6,32
"253","2020-05-25",83,3,371,230,8268,0.435534591194969,8340,38333,487,2084,16,6288,21,2495,9,21
"254","2020-05-26",83,3,359,221,8268,0.435534591194969,8340,38333,487,2084,9,6297,29,2524,6,29
"255","2020-05-27",83,3,331,208,8268,0.435534591194969,8340,38333,487,2084,12,6309,52,2576,7,52
"256","2020-05-28",79,3,310,204,8268,0.435534591194969,8340,38333,487,2084,18,6327,55,2631,15,55
"257","2020-05-29",78,3,307,181,8268,0.435534591194969,8340,38333,487,2084,11,6338,36,2667,8,36
"258","2020-05-30",82,3,312,175,8268,0.435534591194969,8340,38333,487,2084,9,6347,48,2715,5,48
"259","2020-05-31",67,3,301,173,8268,0.435534591194969,8340,38333,487,2084,17,6364,24,2739,12,24
"260","2020-06-01",66,3,282,167,8268,0.435534591194969,8340,38333,487,2084,11,6375,25,2764,8,25
"261","2020-06-02",59,3,291,161,8268,0.435534591194969,8340,38333,487,2084,13,6388,25,2789,4,25
"262","2020-06-03",56,3,296,159,8268,0.435534591194969,8340,38333,487,2084,12,6400,40,2829,6,40
"263","2020-06-04",58,3,304,149,8268,0.435534591194969,8340,38333,487,2084,10,6410,36,2865,9,36
"264","2020-06-05",59,3,306,149,8268,0.435534591194969,8340,38333,487,2084,13,6423,52,2917,9,52
"265","2020-06-06",43,3,309,136,8268,0.435534591194969,8340,38333,487,2084,11,6434,34,2951,8,34
"266","2020-06-07",47,3,322,132,8268,0.435534591194969,8340,38333,487,2084,6,6440,33,2984,4,33
"267","2020-03-12",1,4,64,84,6610,0.622087745839637,8400,36519,339,1125,94,189,77,171,24,77
"268","2020-03-13",1,4,76,130,6610,0.622087745839637,8400,36519,339,1125,126,315,27,198,40,27
"269","2020-03-14",13,4,86,196,6610,0.622087745839637,8400,36519,339,1125,100,415,22,220,40,22
"270","2020-03-15",33,4,122,262,6610,0.622087745839637,8400,36519,339,1125,150,565,36,256,63,36
"271","2020-03-16",34,4,136,326,6610,0.622087745839637,8400,36519,339,1125,136,701,80,336,58,80
"272","2020-03-17",43,4,183,382,6610,0.622087745839637,8400,36519,339,1125,177,878,55,391,90,55
"273","2020-03-18",61,4,227,475,6610,0.622087745839637,8400,36519,339,1125,143,1021,17,408,70,17
"274","2020-03-19",82,4,214,551,6610,0.622087745839637,8400,36519,339,1125,161,1182,15,423,78,15
"275","2020-03-20",125,4,206,631,6610,0.622087745839637,8400,36519,339,1125,173,1355,75,498,104,75
"276","2020-03-21",155,4,210,710,6610,0.622087745839637,8400,36519,339,1125,153,1508,64,562,90,64
"277","2020-03-22",195,4,208,799,6610,0.622087745839637,8400,36519,339,1125,190,1698,21,583,99,21
"278","2020-03-23",209,4,182,881,6610,0.622087745839637,8400,36519,339,1125,165,1863,24,607,97,24
"279","2020-03-24",209,4,162,989,6610,0.622087745839637,8400,36519,339,1125,175,2038,24,631,104,24
"280","2020-03-25",239,4,162,1060,6610,0.622087745839637,8400,36519,339,1125,156,2194,17,648,94,17
"281","2020-03-26",252,4,184,1146,6610,0.622087745839637,8400,36519,339,1125,146,2340,16,664,86,16
"282","2020-03-27",352,4,210,1208,6610,0.622087745839637,8400,36519,339,1125,145,2485,22,686,84,22
"283","2020-03-28",382,4,243,1262,6610,0.622087745839637,8400,36519,339,1125,109,2594,31,717,53,31
"284","2020-03-29",382,4,230,1284,6610,0.622087745839637,8400,36519,339,1125,156,2750,12,729,81,12
"285","2020-03-30",394,4,203,1336,6610,0.622087745839637,8400,36519,339,1125,155,2905,35,764,90,35
"286","2020-03-31",402,4,184,1381,6610,0.622087745839637,8400,36519,339,1125,146,3051,17,781,74,17
"287","2020-04-01",401,4,183,1433,6610,0.622087745839637,8400,36519,339,1125,130,3181,14,795,65,14
"288","2020-04-02",422,4,166,1478,6610,0.622087745839637,8400,36519,339,1125,124,3305,23,818,66,23
"289","2020-04-03",506,4,156,1518,6610,0.622087745839637,8400,36519,339,1125,120,3425,25,843,66,25
"290","2020-04-04",536,4,163,1553,6610,0.622087745839637,8400,36519,339,1125,134,3559,48,891,65,48
"291","2020-04-05",488,4,231,1576,6610,0.622087745839637,8400,36519,339,1125,127,3686,61,952,67,61
"292","2020-04-06",478,4,259,1570,6610,0.622087745839637,8400,36519,339,1125,113,3799,27,979,66,27
"293","2020-04-07",475,4,238,1582,6610,0.622087745839637,8400,36519,339,1125,128,3927,14,993,61,14
"294","2020-04-08",499,4,219,1577,6610,0.622087745839637,8400,36519,339,1125,107,4034,42,1035,45,42
"295","2020-04-09",485,4,199,1546,6610,0.622087745839637,8400,36519,339,1125,142,4176,28,1063,80,28
"296","2020-04-10",537,4,197,1559,6610,0.622087745839637,8400,36519,339,1125,118,4294,16,1079,59,16
"297","2020-04-11",538,4,236,1539,6610,0.622087745839637,8400,36519,339,1125,94,4388,14,1093,39,14
"298","2020-04-12",503,4,223,1507,6610,0.622087745839637,8400,36519,339,1125,115,4503,17,1110,47,17
"299","2020-04-13",504,4,207,1467,6610,0.622087745839637,8400,36519,339,1125,90,4593,14,1124,45,14
"300","2020-04-14",514,4,189,1419,6610,0.622087745839637,8400,36519,339,1125,75,4668,58,1182,38,58
"301","2020-04-15",489,4,184,1401,6610,0.622087745839637,8400,36519,339,1125,82,4750,33,1215,46,33
"302","2020-04-16",478,4,208,1359,6610,0.622087745839637,8400,36519,339,1125,94,4844,26,1241,43,26
"303","2020-04-17",490,4,219,1317,6610,0.622087745839637,8400,36519,339,1125,87,4931,12,1253,46,12
"304","2020-04-18",467,4,219,1245,6610,0.622087745839637,8400,36519,339,1125,97,5028,21,1274,41,21
"305","2020-04-19",417,4,189,1182,6610,0.622087745839637,8400,36519,339,1125,89,5117,27,1301,41,27
"306","2020-04-20",402,4,181,1109,6610,0.622087745839637,8400,36519,339,1125,86,5203,51,1352,40,51
"307","2020-04-21",378,4,186,1061,6610,0.622087745839637,8400,36519,339,1125,73,5276,49,1401,26,49
"308","2020-04-22",364,4,256,1003,6610,0.622087745839637,8400,36519,339,1125,83,5359,22,1423,38,22
"309","2020-04-23",365,4,307,961,6610,0.622087745839637,8400,36519,339,1125,80,5439,18,1441,32,18
"310","2020-04-24",327,4,275,903,6610,0.622087745839637,8400,36519,339,1125,86,5525,29,1470,36,29
"311","2020-04-25",312,4,263,856,6610,0.622087745839637,8400,36519,339,1125,71,5596,22,1492,26,22
"312","2020-04-26",285,4,237,830,6610,0.622087745839637,8400,36519,339,1125,69,5665,13,1505,26,13
"313","2020-04-27",269,4,209,782,6610,0.622087745839637,8400,36519,339,1125,64,5729,19,1524,19,19
"314","2020-04-28",271,4,200,748,6610,0.622087745839637,8400,36519,339,1125,62,5791,28,1552,24,28
"315","2020-04-29",262,4,195,718,6610,0.622087745839637,8400,36519,339,1125,62,5853,33,1585,26,33
"316","2020-04-30",260,4,179,694,6610,0.622087745839637,8400,36519,339,1125,48,5901,19,1604,13,19
"317","2020-05-01",224,4,188,672,6610,0.622087745839637,8400,36519,339,1125,61,5962,22,1626,17,22
"318","2020-05-02",237,4,234,658,6610,0.622087745839637,8400,36519,339,1125,59,6021,10,1636,24,10
"319","2020-05-03",242,4,226,637,6610,0.622087745839637,8400,36519,339,1125,51,6072,27,1663,21,27
"320","2020-05-04",235,4,225,608,6610,0.622087745839637,8400,36519,339,1125,51,6123,40,1703,24,40
"321","2020-05-05",213,4,213,604,6610,0.622087745839637,8400,36519,339,1125,53,6176,46,1749,15,46
"322","2020-05-06",210,4,246,566,6610,0.622087745839637,8400,36519,339,1125,37,6213,23,1772,17,23
"323","2020-05-07",202,4,278,563,6610,0.622087745839637,8400,36519,339,1125,45,6258,16,1788,20,16
"324","2020-05-08",191,4,258,539,6610,0.622087745839637,8400,36519,339,1125,47,6305,28,1816,16,28
"325","2020-05-09",172,4,242,514,6610,0.622087745839637,8400,36519,339,1125,39,6344,36,1852,11,36
"326","2020-05-10",175,4,208,501,6610,0.622087745839637,8400,36519,339,1125,45,6389,39,1891,15,39
"327","2020-05-11",174,4,204,496,6610,0.622087745839637,8400,36519,339,1125,41,6430,9,1900,8,9
"328","2020-05-12",174,4,198,477,6610,0.622087745839637,8400,36519,339,1125,46,6476,14,1914,17,14
"329","2020-05-13",171,4,237,467,6610,0.622087745839637,8400,36519,339,1125,30,6506,11,1925,14,11
"330","2020-05-14",168,4,283,448,6610,0.622087745839637,8400,36519,339,1125,39,6545,22,1947,11,22
"331","2020-05-15",181,4,296,434,6610,0.622087745839637,8400,36519,339,1125,26,6571,15,1962,13,15
"332","2020-05-16",175,4,267,414,6610,0.622087745839637,8400,36519,339,1125,37,6608,11,1973,13,11
"333","2020-05-17",154,4,251,396,6610,0.622087745839637,8400,36519,339,1125,35,6643,9,1982,8,9
"334","2020-05-18",145,4,244,375,6610,0.622087745839637,8400,36519,339,1125,29,6672,6,1988,14,6
"335","2020-05-19",138,4,286,364,6610,0.622087745839637,8400,36519,339,1125,19,6691,13,2001,8,13
"336","2020-05-20",133,4,284,354,6610,0.622087745839637,8400,36519,339,1125,31,6722,2,2003,7,2
"337","2020-05-21",129,4,277,332,6610,0.622087745839637,8400,36519,339,1125,31,6753,4,2007,12,4
"338","2020-05-22",104,4,265,324,6610,0.622087745839637,8400,36519,339,1125,14,6767,27,2034,6,27
"339","2020-05-23",118,4,243,311,6610,0.622087745839637,8400,36519,339,1125,20,6787,51,2085,4,51
"340","2020-05-24",105,4,212,295,6610,0.622087745839637,8400,36519,339,1125,17,6804,54,2139,6,54
"341","2020-05-25",96,4,192,277,6610,0.622087745839637,8400,36519,339,1125,32,6836,20,2159,9,20
"342","2020-05-26",91,4,229,280,6610,0.622087745839637,8400,36519,339,1125,21,6857,33,2192,6,33
"343","2020-05-27",92,4,247,268,6610,0.622087745839637,8400,36519,339,1125,11,6868,37,2229,4,37
"344","2020-05-28",85,4,223,265,6610,0.622087745839637,8400,36519,339,1125,15,6883,25,2254,2,25
"345","2020-05-29",93,4,209,247,6610,0.622087745839637,8400,36519,339,1125,16,6899,11,2265,2,11
"346","2020-05-30",88,4,247,242,6610,0.622087745839637,8400,36519,339,1125,16,6915,72,2337,6,72
"347","2020-05-31",79,4,276,241,6610,0.622087745839637,8400,36519,339,1125,9,6924,32,2369,2,32
"348","2020-06-01",76,4,270,230,6610,0.622087745839637,8400,36519,339,1125,13,6937,30,2399,5,30
"349","2020-06-02",71,4,253,222,6610,0.622087745839637,8400,36519,339,1125,10,6947,44,2443,4,44
"350","2020-06-03",70,4,220,198,6610,0.622087745839637,8400,36519,339,1125,10,6957,30,2473,6,30
"351","2020-06-04",70,4,176,190,6610,0.622087745839637,8400,36519,339,1125,15,6972,25,2498,5,25
"352","2020-06-05",66,4,161,187,6610,0.622087745839637,8400,36519,339,1125,12,6984,20,2518,4,20
"353","2020-06-06",53,4,146,179,6610,0.622087745839637,8400,36519,339,1125,12,6996,45,2563,6,45
"354","2020-06-07",58,4,187,163,6610,0.622087745839637,8400,36519,339,1125,15,7011,35,2598,5,35
"355","2020-03-12",1,5,35,105,7063,0.523856718108452,8325,36111,408,997,25,46,38,71,2,38
"356","2020-03-13",5,5,39,171,7063,0.523856718108452,8325,36111,408,997,26,72,34,105,2,34
"357","2020-03-14",15,5,45,236,7063,0.523856718108452,8325,36111,408,997,37,109,32,137,17,32
"358","2020-03-15",41,5,68,303,7063,0.523856718108452,8325,36111,408,997,60,169,37,174,19,37
"359","2020-03-16",53,5,76,378,7063,0.523856718108452,8325,36111,408,997,40,209,35,209,21,35
"360","2020-03-17",50,5,77,442,7063,0.523856718108452,8325,36111,408,997,65,274,25,234,40,25
"361","2020-03-18",69,5,86,520,7063,0.523856718108452,8325,36111,408,997,84,358,29,263,51,29
"362","2020-03-19",94,5,114,623,7063,0.523856718108452,8325,36111,408,997,94,452,35,298,57,35
"363","2020-03-20",133,5,153,710,7063,0.523856718108452,8325,36111,408,997,87,539,20,318,68,20
"364","2020-03-21",177,5,170,798,7063,0.523856718108452,8325,36111,408,997,113,652,27,345,91,27
"365","2020-03-22",222,5,188,881,7063,0.523856718108452,8325,36111,408,997,123,775,40,385,100,40
"366","2020-03-23",244,5,187,946,7063,0.523856718108452,8325,36111,408,997,145,920,45,430,115,45
"367","2020-03-24",267,5,190,1019,7063,0.523856718108452,8325,36111,408,997,145,1065,20,450,120,20
"368","2020-03-25",287,5,199,1100,7063,0.523856718108452,8325,36111,408,997,180,1245,28,478,159,28
"369","2020-03-26",298,5,183,1167,7063,0.523856718108452,8325,36111,408,997,125,1370,18,496,104,18
"370","2020-03-27",404,5,181,1248,7063,0.523856718108452,8325,36111,408,997,160,1530,31,527,135,31
"371","2020-03-28",409,5,193,1283,7063,0.523856718108452,8325,36111,408,997,175,1705,27,554,155,27
"372","2020-03-29",380,5,205,1351,7063,0.523856718108452,8325,36111,408,997,166,1871,35,589,138,35
"373","2020-03-30",382,5,212,1396,7063,0.523856718108452,8325,36111,408,997,216,2087,34,623,194,34
"374","2020-03-31",389,5,218,1450,7063,0.523856718108452,8325,36111,408,997,201,2288,39,662,179,39
"375","2020-04-01",401,5,223,1529,7063,0.523856718108452,8325,36111,408,997,195,2483,33,695,167,33
"376","2020-04-02",418,5,211,1573,7063,0.523856718108452,8325,36111,408,997,182,2665,29,724,160,29
"377","2020-04-03",492,5,180,1628,7063,0.523856718108452,8325,36111,408,997,222,2887,27,751,201,27
"378","2020-04-04",526,5,175,1646,7063,0.523856718108452,8325,36111,408,997,161,3048,21,772,141,21
"379","2020-04-05",537,5,153,1664,7063,0.523856718108452,8325,36111,408,997,187,3235,27,799,165,27
"380","2020-04-06",532,5,156,1669,7063,0.523856718108452,8325,36111,408,997,169,3404,25,824,149,25
"381","2020-04-07",527,5,171,1698,7063,0.523856718108452,8325,36111,408,997,186,3590,20,844,167,20
"382","2020-04-08",536,5,175,1688,7063,0.523856718108452,8325,36111,408,997,148,3738,17,861,129,17
"383","2020-04-09",540,5,204,1648,7063,0.523856718108452,8325,36111,408,997,171,3909,33,894,144,33
"384","2020-04-10",584,5,207,1667,7063,0.523856718108452,8325,36111,408,997,139,4048,41,935,122,41
"385","2020-04-11",582,5,185,1624,7063,0.523856718108452,8325,36111,408,997,155,4203,29,964,135,29
"386","2020-04-12",511,5,181,1604,7063,0.523856718108452,8325,36111,408,997,154,4357,25,989,139,25
"387","2020-04-13",511,5,167,1532,7063,0.523856718108452,8325,36111,408,997,134,4491,21,1010,118,21
"388","2020-04-14",517,5,157,1520,7063,0.523856718108452,8325,36111,408,997,140,4631,27,1037,121,27
"389","2020-04-15",498,5,159,1488,7063,0.523856718108452,8325,36111,408,997,103,4734,26,1063,88,26
"390","2020-04-16",488,5,190,1441,7063,0.523856718108452,8325,36111,408,997,96,4830,57,1120,85,57
"391","2020-04-17",516,5,219,1414,7063,0.523856718108452,8325,36111,408,997,120,4950,31,1151,102,31
"392","2020-04-18",487,5,214,1375,7063,0.523856718108452,8325,36111,408,997,83,5033,35,1186,63,35
"393","2020-04-19",446,5,206,1340,7063,0.523856718108452,8325,36111,408,997,74,5107,30,1216,64,30
"394","2020-04-20",432,5,193,1257,7063,0.523856718108452,8325,36111,408,997,80,5187,27,1243,68,27
"395","2020-04-21",412,5,211,1216,7063,0.523856718108452,8325,36111,408,997,62,5249,24,1267,44,24
"396","2020-04-22",421,5,248,1163,7063,0.523856718108452,8325,36111,408,997,62,5311,34,1301,51,34
"397","2020-04-23",411,5,237,1132,7063,0.523856718108452,8325,36111,408,997,62,5373,34,1335,44,34
"398","2020-04-24",404,5,208,1096,7063,0.523856718108452,8325,36111,408,997,47,5420,14,1349,37,14
"399","2020-04-25",400,5,177,1046,7063,0.523856718108452,8325,36111,408,997,55,5475,22,1371,36,22
"400","2020-04-26",362,5,192,989,7063,0.523856718108452,8325,36111,408,997,47,5522,18,1389,35,18
"401","2020-04-27",355,5,188,940,7063,0.523856718108452,8325,36111,408,997,48,5570,19,1408,35,19
"402","2020-04-28",336,5,183,881,7063,0.523856718108452,8325,36111,408,997,41,5611,16,1424,28,16
"403","2020-04-29",311,5,175,829,7063,0.523856718108452,8325,36111,408,997,30,5641,26,1450,16,26
"404","2020-04-30",297,5,177,791,7063,0.523856718108452,8325,36111,408,997,32,5673,20,1470,19,20
"405","2020-05-01",250,5,206,752,7063,0.523856718108452,8325,36111,408,997,34,5707,18,1488,24,18
"406","2020-05-02",256,5,251,707,7063,0.523856718108452,8325,36111,408,997,26,5733,17,1505,15,17
"407","2020-05-03",239,5,240,677,7063,0.523856718108452,8325,36111,408,997,27,5760,18,1523,15,18
"408","2020-05-04",229,5,207,645,7063,0.523856718108452,8325,36111,408,997,31,5791,13,1536,20,13
"409","2020-05-05",216,5,200,624,7063,0.523856718108452,8325,36111,408,997,25,5816,22,1558,17,22
"410","2020-05-06",206,5,176,595,7063,0.523856718108452,8325,36111,408,997,24,5840,32,1590,9,32
"411","2020-05-07",205,5,167,566,7063,0.523856718108452,8325,36111,408,997,22,5862,60,1650,13,60
"412","2020-05-08",201,5,213,554,7063,0.523856718108452,8325,36111,408,997,18,5880,68,1718,11,68
"413","2020-05-09",181,5,231,536,7063,0.523856718108452,8325,36111,408,997,11,5891,56,1774,5,56
"414","2020-05-10",166,5,220,523,7063,0.523856718108452,8325,36111,408,997,25,5916,37,1811,15,37
"415","2020-05-11",159,5,193,491,7063,0.523856718108452,8325,36111,408,997,17,5933,29,1840,8,29
"416","2020-05-12",158,5,192,479,7063,0.523856718108452,8325,36111,408,997,20,5953,20,1860,12,20
"417","2020-05-13",166,5,180,465,7063,0.523856718108452,8325,36111,408,997,26,5979,18,1878,12,18
"418","2020-05-14",155,5,151,446,7063,0.523856718108452,8325,36111,408,997,17,5996,33,1911,6,33
"419","2020-05-15",152,5,139,432,7063,0.523856718108452,8325,36111,408,997,26,6022,35,1946,12,35
"420","2020-05-16",160,5,124,402,7063,0.523856718108452,8325,36111,408,997,14,6036,27,1973,4,27
"421","2020-05-17",146,5,119,385,7063,0.523856718108452,8325,36111,408,997,11,6047,16,1989,7,16
"422","2020-05-18",139,5,122,369,7063,0.523856718108452,8325,36111,408,997,14,6061,31,2020,6,31
"423","2020-05-19",131,5,150,350,7063,0.523856718108452,8325,36111,408,997,20,6081,22,2042,13,22
"424","2020-05-20",119,5,153,337,7063,0.523856718108452,8325,36111,408,997,17,6098,25,2067,5,25
"425","2020-05-21",115,5,133,325,7063,0.523856718108452,8325,36111,408,997,15,6113,15,2082,5,15
"426","2020-05-22",110,5,132,307,7063,0.523856718108452,8325,36111,408,997,17,6130,22,2104,8,22
"427","2020-05-23",100,5,151,283,7063,0.523856718108452,8325,36111,408,997,14,6144,29,2133,8,29
"428","2020-05-24",86,5,170,266,7063,0.523856718108452,8325,36111,408,997,21,6165,23,2156,8,23
"429","2020-05-25",83,5,180,244,7063,0.523856718108452,8325,36111,408,997,14,6179,20,2176,10,20
"430","2020-05-26",80,5,177,232,7063,0.523856718108452,8325,36111,408,997,24,6203,51,2227,9,51
"431","2020-05-27",79,5,153,224,7063,0.523856718108452,8325,36111,408,997,11,6214,52,2279,6,52
"432","2020-05-28",79,5,140,212,7063,0.523856718108452,8325,36111,408,997,15,6229,38,2317,10,38
"433","2020-05-29",66,5,162,202,7063,0.523856718108452,8325,36111,408,997,12,6241,37,2354,6,37
"434","2020-05-30",61,5,193,191,7063,0.523856718108452,8325,36111,408,997,15,6256,42,2396,8,42
"435","2020-05-31",57,5,189,192,7063,0.523856718108452,8325,36111,408,997,15,6271,56,2452,9,56
"436","2020-06-01",54,5,182,170,7063,0.523856718108452,8325,36111,408,997,6,6277,35,2487,3,35
"437","2020-06-02",53,5,159,171,7063,0.523856718108452,8325,36111,408,997,7,6284,37,2524,4,37
"438","2020-06-03",46,5,144,159,7063,0.523856718108452,8325,36111,408,997,14,6298,37,2561,5,37
"439","2020-06-04",44,5,135,149,7063,0.523856718108452,8325,36111,408,997,5,6303,27,2588,1,27
"440","2020-06-05",43,5,131,142,7063,0.523856718108452,8325,36111,408,997,7,6310,22,2610,2,22
"441","2020-06-06",46,5,115,147,7063,0.523856718108452,8325,36111,408,997,7,6317,35,2645,6,35
"442","2020-06-07",47,5,114,149,7063,0.523856718108452,8325,36111,408,997,3,6320,62,2707,2,62
"443","2020-03-08",1,6,0,0,6961,0.619163913230858,8415,36393,394,2344,NA,NA,NA,NA,NA,NA
"444","2020-03-09",1,6,0,0,6961,0.619163913230858,8415,36393,394,2344,NA,NA,NA,NA,NA,NA
"445","2020-03-10",0,6,0,0,6961,0.619163913230858,8415,36393,394,2344,NA,NA,11,11,NA,11
"446","2020-03-11",0,6,0,0,6961,0.619163913230858,8415,36393,394,2344,42,42,40,51,2,40
"447","2020-03-12",1,6,90,87,6961,0.619163913230858,8415,36393,394,2344,62,104,38,89,2,38
"448","2020-03-13",3,6,98,130,6961,0.619163913230858,8415,36393,394,2344,58,162,22,111,7,22
"449","2020-03-14",16,6,96,184,6961,0.619163913230858,8415,36393,394,2344,52,214,13,124,17,13
"450","2020-03-15",20,6,101,265,6961,0.619163913230858,8415,36393,394,2344,74,288,15,139,22,15
"451","2020-03-16",23,6,113,346,6961,0.619163913230858,8415,36393,394,2344,84,372,42,181,31,42
"452","2020-03-17",34,6,145,433,6961,0.619163913230858,8415,36393,394,2344,94,466,61,242,49,61
"453","2020-03-18",44,6,154,514,6961,0.619163913230858,8415,36393,394,2344,112,578,48,290,59,48
"454","2020-03-19",61,6,145,609,6961,0.619163913230858,8415,36393,394,2344,116,694,43,333,71,43
"455","2020-03-20",106,6,147,698,6961,0.619163913230858,8415,36393,394,2344,108,802,22,355,61,22
"456","2020-03-21",178,6,207,791,6961,0.619163913230858,8415,36393,394,2344,120,922,39,394,73,39
"457","2020-03-22",190,6,232,899,6961,0.619163913230858,8415,36393,394,2344,137,1059,38,432,84,38
"458","2020-03-23",214,6,207,988,6961,0.619163913230858,8415,36393,394,2344,141,1200,48,480,96,48
"459","2020-03-24",251,6,213,1088,6961,0.619163913230858,8415,36393,394,2344,136,1336,56,536,85,56
"460","2020-03-25",280,6,251,1198,6961,0.619163913230858,8415,36393,394,2344,173,1509,38,574,137,38
"461","2020-03-26",305,6,291,1274,6961,0.619163913230858,8415,36393,394,2344,149,1658,21,595,106,21
"462","2020-03-27",415,6,269,1314,6961,0.619163913230858,8415,36393,394,2344,152,1810,29,624,113,29
"463","2020-03-28",444,6,252,1367,6961,0.619163913230858,8415,36393,394,2344,142,1952,10,634,106,10
"464","2020-03-29",466,6,221,1416,6961,0.619163913230858,8415,36393,394,2344,167,2119,23,657,125,23
"465","2020-03-30",455,6,231,1489,6961,0.619163913230858,8415,36393,394,2344,200,2319,35,692,160,35
"466","2020-03-31",453,6,245,1522,6961,0.619163913230858,8415,36393,394,2344,171,2490,60,752,133,60
"467","2020-04-01",473,6,229,1531,6961,0.619163913230858,8415,36393,394,2344,161,2651,38,790,109,38
"468","2020-04-02",492,6,189,1572,6961,0.619163913230858,8415,36393,394,2344,132,2783,17,807,98,17
"469","2020-04-03",555,6,209,1563,6961,0.619163913230858,8415,36393,394,2344,164,2947,20,827,117,20
"470","2020-04-04",519,6,197,1548,6961,0.619163913230858,8415,36393,394,2344,148,3095,36,863,119,36
"471","2020-04-05",494,6,202,1543,6961,0.619163913230858,8415,36393,394,2344,180,3275,35,898,127,35
"472","2020-04-06",499,6,183,1538,6961,0.619163913230858,8415,36393,394,2344,134,3409,53,951,94,53
"473","2020-04-07",490,6,189,1529,6961,0.619163913230858,8415,36393,394,2344,151,3560,69,1020,106,69
"474","2020-04-08",498,6,191,1517,6961,0.619163913230858,8415,36393,394,2344,159,3719,38,1058,111,38
"475","2020-04-09",484,6,188,1489,6961,0.619163913230858,8415,36393,394,2344,180,3899,30,1088,131,30
"476","2020-04-10",490,6,167,1479,6961,0.619163913230858,8415,36393,394,2344,106,4005,67,1155,68,67
"477","2020-04-11",524,6,201,1443,6961,0.619163913230858,8415,36393,394,2344,111,4116,30,1185,81,30
"478","2020-04-12",494,6,245,1420,6961,0.619163913230858,8415,36393,394,2344,122,4238,26,1211,89,26
"479","2020-04-13",474,6,229,1393,6961,0.619163913230858,8415,36393,394,2344,95,4333,34,1245,60,34
"480","2020-04-14",462,6,232,1361,6961,0.619163913230858,8415,36393,394,2344,105,4438,34,1279,68,34
"481","2020-04-15",433,6,208,1343,6961,0.619163913230858,8415,36393,394,2344,117,4555,47,1326,80,47
"482","2020-04-16",448,6,204,1332,6961,0.619163913230858,8415,36393,394,2344,107,4662,51,1377,66,51
"483","2020-04-17",457,6,207,1309,6961,0.619163913230858,8415,36393,394,2344,103,4765,26,1403,65,26
"484","2020-04-18",437,6,234,1279,6961,0.619163913230858,8415,36393,394,2344,91,4856,11,1414,52,11
"485","2020-04-19",417,6,209,1238,6961,0.619163913230858,8415,36393,394,2344,89,4945,17,1431,56,17
"486","2020-04-20",415,6,206,1215,6961,0.619163913230858,8415,36393,394,2344,82,5027,61,1492,42,61
"487","2020-04-21",409,6,183,1184,6961,0.619163913230858,8415,36393,394,2344,78,5105,38,1530,43,38
"488","2020-04-22",399,6,188,1147,6961,0.619163913230858,8415,36393,394,2344,89,5194,52,1582,54,52
"489","2020-04-23",384,6,173,1108,6961,0.619163913230858,8415,36393,394,2344,77,5271,35,1617,46,35
"490","2020-04-24",375,6,174,1052,6961,0.619163913230858,8415,36393,394,2344,71,5342,24,1641,42,24
"491","2020-04-25",358,6,168,1012,6961,0.619163913230858,8415,36393,394,2344,65,5407,18,1659,45,18
"492","2020-04-26",357,6,172,951,6961,0.619163913230858,8415,36393,394,2344,52,5459,22,1681,34,22
"493","2020-04-27",347,6,201,902,6961,0.619163913230858,8415,36393,394,2344,52,5511,51,1732,25,51
"494","2020-04-28",326,6,245,852,6961,0.619163913230858,8415,36393,394,2344,39,5550,25,1757,17,25
"495","2020-04-29",329,6,251,823,6961,0.619163913230858,8415,36393,394,2344,64,5614,20,1777,33,20
"496","2020-04-30",303,6,239,789,6961,0.619163913230858,8415,36393,394,2344,37,5651,19,1796,16,19
"497","2020-05-01",290,6,240,756,6961,0.619163913230858,8415,36393,394,2344,35,5686,22,1818,15,22
"498","2020-05-02",287,6,243,736,6961,0.619163913230858,8415,36393,394,2344,27,5713,44,1862,10,44
"499","2020-05-03",250,6,280,695,6961,0.619163913230858,8415,36393,394,2344,47,5760,67,1929,22,67
"500","2020-05-04",239,6,262,670,6961,0.619163913230858,8415,36393,394,2344,39,5799,34,1963,15,34
"501","2020-05-05",247,6,241,652,6961,0.619163913230858,8415,36393,394,2344,37,5836,19,1982,13,19
"502","2020-05-06",240,6,225,643,6961,0.619163913230858,8415,36393,394,2344,35,5871,22,2004,9,22
"503","2020-05-07",239,6,210,604,6961,0.619163913230858,8415,36393,394,2344,34,5905,45,2049,14,45
"504","2020-05-08",232,6,209,588,6961,0.619163913230858,8415,36393,394,2344,39,5944,27,2076,11,27
"505","2020-05-09",233,6,188,570,6961,0.619163913230858,8415,36393,394,2344,39,5983,18,2094,15,18
"506","2020-05-10",201,6,189,546,6961,0.619163913230858,8415,36393,394,2344,24,6007,3,2097,11,3
"507","2020-05-11",200,6,199,513,6961,0.619163913230858,8415,36393,394,2344,31,6038,11,2108,10,11
"508","2020-05-12",179,6,193,525,6961,0.619163913230858,8415,36393,394,2344,39,6077,64,2172,9,64
"509","2020-05-13",177,6,189,499,6961,0.619163913230858,8415,36393,394,2344,30,6107,43,2215,9,43
"510","2020-05-14",166,6,239,464,6961,0.619163913230858,8415,36393,394,2344,31,6138,36,2251,11,36
"511","2020-05-15",152,6,275,451,6961,0.619163913230858,8415,36393,394,2344,19,6157,21,2272,5,21
"512","2020-05-16",149,6,254,446,6961,0.619163913230858,8415,36393,394,2344,16,6173,13,2285,6,13
"513","2020-05-17",152,6,247,434,6961,0.619163913230858,8415,36393,394,2344,28,6201,12,2297,13,12
"514","2020-05-18",145,6,213,414,6961,0.619163913230858,8415,36393,394,2344,27,6228,16,2313,12,16
"515","2020-05-19",145,6,190,392,6961,0.619163913230858,8415,36393,394,2344,12,6240,13,2326,4,13
"516","2020-05-20",134,6,182,382,6961,0.619163913230858,8415,36393,394,2344,24,6264,9,2335,9,9
"517","2020-05-21",143,6,161,361,6961,0.619163913230858,8415,36393,394,2344,16,6280,13,2348,4,13
"518","2020-05-22",148,6,141,347,6961,0.619163913230858,8415,36393,394,2344,18,6298,17,2365,5,17
"519","2020-05-23",144,6,125,311,6961,0.619163913230858,8415,36393,394,2344,17,6315,13,2378,3,13
"520","2020-05-24",121,6,134,292,6961,0.619163913230858,8415,36393,394,2344,13,6328,11,2389,3,11
"521","2020-05-25",114,6,149,278,6961,0.619163913230858,8415,36393,394,2344,14,6342,15,2404,5,15
"522","2020-05-26",102,6,172,271,6961,0.619163913230858,8415,36393,394,2344,29,6371,43,2447,8,43
"523","2020-05-27",105,6,192,261,6961,0.619163913230858,8415,36393,394,2344,8,6379,67,2514,2,67
"524","2020-05-28",91,6,195,245,6961,0.619163913230858,8415,36393,394,2344,8,6387,45,2559,1,45
"525","2020-05-29",84,6,175,230,6961,0.619163913230858,8415,36393,394,2344,9,6396,30,2589,3,30
"526","2020-05-30",78,6,174,213,6961,0.619163913230858,8415,36393,394,2344,17,6413,13,2602,1,13
"527","2020-05-31",75,6,211,202,6961,0.619163913230858,8415,36393,394,2344,13,6426,49,2651,1,49
"528","2020-06-01",68,6,247,193,6961,0.619163913230858,8415,36393,394,2344,13,6439,24,2675,7,24
"529","2020-06-02",72,6,271,184,6961,0.619163913230858,8415,36393,394,2344,8,6447,13,2688,2,13
"530","2020-06-03",67,6,316,178,6961,0.619163913230858,8415,36393,394,2344,15,6462,9,2697,1,9
"531","2020-06-04",65,6,345,175,6961,0.619163913230858,8415,36393,394,2344,6,6468,39,2736,2,39
"532","2020-06-05",62,6,332,164,6961,0.619163913230858,8415,36393,394,2344,16,6484,64,2800,7,64
"533","2020-06-06",64,6,311,169,6961,0.619163913230858,8415,36393,394,2344,10,6494,63,2863,1,63
"534","2020-06-07",57,6,300,170,6961,0.619163913230858,8415,36393,394,2344,7,6501,58,2921,1,58
"535","2020-03-13",5,7,53,270,8282,0.283627143202125,8415,39874,470,810,36,106,69,164,7,69
"536","2020-03-14",33,7,72,372,8282,0.283627143202125,8415,39874,470,810,41,147,31,195,15,31
"537","2020-03-15",60,7,94,472,8282,0.283627143202125,8415,39874,470,810,54,201,23,218,29,23
"538","2020-03-16",72,7,90,589,8282,0.283627143202125,8415,39874,470,810,76,277,58,276,49,58
"539","2020-03-17",85,7,79,724,8282,0.283627143202125,8415,39874,470,810,72,349,31,307,50,31
"540","2020-03-18",106,7,67,833,8282,0.283627143202125,8415,39874,470,810,77,426,12,319,47,12
"541","2020-03-19",138,7,70,925,8282,0.283627143202125,8415,39874,470,810,83,509,36,355,58,36
"542","2020-03-20",216,7,69,1046,8282,0.283627143202125,8415,39874,470,810,102,611,24,379,75,24
"543","2020-03-21",242,7,71,1141,8282,0.283627143202125,8415,39874,470,810,93,704,14,393,72,14
"544","2020-03-22",310,7,98,1198,8282,0.283627143202125,8415,39874,470,810,117,821,12,405,84,12
"545","2020-03-23",323,7,118,1265,8282,0.283627143202125,8415,39874,470,810,104,925,9,414,85,9
"546","2020-03-24",330,7,129,1351,8282,0.283627143202125,8415,39874,470,810,114,1039,8,422,84,8
"547","2020-03-25",363,7,103,1409,8282,0.283627143202125,8415,39874,470,810,139,1178,7,429,118,7
"548","2020-03-26",385,7,109,1446,8282,0.283627143202125,8415,39874,470,810,156,1334,13,442,127,13
"549","2020-03-27",497,7,102,1484,8282,0.283627143202125,8415,39874,470,810,164,1498,24,466,140,24
"550","2020-03-28",529,7,104,1512,8282,0.283627143202125,8415,39874,470,810,134,1632,15,481,110,15
"551","2020-03-29",478,7,111,1538,8282,0.283627143202125,8415,39874,470,810,158,1790,12,493,135,12
"552","2020-03-30",506,7,127,1521,8282,0.283627143202125,8415,39874,470,810,176,1966,60,553,148,60
"553","2020-03-31",504,7,158,1543,8282,0.283627143202125,8415,39874,470,810,200,2166,41,594,172,41
"554","2020-04-01",503,7,173,1557,8282,0.283627143202125,8415,39874,470,810,172,2338,19,613,152,19
"555","2020-04-02",499,7,170,1577,8282,0.283627143202125,8415,39874,470,810,181,2519,26,639,154,26
"556","2020-04-03",561,7,169,1602,8282,0.283627143202125,8415,39874,470,810,167,2686,54,693,145,54
"557","2020-04-04",571,7,169,1576,8282,0.283627143202125,8415,39874,470,810,189,2875,30,723,162,30
"558","2020-04-05",529,7,179,1583,8282,0.283627143202125,8415,39874,470,810,152,3027,21,744,120,21
"559","2020-04-06",500,7,211,1600,8282,0.283627143202125,8415,39874,470,810,185,3212,8,752,168,8
"560","2020-04-07",501,7,236,1584,8282,0.283627143202125,8415,39874,470,810,194,3406,3,755,172,3
"561","2020-04-08",488,7,236,1565,8282,0.283627143202125,8415,39874,470,810,190,3596,4,759,167,4
"562","2020-04-09",491,7,234,1533,8282,0.283627143202125,8415,39874,470,810,156,3752,4,763,140,4
"563","2020-04-10",519,7,212,1500,8282,0.283627143202125,8415,39874,470,810,153,3905,5,768,137,5
"564","2020-04-11",505,7,210,1487,8282,0.283627143202125,8415,39874,470,810,154,4059,6,774,129,6
"565","2020-04-12",470,7,216,1481,8282,0.283627143202125,8415,39874,470,810,121,4180,8,782,99,8
"566","2020-04-13",462,7,187,1483,8282,0.283627143202125,8415,39874,470,810,128,4308,34,816,108,34
"567","2020-04-14",451,7,203,1479,8282,0.283627143202125,8415,39874,470,810,141,4449,11,827,122,11
"568","2020-04-15",459,7,232,1442,8282,0.283627143202125,8415,39874,470,810,116,4565,8,835,101,8
"569","2020-04-16",456,7,221,1414,8282,0.283627143202125,8415,39874,470,810,109,4674,4,839,92,4
"570","2020-04-17",460,7,206,1403,8282,0.283627143202125,8415,39874,470,810,105,4779,10,849,85,10
"571","2020-04-18",464,7,216,1355,8282,0.283627143202125,8415,39874,470,810,72,4851,11,860,61,11
"572","2020-04-19",425,7,198,1327,8282,0.283627143202125,8415,39874,470,810,71,4922,19,879,55,19
"573","2020-04-20",415,7,179,1298,8282,0.283627143202125,8415,39874,470,810,79,5001,11,890,61,11
"574","2020-04-21",401,7,205,1258,8282,0.283627143202125,8415,39874,470,810,93,5094,60,950,78,60
"575","2020-04-22",403,7,233,1245,8282,0.283627143202125,8415,39874,470,810,59,5153,57,1007,47,57
"576","2020-04-23",385,7,230,1206,8282,0.283627143202125,8415,39874,470,810,63,5216,31,1038,45,31
"577","2020-04-24",386,7,225,1181,8282,0.283627143202125,8415,39874,470,810,56,5272,11,1049,44,11
"578","2020-04-25",385,7,226,1148,8282,0.283627143202125,8415,39874,470,810,51,5323,10,1059,38,10
"579","2020-04-26",379,7,226,1106,8282,0.283627143202125,8415,39874,470,810,58,5381,5,1064,42,5
"580","2020-04-27",376,7,257,1074,8282,0.283627143202125,8415,39874,470,810,48,5429,4,1068,36,4
"581","2020-04-28",367,7,270,1026,8282,0.283627143202125,8415,39874,470,810,53,5482,3,1071,43,3
"582","2020-04-29",354,7,287,999,8282,0.283627143202125,8415,39874,470,810,42,5524,3,1074,34,3
"583","2020-04-30",353,7,280,965,8282,0.283627143202125,8415,39874,470,810,39,5563,4,1078,29,4
"584","2020-05-01",354,7,261,938,8282,0.283627143202125,8415,39874,470,810,33,5596,46,1124,20,46
"585","2020-05-02",351,7,270,902,8282,0.283627143202125,8415,39874,470,810,37,5633,56,1180,27,56
"586","2020-05-03",297,7,300,869,8282,0.283627143202125,8415,39874,470,810,35,5668,20,1200,22,20
"587","2020-05-04",285,7,315,839,8282,0.283627143202125,8415,39874,470,810,44,5712,10,1210,21,10
"588","2020-05-05",282,7,346,810,8282,0.283627143202125,8415,39874,470,810,37,5749,10,1220,25,10
"589","2020-05-06",271,7,294,793,8282,0.283627143202125,8415,39874,470,810,30,5779,4,1224,20,4
"590","2020-05-07",252,7,270,762,8282,0.283627143202125,8415,39874,470,810,28,5807,5,1229,18,5
"591","2020-05-08",236,7,288,729,8282,0.283627143202125,8415,39874,470,810,33,5840,3,1232,21,3
"592","2020-05-09",213,7,267,707,8282,0.283627143202125,8415,39874,470,810,32,5872,2,1234,21,2
"593","2020-05-10",202,7,261,661,8282,0.283627143202125,8415,39874,470,810,27,5899,4,1238,16,4
"594","2020-05-11",191,7,287,632,8282,0.283627143202125,8415,39874,470,810,19,5918,30,1268,11,30
"595","2020-05-12",179,7,258,587,8282,0.283627143202125,8415,39874,470,810,16,5934,19,1287,8,19
"596","2020-05-13",166,7,270,574,8282,0.283627143202125,8415,39874,470,810,23,5957,12,1299,8,12
"597","2020-05-14",176,7,311,549,8282,0.283627143202125,8415,39874,470,810,18,5975,17,1316,9,17
"598","2020-05-15",164,7,308,531,8282,0.283627143202125,8415,39874,470,810,21,5996,9,1325,10,9
"599","2020-05-16",181,7,315,507,8282,0.283627143202125,8415,39874,470,810,17,6013,43,1368,9,43
"600","2020-05-17",165,7,339,484,8282,0.283627143202125,8415,39874,470,810,14,6027,41,1409,6,41
"601","2020-05-18",163,7,347,463,8282,0.283627143202125,8415,39874,470,810,15,6042,24,1433,10,24
"602","2020-05-19",158,7,320,441,8282,0.283627143202125,8415,39874,470,810,15,6057,14,1447,14,14
"603","2020-05-20",160,7,288,411,8282,0.283627143202125,8415,39874,470,810,12,6069,38,1485,2,38
"604","2020-05-21",146,7,262,393,8282,0.283627143202125,8415,39874,470,810,15,6084,17,1502,8,17
"605","2020-05-22",135,7,229,364,8282,0.283627143202125,8415,39874,470,810,14,6098,10,1512,7,10
"606","2020-05-23",115,7,211,351,8282,0.283627143202125,8415,39874,470,810,9,6107,13,1525,5,13
"607","2020-05-24",115,7,198,324,8282,0.283627143202125,8415,39874,470,810,10,6117,12,1537,6,12
"608","2020-05-25",103,7,222,311,8282,0.283627143202125,8415,39874,470,810,13,6130,16,1553,6,16
"609","2020-05-26",96,7,220,300,8282,0.283627143202125,8415,39874,470,810,13,6143,10,1563,4,10
"610","2020-05-27",93,7,213,283,8282,0.283627143202125,8415,39874,470,810,17,6160,6,1569,10,6
"611","2020-05-28",95,7,200,272,8282,0.283627143202125,8415,39874,470,810,12,6172,49,1618,6,49
"612","2020-05-29",91,7,187,257,8282,0.283627143202125,8415,39874,470,810,12,6184,43,1661,6,43
"613","2020-05-30",87,7,188,247,8282,0.283627143202125,8415,39874,470,810,15,6199,38,1699,6,38
"614","2020-05-31",79,7,182,248,8282,0.283627143202125,8415,39874,470,810,13,6212,22,1721,8,22
"615","2020-06-01",85,7,161,240,8282,0.283627143202125,8415,39874,470,810,7,6219,43,1764,2,43
"616","2020-06-02",82,7,152,235,8282,0.283627143202125,8415,39874,470,810,7,6226,28,1792,4,28
"617","2020-06-03",79,7,157,230,8282,0.283627143202125,8415,39874,470,810,12,6238,48,1840,7,48
"618","2020-06-04",79,7,161,226,8282,0.283627143202125,8415,39874,470,810,7,6245,47,1887,5,47
"619","2020-06-05",83,7,148,217,8282,0.283627143202125,8415,39874,470,810,10,6255,38,1925,3,38
"620","2020-06-06",85,7,150,213,8282,0.283627143202125,8415,39874,470,810,8,6263,23,1948,4,23
"621","2020-06-07",81,7,155,211,8282,0.283627143202125,8415,39874,470,810,9,6272,37,1985,5,37
"622","2020-03-13",1,8,227,198,7727,0.474699107027307,8250,37865,397,2438,61,167,13,72,7,13
"623","2020-03-14",25,8,241,285,7727,0.474699107027307,8250,37865,397,2438,57,224,12,84,7,12
"624","2020-03-15",42,8,259,387,7727,0.474699107027307,8250,37865,397,2438,78,302,40,124,20,40
"625","2020-03-16",51,8,292,477,7727,0.474699107027307,8250,37865,397,2438,87,389,32,156,38,32
"626","2020-03-17",61,8,275,568,7727,0.474699107027307,8250,37865,397,2438,83,472,28,184,37,28
"627","2020-03-18",89,8,276,682,7727,0.474699107027307,8250,37865,397,2438,107,579,23,207,68,23
"628","2020-03-19",119,8,302,780,7727,0.474699107027307,8250,37865,397,2438,87,666,52,259,34,52
"629","2020-03-20",174,8,290,927,7727,0.474699107027307,8250,37865,397,2438,84,750,48,307,43,48
"630","2020-03-21",250,8,290,1056,7727,0.474699107027307,8250,37865,397,2438,95,845,30,337,57,30
"631","2020-03-22",269,8,293,1169,7727,0.474699107027307,8250,37865,397,2438,97,942,20,357,55,20
"632","2020-03-23",276,8,305,1292,7727,0.474699107027307,8250,37865,397,2438,117,1059,21,378,65,21
"633","2020-03-24",297,8,290,1391,7727,0.474699107027307,8250,37865,397,2438,102,1161,11,389,56,11
"634","2020-03-25",331,8,290,1457,7727,0.474699107027307,8250,37865,397,2438,113,1274,12,401,59,12
"635","2020-03-26",347,8,279,1526,7727,0.474699107027307,8250,37865,397,2438,119,1393,8,409,65,8
"636","2020-03-27",483,8,287,1550,7727,0.474699107027307,8250,37865,397,2438,119,1512,17,426,69,17
"637","2020-03-28",472,8,266,1611,7727,0.474699107027307,8250,37865,397,2438,137,1649,18,444,75,18
"638","2020-03-29",473,8,246,1653,7727,0.474699107027307,8250,37865,397,2438,122,1771,13,457,79,13
"639","2020-03-30",488,8,248,1679,7727,0.474699107027307,8250,37865,397,2438,122,1893,7,464,72,7
"640","2020-03-31",500,8,264,1712,7727,0.474699107027307,8250,37865,397,2438,102,1995,13,477,48,13
"641","2020-04-01",497,8,271,1726,7727,0.474699107027307,8250,37865,397,2438,104,2099,41,518,62,41
"642","2020-04-02",513,8,266,1706,7727,0.474699107027307,8250,37865,397,2438,106,2205,22,540,64,22
"643","2020-04-03",556,8,254,1721,7727,0.474699107027307,8250,37865,397,2438,130,2335,23,563,76,23
"644","2020-04-04",612,8,236,1733,7727,0.474699107027307,8250,37865,397,2438,104,2439,34,597,59,34
"645","2020-04-05",560,8,236,1747,7727,0.474699107027307,8250,37865,397,2438,143,2582,55,652,84,55
"646","2020-04-06",531,8,236,1736,7727,0.474699107027307,8250,37865,397,2438,119,2701,32,684,70,32
"647","2020-04-07",543,8,230,1680,7727,0.474699107027307,8250,37865,397,2438,125,2826,34,718,79,34
"648","2020-04-08",547,8,235,1647,7727,0.474699107027307,8250,37865,397,2438,110,2936,20,738,73,20
"649","2020-04-09",554,8,259,1618,7727,0.474699107027307,8250,37865,397,2438,101,3037,80,818,57,80
"650","2020-04-10",589,8,265,1581,7727,0.474699107027307,8250,37865,397,2438,125,3162,42,860,79,42
"651","2020-04-11",552,8,330,1571,7727,0.474699107027307,8250,37865,397,2438,115,3277,39,899,62,39
"652","2020-04-12",512,8,344,1511,7727,0.474699107027307,8250,37865,397,2438,98,3375,22,921,60,22
"653","2020-04-13",511,8,322,1467,7727,0.474699107027307,8250,37865,397,2438,115,3490,48,969,68,48
"654","2020-04-14",492,8,338,1402,7727,0.474699107027307,8250,37865,397,2438,115,3605,63,1032,66,63
"655","2020-04-15",471,8,322,1368,7727,0.474699107027307,8250,37865,397,2438,82,3687,29,1061,33,29
"656","2020-04-16",451,8,284,1352,7727,0.474699107027307,8250,37865,397,2438,108,3795,36,1097,60,36
"657","2020-04-17",454,8,302,1282,7727,0.474699107027307,8250,37865,397,2438,91,3886,63,1160,56,63
"658","2020-04-18",439,8,334,1253,7727,0.474699107027307,8250,37865,397,2438,81,3967,41,1201,36,41
"659","2020-04-19",416,8,336,1228,7727,0.474699107027307,8250,37865,397,2438,88,4055,28,1229,47,28
"660","2020-04-20",409,8,299,1219,7727,0.474699107027307,8250,37865,397,2438,83,4138,49,1278,49,49
"661","2020-04-21",386,8,288,1187,7727,0.474699107027307,8250,37865,397,2438,77,4215,57,1335,26,57
"662","2020-04-22",378,8,297,1131,7727,0.474699107027307,8250,37865,397,2438,71,4286,44,1379,29,44
"663","2020-04-23",372,8,331,1084,7727,0.474699107027307,8250,37865,397,2438,69,4355,27,1406,33,27
"664","2020-04-24",375,8,319,1044,7727,0.474699107027307,8250,37865,397,2438,65,4420,17,1423,26,17
"665","2020-04-25",383,8,336,999,7727,0.474699107027307,8250,37865,397,2438,67,4487,18,1441,30,18
"666","2020-04-26",347,8,309,975,7727,0.474699107027307,8250,37865,397,2438,55,4542,17,1458,21,17
"667","2020-04-27",326,8,305,962,7727,0.474699107027307,8250,37865,397,2438,67,4609,17,1475,29,17
"668","2020-04-28",337,8,302,920,7727,0.474699107027307,8250,37865,397,2438,50,4659,17,1492,17,17
"669","2020-04-29",329,8,304,898,7727,0.474699107027307,8250,37865,397,2438,57,4716,45,1537,25,45
"670","2020-04-30",310,8,314,851,7727,0.474699107027307,8250,37865,397,2438,68,4784,72,1609,31,72
"671","2020-05-01",283,8,315,810,7727,0.474699107027307,8250,37865,397,2438,46,4830,24,1633,21,24
"672","2020-05-02",265,8,311,785,7727,0.474699107027307,8250,37865,397,2438,67,4897,25,1658,22,25
"673","2020-05-03",257,8,299,750,7727,0.474699107027307,8250,37865,397,2438,44,4941,26,1684,11,26
"674","2020-05-04",245,8,307,730,7727,0.474699107027307,8250,37865,397,2438,54,4995,55,1739,19,55
"675","2020-05-05",225,8,288,704,7727,0.474699107027307,8250,37865,397,2438,42,5037,46,1785,17,46
"676","2020-05-06",219,8,310,669,7727,0.474699107027307,8250,37865,397,2438,43,5080,29,1814,15,29
"677","2020-05-07",224,8,311,650,7727,0.474699107027307,8250,37865,397,2438,33,5113,22,1836,9,22
"678","2020-05-08",219,8,303,620,7727,0.474699107027307,8250,37865,397,2438,44,5157,14,1850,15,14
"679","2020-05-09",223,8,320,601,7727,0.474699107027307,8250,37865,397,2438,36,5193,10,1860,7,10
"680","2020-05-10",206,8,330,584,7727,0.474699107027307,8250,37865,397,2438,40,5233,16,1876,14,16
"681","2020-05-11",209,8,330,558,7727,0.474699107027307,8250,37865,397,2438,37,5270,14,1890,14,14
"682","2020-05-12",200,8,328,528,7727,0.474699107027307,8250,37865,397,2438,39,5309,14,1904,11,14
"683","2020-05-13",196,8,348,493,7727,0.474699107027307,8250,37865,397,2438,36,5345,11,1915,12,11
"684","2020-05-14",185,8,347,470,7727,0.474699107027307,8250,37865,397,2438,24,5369,19,1934,8,19
"685","2020-05-15",176,8,350,452,7727,0.474699107027307,8250,37865,397,2438,35,5404,21,1955,10,21
"686","2020-05-16",165,8,355,445,7727,0.474699107027307,8250,37865,397,2438,32,5436,63,2018,4,63
"687","2020-05-17",149,8,354,424,7727,0.474699107027307,8250,37865,397,2438,26,5462,58,2076,6,58
"688","2020-05-18",150,8,336,405,7727,0.474699107027307,8250,37865,397,2438,33,5495,55,2131,8,55
"689","2020-05-19",140,8,322,385,7727,0.474699107027307,8250,37865,397,2438,23,5518,49,2180,5,49
"690","2020-05-20",137,8,302,360,7727,0.474699107027307,8250,37865,397,2438,18,5536,41,2221,2,41
"691","2020-05-21",130,8,287,327,7727,0.474699107027307,8250,37865,397,2438,23,5559,34,2255,1,34
"692","2020-05-22",118,8,275,319,7727,0.474699107027307,8250,37865,397,2438,24,5583,22,2277,10,22
"693","2020-05-23",114,8,265,314,7727,0.474699107027307,8250,37865,397,2438,31,5614,24,2301,14,24
"694","2020-05-24",98,8,293,299,7727,0.474699107027307,8250,37865,397,2438,21,5635,49,2350,6,49
"695","2020-05-25",81,8,281,287,7727,0.474699107027307,8250,37865,397,2438,24,5659,30,2380,6,30
"696","2020-05-26",84,8,286,272,7727,0.474699107027307,8250,37865,397,2438,17,5676,21,2401,5,21
"697","2020-05-27",78,8,277,270,7727,0.474699107027307,8250,37865,397,2438,18,5694,43,2444,8,43
"698","2020-05-28",74,8,263,270,7727,0.474699107027307,8250,37865,397,2438,19,5713,22,2466,6,22
"699","2020-05-29",68,8,257,255,7727,0.474699107027307,8250,37865,397,2438,28,5741,21,2487,7,21
"700","2020-05-30",73,8,264,236,7727,0.474699107027307,8250,37865,397,2438,26,5767,13,2500,9,13
"701","2020-05-31",80,8,287,218,7727,0.474699107027307,8250,37865,397,2438,21,5788,25,2525,6,25
"702","2020-06-01",84,8,336,207,7727,0.474699107027307,8250,37865,397,2438,18,5806,13,2538,6,13
"703","2020-06-02",81,8,344,197,7727,0.474699107027307,8250,37865,397,2438,16,5822,19,2557,8,19
"704","2020-06-03",80,8,336,191,7727,0.474699107027307,8250,37865,397,2438,17,5839,41,2598,12,41
"705","2020-06-04",80,8,305,179,7727,0.474699107027307,8250,37865,397,2438,8,5847,45,2643,4,45
"706","2020-06-05",72,8,301,165,7727,0.474699107027307,8250,37865,397,2438,17,5864,54,2697,5,54
"707","2020-06-06",65,8,304,156,7727,0.474699107027307,8250,37865,397,2438,9,5873,33,2730,3,33
"708","2020-06-07",63,8,321,135,7727,0.474699107027307,8250,37865,397,2438,19,5892,19,2749,7,19
"709","2020-03-07",1,9,0,0,6687,0.892926573949454,8400,32533,333,1398,NA,NA,NA,NA,NA,NA
"710","2020-03-08",1,9,0,0,6687,0.892926573949454,8400,32533,333,1398,NA,NA,NA,NA,NA,NA
"711","2020-03-09",0,9,0,0,6687,0.892926573949454,8400,32533,333,1398,NA,NA,NA,NA,NA,NA
"712","2020-03-10",0,9,0,0,6687,0.892926573949454,8400,32533,333,1398,NA,NA,6,6,NA,6
"713","2020-03-11",0,9,0,0,6687,0.892926573949454,8400,32533,333,1398,21,21,28,34,4,28
"714","2020-03-12",0,9,0,0,6687,0.892926573949454,8400,32533,333,1398,23,44,12,46,5,12
"715","2020-03-13",2,9,108,70,6687,0.892926573949454,8400,32533,333,1398,30,74,11,57,9,11
"716","2020-03-14",7,9,128,102,6687,0.892926573949454,8400,32533,333,1398,26,100,12,69,14,12
"717","2020-03-15",11,9,168,144,6687,0.892926573949454,8400,32533,333,1398,34,134,13,82,22,13
"718","2020-03-16",17,9,213,182,6687,0.892926573949454,8400,32533,333,1398,35,169,67,149,25,67
"719","2020-03-17",17,9,203,239,6687,0.892926573949454,8400,32533,333,1398,51,220,66,215,38,66
"720","2020-03-18",22,9,209,316,6687,0.892926573949454,8400,32533,333,1398,48,268,72,287,34,72
"721","2020-03-19",32,9,223,393,6687,0.892926573949454,8400,32533,333,1398,56,324,30,317,45,30
"722","2020-03-20",54,9,208,458,6687,0.892926573949454,8400,32533,333,1398,82,406,11,328,74,11
"723","2020-03-21",79,9,236,568,6687,0.892926573949454,8400,32533,333,1398,72,478,19,347,63,19
"724","2020-03-22",126,9,271,675,6687,0.892926573949454,8400,32533,333,1398,82,560,18,365,69,18
"725","2020-03-23",128,9,254,791,6687,0.892926573949454,8400,32533,333,1398,110,670,13,378,96,13
"726","2020-03-24",148,9,226,931,6687,0.892926573949454,8400,32533,333,1398,101,771,14,392,90,14
"727","2020-03-25",169,9,209,1023,6687,0.892926573949454,8400,32533,333,1398,117,888,18,410,105,18
"728","2020-03-26",203,9,188,1136,6687,0.892926573949454,8400,32533,333,1398,141,1029,40,450,133,40
"729","2020-03-27",323,9,199,1238,6687,0.892926573949454,8400,32533,333,1398,126,1155,20,470,116,20
"730","2020-03-28",419,9,223,1354,6687,0.892926573949454,8400,32533,333,1398,131,1286,24,494,122,24
"731","2020-03-29",398,9,196,1485,6687,0.892926573949454,8400,32533,333,1398,161,1447,16,510,150,16
"732","2020-03-30",406,9,185,1593,6687,0.892926573949454,8400,32533,333,1398,151,1598,14,524,141,14
"733","2020-03-31",432,9,178,1684,6687,0.892926573949454,8400,32533,333,1398,161,1759,9,533,143,9
"734","2020-04-01",466,9,174,1794,6687,0.892926573949454,8400,32533,333,1398,179,1938,35,568,165,35
"735","2020-04-02",486,9,217,1901,6687,0.892926573949454,8400,32533,333,1398,177,2115,50,618,166,50
"736","2020-04-03",637,9,253,1973,6687,0.892926573949454,8400,32533,333,1398,153,2268,27,645,144,27
"737","2020-04-04",630,9,223,2001,6687,0.892926573949454,8400,32533,333,1398,202,2470,13,658,185,13
"738","2020-04-05",636,9,220,2019,6687,0.892926573949454,8400,32533,333,1398,139,2609,21,679,131,21
"739","2020-04-06",658,9,256,2052,6687,0.892926573949454,8400,32533,333,1398,160,2769,15,694,153,15
"740","2020-04-07",658,9,261,2073,6687,0.892926573949454,8400,32533,333,1398,166,2935,24,718,154,24
"741","2020-04-08",690,9,261,2054,6687,0.892926573949454,8400,32533,333,1398,172,3107,5,723,157,5
"742","2020-04-09",709,9,229,2065,6687,0.892926573949454,8400,32533,333,1398,190,3297,10,733,183,10
"743","2020-04-10",742,9,205,2050,6687,0.892926573949454,8400,32533,333,1398,205,3502,6,739,188,6
"744","2020-04-11",749,9,193,2002,6687,0.892926573949454,8400,32533,333,1398,139,3641,44,783,126,44
"745","2020-04-12",678,9,188,1955,6687,0.892926573949454,8400,32533,333,1398,141,3782,23,806,132,23
"746","2020-04-13",663,9,193,1904,6687,0.892926573949454,8400,32533,333,1398,152,3934,36,842,139,36
"747","2020-04-14",663,9,198,1845,6687,0.892926573949454,8400,32533,333,1398,148,4082,73,915,144,73
"748","2020-04-15",645,9,202,1778,6687,0.892926573949454,8400,32533,333,1398,139,4221,43,958,131,43
"749","2020-04-16",621,9,183,1717,6687,0.892926573949454,8400,32533,333,1398,134,4355,20,978,127,20
"750","2020-04-17",620,9,173,1597,6687,0.892926573949454,8400,32533,333,1398,137,4492,14,992,128,14
"751","2020-04-18",615,9,153,1530,6687,0.892926573949454,8400,32533,333,1398,123,4615,19,1011,115,19
"752","2020-04-19",571,9,144,1445,6687,0.892926573949454,8400,32533,333,1398,112,4727,11,1022,101,11
"753","2020-04-20",557,9,177,1334,6687,0.892926573949454,8400,32533,333,1398,79,4806,40,1062,71,40
"754","2020-04-21",522,9,225,1247,6687,0.892926573949454,8400,32533,333,1398,93,4899,50,1112,87,50
"755","2020-04-22",490,9,237,1179,6687,0.892926573949454,8400,32533,333,1398,98,4997,61,1173,87,61
"756","2020-04-23",472,9,232,1102,6687,0.892926573949454,8400,32533,333,1398,65,5062,47,1220,61,47
"757","2020-04-24",411,9,264,1020,6687,0.892926573949454,8400,32533,333,1398,67,5129,27,1247,62,27
"758","2020-04-25",367,9,269,956,6687,0.892926573949454,8400,32533,333,1398,71,5200,46,1293,64,46
"759","2020-04-26",346,9,266,894,6687,0.892926573949454,8400,32533,333,1398,67,5267,37,1330,59,37
"760","2020-04-27",324,9,284,838,6687,0.892926573949454,8400,32533,333,1398,57,5324,69,1399,53,69
"761","2020-04-28",311,9,263,773,6687,0.892926573949454,8400,32533,333,1398,52,5376,36,1435,47,36
"762","2020-04-29",298,9,267,696,6687,0.892926573949454,8400,32533,333,1398,48,5424,53,1488,39,53
"763","2020-04-30",281,9,244,662,6687,0.892926573949454,8400,32533,333,1398,39,5463,39,1527,37,39
"764","2020-05-01",251,9,234,608,6687,0.892926573949454,8400,32533,333,1398,41,5504,38,1565,35,38
"765","2020-05-02",247,9,214,569,6687,0.892926573949454,8400,32533,333,1398,39,5543,23,1588,35,23
"766","2020-05-03",211,9,248,526,6687,0.892926573949454,8400,32533,333,1398,31,5574,7,1595,25,7
"767","2020-05-04",198,9,240,486,6687,0.892926573949454,8400,32533,333,1398,28,5602,19,1614,26,19
"768","2020-05-05",187,9,229,461,6687,0.892926573949454,8400,32533,333,1398,28,5630,21,1635,23,21
"769","2020-05-06",176,9,235,439,6687,0.892926573949454,8400,32533,333,1398,30,5660,17,1652,23,17
"770","2020-05-07",174,9,216,411,6687,0.892926573949454,8400,32533,333,1398,24,5684,12,1664,22,12
"771","2020-05-08",170,9,202,396,6687,0.892926573949454,8400,32533,333,1398,23,5707,18,1682,15,18
"772","2020-05-09",154,9,227,379,6687,0.892926573949454,8400,32533,333,1398,31,5738,10,1692,25,10
"773","2020-05-10",144,9,263,336,6687,0.892926573949454,8400,32533,333,1398,20,5758,9,1701,15,9
"774","2020-05-11",142,9,239,316,6687,0.892926573949454,8400,32533,333,1398,21,5779,13,1714,15,13
"775","2020-05-12",139,9,222,297,6687,0.892926573949454,8400,32533,333,1398,18,5797,13,1727,15,13
"776","2020-05-13",135,9,198,272,6687,0.892926573949454,8400,32533,333,1398,10,5807,21,1748,9,21
"777","2020-05-14",122,9,179,261,6687,0.892926573949454,8400,32533,333,1398,17,5824,46,1794,10,46
"778","2020-05-15",106,9,162,250,6687,0.892926573949454,8400,32533,333,1398,18,5842,74,1868,15,74
"779","2020-05-16",113,9,158,228,6687,0.892926573949454,8400,32533,333,1398,14,5856,36,1904,9,36
"780","2020-05-17",102,9,179,205,6687,0.892926573949454,8400,32533,333,1398,9,5865,37,1941,7,37
"781","2020-05-18",91,9,184,190,6687,0.892926573949454,8400,32533,333,1398,13,5878,32,1973,10,32
"782","2020-05-19",76,9,183,173,6687,0.892926573949454,8400,32533,333,1398,12,5890,71,2044,10,71
"783","2020-05-20",68,9,180,159,6687,0.892926573949454,8400,32533,333,1398,10,5900,57,2101,5,57
"784","2020-05-21",63,9,171,144,6687,0.892926573949454,8400,32533,333,1398,3,5903,34,2135,3,34
"785","2020-05-22",58,9,232,131,6687,0.892926573949454,8400,32533,333,1398,12,5915,56,2191,10,56
"786","2020-05-23",49,9,265,117,6687,0.892926573949454,8400,32533,333,1398,6,5921,25,2216,4,25
"787","2020-05-24",47,9,275,115,6687,0.892926573949454,8400,32533,333,1398,13,5934,17,2233,6,17
"788","2020-05-25",42,9,274,110,6687,0.892926573949454,8400,32533,333,1398,6,5940,22,2255,4,22
"789","2020-05-26",44,9,252,111,6687,0.892926573949454,8400,32533,333,1398,7,5947,37,2292,2,37
"790","2020-05-27",41,9,258,108,6687,0.892926573949454,8400,32533,333,1398,11,5958,75,2367,8,75
"791","2020-05-28",40,9,270,107,6687,0.892926573949454,8400,32533,333,1398,15,5973,57,2424,11,57
"792","2020-05-29",42,9,247,106,6687,0.892926573949454,8400,32533,333,1398,10,5983,23,2447,10,23
"793","2020-05-30",40,9,235,109,6687,0.892926573949454,8400,32533,333,1398,5,5988,33,2480,4,33
"794","2020-05-31",32,9,225,106,6687,0.892926573949454,8400,32533,333,1398,5,5993,25,2505,4,25
"795","2020-06-01",28,9,210,99,6687,0.892926573949454,8400,32533,333,1398,8,6001,16,2521,6,16
"796","2020-06-02",25,9,205,97,6687,0.892926573949454,8400,32533,333,1398,10,6011,34,2555,7,34
"797","2020-06-03",26,9,196,98,6687,0.892926573949454,8400,32533,333,1398,7,6018,32,2587,4,32
"798","2020-06-04",25,9,229,104,6687,0.892926573949454,8400,32533,333,1398,5,6023,43,2630,3,43
"799","2020-06-05",20,9,226,98,6687,0.892926573949454,8400,32533,333,1398,6,6029,20,2650,3,20
"800","2020-06-06",18,9,244,88,6687,0.892926573949454,8400,32533,333,1398,6,6035,18,2668,5,18
"801","2020-06-07",23,9,224,86,6687,0.892926573949454,8400,32533,333,1398,5,6040,21,2689,3,21
"802","2020-03-07",1,10,0,0,6440,0.844875776397516,8370,31790,338,1795,NA,NA,NA,NA,NA,NA
"803","2020-03-08",1,10,0,0,6440,0.844875776397516,8370,31790,338,1795,NA,NA,NA,NA,NA,NA
"804","2020-03-09",0,10,0,0,6440,0.844875776397516,8370,31790,338,1795,NA,NA,NA,NA,NA,NA
"805","2020-03-10",0,10,0,0,6440,0.844875776397516,8370,31790,338,1795,1,1,1,1,1,1
"806","2020-03-11",0,10,0,0,6440,0.844875776397516,8370,31790,338,1795,42,43,15,16,1,15
"807","2020-03-12",0,10,0,0,6440,0.844875776397516,8370,31790,338,1795,44,87,26,42,3,26
"808","2020-03-13",0,10,0,0,6440,0.844875776397516,8370,31790,338,1795,62,149,38,80,11,38
"809","2020-03-14",2,10,103,63,6440,0.844875776397516,8370,31790,338,1795,67,216,34,114,19,34
"810","2020-03-15",5,10,108,89,6440,0.844875776397516,8370,31790,338,1795,68,284,12,126,23,12
"811","2020-03-16",6,10,103,111,6440,0.844875776397516,8370,31790,338,1795,68,352,36,162,27,36
"812","2020-03-17",12,10,108,149,6440,0.844875776397516,8370,31790,338,1795,98,450,39,201,53,39
"813","2020-03-18",19,10,136,202,6440,0.844875776397516,8370,31790,338,1795,96,546,18,219,51,18
"814","2020-03-19",26,10,150,241,6440,0.844875776397516,8370,31790,338,1795,98,644,47,266,62,47
"815","2020-03-20",31,10,184,298,6440,0.844875776397516,8370,31790,338,1795,121,765,57,323,86,57
"816","2020-03-21",48,10,190,352,6440,0.844875776397516,8370,31790,338,1795,126,891,48,371,81,48
"817","2020-03-22",75,10,185,417,6440,0.844875776397516,8370,31790,338,1795,137,1028,25,396,96,25
"818","2020-03-23",81,10,175,507,6440,0.844875776397516,8370,31790,338,1795,137,1165,23,419,96,23
"819","2020-03-24",86,10,156,561,6440,0.844875776397516,8370,31790,338,1795,146,1311,27,446,106,27
"820","2020-03-25",103,10,202,643,6440,0.844875776397516,8370,31790,338,1795,141,1452,13,459,100,13
"821","2020-03-26",131,10,249,748,6440,0.844875776397516,8370,31790,338,1795,144,1596,54,513,111,54
"822","2020-03-27",187,10,270,840,6440,0.844875776397516,8370,31790,338,1795,171,1767,56,569,126,56
"823","2020-03-28",264,10,321,920,6440,0.844875776397516,8370,31790,338,1795,128,1895,46,615,91,46
"824","2020-03-29",272,10,303,1042,6440,0.844875776397516,8370,31790,338,1795,196,2091,28,643,156,28
"825","2020-03-30",275,10,271,1141,6440,0.844875776397516,8370,31790,338,1795,155,2246,25,668,116,25
"826","2020-03-31",301,10,281,1266,6440,0.844875776397516,8370,31790,338,1795,179,2425,49,717,137,49
"827","2020-04-01",319,10,286,1372,6440,0.844875776397516,8370,31790,338,1795,191,2616,34,751,149,34
"828","2020-04-02",333,10,262,1471,6440,0.844875776397516,8370,31790,338,1795,171,2787,49,800,126,49
"829","2020-04-03",460,10,273,1616,6440,0.844875776397516,8370,31790,338,1795,143,2930,30,830,102,30
"830","2020-04-04",494,10,263,1701,6440,0.844875776397516,8370,31790,338,1795,196,3126,18,848,154,18
"831","2020-04-05",490,10,261,1790,6440,0.844875776397516,8370,31790,338,1795,144,3270,16,864,116,16
"832","2020-04-06",500,10,248,1884,6440,0.844875776397516,8370,31790,338,1795,161,3431,20,884,135,20
"833","2020-04-07",512,10,231,1977,6440,0.844875776397516,8370,31790,338,1795,127,3558,26,910,92,26
"834","2020-04-08",554,10,219,2119,6440,0.844875776397516,8370,31790,338,1795,142,3700,50,960,112,50
"835","2020-04-09",589,10,194,2159,6440,0.844875776397516,8370,31790,338,1795,134,3834,38,998,107,38
"836","2020-04-10",727,10,173,2189,6440,0.844875776397516,8370,31790,338,1795,132,3966,48,1046,95,48
"837","2020-04-11",729,10,161,2215,6440,0.844875776397516,8370,31790,338,1795,112,4078,52,1098,82,52
"838","2020-04-12",731,10,173,2195,6440,0.844875776397516,8370,31790,338,1795,117,4195,33,1131,76,33
"839","2020-04-13",749,10,184,2170,6440,0.844875776397516,8370,31790,338,1795,110,4305,65,1196,87,65
"840","2020-04-14",755,10,223,2136,6440,0.844875776397516,8370,31790,338,1795,111,4416,45,1241,86,45
"841","2020-04-15",748,10,238,2080,6440,0.844875776397516,8370,31790,338,1795,95,4511,28,1269,58,28
"842","2020-04-16",734,10,252,2005,6440,0.844875776397516,8370,31790,338,1795,106,4617,22,1291,77,22
"843","2020-04-17",755,10,290,1939,6440,0.844875776397516,8370,31790,338,1795,92,4709,53,1344,65,53
"844","2020-04-18",741,10,316,1861,6440,0.844875776397516,8370,31790,338,1795,66,4775,62,1406,43,62
"845","2020-04-19",650,10,296,1783,6440,0.844875776397516,8370,31790,338,1795,77,4852,43,1449,52,43
"846","2020-04-20",620,10,258,1659,6440,0.844875776397516,8370,31790,338,1795,92,4944,57,1506,58,57
"847","2020-04-21",603,10,234,1516,6440,0.844875776397516,8370,31790,338,1795,89,5033,34,1540,56,34
"848","2020-04-22",580,10,216,1420,6440,0.844875776397516,8370,31790,338,1795,85,5118,16,1556,52,16
"849","2020-04-23",563,10,235,1305,6440,0.844875776397516,8370,31790,338,1795,56,5174,15,1571,33,15
"850","2020-04-24",495,10,232,1197,6440,0.844875776397516,8370,31790,338,1795,58,5232,46,1617,34,46
"851","2020-04-25",470,10,227,1117,6440,0.844875776397516,8370,31790,338,1795,87,5319,32,1649,62,32
"852","2020-04-26",437,10,297,1028,6440,0.844875776397516,8370,31790,338,1795,68,5387,39,1688,35,39
"853","2020-04-27",410,10,299,925,6440,0.844875776397516,8370,31790,338,1795,44,5431,29,1717,22,29
"854","2020-04-28",375,10,256,853,6440,0.844875776397516,8370,31790,338,1795,54,5485,20,1737,23,20
"855","2020-04-29",350,10,246,783,6440,0.844875776397516,8370,31790,338,1795,58,5543,12,1749,32,12
"856","2020-04-30",323,10,238,706,6440,0.844875776397516,8370,31790,338,1795,49,5592,18,1767,28,18
"857","2020-05-01",275,10,237,651,6440,0.844875776397516,8370,31790,338,1795,62,5654,20,1787,33,20
"858","2020-05-02",262,10,238,599,6440,0.844875776397516,8370,31790,338,1795,42,5696,37,1824,24,37
"859","2020-05-03",227,10,236,551,6440,0.844875776397516,8370,31790,338,1795,37,5733,42,1866,20,42
"860","2020-05-04",211,10,280,511,6440,0.844875776397516,8370,31790,338,1795,33,5766,40,1906,17,40
"861","2020-05-05",194,10,264,473,6440,0.844875776397516,8370,31790,338,1795,28,5794,23,1929,14,23
"862","2020-05-06",189,10,262,442,6440,0.844875776397516,8370,31790,338,1795,37,5831,35,1964,18,35
"863","2020-05-07",180,10,257,398,6440,0.844875776397516,8370,31790,338,1795,37,5868,44,2008,17,44
"864","2020-05-08",163,10,288,365,6440,0.844875776397516,8370,31790,338,1795,40,5908,37,2045,19,37
"865","2020-05-09",144,10,257,339,6440,0.844875776397516,8370,31790,338,1795,40,5948,42,2087,24,42
"866","2020-05-10",137,10,254,312,6440,0.844875776397516,8370,31790,338,1795,28,5976,55,2142,17,55
"867","2020-05-11",130,10,240,291,6440,0.844875776397516,8370,31790,338,1795,30,6006,55,2197,15,55
"868","2020-05-12",124,10,222,289,6440,0.844875776397516,8370,31790,338,1795,25,6031,43,2240,9,43
"869","2020-05-13",109,10,215,262,6440,0.844875776397516,8370,31790,338,1795,18,6049,57,2297,8,57
"870","2020-05-14",102,10,224,250,6440,0.844875776397516,8370,31790,338,1795,25,6074,47,2344,13,47
"871","2020-05-15",90,10,232,225,6440,0.844875776397516,8370,31790,338,1795,27,6101,31,2375,12,31
"872","2020-05-16",89,10,220,213,6440,0.844875776397516,8370,31790,338,1795,27,6128,46,2421,13,46
"873","2020-05-17",83,10,212,210,6440,0.844875776397516,8370,31790,338,1795,17,6145,27,2448,7,27
"874","2020-05-18",78,10,238,205,6440,0.844875776397516,8370,31790,338,1795,22,6167,54,2502,10,54
"875","2020-05-19",68,10,232,204,6440,0.844875776397516,8370,31790,338,1795,16,6183,43,2545,5,43
"876","2020-05-20",67,10,201,196,6440,0.844875776397516,8370,31790,338,1795,17,6200,34,2579,8,34
"877","2020-05-21",64,10,204,180,6440,0.844875776397516,8370,31790,338,1795,17,6217,43,2622,10,43
"878","2020-05-22",66,10,189,169,6440,0.844875776397516,8370,31790,338,1795,12,6229,44,2666,4,44
"879","2020-05-23",67,10,181,161,6440,0.844875776397516,8370,31790,338,1795,15,6244,27,2693,4,27
"880","2020-05-24",58,10,173,156,6440,0.844875776397516,8370,31790,338,1795,14,6258,35,2728,5,35
"881","2020-05-25",60,10,161,153,6440,0.844875776397516,8370,31790,338,1795,13,6271,24,2752,5,24
"882","2020-05-26",59,10,164,141,6440,0.844875776397516,8370,31790,338,1795,17,6288,18,2770,9,18
"883","2020-05-27",53,10,190,126,6440,0.844875776397516,8370,31790,338,1795,18,6306,42,2812,9,42
"884","2020-05-28",51,10,185,115,6440,0.844875776397516,8370,31790,338,1795,9,6315,19,2831,6,19
"885","2020-05-29",46,10,208,114,6440,0.844875776397516,8370,31790,338,1795,13,6328,19,2850,8,19
"886","2020-05-30",41,10,195,103,6440,0.844875776397516,8370,31790,338,1795,12,6340,24,2874,3,24
"887","2020-05-31",43,10,191,94,6440,0.844875776397516,8370,31790,338,1795,9,6349,24,2898,4,24
"888","2020-06-01",42,10,168,87,6440,0.844875776397516,8370,31790,338,1795,8,6357,21,2919,6,21
"889","2020-06-02",40,10,155,80,6440,0.844875776397516,8370,31790,338,1795,13,6370,14,2933,5,14
"890","2020-06-03",41,10,188,80,6440,0.844875776397516,8370,31790,338,1795,7,6377,18,2951,4,18
"891","2020-06-04",37,10,196,76,6440,0.844875776397516,8370,31790,338,1795,15,6392,10,2961,2,10
"892","2020-06-05",30,10,214,72,6440,0.844875776397516,8370,31790,338,1795,6,6398,7,2968,3,7
"893","2020-06-06",30,10,231,64,6440,0.844875776397516,8370,31790,338,1795,4,6402,10,2978,2,10
"894","2020-06-07",30,10,241,60,6440,0.844875776397516,8370,31790,338,1795,16,6418,11,2989,5,11
"895","2020-03-13",3,11,88,160,7955,0.591577624135764,8325,35003,435,1175,82,253,59,122,8,59
"896","2020-03-14",13,11,131,220,7955,0.591577624135764,8325,35003,435,1175,99,352,62,184,38,62
"897","2020-03-15",36,11,142,291,7955,0.591577624135764,8325,35003,435,1175,114,466,55,239,39,55
"898","2020-03-16",42,11,147,376,7955,0.591577624135764,8325,35003,435,1175,111,577,76,315,40,76
"899","2020-03-17",48,11,210,475,7955,0.591577624135764,8325,35003,435,1175,134,711,58,373,60,58
"900","2020-03-18",66,11,234,583,7955,0.591577624135764,8325,35003,435,1175,138,849,53,426,73,53
"901","2020-03-19",82,11,229,695,7955,0.591577624135764,8325,35003,435,1175,146,995,45,471,87,45
"902","2020-03-20",146,11,278,840,7955,0.591577624135764,8325,35003,435,1175,153,1148,39,510,90,39
"903","2020-03-21",226,11,314,984,7955,0.591577624135764,8325,35003,435,1175,164,1312,34,544,98,34
"904","2020-03-22",244,11,311,1167,7955,0.591577624135764,8325,35003,435,1175,170,1482,39,583,103,39
"905","2020-03-23",253,11,278,1283,7955,0.591577624135764,8325,35003,435,1175,197,1679,33,616,119,33
"906","2020-03-24",283,11,288,1402,7955,0.591577624135764,8325,35003,435,1175,189,1868,38,654,129,38
"907","2020-03-25",313,11,266,1601,7955,0.591577624135764,8325,35003,435,1175,178,2046,39,693,113,39
"908","2020-03-26",352,11,268,1743,7955,0.591577624135764,8325,35003,435,1175,175,2221,56,749,103,56
"909","2020-03-27",532,11,275,1848,7955,0.591577624135764,8325,35003,435,1175,181,2402,70,819,127,70
"910","2020-03-28",600,11,268,1966,7955,0.591577624135764,8325,35003,435,1175,160,2562,54,873,109,54
"911","2020-03-29",562,11,274,2081,7955,0.591577624135764,8325,35003,435,1175,177,2739,28,901,116,28
"912","2020-03-30",573,11,253,2148,7955,0.591577624135764,8325,35003,435,1175,163,2902,40,941,102,40
"913","2020-03-31",600,11,240,2227,7955,0.591577624135764,8325,35003,435,1175,186,3088,60,1001,119,60
"914","2020-04-01",639,11,242,2296,7955,0.591577624135764,8325,35003,435,1175,187,3275,59,1060,119,59
"915","2020-04-02",662,11,277,2351,7955,0.591577624135764,8325,35003,435,1175,201,3476,38,1098,137,38
"916","2020-04-03",767,11,284,2381,7955,0.591577624135764,8325,35003,435,1175,150,3626,30,1128,86,30
"917","2020-04-04",725,11,274,2417,7955,0.591577624135764,8325,35003,435,1175,146,3772,35,1163,92,35
"918","2020-04-05",714,11,261,2418,7955,0.591577624135764,8325,35003,435,1175,127,3899,32,1195,83,32
"919","2020-04-06",762,11,232,2396,7955,0.591577624135764,8325,35003,435,1175,162,4061,37,1232,97,37
"920","2020-04-07",745,11,207,2344,7955,0.591577624135764,8325,35003,435,1175,128,4189,30,1262,69,30
"921","2020-04-08",740,11,203,2316,7955,0.591577624135764,8325,35003,435,1175,159,4348,40,1302,94,40
"922","2020-04-09",736,11,259,2232,7955,0.591577624135764,8325,35003,435,1175,119,4467,33,1335,66,33
"923","2020-04-10",789,11,284,2184,7955,0.591577624135764,8325,35003,435,1175,148,4615,56,1391,77,56
"924","2020-04-11",789,11,317,2107,7955,0.591577624135764,8325,35003,435,1175,103,4718,47,1438,58,47
"925","2020-04-12",735,11,314,2001,7955,0.591577624135764,8325,35003,435,1175,99,4817,39,1477,50,39
"926","2020-04-13",687,11,274,1905,7955,0.591577624135764,8325,35003,435,1175,108,4925,26,1503,56,26
"927","2020-04-14",687,11,246,1833,7955,0.591577624135764,8325,35003,435,1175,102,5027,22,1525,58,22
"928","2020-04-15",671,11,237,1736,7955,0.591577624135764,8325,35003,435,1175,101,5128,23,1548,51,23
"929","2020-04-16",653,11,280,1611,7955,0.591577624135764,8325,35003,435,1175,80,5208,43,1591,37,43
"930","2020-04-17",586,11,313,1497,7955,0.591577624135764,8325,35003,435,1175,110,5318,36,1627,49,36
"931","2020-04-18",579,11,315,1412,7955,0.591577624135764,8325,35003,435,1175,95,5413,37,1664,49,37
"932","2020-04-19",524,11,323,1330,7955,0.591577624135764,8325,35003,435,1175,69,5482,39,1703,30,39
"933","2020-04-20",485,11,329,1252,7955,0.591577624135764,8325,35003,435,1175,75,5557,51,1754,40,51
"934","2020-04-21",445,11,343,1147,7955,0.591577624135764,8325,35003,435,1175,69,5626,28,1782,30,28
"935","2020-04-22",413,11,348,1054,7955,0.591577624135764,8325,35003,435,1175,70,5696,41,1823,26,41
"936","2020-04-23",400,11,344,991,7955,0.591577624135764,8325,35003,435,1175,59,5755,34,1857,34,34
"937","2020-04-24",367,11,294,923,7955,0.591577624135764,8325,35003,435,1175,49,5804,30,1887,19,30
"938","2020-04-25",336,11,271,877,7955,0.591577624135764,8325,35003,435,1175,65,5869,35,1922,29,35
"939","2020-04-26",290,11,251,812,7955,0.591577624135764,8325,35003,435,1175,62,5931,46,1968,19,46
"940","2020-04-27",278,11,223,753,7955,0.591577624135764,8325,35003,435,1175,64,5995,56,2024,26,56
"941","2020-04-28",268,11,211,690,7955,0.591577624135764,8325,35003,435,1175,47,6042,55,2079,19,55
"942","2020-04-29",257,11,208,635,7955,0.591577624135764,8325,35003,435,1175,53,6095,32,2111,20,32
"943","2020-04-30",229,11,203,587,7955,0.591577624135764,8325,35003,435,1175,43,6138,35,2146,15,35
"944","2020-05-01",187,11,233,533,7955,0.591577624135764,8325,35003,435,1175,43,6181,25,2171,12,25
"945","2020-05-02",190,11,249,495,7955,0.591577624135764,8325,35003,435,1175,38,6219,18,2189,14,18
"946","2020-05-03",195,11,265,458,7955,0.591577624135764,8325,35003,435,1175,38,6257,22,2211,15,22
"947","2020-05-04",184,11,263,429,7955,0.591577624135764,8325,35003,435,1175,51,6308,49,2260,23,49
"948","2020-05-05",172,11,241,424,7955,0.591577624135764,8325,35003,435,1175,31,6339,38,2298,9,38
"949","2020-05-06",167,11,205,399,7955,0.591577624135764,8325,35003,435,1175,38,6377,33,2331,12,33
"950","2020-05-07",161,11,212,371,7955,0.591577624135764,8325,35003,435,1175,39,6416,33,2364,14,33
"951","2020-05-08",142,11,224,351,7955,0.591577624135764,8325,35003,435,1175,27,6443,37,2401,9,37
"952","2020-05-09",132,11,207,339,7955,0.591577624135764,8325,35003,435,1175,26,6469,23,2424,7,23
"953","2020-05-10",105,11,206,338,7955,0.591577624135764,8325,35003,435,1175,25,6494,27,2451,6,27
"954","2020-05-11",98,11,216,321,7955,0.591577624135764,8325,35003,435,1175,33,6527,31,2482,7,31
"955","2020-05-12",100,11,196,313,7955,0.591577624135764,8325,35003,435,1175,29,6556,30,2512,10,30
"956","2020-05-13",97,11,182,303,7955,0.591577624135764,8325,35003,435,1175,22,6578,35,2547,2,35
"957","2020-05-14",97,11,183,279,7955,0.591577624135764,8325,35003,435,1175,26,6604,27,2574,5,27
"958","2020-05-15",96,11,170,270,7955,0.591577624135764,8325,35003,435,1175,24,6628,29,2603,6,29
"959","2020-05-16",92,11,170,245,7955,0.591577624135764,8325,35003,435,1175,24,6652,30,2633,5,30
"960","2020-05-17",94,11,204,238,7955,0.591577624135764,8325,35003,435,1175,22,6674,34,2667,8,34
"961","2020-05-18",90,11,245,228,7955,0.591577624135764,8325,35003,435,1175,19,6693,39,2706,2,39
"962","2020-05-19",81,11,229,213,7955,0.591577624135764,8325,35003,435,1175,15,6708,35,2741,4,35
"963","2020-05-20",70,11,213,202,7955,0.591577624135764,8325,35003,435,1175,15,6723,41,2782,6,41
"964","2020-05-21",62,11,216,181,7955,0.591577624135764,8325,35003,435,1175,19,6742,33,2815,7,33
"965","2020-05-22",71,11,201,177,7955,0.591577624135764,8325,35003,435,1175,18,6760,52,2867,5,52
"966","2020-05-23",75,11,176,169,7955,0.591577624135764,8325,35003,435,1175,13,6773,55,2922,5,55
"967","2020-05-24",62,11,165,152,7955,0.591577624135764,8325,35003,435,1175,21,6794,45,2967,2,45
"968","2020-05-25",50,11,186,152,7955,0.591577624135764,8325,35003,435,1175,16,6810,58,3025,1,58
"969","2020-05-26",48,11,200,153,7955,0.591577624135764,8325,35003,435,1175,11,6821,40,3065,2,40
"970","2020-05-27",51,11,238,145,7955,0.591577624135764,8325,35003,435,1175,14,6835,30,3095,4,30
"971","2020-05-28",58,11,243,140,7955,0.591577624135764,8325,35003,435,1175,17,6852,37,3132,3,37
"972","2020-05-29",56,11,223,145,7955,0.591577624135764,8325,35003,435,1175,7,6859,35,3167,3,35
"973","2020-05-30",49,11,200,141,7955,0.591577624135764,8325,35003,435,1175,12,6871,40,3207,5,40
"974","2020-05-31",47,11,200,132,7955,0.591577624135764,8325,35003,435,1175,9,6880,38,3245,2,38
"975","2020-06-01",49,11,231,127,7955,0.591577624135764,8325,35003,435,1175,14,6894,42,3287,4,42
"976","2020-06-02",48,11,240,121,7955,0.591577624135764,8325,35003,435,1175,14,6908,42,3329,2,42
"977","2020-06-03",43,11,218,122,7955,0.591577624135764,8325,35003,435,1175,13,6921,37,3366,4,37
"978","2020-06-04",40,11,222,122,7955,0.591577624135764,8325,35003,435,1175,7,6928,35,3401,NA,35
"979","2020-06-05",33,11,239,109,7955,0.591577624135764,8325,35003,435,1175,13,6941,45,3446,2,45
"980","2020-06-06",35,11,233,106,7955,0.591577624135764,8325,35003,435,1175,6,6947,34,3480,2,34
"981","2020-06-07",36,11,235,99,7955,0.591577624135764,8325,35003,435,1175,9,6956,52,3532,3,52
"982","2020-03-08",1,12,0,0,7627,0.373148026747083,8205,37773,461,1169,NA,NA,NA,NA,NA,NA
"983","2020-03-09",1,12,0,0,7627,0.373148026747083,8205,37773,461,1169,NA,NA,NA,NA,NA,NA
"984","2020-03-10",0,12,0,0,7627,0.373148026747083,8205,37773,461,1169,NA,NA,4,4,NA,4
"985","2020-03-11",0,12,0,0,7627,0.373148026747083,8205,37773,461,1169,43,43,17,21,3,17
"986","2020-03-12",0,12,0,0,7627,0.373148026747083,8205,37773,461,1169,41,84,24,45,9,24
"987","2020-03-13",7,12,90,213,7627,0.373148026747083,8205,37773,461,1169,46,130,14,59,9,14
"988","2020-03-14",25,12,99,301,7627,0.373148026747083,8205,37773,461,1169,66,196,11,70,27,11
"989","2020-03-15",37,12,107,392,7627,0.373148026747083,8205,37773,461,1169,66,262,42,112,25,42
"990","2020-03-16",53,12,111,502,7627,0.373148026747083,8205,37773,461,1169,64,326,31,143,29,31
"991","2020-03-17",60,12,126,594,7627,0.373148026747083,8205,37773,461,1169,56,382,53,196,28,53
"992","2020-03-18",90,12,147,681,7627,0.373148026747083,8205,37773,461,1169,101,483,70,266,67,70
"993","2020-03-19",117,12,160,777,7627,0.373148026747083,8205,37773,461,1169,84,567,26,292,54,26
"994","2020-03-20",186,12,194,866,7627,0.373148026747083,8205,37773,461,1169,102,669,15,307,76,15
"995","2020-03-21",241,12,230,948,7627,0.373148026747083,8205,37773,461,1169,110,779,47,354,71,47
"996","2020-03-22",289,12,276,1043,7627,0.373148026747083,8205,37773,461,1169,110,889,32,386,74,32
"997","2020-03-23",289,12,248,1132,7627,0.373148026747083,8205,37773,461,1169,109,998,18,404,78,18
"998","2020-03-24",321,12,240,1210,7627,0.373148026747083,8205,37773,461,1169,160,1158,14,418,120,14
"999","2020-03-25",327,12,209,1275,7627,0.373148026747083,8205,37773,461,1169,120,1278,30,448,81,30
"1000","2020-03-26",343,12,209,1344,7627,0.373148026747083,8205,37773,461,1169,150,1428,39,487,115,39
"1001","2020-03-27",412,12,244,1384,7627,0.373148026747083,8205,37773,461,1169,125,1553,54,541,94,54
"1002","2020-03-28",424,12,255,1421,7627,0.373148026747083,8205,37773,461,1169,138,1691,59,600,112,59
"1003","2020-03-29",460,12,251,1443,7627,0.373148026747083,8205,37773,461,1169,113,1804,29,629,85,29
"1004","2020-03-30",480,12,250,1477,7627,0.373148026747083,8205,37773,461,1169,144,1948,21,650,110,21
"1005","2020-03-31",451,12,255,1497,7627,0.373148026747083,8205,37773,461,1169,153,2101,18,668,114,18
"1006","2020-04-01",472,12,215,1504,7627,0.373148026747083,8205,37773,461,1169,149,2250,17,685,113,17
"1007","2020-04-02",481,12,186,1518,7627,0.373148026747083,8205,37773,461,1169,143,2393,15,700,106,15
"1008","2020-04-03",574,12,176,1515,7627,0.373148026747083,8205,37773,461,1169,166,2559,14,714,135,14
"1009","2020-04-04",582,12,186,1529,7627,0.373148026747083,8205,37773,461,1169,145,2704,25,739,102,25
"1010","2020-04-05",497,12,214,1572,7627,0.373148026747083,8205,37773,461,1169,138,2842,84,823,98,84
"1011","2020-04-06",487,12,228,1595,7627,0.373148026747083,8205,37773,461,1169,145,2987,53,876,127,53
"1012","2020-04-07",490,12,219,1588,7627,0.373148026747083,8205,37773,461,1169,130,3117,29,905,94,29
"1013","2020-04-08",484,12,247,1592,7627,0.373148026747083,8205,37773,461,1169,136,3253,26,931,113,26
"1014","2020-04-09",483,12,231,1596,7627,0.373148026747083,8205,37773,461,1169,111,3364,19,950,78,19
"1015","2020-04-10",524,12,240,1588,7627,0.373148026747083,8205,37773,461,1169,152,3516,23,973,116,23
"1016","2020-04-11",562,12,274,1568,7627,0.373148026747083,8205,37773,461,1169,109,3625,66,1039,80,66
"1017","2020-04-12",527,12,255,1547,7627,0.373148026747083,8205,37773,461,1169,121,3746,21,1060,89,21
"1018","2020-04-13",514,12,241,1530,7627,0.373148026747083,8205,37773,461,1169,106,3852,20,1080,74,20
"1019","2020-04-14",505,12,227,1503,7627,0.373148026747083,8205,37773,461,1169,90,3942,15,1095,66,15
"1020","2020-04-15",508,12,232,1452,7627,0.373148026747083,8205,37773,461,1169,121,4063,17,1112,96,17
"1021","2020-04-16",512,12,266,1418,7627,0.373148026747083,8205,37773,461,1169,94,4157,33,1145,67,33
"1022","2020-04-17",504,12,282,1382,7627,0.373148026747083,8205,37773,461,1169,89,4246,42,1187,64,42
"1023","2020-04-18",461,12,270,1338,7627,0.373148026747083,8205,37773,461,1169,75,4321,29,1216,49,29
"1024","2020-04-19",439,12,269,1268,7627,0.373148026747083,8205,37773,461,1169,71,4392,11,1227,49,11
"1025","2020-04-20",437,12,266,1224,7627,0.373148026747083,8205,37773,461,1169,66,4458,14,1241,53,14
"1026","2020-04-21",441,12,246,1201,7627,0.373148026747083,8205,37773,461,1169,58,4516,16,1257,45,16
"1027","2020-04-22",434,12,259,1163,7627,0.373148026747083,8205,37773,461,1169,67,4583,74,1331,37,74
"1028","2020-04-23",422,12,231,1120,7627,0.373148026747083,8205,37773,461,1169,63,4646,67,1398,40,67
"1029","2020-04-24",401,12,236,1103,7627,0.373148026747083,8205,37773,461,1169,53,4699,17,1415,32,17
"1030","2020-04-25",388,12,225,1076,7627,0.373148026747083,8205,37773,461,1169,57,4756,32,1447,37,32
"1031","2020-04-26",378,12,220,1056,7627,0.373148026747083,8205,37773,461,1169,62,4818,14,1461,41,14
"1032","2020-04-27",358,12,220,1010,7627,0.373148026747083,8205,37773,461,1169,54,4872,9,1470,41,9
"1033","2020-04-28",345,12,258,966,7627,0.373148026747083,8205,37773,461,1169,52,4924,22,1492,29,22
"1034","2020-04-29",340,12,284,912,7627,0.373148026747083,8205,37773,461,1169,47,4971,22,1514,25,22
"1035","2020-04-30",334,12,259,895,7627,0.373148026747083,8205,37773,461,1169,53,5024,21,1535,27,21
"1036","2020-05-01",348,12,257,866,7627,0.373148026747083,8205,37773,461,1169,52,5076,25,1560,26,25
"1037","2020-05-02",334,12,263,824,7627,0.373148026747083,8205,37773,461,1169,45,5121,53,1613,28,53
"1038","2020-05-03",291,12,256,790,7627,0.373148026747083,8205,37773,461,1169,43,5164,32,1645,22,32
"1039","2020-05-04",285,12,244,764,7627,0.373148026747083,8205,37773,461,1169,39,5203,32,1677,23,32
"1040","2020-05-05",268,12,261,730,7627,0.373148026747083,8205,37773,461,1169,45,5248,26,1703,24,26
"1041","2020-05-06",249,12,268,697,7627,0.373148026747083,8205,37773,461,1169,35,5283,52,1755,21,52
"1042","2020-05-07",231,12,282,665,7627,0.373148026747083,8205,37773,461,1169,49,5332,53,1808,27,53
"1043","2020-05-08",206,12,330,626,7627,0.373148026747083,8205,37773,461,1169,36,5368,29,1837,21,29
"1044","2020-05-09",223,12,328,623,7627,0.373148026747083,8205,37773,461,1169,40,5408,14,1851,25,14
"1045","2020-05-10",203,12,315,589,7627,0.373148026747083,8205,37773,461,1169,36,5444,20,1871,19,20
"1046","2020-05-11",199,12,300,581,7627,0.373148026747083,8205,37773,461,1169,33,5477,24,1895,17,24
"1047","2020-05-12",188,12,289,558,7627,0.373148026747083,8205,37773,461,1169,33,5510,22,1917,15,22
"1048","2020-05-13",184,12,262,549,7627,0.373148026747083,8205,37773,461,1169,39,5549,46,1963,19,46
"1049","2020-05-14",187,12,286,534,7627,0.373148026747083,8205,37773,461,1169,25,5574,69,2032,12,69
"1050","2020-05-15",172,12,281,517,7627,0.373148026747083,8205,37773,461,1169,31,5605,55,2087,15,55
"1051","2020-05-16",161,12,261,487,7627,0.373148026747083,8205,37773,461,1169,28,5633,35,2122,12,35
"1052","2020-05-17",168,12,250,462,7627,0.373148026747083,8205,37773,461,1169,23,5656,24,2146,12,24
"1053","2020-05-18",152,12,229,442,7627,0.373148026747083,8205,37773,461,1169,20,5676,42,2188,13,42
"1054","2020-05-19",139,12,239,428,7627,0.373148026747083,8205,37773,461,1169,26,5702,49,2237,17,49
"1055","2020-05-20",136,12,249,397,7627,0.373148026747083,8205,37773,461,1169,24,5726,45,2282,13,45
"1056","2020-05-21",124,12,262,379,7627,0.373148026747083,8205,37773,461,1169,22,5748,34,2316,11,34
"1057","2020-05-22",122,12,272,353,7627,0.373148026747083,8205,37773,461,1169,25,5773,50,2366,10,50
"1058","2020-05-23",127,12,269,339,7627,0.373148026747083,8205,37773,461,1169,17,5790,25,2391,7,25
"1059","2020-05-24",101,12,272,322,7627,0.373148026747083,8205,37773,461,1169,25,5815,8,2399,11,8
"1060","2020-05-25",101,12,264,304,7627,0.373148026747083,8205,37773,461,1169,16,5831,13,2412,7,13
"1061","2020-05-26",96,12,249,283,7627,0.373148026747083,8205,37773,461,1169,24,5855,60,2472,13,60
"1062","2020-05-27",91,12,234,268,7627,0.373148026747083,8205,37773,461,1169,29,5884,47,2519,17,47
"1063","2020-05-28",90,12,247,251,7627,0.373148026747083,8205,37773,461,1169,21,5905,30,2549,15,30
"1064","2020-05-29",92,12,238,249,7627,0.373148026747083,8205,37773,461,1169,12,5917,21,2570,4,21
"1065","2020-05-30",77,12,232,233,7627,0.373148026747083,8205,37773,461,1169,14,5931,62,2632,6,62
"1066","2020-05-31",75,12,226,226,7627,0.373148026747083,8205,37773,461,1169,17,5948,63,2695,11,63
"1067","2020-06-01",68,12,223,209,7627,0.373148026747083,8205,37773,461,1169,14,5962,38,2733,7,38
"1068","2020-06-02",61,12,208,203,7627,0.373148026747083,8205,37773,461,1169,14,5976,26,2759,11,26
"1069","2020-06-03",61,12,215,197,7627,0.373148026747083,8205,37773,461,1169,11,5987,14,2773,5,14
"1070","2020-06-04",62,12,201,192,7627,0.373148026747083,8205,37773,461,1169,19,6006,10,2783,10,10
"1071","2020-06-05",55,12,230,183,7627,0.373148026747083,8205,37773,461,1169,13,6019,3,2786,7,3
"1072","2020-06-06",59,12,251,182,7627,0.373148026747083,8205,37773,461,1169,8,6027,9,2795,5,9
"1073","2020-06-07",61,12,255,180,7627,0.373148026747083,8205,37773,461,1169,2,6029,60,2855,2,60
"1074","2020-03-13",2,13,94,74,6658,0.774406728747372,8325,32383,392,1165,66,171,5,23,16,5
"1075","2020-03-14",11,13,112,104,6658,0.774406728747372,8325,32383,392,1165,66,237,4,27,18,4
"1076","2020-03-15",15,13,115,143,6658,0.774406728747372,8325,32383,392,1165,67,304,25,52,24,25
"1077","2020-03-16",12,13,141,189,6658,0.774406728747372,8325,32383,392,1165,78,382,15,67,34,15
"1078","2020-03-17",16,13,168,239,6658,0.774406728747372,8325,32383,392,1165,67,449,12,79,32,12
"1079","2020-03-18",21,13,205,308,6658,0.774406728747372,8325,32383,392,1165,86,535,14,93,47,14
"1080","2020-03-19",37,13,217,360,6658,0.774406728747372,8325,32383,392,1165,117,652,26,119,67,26
"1081","2020-03-20",55,13,271,433,6658,0.774406728747372,8325,32383,392,1165,106,758,45,164,57,45
"1082","2020-03-21",115,13,276,513,6658,0.774406728747372,8325,32383,392,1165,110,868,34,198,75,34
"1083","2020-03-22",126,13,247,630,6658,0.774406728747372,8325,32383,392,1165,116,984,43,241,78,43
"1084","2020-03-23",123,13,246,722,6658,0.774406728747372,8325,32383,392,1165,104,1088,37,278,61,37
"1085","2020-03-24",139,13,242,828,6658,0.774406728747372,8325,32383,392,1165,127,1215,45,323,75,45
"1086","2020-03-25",169,13,252,924,6658,0.774406728747372,8325,32383,392,1165,136,1351,36,359,86,36
"1087","2020-03-26",182,13,268,1029,6658,0.774406728747372,8325,32383,392,1165,143,1494,25,384,101,25
"1088","2020-03-27",274,13,250,1142,6658,0.774406728747372,8325,32383,392,1165,146,1640,20,404,98,20
"1089","2020-03-28",291,13,239,1233,6658,0.774406728747372,8325,32383,392,1165,135,1775,43,447,82,43
"1090","2020-03-29",353,13,219,1318,6658,0.774406728747372,8325,32383,392,1165,155,1930,31,478,113,31
"1091","2020-03-30",382,13,200,1462,6658,0.774406728747372,8325,32383,392,1165,119,2049,45,523,79,45
"1092","2020-03-31",401,13,213,1568,6658,0.774406728747372,8325,32383,392,1165,149,2198,34,557,100,34
"1093","2020-04-01",431,13,193,1651,6658,0.774406728747372,8325,32383,392,1165,190,2388,49,606,130,49
"1094","2020-04-02",458,13,183,1704,6658,0.774406728747372,8325,32383,392,1165,156,2544,34,640,113,34
"1095","2020-04-03",612,13,185,1825,6658,0.774406728747372,8325,32383,392,1165,167,2711,23,663,122,23
"1096","2020-04-04",622,13,182,1923,6658,0.774406728747372,8325,32383,392,1165,134,2845,17,680,101,17
"1097","2020-04-05",573,13,160,1971,6658,0.774406728747372,8325,32383,392,1165,146,2991,19,699,101,19
"1098","2020-04-06",599,13,169,2047,6658,0.774406728747372,8325,32383,392,1165,147,3138,13,712,96,13
"1099","2020-04-07",603,13,172,2059,6658,0.774406728747372,8325,32383,392,1165,167,3305,41,753,121,41
"1100","2020-04-08",619,13,171,2059,6658,0.774406728747372,8325,32383,392,1165,113,3418,24,777,81,24
"1101","2020-04-09",645,13,169,2112,6658,0.774406728747372,8325,32383,392,1165,138,3556,45,822,87,45
"1102","2020-04-10",746,13,158,2139,6658,0.774406728747372,8325,32383,392,1165,145,3701,24,846,92,24
"1103","2020-04-11",752,13,172,2115,6658,0.774406728747372,8325,32383,392,1165,102,3803,23,869,63,23
"1104","2020-04-12",705,13,173,2079,6658,0.774406728747372,8325,32383,392,1165,121,3924,20,889,79,20
"1105","2020-04-13",681,13,166,2015,6658,0.774406728747372,8325,32383,392,1165,101,4025,13,902,69,13
"1106","2020-04-14",670,13,172,1971,6658,0.774406728747372,8325,32383,392,1165,124,4149,17,919,75,17
"1107","2020-04-15",663,13,186,1886,6658,0.774406728747372,8325,32383,392,1165,111,4260,16,935,71,16
"1108","2020-04-16",644,13,196,1792,6658,0.774406728747372,8325,32383,392,1165,101,4361,49,984,67,49
"1109","2020-04-17",617,13,189,1714,6658,0.774406728747372,8325,32383,392,1165,123,4484,38,1022,86,38
"1110","2020-04-18",608,13,188,1571,6658,0.774406728747372,8325,32383,392,1165,95,4579,32,1054,54,32
"1111","2020-04-19",559,13,168,1491,6658,0.774406728747372,8325,32383,392,1165,99,4678,28,1082,59,28
"1112","2020-04-20",559,13,176,1406,6658,0.774406728747372,8325,32383,392,1165,65,4743,18,1100,41,18
"1113","2020-04-21",536,13,194,1308,6658,0.774406728747372,8325,32383,392,1165,90,4833,45,1145,55,45
"1114","2020-04-22",525,13,216,1277,6658,0.774406728747372,8325,32383,392,1165,82,4915,56,1201,47,56
"1115","2020-04-23",499,13,230,1164,6658,0.774406728747372,8325,32383,392,1165,84,4999,29,1230,58,29
"1116","2020-04-24",468,13,226,1091,6658,0.774406728747372,8325,32383,392,1165,63,5062,15,1245,38,15
"1117","2020-04-25",435,13,218,1010,6658,0.774406728747372,8325,32383,392,1165,71,5133,7,1252,42,7
"1118","2020-04-26",398,13,233,909,6658,0.774406728747372,8325,32383,392,1165,48,5181,37,1289,22,37
"1119","2020-04-27",380,13,241,849,6658,0.774406728747372,8325,32383,392,1165,44,5225,28,1317,20,28
"1120","2020-04-28",353,13,238,772,6658,0.774406728747372,8325,32383,392,1165,47,5272,14,1331,34,14
"1121","2020-04-29",313,13,242,705,6658,0.774406728747372,8325,32383,392,1165,54,5326,20,1351,24,20
"1122","2020-04-30",304,13,222,660,6658,0.774406728747372,8325,32383,392,1165,62,5388,15,1366,27,15
"1123","2020-05-01",243,13,209,610,6658,0.774406728747372,8325,32383,392,1165,44,5432,35,1401,14,35
"1124","2020-05-02",244,13,206,558,6658,0.774406728747372,8325,32383,392,1165,44,5476,69,1470,19,69
"1125","2020-05-03",209,13,202,510,6658,0.774406728747372,8325,32383,392,1165,48,5524,25,1495,14,25
"1126","2020-05-04",183,13,199,465,6658,0.774406728747372,8325,32383,392,1165,42,5566,13,1508,15,13
"1127","2020-05-05",180,13,190,425,6658,0.774406728747372,8325,32383,392,1165,44,5610,23,1531,18,23
"1128","2020-05-06",173,13,186,389,6658,0.774406728747372,8325,32383,392,1165,44,5654,14,1545,21,14
"1129","2020-05-07",161,13,189,370,6658,0.774406728747372,8325,32383,392,1165,39,5693,10,1555,15,10
"1130","2020-05-08",141,13,194,337,6658,0.774406728747372,8325,32383,392,1165,42,5735,50,1605,17,50
"1131","2020-05-09",133,13,188,309,6658,0.774406728747372,8325,32383,392,1165,44,5779,49,1654,18,49
"1132","2020-05-10",124,13,194,282,6658,0.774406728747372,8325,32383,392,1165,32,5811,30,1684,15,30
"1133","2020-05-11",120,13,249,268,6658,0.774406728747372,8325,32383,392,1165,25,5836,18,1702,9,18
"1134","2020-05-12",104,13,268,256,6658,0.774406728747372,8325,32383,392,1165,37,5873,17,1719,18,17
"1135","2020-05-13",97,13,297,239,6658,0.774406728747372,8325,32383,392,1165,31,5904,12,1731,18,12
"1136","2020-05-14",97,13,313,231,6658,0.774406728747372,8325,32383,392,1165,22,5926,9,1740,9,9
"1137","2020-05-15",91,13,283,220,6658,0.774406728747372,8325,32383,392,1165,30,5956,4,1744,13,4
"1138","2020-05-16",81,13,269,207,6658,0.774406728747372,8325,32383,392,1165,28,5984,1,1745,14,1
"1139","2020-05-17",75,13,263,194,6658,0.774406728747372,8325,32383,392,1165,31,6015,7,1752,17,7
"1140","2020-05-18",70,13,267,184,6658,0.774406728747372,8325,32383,392,1165,28,6043,7,1759,12,7
"1141","2020-05-19",69,13,287,169,6658,0.774406728747372,8325,32383,392,1165,18,6061,38,1797,4,38
"1142","2020-05-20",65,13,280,171,6658,0.774406728747372,8325,32383,392,1165,25,6086,24,1821,9,24
"1143","2020-05-21",60,13,261,166,6658,0.774406728747372,8325,32383,392,1165,29,6115,19,1840,6,19
"1144","2020-05-22",54,13,253,152,6658,0.774406728747372,8325,32383,392,1165,14,6129,20,1860,8,20
"1145","2020-05-23",52,13,285,148,6658,0.774406728747372,8325,32383,392,1165,12,6141,27,1887,4,27
"1146","2020-05-24",45,13,295,131,6658,0.774406728747372,8325,32383,392,1165,13,6154,35,1922,6,35
"1147","2020-05-25",45,13,299,128,6658,0.774406728747372,8325,32383,392,1165,14,6168,38,1960,5,38
"1148","2020-05-26",46,13,311,128,6658,0.774406728747372,8325,32383,392,1165,16,6184,30,1990,7,30
"1149","2020-05-27",47,13,322,122,6658,0.774406728747372,8325,32383,392,1165,15,6199,11,2001,6,11
"1150","2020-05-28",44,13,288,119,6658,0.774406728747372,8325,32383,392,1165,13,6212,13,2014,6,13
"1151","2020-05-29",49,13,271,109,6658,0.774406728747372,8325,32383,392,1165,20,6232,36,2050,3,36
"1152","2020-05-30",49,13,262,109,6658,0.774406728747372,8325,32383,392,1165,16,6248,50,2100,5,50
"1153","2020-05-31",47,13,247,107,6658,0.774406728747372,8325,32383,392,1165,14,6262,23,2123,6,23
"1154","2020-06-01",44,13,236,105,6658,0.774406728747372,8325,32383,392,1165,7,6269,20,2143,2,20
"1155","2020-06-02",38,13,212,94,6658,0.774406728747372,8325,32383,392,1165,14,6283,13,2156,4,13
"1156","2020-06-03",33,13,206,91,6658,0.774406728747372,8325,32383,392,1165,11,6294,14,2170,NA,14
"1157","2020-06-04",30,13,207,84,6658,0.774406728747372,8325,32383,392,1165,8,6302,18,2188,3,18
"1158","2020-06-05",32,13,193,83,6658,0.774406728747372,8325,32383,392,1165,8,6310,15,2203,3,15
"1159","2020-06-06",35,13,190,78,6658,0.774406728747372,8325,32383,392,1165,15,6325,7,2210,5,7
"1160","2020-06-07",29,13,190,77,6658,0.774406728747372,8325,32383,392,1165,19,6344,5,2215,7,5
"1161","2020-03-07",1,14,0,0,6910,0.786975397973951,8265,34295,328,1697,NA,NA,NA,NA,NA,NA
"1162","2020-03-08",2,14,0,0,6910,0.786975397973951,8265,34295,328,1697,NA,NA,NA,NA,NA,NA
"1163","2020-03-09",1,14,0,0,6910,0.786975397973951,8265,34295,328,1697,NA,NA,NA,NA,NA,NA
"1164","2020-03-10",0,14,0,0,6910,0.786975397973951,8265,34295,328,1697,NA,NA,1,1,NA,1
"1165","2020-03-11",0,14,0,0,6910,0.786975397973951,8265,34295,328,1697,43,43,29,30,4,29
"1166","2020-03-12",0,14,0,0,6910,0.786975397973951,8265,34295,328,1697,44,87,18,48,18,18
"1167","2020-03-13",2,14,132,125,6910,0.786975397973951,8265,34295,328,1697,43,130,6,54,14,6
"1168","2020-03-14",8,14,166,181,6910,0.786975397973951,8265,34295,328,1697,54,184,8,62,25,8
"1169","2020-03-15",23,14,202,229,6910,0.786975397973951,8265,34295,328,1697,81,265,4,66,49,4
"1170","2020-03-16",30,14,200,308,6910,0.786975397973951,8265,34295,328,1697,81,346,16,82,44,16
"1171","2020-03-17",36,14,206,388,6910,0.786975397973951,8265,34295,328,1697,87,433,41,123,42,41
"1172","2020-03-18",51,14,204,459,6910,0.786975397973951,8265,34295,328,1697,90,523,23,146,60,23
"1173","2020-03-19",64,14,197,559,6910,0.786975397973951,8265,34295,328,1697,107,630,19,165,70,19
"1174","2020-03-20",98,14,186,643,6910,0.786975397973951,8265,34295,328,1697,103,733,19,184,62,19
"1175","2020-03-21",134,14,203,746,6910,0.786975397973951,8265,34295,328,1697,117,850,64,248,77,64
"1176","2020-03-22",184,14,185,868,6910,0.786975397973951,8265,34295,328,1697,138,988,40,288,99,40
"1177","2020-03-23",212,14,218,985,6910,0.786975397973951,8265,34295,328,1697,127,1115,18,306,95,18
"1178","2020-03-24",222,14,221,1091,6910,0.786975397973951,8265,34295,328,1697,146,1261,27,333,111,27
"1179","2020-03-25",242,14,217,1169,6910,0.786975397973951,8265,34295,328,1697,164,1425,53,386,129,53
"1180","2020-03-26",285,14,210,1255,6910,0.786975397973951,8265,34295,328,1697,134,1559,70,456,107,70
"1181","2020-03-27",395,14,203,1362,6910,0.786975397973951,8265,34295,328,1697,132,1691,33,489,102,33
"1182","2020-03-28",444,14,186,1455,6910,0.786975397973951,8265,34295,328,1697,139,1830,21,510,108,21
"1183","2020-03-29",396,14,210,1549,6910,0.786975397973951,8265,34295,328,1697,145,1975,12,522,114,12
"1184","2020-03-30",408,14,204,1624,6910,0.786975397973951,8265,34295,328,1697,153,2128,29,551,112,29
"1185","2020-03-31",425,14,195,1713,6910,0.786975397973951,8265,34295,328,1697,154,2282,33,584,114,33
"1186","2020-04-01",456,14,210,1755,6910,0.786975397973951,8265,34295,328,1697,121,2403,17,601,89,17
"1187","2020-04-02",474,14,185,1819,6910,0.786975397973951,8265,34295,328,1697,159,2562,9,610,129,9
"1188","2020-04-03",567,14,176,1884,6910,0.786975397973951,8265,34295,328,1697,121,2683,20,630,98,20
"1189","2020-04-04",647,14,195,1917,6910,0.786975397973951,8265,34295,328,1697,127,2810,21,651,97,21
"1190","2020-04-05",651,14,188,1941,6910,0.786975397973951,8265,34295,328,1697,125,2935,10,661,89,10
"1191","2020-04-06",630,14,224,1949,6910,0.786975397973951,8265,34295,328,1697,129,3064,8,669,96,8
"1192","2020-04-07",632,14,220,1945,6910,0.786975397973951,8265,34295,328,1697,130,3194,24,693,102,24
"1193","2020-04-08",650,14,234,1955,6910,0.786975397973951,8265,34295,328,1697,126,3320,19,712,89,19
"1194","2020-04-09",657,14,267,1946,6910,0.786975397973951,8265,34295,328,1697,119,3439,14,726,82,14
"1195","2020-04-10",756,14,251,1912,6910,0.786975397973951,8265,34295,328,1697,118,3557,16,742,89,16
"1196","2020-04-11",692,14,265,1879,6910,0.786975397973951,8265,34295,328,1697,123,3680,26,768,80,26
"1197","2020-04-12",653,14,261,1827,6910,0.786975397973951,8265,34295,328,1697,116,3796,50,818,79,50
"1198","2020-04-13",652,14,254,1754,6910,0.786975397973951,8265,34295,328,1697,110,3906,34,852,68,34
"1199","2020-04-14",657,14,245,1697,6910,0.786975397973951,8265,34295,328,1697,109,4015,23,875,74,23
"1200","2020-04-15",632,14,256,1629,6910,0.786975397973951,8265,34295,328,1697,120,4135,10,885,80,10
"1201","2020-04-16",611,14,250,1581,6910,0.786975397973951,8265,34295,328,1697,101,4236,26,911,71,26
"1202","2020-04-17",558,14,260,1512,6910,0.786975397973951,8265,34295,328,1697,107,4343,12,923,66,12
"1203","2020-04-18",548,14,262,1440,6910,0.786975397973951,8265,34295,328,1697,82,4425,25,948,52,25
"1204","2020-04-19",499,14,285,1366,6910,0.786975397973951,8265,34295,328,1697,81,4506,14,962,56,14
"1205","2020-04-20",489,14,269,1270,6910,0.786975397973951,8265,34295,328,1697,95,4601,12,974,60,12
"1206","2020-04-21",470,14,274,1189,6910,0.786975397973951,8265,34295,328,1697,83,4684,4,978,59,4
"1207","2020-04-22",460,14,269,1113,6910,0.786975397973951,8265,34295,328,1697,79,4763,6,984,44,6
"1208","2020-04-23",430,14,260,1041,6910,0.786975397973951,8265,34295,328,1697,80,4843,6,990,46,6
"1209","2020-04-24",382,14,266,974,6910,0.786975397973951,8265,34295,328,1697,57,4900,10,1000,37,10
"1210","2020-04-25",383,14,251,924,6910,0.786975397973951,8265,34295,328,1697,66,4966,10,1010,35,10
"1211","2020-04-26",355,14,232,862,6910,0.786975397973951,8265,34295,328,1697,49,5015,10,1020,25,10
"1212","2020-04-27",333,14,233,831,6910,0.786975397973951,8265,34295,328,1697,54,5069,22,1042,31,22
"1213","2020-04-28",303,14,231,777,6910,0.786975397973951,8265,34295,328,1697,51,5120,67,1109,32,67
"1214","2020-04-29",277,14,227,716,6910,0.786975397973951,8265,34295,328,1697,63,5183,23,1132,34,23
"1215","2020-04-30",277,14,228,672,6910,0.786975397973951,8265,34295,328,1697,55,5238,21,1153,33,21
"1216","2020-05-01",259,14,213,625,6910,0.786975397973951,8265,34295,328,1697,56,5294,34,1187,34,34
"1217","2020-05-02",238,14,205,595,6910,0.786975397973951,8265,34295,328,1697,54,5348,23,1210,30,23
"1218","2020-05-03",224,14,217,558,6910,0.786975397973951,8265,34295,328,1697,38,5386,46,1256,24,46
"1219","2020-05-04",210,14,228,514,6910,0.786975397973951,8265,34295,328,1697,50,5436,17,1273,31,17
"1220","2020-05-05",210,14,271,471,6910,0.786975397973951,8265,34295,328,1697,46,5482,14,1287,27,14
"1221","2020-05-06",202,14,259,455,6910,0.786975397973951,8265,34295,328,1697,54,5536,12,1299,33,12
"1222","2020-05-07",185,14,245,432,6910,0.786975397973951,8265,34295,328,1697,41,5577,8,1307,20,8
"1223","2020-05-08",164,14,282,398,6910,0.786975397973951,8265,34295,328,1697,40,5617,11,1318,23,11
"1224","2020-05-09",158,14,284,378,6910,0.786975397973951,8265,34295,328,1697,42,5659,6,1324,28,6
"1225","2020-05-10",142,14,267,358,6910,0.786975397973951,8265,34295,328,1697,32,5691,10,1334,11,10
"1226","2020-05-11",129,14,247,350,6910,0.786975397973951,8265,34295,328,1697,28,5719,18,1352,13,18
"1227","2020-05-12",116,14,248,335,6910,0.786975397973951,8265,34295,328,1697,49,5768,15,1367,26,15
"1228","2020-05-13",114,14,233,329,6910,0.786975397973951,8265,34295,328,1697,32,5800,13,1380,20,13
"1229","2020-05-14",108,14,220,313,6910,0.786975397973951,8265,34295,328,1697,30,5830,45,1425,15,45
"1230","2020-05-15",122,14,220,293,6910,0.786975397973951,8265,34295,328,1697,35,5865,51,1476,16,51
"1231","2020-05-16",120,14,237,276,6910,0.786975397973951,8265,34295,328,1697,36,5901,22,1498,18,22
"1232","2020-05-17",108,14,232,263,6910,0.786975397973951,8265,34295,328,1697,31,5932,30,1528,15,30
"1233","2020-05-18",101,14,229,260,6910,0.786975397973951,8265,34295,328,1697,25,5957,12,1540,15,12
"1234","2020-05-19",96,14,258,246,6910,0.786975397973951,8265,34295,328,1697,19,5976,10,1550,10,10
"1235","2020-05-20",89,14,281,229,6910,0.786975397973951,8265,34295,328,1697,26,6002,9,1559,15,9
"1236","2020-05-21",92,14,299,212,6910,0.786975397973951,8265,34295,328,1697,27,6029,5,1564,16,5
"1237","2020-05-22",76,14,312,205,6910,0.786975397973951,8265,34295,328,1697,18,6047,5,1569,10,5
"1238","2020-05-23",78,14,290,194,6910,0.786975397973951,8265,34295,328,1697,11,6058,4,1573,7,4
"1239","2020-05-24",67,14,271,182,6910,0.786975397973951,8265,34295,328,1697,17,6075,8,1581,7,8
"1240","2020-05-25",61,14,250,173,6910,0.786975397973951,8265,34295,328,1697,16,6091,12,1593,9,12
"1241","2020-05-26",56,14,246,160,6910,0.786975397973951,8265,34295,328,1697,19,6110,28,1621,8,28
"1242","2020-05-27",56,14,270,154,6910,0.786975397973951,8265,34295,328,1697,16,6126,16,1637,10,16
"1243","2020-05-28",48,14,288,149,6910,0.786975397973951,8265,34295,328,1697,11,6137,17,1654,7,17
"1244","2020-05-29",49,14,271,145,6910,0.786975397973951,8265,34295,328,1697,20,6157,14,1668,12,14
"1245","2020-05-30",37,14,279,138,6910,0.786975397973951,8265,34295,328,1697,21,6178,21,1689,9,21
"1246","2020-05-31",38,14,261,139,6910,0.786975397973951,8265,34295,328,1697,18,6196,45,1734,9,45
"1247","2020-06-01",39,14,230,137,6910,0.786975397973951,8265,34295,328,1697,13,6209,62,1796,7,62
"1248","2020-06-02",41,14,220,141,6910,0.786975397973951,8265,34295,328,1697,6,6215,55,1851,4,55
"1249","2020-06-03",39,14,228,139,6910,0.786975397973951,8265,34295,328,1697,15,6230,62,1913,9,62
"1250","2020-06-04",39,14,251,135,6910,0.786975397973951,8265,34295,328,1697,12,6242,83,1996,6,83
"1251","2020-06-05",40,14,272,133,6910,0.786975397973951,8265,34295,328,1697,12,6254,46,2042,8,46
"1252","2020-06-06",45,14,253,132,6910,0.786975397973951,8265,34295,328,1697,16,6270,54,2096,10,54
"1253","2020-06-07",44,14,238,131,6910,0.786975397973951,8265,34295,328,1697,15,6285,52,2148,8,52
"1254","2020-03-07",1,15,0,0,8680,0.399654377880184,8385,40774,465,2159,NA,NA,NA,NA,NA,NA
"1255","2020-03-08",1,15,0,0,8680,0.399654377880184,8385,40774,465,2159,NA,NA,NA,NA,NA,NA
"1256","2020-03-09",0,15,0,0,8680,0.399654377880184,8385,40774,465,2159,NA,NA,NA,NA,NA,NA
"1257","2020-03-10",0,15,0,0,8680,0.399654377880184,8385,40774,465,2159,NA,NA,3,3,NA,3
"1258","2020-03-11",0,15,0,0,8680,0.399654377880184,8385,40774,465,2159,92,92,18,21,NA,18
"1259","2020-03-12",2,15,237,189,8680,0.399654377880184,8385,40774,465,2159,95,187,9,30,2,9
"1260","2020-03-13",10,15,252,315,8680,0.399654377880184,8385,40774,465,2159,83,270,9,39,3,9
"1261","2020-03-14",36,15,244,415,8680,0.399654377880184,8385,40774,465,2159,102,372,26,65,16,26
"1262","2020-03-15",60,15,250,565,8680,0.399654377880184,8385,40774,465,2159,101,473,23,88,24,23
"1263","2020-03-16",72,15,306,698,8680,0.399654377880184,8385,40774,465,2159,118,591,17,105,29,17
"1264","2020-03-17",94,15,318,873,8680,0.399654377880184,8385,40774,465,2159,136,727,6,111,48,6
"1265","2020-03-18",122,15,275,1003,8680,0.399654377880184,8385,40774,465,2159,120,847,8,119,48,8
"1266","2020-03-19",151,15,248,1142,8680,0.399654377880184,8385,40774,465,2159,122,969,5,124,50,5
"1267","2020-03-20",245,15,302,1272,8680,0.399654377880184,8385,40774,465,2159,156,1125,7,131,61,7
"1268","2020-03-21",364,15,337,1389,8680,0.399654377880184,8385,40774,465,2159,135,1260,4,135,67,4
"1269","2020-03-22",365,15,302,1518,8680,0.399654377880184,8385,40774,465,2159,115,1375,29,164,51,29
"1270","2020-03-23",386,15,271,1613,8680,0.399654377880184,8385,40774,465,2159,137,1512,39,203,49,39
"1271","2020-03-24",416,15,249,1697,8680,0.399654377880184,8385,40774,465,2159,152,1664,30,233,71,30
"1272","2020-03-25",457,15,227,1739,8680,0.399654377880184,8385,40774,465,2159,151,1815,9,242,77,9
"1273","2020-03-26",491,15,211,1779,8680,0.399654377880184,8385,40774,465,2159,144,1959,17,259,59,17
"1274","2020-03-27",651,15,204,1794,8680,0.399654377880184,8385,40774,465,2159,135,2094,12,271,57,12
"1275","2020-03-28",624,15,222,1761,8680,0.399654377880184,8385,40774,465,2159,138,2232,12,283,53,12
"1276","2020-03-29",608,15,215,1758,8680,0.399654377880184,8385,40774,465,2159,128,2360,15,298,65,15
"1277","2020-03-30",607,15,214,1762,8680,0.399654377880184,8385,40774,465,2159,128,2488,23,321,56,23
"1278","2020-03-31",620,15,215,1768,8680,0.399654377880184,8385,40774,465,2159,145,2633,40,361,62,40
"1279","2020-04-01",605,15,198,1756,8680,0.399654377880184,8385,40774,465,2159,142,2775,42,403,65,42
"1280","2020-04-02",586,15,188,1742,8680,0.399654377880184,8385,40774,465,2159,141,2916,22,425,59,22
"1281","2020-04-03",634,15,201,1703,8680,0.399654377880184,8385,40774,465,2159,149,3065,20,445,49,20
"1282","2020-04-04",585,15,242,1682,8680,0.399654377880184,8385,40774,465,2159,117,3182,38,483,52,38
"1283","2020-04-05",525,15,295,1654,8680,0.399654377880184,8385,40774,465,2159,135,3317,31,514,60,31
"1284","2020-04-06",526,15,288,1618,8680,0.399654377880184,8385,40774,465,2159,148,3465,54,568,58,54
"1285","2020-04-07",513,15,274,1599,8680,0.399654377880184,8385,40774,465,2159,114,3579,54,622,53,54
"1286","2020-04-08",519,15,277,1547,8680,0.399654377880184,8385,40774,465,2159,97,3676,44,666,36,44
"1287","2020-04-09",528,15,262,1548,8680,0.399654377880184,8385,40774,465,2159,103,3779,34,700,42,34
"1288","2020-04-10",507,15,253,1548,8680,0.399654377880184,8385,40774,465,2159,109,3888,25,725,42,25
"1289","2020-04-11",545,15,229,1507,8680,0.399654377880184,8385,40774,465,2159,113,4001,22,747,48,22
"1290","2020-04-12",515,15,210,1502,8680,0.399654377880184,8385,40774,465,2159,129,4130,32,779,50,32
"1291","2020-04-13",486,15,228,1446,8680,0.399654377880184,8385,40774,465,2159,117,4247,27,806,31,27
"1292","2020-04-14",475,15,273,1405,8680,0.399654377880184,8385,40774,465,2159,106,4353,29,835,39,29
"1293","2020-04-15",459,15,296,1379,8680,0.399654377880184,8385,40774,465,2159,112,4465,59,894,40,59
"1294","2020-04-16",449,15,258,1353,8680,0.399654377880184,8385,40774,465,2159,92,4557,27,921,33,27
"1295","2020-04-17",468,15,243,1297,8680,0.399654377880184,8385,40774,465,2159,96,4653,26,947,35,26
"1296","2020-04-18",441,15,229,1281,8680,0.399654377880184,8385,40774,465,2159,80,4733,36,983,34,36
"1297","2020-04-19",414,15,230,1244,8680,0.399654377880184,8385,40774,465,2159,97,4830,16,999,28,16
"1298","2020-04-20",411,15,258,1215,8680,0.399654377880184,8385,40774,465,2159,102,4932,14,1013,33,14
"1299","2020-04-21",399,15,308,1177,8680,0.399654377880184,8385,40774,465,2159,86,5018,48,1061,33,48
"1300","2020-04-22",386,15,298,1146,8680,0.399654377880184,8385,40774,465,2159,92,5110,53,1114,36,53
"1301","2020-04-23",358,15,277,1119,8680,0.399654377880184,8385,40774,465,2159,83,5193,34,1148,24,34
"1302","2020-04-24",366,15,274,1117,8680,0.399654377880184,8385,40774,465,2159,72,5265,30,1178,27,30
"1303","2020-04-25",364,15,248,1079,8680,0.399654377880184,8385,40774,465,2159,72,5337,44,1222,20,44
"1304","2020-04-26",321,15,240,1046,8680,0.399654377880184,8385,40774,465,2159,63,5400,32,1254,18,32
"1305","2020-04-27",316,15,242,1020,8680,0.399654377880184,8385,40774,465,2159,73,5473,60,1314,22,60
"1306","2020-04-28",306,15,228,993,8680,0.399654377880184,8385,40774,465,2159,49,5522,42,1356,14,42
"1307","2020-04-29",306,15,243,954,8680,0.399654377880184,8385,40774,465,2159,67,5589,55,1411,14,55
"1308","2020-04-30",333,15,237,917,8680,0.399654377880184,8385,40774,465,2159,71,5660,44,1455,16,44
"1309","2020-05-01",318,15,234,875,8680,0.399654377880184,8385,40774,465,2159,64,5724,29,1484,24,29
"1310","2020-05-02",312,15,227,845,8680,0.399654377880184,8385,40774,465,2159,48,5772,50,1534,13,50
"1311","2020-05-03",276,15,242,816,8680,0.399654377880184,8385,40774,465,2159,44,5816,63,1597,14,63
"1312","2020-05-04",268,15,269,791,8680,0.399654377880184,8385,40774,465,2159,62,5878,65,1662,19,65
"1313","2020-05-05",259,15,284,763,8680,0.399654377880184,8385,40774,465,2159,56,5934,74,1736,13,74
"1314","2020-05-06",254,15,271,720,8680,0.399654377880184,8385,40774,465,2159,53,5987,24,1760,13,24
"1315","2020-05-07",233,15,252,706,8680,0.399654377880184,8385,40774,465,2159,47,6034,24,1784,11,24
"1316","2020-05-08",226,15,251,689,8680,0.399654377880184,8385,40774,465,2159,41,6075,47,1831,11,47
"1317","2020-05-09",222,15,283,657,8680,0.399654377880184,8385,40774,465,2159,47,6122,32,1863,15,32
"1318","2020-05-10",203,15,285,643,8680,0.399654377880184,8385,40774,465,2159,35,6157,37,1900,11,37
"1319","2020-05-11",192,15,257,627,8680,0.399654377880184,8385,40774,465,2159,35,6192,57,1957,6,57
"1320","2020-05-12",183,15,222,626,8680,0.399654377880184,8385,40774,465,2159,30,6222,33,1990,6,33
"1321","2020-05-13",178,15,211,601,8680,0.399654377880184,8385,40774,465,2159,47,6269,58,2048,8,58
"1322","2020-05-14",177,15,210,582,8680,0.399654377880184,8385,40774,465,2159,33,6302,66,2114,6,66
"1323","2020-05-15",167,15,202,561,8680,0.399654377880184,8385,40774,465,2159,32,6334,46,2160,4,46
"1324","2020-05-16",181,15,211,524,8680,0.399654377880184,8385,40774,465,2159,27,6361,62,2222,10,62
"1325","2020-05-17",177,15,192,502,8680,0.399654377880184,8385,40774,465,2159,28,6389,57,2279,7,57
"1326","2020-05-18",169,15,173,470,8680,0.399654377880184,8385,40774,465,2159,37,6426,56,2335,3,56
"1327","2020-05-19",163,15,169,439,8680,0.399654377880184,8385,40774,465,2159,18,6444,44,2379,7,44
"1328","2020-05-20",159,15,158,429,8680,0.399654377880184,8385,40774,465,2159,17,6461,33,2412,3,33
"1329","2020-05-21",147,15,150,406,8680,0.399654377880184,8385,40774,465,2159,25,6486,23,2435,6,23
"1330","2020-05-22",160,15,179,377,8680,0.399654377880184,8385,40774,465,2159,10,6496,20,2455,5,20
"1331","2020-05-23",138,15,229,368,8680,0.399654377880184,8385,40774,465,2159,20,6516,17,2472,5,17
"1332","2020-05-24",132,15,245,346,8680,0.399654377880184,8385,40774,465,2159,15,6531,16,2488,4,16
"1333","2020-05-25",130,15,235,336,8680,0.399654377880184,8385,40774,465,2159,22,6553,48,2536,2,48
"1334","2020-05-26",118,15,229,314,8680,0.399654377880184,8385,40774,465,2159,22,6575,39,2575,8,39
"1335","2020-05-27",119,15,233,297,8680,0.399654377880184,8385,40774,465,2159,28,6603,24,2599,8,24
"1336","2020-05-28",124,15,242,273,8680,0.399654377880184,8385,40774,465,2159,17,6620,19,2618,6,19
"1337","2020-05-29",106,15,221,265,8680,0.399654377880184,8385,40774,465,2159,18,6638,14,2632,8,14
"1338","2020-05-30",102,15,271,252,8680,0.399654377880184,8385,40774,465,2159,21,6659,27,2659,2,27
"1339","2020-05-31",105,15,265,233,8680,0.399654377880184,8385,40774,465,2159,20,6679,21,2680,3,21
"1340","2020-06-01",100,15,258,222,8680,0.399654377880184,8385,40774,465,2159,14,6693,9,2689,3,9
"1341","2020-06-02",96,15,276,214,8680,0.399654377880184,8385,40774,465,2159,14,6707,13,2702,3,13
"1342","2020-06-03",90,15,265,208,8680,0.399654377880184,8385,40774,465,2159,12,6719,25,2727,2,25
"1343","2020-06-04",82,15,241,207,8680,0.399654377880184,8385,40774,465,2159,17,6736,19,2746,2,19
"1344","2020-06-05",75,15,217,201,8680,0.399654377880184,8385,40774,465,2159,17,6753,9,2755,4,9
"1345","2020-06-06",76,15,242,185,8680,0.399654377880184,8385,40774,465,2159,14,6767,15,2770,4,15
"1346","2020-06-07",65,15,237,176,8680,0.399654377880184,8385,40774,465,2159,14,6781,21,2791,2,21
"1347","2020-03-08",1,16,0,0,6729,0.741566354584634,8415,34127,371,1796,NA,NA,NA,NA,NA,NA
"1348","2020-03-09",1,16,0,0,6729,0.741566354584634,8415,34127,371,1796,NA,NA,NA,NA,NA,NA
"1349","2020-03-10",0,16,0,0,6729,0.741566354584634,8415,34127,371,1796,1,1,5,5,1,5
"1350","2020-03-11",0,16,0,0,6729,0.741566354584634,8415,34127,371,1796,63,64,29,34,1,29
"1351","2020-03-12",0,16,0,0,6729,0.741566354584634,8415,34127,371,1796,70,134,56,90,5,56
"1352","2020-03-13",1,16,142,72,6729,0.741566354584634,8415,34127,371,1796,64,198,79,169,18,79
"1353","2020-03-14",5,16,154,109,6729,0.741566354584634,8415,34127,371,1796,87,285,42,211,22,42
"1354","2020-03-15",10,16,184,169,6729,0.741566354584634,8415,34127,371,1796,102,387,49,260,47,49
"1355","2020-03-16",11,16,192,209,6729,0.741566354584634,8415,34127,371,1796,90,477,60,320,37,60
"1356","2020-03-17",24,16,193,273,6729,0.741566354584634,8415,34127,371,1796,92,569,44,364,49,44
"1357","2020-03-18",35,16,188,353,6729,0.741566354584634,8415,34127,371,1796,121,690,42,406,60,42
"1358","2020-03-19",50,16,199,438,6729,0.741566354584634,8415,34127,371,1796,115,805,56,462,69,56
"1359","2020-03-20",74,16,197,514,6729,0.741566354584634,8415,34127,371,1796,172,977,44,506,111,44
"1360","2020-03-21",136,16,189,611,6729,0.741566354584634,8415,34127,371,1796,161,1138,42,548,97,42
"1361","2020-03-22",159,16,217,716,6729,0.741566354584634,8415,34127,371,1796,152,1290,42,590,97,42
"1362","2020-03-23",164,16,222,831,6729,0.741566354584634,8415,34127,371,1796,170,1460,49,639,103,49
"1363","2020-03-24",168,16,203,953,6729,0.741566354584634,8415,34127,371,1796,168,1628,41,680,117,41
"1364","2020-03-25",194,16,197,1095,6729,0.741566354584634,8415,34127,371,1796,133,1761,57,737,77,57
"1365","2020-03-26",212,16,197,1159,6729,0.741566354584634,8415,34127,371,1796,167,1928,49,786,109,49
"1366","2020-03-27",326,16,203,1260,6729,0.741566354584634,8415,34127,371,1796,126,2054,45,831,85,45
"1367","2020-03-28",388,16,190,1364,6729,0.741566354584634,8415,34127,371,1796,167,2221,32,863,114,32
"1368","2020-03-29",380,16,195,1454,6729,0.741566354584634,8415,34127,371,1796,154,2375,25,888,98,25
"1369","2020-03-30",382,16,211,1578,6729,0.741566354584634,8415,34127,371,1796,163,2538,27,915,110,27
"1370","2020-03-31",414,16,243,1681,6729,0.741566354584634,8415,34127,371,1796,158,2696,50,965,100,50
"1371","2020-04-01",436,16,236,1767,6729,0.741566354584634,8415,34127,371,1796,153,2849,35,1000,102,35
"1372","2020-04-02",476,16,221,1828,6729,0.741566354584634,8415,34127,371,1796,132,2981,32,1032,83,32
"1373","2020-04-03",628,16,217,1935,6729,0.741566354584634,8415,34127,371,1796,167,3148,32,1064,97,32
"1374","2020-04-04",626,16,205,1949,6729,0.741566354584634,8415,34127,371,1796,141,3289,18,1082,92,18
"1375","2020-04-05",618,16,208,1994,6729,0.741566354584634,8415,34127,371,1796,157,3446,21,1103,96,21
"1376","2020-04-06",625,16,208,1985,6729,0.741566354584634,8415,34127,371,1796,141,3587,34,1137,88,34
"1377","2020-04-07",636,16,204,2013,6729,0.741566354584634,8415,34127,371,1796,111,3698,30,1167,83,30
"1378","2020-04-08",665,16,197,1986,6729,0.741566354584634,8415,34127,371,1796,125,3823,27,1194,78,27
"1379","2020-04-09",665,16,227,2006,6729,0.741566354584634,8415,34127,371,1796,104,3927,37,1231,70,37
"1380","2020-04-10",688,16,241,1943,6729,0.741566354584634,8415,34127,371,1796,122,4049,40,1271,76,40
"1381","2020-04-11",700,16,235,1933,6729,0.741566354584634,8415,34127,371,1796,126,4175,72,1343,83,72
"1382","2020-04-12",664,16,228,1905,6729,0.741566354584634,8415,34127,371,1796,97,4272,50,1393,55,50
"1383","2020-04-13",658,16,222,1834,6729,0.741566354584634,8415,34127,371,1796,106,4378,43,1436,62,43
"1384","2020-04-14",651,16,220,1795,6729,0.741566354584634,8415,34127,371,1796,83,4461,42,1478,46,42
"1385","2020-04-15",624,16,219,1718,6729,0.741566354584634,8415,34127,371,1796,105,4566,38,1516,57,38
"1386","2020-04-16",611,16,275,1621,6729,0.741566354584634,8415,34127,371,1796,111,4677,22,1538,72,22
"1387","2020-04-17",638,16,288,1564,6729,0.741566354584634,8415,34127,371,1796,77,4754,40,1578,46,40
"1388","2020-04-18",618,16,290,1476,6729,0.741566354584634,8415,34127,371,1796,91,4845,55,1633,50,55
"1389","2020-04-19",545,16,279,1401,6729,0.741566354584634,8415,34127,371,1796,90,4935,38,1671,47,38
"1390","2020-04-20",520,16,259,1327,6729,0.741566354584634,8415,34127,371,1796,108,5043,19,1690,58,19
"1391","2020-04-21",487,16,272,1245,6729,0.741566354584634,8415,34127,371,1796,81,5124,18,1708,46,18
"1392","2020-04-22",475,16,288,1166,6729,0.741566354584634,8415,34127,371,1796,68,5192,42,1750,27,42
"1393","2020-04-23",452,16,275,1109,6729,0.741566354584634,8415,34127,371,1796,73,5265,54,1804,41,54
"1394","2020-04-24",393,16,260,1011,6729,0.741566354584634,8415,34127,371,1796,63,5328,31,1835,36,31
"1395","2020-04-25",393,16,255,958,6729,0.741566354584634,8415,34127,371,1796,58,5386,38,1873,18,38
"1396","2020-04-26",363,16,245,880,6729,0.741566354584634,8415,34127,371,1796,62,5448,41,1914,20,41
"1397","2020-04-27",348,16,235,820,6729,0.741566354584634,8415,34127,371,1796,74,5522,24,1938,31,24
"1398","2020-04-28",335,16,247,763,6729,0.741566354584634,8415,34127,371,1796,66,5588,41,1979,34,41
"1399","2020-04-29",318,16,257,705,6729,0.741566354584634,8415,34127,371,1796,60,5648,29,2008,26,29
"1400","2020-04-30",298,16,256,640,6729,0.741566354584634,8415,34127,371,1796,51,5699,44,2052,20,44
"1401","2020-05-01",263,16,253,585,6729,0.741566354584634,8415,34127,371,1796,50,5749,33,2085,18,33
"1402","2020-05-02",245,16,232,511,6729,0.741566354584634,8415,34127,371,1796,63,5812,41,2126,34,41
"1403","2020-05-03",223,16,215,478,6729,0.741566354584634,8415,34127,371,1796,52,5864,32,2158,19,32
"1404","2020-05-04",197,16,212,455,6729,0.741566354584634,8415,34127,371,1796,51,5915,29,2187,28,29
"1405","2020-05-05",178,16,222,425,6729,0.741566354584634,8415,34127,371,1796,48,5963,28,2215,18,28
"1406","2020-05-06",164,16,255,397,6729,0.741566354584634,8415,34127,371,1796,38,6001,34,2249,15,34
"1407","2020-05-07",162,16,309,377,6729,0.741566354584634,8415,34127,371,1796,44,6045,35,2284,19,35
"1408","2020-05-08",134,16,339,354,6729,0.741566354584634,8415,34127,371,1796,32,6077,40,2324,13,40
"1409","2020-05-09",125,16,339,314,6729,0.741566354584634,8415,34127,371,1796,35,6112,39,2363,13,39
"1410","2020-05-10",110,16,323,304,6729,0.741566354584634,8415,34127,371,1796,40,6152,51,2414,14,51
"1411","2020-05-11",112,16,303,278,6729,0.741566354584634,8415,34127,371,1796,38,6190,36,2450,14,36
"1412","2020-05-12",106,16,292,262,6729,0.741566354584634,8415,34127,371,1796,38,6228,44,2494,17,44
"1413","2020-05-13",95,16,280,253,6729,0.741566354584634,8415,34127,371,1796,23,6251,47,2541,10,47
"1414","2020-05-14",88,16,268,244,6729,0.741566354584634,8415,34127,371,1796,28,6279,39,2580,9,39
"1415","2020-05-15",90,16,279,247,6729,0.741566354584634,8415,34127,371,1796,31,6310,44,2624,9,44
"1416","2020-05-16",87,16,284,234,6729,0.741566354584634,8415,34127,371,1796,33,6343,40,2664,15,40
"1417","2020-05-17",86,16,256,223,6729,0.741566354584634,8415,34127,371,1796,28,6371,48,2712,6,48
"1418","2020-05-18",74,16,268,219,6729,0.741566354584634,8415,34127,371,1796,25,6396,27,2739,5,27
"1419","2020-05-19",75,16,249,217,6729,0.741566354584634,8415,34127,371,1796,29,6425,33,2772,9,33
"1420","2020-05-20",82,16,247,210,6729,0.741566354584634,8415,34127,371,1796,18,6443,35,2807,5,35
"1421","2020-05-21",83,16,222,209,6729,0.741566354584634,8415,34127,371,1796,12,6455,25,2832,2,25
"1422","2020-05-22",73,16,221,205,6729,0.741566354584634,8415,34127,371,1796,29,6484,20,2852,12,20
"1423","2020-05-23",63,16,224,201,6729,0.741566354584634,8415,34127,371,1796,25,6509,33,2885,7,33
"1424","2020-05-24",64,16,217,197,6729,0.741566354584634,8415,34127,371,1796,23,6532,39,2924,9,39
"1425","2020-05-25",65,16,206,202,6729,0.741566354584634,8415,34127,371,1796,20,6552,33,2957,6,33
"1426","2020-05-26",62,16,243,209,6729,0.741566354584634,8415,34127,371,1796,17,6569,30,2987,2,30
"1427","2020-05-27",58,16,259,195,6729,0.741566354584634,8415,34127,371,1796,18,6587,34,3021,8,34
"1428","2020-05-28",55,16,262,190,6729,0.741566354584634,8415,34127,371,1796,24,6611,30,3051,11,30
"1429","2020-05-29",59,16,271,177,6729,0.741566354584634,8415,34127,371,1796,10,6621,34,3085,NA,34
"1430","2020-05-30",60,16,291,174,6729,0.741566354584634,8415,34127,371,1796,12,6633,33,3118,4,33
"1431","2020-05-31",58,16,304,168,6729,0.741566354584634,8415,34127,371,1796,11,6644,52,3170,3,52
"1432","2020-06-01",52,16,296,164,6729,0.741566354584634,8415,34127,371,1796,14,6658,73,3243,6,73
"1433","2020-06-02",53,16,287,153,6729,0.741566354584634,8415,34127,371,1796,13,6671,52,3295,3,52
"1434","2020-06-03",48,16,268,148,6729,0.741566354584634,8415,34127,371,1796,11,6682,46,3341,3,46
"1435","2020-06-04",48,16,253,139,6729,0.741566354584634,8415,34127,371,1796,8,6690,31,3372,3,31
"1436","2020-06-05",44,16,244,129,6729,0.741566354584634,8415,34127,371,1796,3,6693,36,3408,NA,36
"1437","2020-06-06",45,16,246,117,6729,0.741566354584634,8415,34127,371,1796,6,6699,47,3455,1,47
"1438","2020-06-07",40,16,290,107,6729,0.741566354584634,8415,34127,371,1796,11,6710,47,3502,4,47
"1439","2020-03-08",2,17,0,0,7323,0.534753516318449,8250,36095,429,1689,NA,NA,NA,NA,NA,NA
"1440","2020-03-09",2,17,0,0,7323,0.534753516318449,8250,36095,429,1689,NA,NA,NA,NA,NA,NA
"1441","2020-03-10",0,17,0,0,7323,0.534753516318449,8250,36095,429,1689,NA,NA,1,1,NA,1
"1442","2020-03-11",0,17,0,0,7323,0.534753516318449,8250,36095,429,1689,16,16,13,14,4,13
"1443","2020-03-12",1,17,123,104,7323,0.534753516318449,8250,36095,429,1689,20,36,15,29,9,15
"1444","2020-03-13",4,17,135,162,7323,0.534753516318449,8250,36095,429,1689,34,70,45,74,20,45
"1445","2020-03-14",6,17,138,214,7323,0.534753516318449,8250,36095,429,1689,32,102,20,94,19,20
"1446","2020-03-15",36,17,129,288,7323,0.534753516318449,8250,36095,429,1689,42,144,50,144,28,50
"1447","2020-03-16",52,17,160,372,7323,0.534753516318449,8250,36095,429,1689,38,182,56,200,31,56
"1448","2020-03-17",53,17,217,463,7323,0.534753516318449,8250,36095,429,1689,59,241,29,229,47,29
"1449","2020-03-18",67,17,234,569,7323,0.534753516318449,8250,36095,429,1689,81,322,32,261,67,32
"1450","2020-03-19",83,17,227,665,7323,0.534753516318449,8250,36095,429,1689,83,405,50,311,72,50
"1451","2020-03-20",138,17,205,749,7323,0.534753516318449,8250,36095,429,1689,74,479,33,344,65,33
"1452","2020-03-21",190,17,233,831,7323,0.534753516318449,8250,36095,429,1689,124,603,51,395,107,51
"1453","2020-03-22",208,17,245,943,7323,0.534753516318449,8250,36095,429,1689,123,726,66,461,114,66
"1454","2020-03-23",219,17,266,1051,7323,0.534753516318449,8250,36095,429,1689,138,864,31,492,125,31
"1455","2020-03-24",234,17,285,1143,7323,0.534753516318449,8250,36095,429,1689,163,1027,20,512,157,20
"1456","2020-03-25",263,17,285,1255,7323,0.534753516318449,8250,36095,429,1689,132,1159,18,530,122,18
"1457","2020-03-26",292,17,245,1331,7323,0.534753516318449,8250,36095,429,1689,166,1325,14,544,154,14
"1458","2020-03-27",399,17,224,1399,7323,0.534753516318449,8250,36095,429,1689,153,1478,30,574,145,30
"1459","2020-03-28",439,17,194,1468,7323,0.534753516318449,8250,36095,429,1689,176,1654,53,627,167,53
"1460","2020-03-29",444,17,194,1528,7323,0.534753516318449,8250,36095,429,1689,205,1859,30,657,192,30
"1461","2020-03-30",452,17,218,1613,7323,0.534753516318449,8250,36095,429,1689,192,2051,21,678,187,21
"1462","2020-03-31",464,17,258,1679,7323,0.534753516318449,8250,36095,429,1689,200,2251,15,693,188,15
"1463","2020-04-01",473,17,246,1716,7323,0.534753516318449,8250,36095,429,1689,216,2467,32,725,206,32
"1464","2020-04-02",487,17,235,1729,7323,0.534753516318449,8250,36095,429,1689,233,2700,48,773,216,48
"1465","2020-04-03",555,17,223,1774,7323,0.534753516318449,8250,36095,429,1689,208,2908,44,817,201,44
"1466","2020-04-04",596,17,230,1775,7323,0.534753516318449,8250,36095,429,1689,165,3073,23,840,155,23
"1467","2020-04-05",570,17,225,1807,7323,0.534753516318449,8250,36095,429,1689,166,3239,27,867,158,27
"1468","2020-04-06",558,17,273,1800,7323,0.534753516318449,8250,36095,429,1689,196,3435,60,927,183,60
"1469","2020-04-07",572,17,293,1789,7323,0.534753516318449,8250,36095,429,1689,185,3620,32,959,177,32
"1470","2020-04-08",582,17,273,1799,7323,0.534753516318449,8250,36095,429,1689,160,3780,28,987,153,28
"1471","2020-04-09",599,17,265,1815,7323,0.534753516318449,8250,36095,429,1689,162,3942,11,998,152,11
"1472","2020-04-10",675,17,302,1762,7323,0.534753516318449,8250,36095,429,1689,145,4087,13,1011,136,13
"1473","2020-04-11",639,17,296,1722,7323,0.534753516318449,8250,36095,429,1689,173,4260,15,1026,168,15
"1474","2020-04-12",594,17,289,1663,7323,0.534753516318449,8250,36095,429,1689,143,4403,13,1039,137,13
"1475","2020-04-13",587,17,286,1619,7323,0.534753516318449,8250,36095,429,1689,152,4555,35,1074,146,35
"1476","2020-04-14",578,17,273,1573,7323,0.534753516318449,8250,36095,429,1689,142,4697,27,1101,131,27
"1477","2020-04-15",576,17,290,1551,7323,0.534753516318449,8250,36095,429,1689,120,4817,24,1125,110,24
"1478","2020-04-16",549,17,294,1498,7323,0.534753516318449,8250,36095,429,1689,123,4940,9,1134,119,9
"1479","2020-04-17",534,17,287,1455,7323,0.534753516318449,8250,36095,429,1689,80,5020,10,1144,74,10
"1480","2020-04-18",527,17,245,1405,7323,0.534753516318449,8250,36095,429,1689,103,5123,6,1150,97,6
"1481","2020-04-19",476,17,229,1353,7323,0.534753516318449,8250,36095,429,1689,86,5209,7,1157,78,7
"1482","2020-04-20",466,17,287,1302,7323,0.534753516318449,8250,36095,429,1689,61,5270,29,1186,58,29
"1483","2020-04-21",447,17,262,1229,7323,0.534753516318449,8250,36095,429,1689,75,5345,59,1245,70,59
"1484","2020-04-22",428,17,283,1186,7323,0.534753516318449,8250,36095,429,1689,82,5427,29,1274,71,29
"1485","2020-04-23",426,17,278,1137,7323,0.534753516318449,8250,36095,429,1689,62,5489,26,1300,56,26
"1486","2020-04-24",398,17,267,1076,7323,0.534753516318449,8250,36095,429,1689,60,5549,60,1360,57,60
"1487","2020-04-25",397,17,251,1028,7323,0.534753516318449,8250,36095,429,1689,66,5615,33,1393,59,33
"1488","2020-04-26",360,17,241,980,7323,0.534753516318449,8250,36095,429,1689,53,5668,27,1420,48,27
"1489","2020-04-27",353,17,292,942,7323,0.534753516318449,8250,36095,429,1689,40,5708,59,1479,37,59
"1490","2020-04-28",332,17,283,891,7323,0.534753516318449,8250,36095,429,1689,46,5754,33,1512,44,33
"1491","2020-04-29",317,17,251,862,7323,0.534753516318449,8250,36095,429,1689,32,5786,38,1550,26,38
"1492","2020-04-30",289,17,247,774,7323,0.534753516318449,8250,36095,429,1689,43,5829,20,1570,36,20
"1493","2020-05-01",278,17,227,715,7323,0.534753516318449,8250,36095,429,1689,33,5862,19,1589,32,19
"1494","2020-05-02",262,17,250,664,7323,0.534753516318449,8250,36095,429,1689,32,5894,13,1602,26,13
"1495","2020-05-03",253,17,304,630,7323,0.534753516318449,8250,36095,429,1689,41,5935,37,1639,38,37
"1496","2020-05-04",237,17,305,593,7323,0.534753516318449,8250,36095,429,1689,38,5973,26,1665,32,26
"1497","2020-05-05",233,17,287,560,7323,0.534753516318449,8250,36095,429,1689,19,5992,26,1691,16,26
"1498","2020-05-06",219,17,252,535,7323,0.534753516318449,8250,36095,429,1689,29,6021,27,1718,25,27
"1499","2020-05-07",228,17,283,508,7323,0.534753516318449,8250,36095,429,1689,25,6046,12,1730,17,12
"1500","2020-05-08",214,17,265,489,7323,0.534753516318449,8250,36095,429,1689,25,6071,14,1744,19,14
"1501","2020-05-09",208,17,254,485,7323,0.534753516318449,8250,36095,429,1689,25,6096,47,1791,20,47
"1502","2020-05-10",192,17,214,455,7323,0.534753516318449,8250,36095,429,1689,10,6106,52,1843,9,52
"1503","2020-05-11",179,17,191,439,7323,0.534753516318449,8250,36095,429,1689,21,6127,25,1868,17,25
"1504","2020-05-12",162,17,239,440,7323,0.534753516318449,8250,36095,429,1689,25,6152,21,1889,20,21
"1505","2020-05-13",164,17,257,423,7323,0.534753516318449,8250,36095,429,1689,14,6166,17,1906,11,17
"1506","2020-05-14",151,17,272,421,7323,0.534753516318449,8250,36095,429,1689,15,6181,13,1919,8,13
"1507","2020-05-15",129,17,236,406,7323,0.534753516318449,8250,36095,429,1689,18,6199,11,1930,15,11
"1508","2020-05-16",120,17,221,381,7323,0.534753516318449,8250,36095,429,1689,10,6209,20,1950,8,20
"1509","2020-05-17",120,17,204,365,7323,0.534753516318449,8250,36095,429,1689,9,6218,23,1973,7,23
"1510","2020-05-18",116,17,191,350,7323,0.534753516318449,8250,36095,429,1689,12,6230,36,2009,12,36
"1511","2020-05-19",112,17,186,329,7323,0.534753516318449,8250,36095,429,1689,10,6240,24,2033,9,24
"1512","2020-05-20",112,17,165,309,7323,0.534753516318449,8250,36095,429,1689,11,6251,18,2051,7,18
"1513","2020-05-21",115,17,152,286,7323,0.534753516318449,8250,36095,429,1689,8,6259,14,2065,7,14
"1514","2020-05-22",117,17,160,266,7323,0.534753516318449,8250,36095,429,1689,11,6270,64,2129,7,64
"1515","2020-05-23",117,17,156,262,7323,0.534753516318449,8250,36095,429,1689,12,6282,67,2196,9,67
"1516","2020-05-24",108,17,147,240,7323,0.534753516318449,8250,36095,429,1689,11,6293,38,2234,10,38
"1517","2020-05-25",101,17,146,231,7323,0.534753516318449,8250,36095,429,1689,6,6299,40,2274,4,40
"1518","2020-05-26",97,17,189,231,7323,0.534753516318449,8250,36095,429,1689,14,6313,37,2311,12,37
"1519","2020-05-27",91,17,250,209,7323,0.534753516318449,8250,36095,429,1689,6,6319,32,2343,6,32
"1520","2020-05-28",81,17,257,198,7323,0.534753516318449,8250,36095,429,1689,13,6332,56,2399,9,56
"1521","2020-05-29",73,17,232,185,7323,0.534753516318449,8250,36095,429,1689,7,6339,38,2437,6,38
"1522","2020-05-30",76,17,225,188,7323,0.534753516318449,8250,36095,429,1689,10,6349,26,2463,5,26
"1523","2020-05-31",63,17,235,184,7323,0.534753516318449,8250,36095,429,1689,8,6357,29,2492,7,29
"1524","2020-06-01",60,17,232,177,7323,0.534753516318449,8250,36095,429,1689,4,6361,22,2514,4,22
"1525","2020-06-02",57,17,208,162,7323,0.534753516318449,8250,36095,429,1689,9,6370,27,2541,9,27
"1526","2020-06-03",56,17,170,160,7323,0.534753516318449,8250,36095,429,1689,8,6378,24,2565,6,24
"1527","2020-06-04",55,17,194,144,7323,0.534753516318449,8250,36095,429,1689,15,6393,58,2623,11,58
"1528","2020-06-05",54,17,236,145,7323,0.534753516318449,8250,36095,429,1689,5,6398,42,2665,5,42
"1529","2020-06-06",48,17,269,137,7323,0.534753516318449,8250,36095,429,1689,2,6400,49,2714,2,49
"1530","2020-06-07",46,17,277,125,7323,0.534753516318449,8250,36095,429,1689,6,6406,31,2745,5,31
"1531","2020-03-13",1,18,243,106,6692,0.735803945008966,8325,34491,394,2960,17,35,14,86,3,14
"1532","2020-03-14",9,18,242,147,6692,0.735803945008966,8325,34491,394,2960,29,64,11,97,3,11
"1533","2020-03-15",19,18,231,201,6692,0.735803945008966,8325,34491,394,2960,26,90,8,105,13,8
"1534","2020-03-16",21,18,277,276,6692,0.735803945008966,8325,34491,394,2960,22,112,6,111,13,6
"1535","2020-03-17",30,18,254,348,6692,0.735803945008966,8325,34491,394,2960,38,150,9,120,20,9
"1536","2020-03-18",42,18,216,423,6692,0.735803945008966,8325,34491,394,2960,54,204,33,153,32,33
"1537","2020-03-19",52,18,228,499,6692,0.735803945008966,8325,34491,394,2960,43,247,23,176,26,23
"1538","2020-03-20",69,18,208,587,6692,0.735803945008966,8325,34491,394,2960,62,309,52,228,44,52
"1539","2020-03-21",107,18,200,656,6692,0.735803945008966,8325,34491,394,2960,65,374,33,261,50,33
"1540","2020-03-22",163,18,177,746,6692,0.735803945008966,8325,34491,394,2960,73,447,28,289,62,28
"1541","2020-03-23",191,18,164,817,6692,0.735803945008966,8325,34491,394,2960,99,546,13,302,83,13
"1542","2020-03-24",195,18,156,890,6692,0.735803945008966,8325,34491,394,2960,79,625,18,320,66,18
"1543","2020-03-25",214,18,141,984,6692,0.735803945008966,8325,34491,394,2960,101,726,45,365,84,45
"1544","2020-03-26",241,18,138,1080,6692,0.735803945008966,8325,34491,394,2960,132,858,57,422,122,57
"1545","2020-03-27",337,18,163,1187,6692,0.735803945008966,8325,34491,394,2960,122,980,58,480,110,58
"1546","2020-03-28",353,18,171,1250,6692,0.735803945008966,8325,34491,394,2960,120,1100,63,543,110,63
"1547","2020-03-29",356,18,156,1342,6692,0.735803945008966,8325,34491,394,2960,172,1272,45,588,158,45
"1548","2020-03-30",360,18,210,1425,6692,0.735803945008966,8325,34491,394,2960,151,1423,41,629,141,41
"1549","2020-03-31",364,18,248,1521,6692,0.735803945008966,8325,34491,394,2960,187,1610,30,659,174,30
"1550","2020-04-01",404,18,226,1600,6692,0.735803945008966,8325,34491,394,2960,177,1787,50,709,163,50
"1551","2020-04-02",420,18,226,1670,6692,0.735803945008966,8325,34491,394,2960,168,1955,37,746,150,37
"1552","2020-04-03",519,18,254,1723,6692,0.735803945008966,8325,34491,394,2960,226,2181,48,794,210,48
"1553","2020-04-04",574,18,275,1784,6692,0.735803945008966,8325,34491,394,2960,204,2385,31,825,191,31
"1554","2020-04-05",546,18,237,1806,6692,0.735803945008966,8325,34491,394,2960,191,2576,40,865,178,40
"1555","2020-04-06",554,18,212,1851,6692,0.735803945008966,8325,34491,394,2960,198,2774,17,882,180,17
"1556","2020-04-07",568,18,194,1898,6692,0.735803945008966,8325,34491,394,2960,233,3007,12,894,221,12
"1557","2020-04-08",558,18,179,1921,6692,0.735803945008966,8325,34491,394,2960,274,3281,11,905,251,11
"1558","2020-04-09",589,18,160,1930,6692,0.735803945008966,8325,34491,394,2960,191,3472,8,913,180,8
"1559","2020-04-10",669,18,171,1930,6692,0.735803945008966,8325,34491,394,2960,176,3648,6,919,161,6
"1560","2020-04-11",646,18,164,1912,6692,0.735803945008966,8325,34491,394,2960,190,3838,11,930,173,11
"1561","2020-04-12",637,18,162,1898,6692,0.735803945008966,8325,34491,394,2960,168,4006,32,962,156,32
"1562","2020-04-13",629,18,181,1832,6692,0.735803945008966,8325,34491,394,2960,184,4190,24,986,172,24
"1563","2020-04-14",623,18,171,1806,6692,0.735803945008966,8325,34491,394,2960,139,4329,47,1033,130,47
"1564","2020-04-15",621,18,179,1735,6692,0.735803945008966,8325,34491,394,2960,170,4499,46,1079,159,46
"1565","2020-04-16",605,18,165,1652,6692,0.735803945008966,8325,34491,394,2960,145,4644,28,1107,137,28
"1566","2020-04-17",617,18,161,1611,6692,0.735803945008966,8325,34491,394,2960,126,4770,53,1160,113,53
"1567","2020-04-18",618,18,155,1510,6692,0.735803945008966,8325,34491,394,2960,125,4895,62,1222,119,62
"1568","2020-04-19",557,18,166,1395,6692,0.735803945008966,8325,34491,394,2960,105,5000,43,1265,101,43
"1569","2020-04-20",549,18,180,1321,6692,0.735803945008966,8325,34491,394,2960,90,5090,18,1283,78,18
"1570","2020-04-21",514,18,255,1268,6692,0.735803945008966,8325,34491,394,2960,72,5162,19,1302,70,19
"1571","2020-04-22",493,18,309,1171,6692,0.735803945008966,8325,34491,394,2960,80,5242,9,1311,69,9
"1572","2020-04-23",470,18,301,1118,6692,0.735803945008966,8325,34491,394,2960,56,5298,34,1345,51,34
"1573","2020-04-24",416,18,291,1042,6692,0.735803945008966,8325,34491,394,2960,64,5362,26,1371,55,26
"1574","2020-04-25",398,18,240,963,6692,0.735803945008966,8325,34491,394,2960,65,5427,26,1397,58,26
"1575","2020-04-26",362,18,225,898,6692,0.735803945008966,8325,34491,394,2960,60,5487,67,1464,49,67
"1576","2020-04-27",332,18,206,839,6692,0.735803945008966,8325,34491,394,2960,45,5532,45,1509,42,45
"1577","2020-04-28",327,18,194,797,6692,0.735803945008966,8325,34491,394,2960,41,5573,15,1524,34,15
"1578","2020-04-29",319,18,181,725,6692,0.735803945008966,8325,34491,394,2960,33,5606,16,1540,25,16
"1579","2020-04-30",294,18,179,684,6692,0.735803945008966,8325,34491,394,2960,45,5651,18,1558,36,18
"1580","2020-05-01",255,18,232,643,6692,0.735803945008966,8325,34491,394,2960,41,5692,26,1584,37,26
"1581","2020-05-02",238,18,268,595,6692,0.735803945008966,8325,34491,394,2960,36,5728,25,1609,29,25
"1582","2020-05-03",233,18,277,554,6692,0.735803945008966,8325,34491,394,2960,25,5753,23,1632,19,23
"1583","2020-05-04",213,18,255,513,6692,0.735803945008966,8325,34491,394,2960,28,5781,47,1679,23,47
"1584","2020-05-05",199,18,233,488,6692,0.735803945008966,8325,34491,394,2960,32,5813,42,1721,24,42
"1585","2020-05-06",185,18,206,470,6692,0.735803945008966,8325,34491,394,2960,26,5839,25,1746,20,25
"1586","2020-05-07",186,18,185,439,6692,0.735803945008966,8325,34491,394,2960,18,5857,33,1779,13,33
"1587","2020-05-08",162,18,183,424,6692,0.735803945008966,8325,34491,394,2960,16,5873,45,1824,12,45
"1588","2020-05-09",161,18,158,411,6692,0.735803945008966,8325,34491,394,2960,23,5896,15,1839,17,15
"1589","2020-05-10",134,18,148,396,6692,0.735803945008966,8325,34491,394,2960,13,5909,20,1859,11,20
"1590","2020-05-11",135,18,170,384,6692,0.735803945008966,8325,34491,394,2960,13,5922,13,1872,9,13
"1591","2020-05-12",125,18,181,358,6692,0.735803945008966,8325,34491,394,2960,28,5950,16,1888,20,16
"1592","2020-05-13",121,18,185,339,6692,0.735803945008966,8325,34491,394,2960,16,5966,19,1907,11,19
"1593","2020-05-14",113,18,173,314,6692,0.735803945008966,8325,34491,394,2960,24,5990,32,1939,15,32
"1594","2020-05-15",102,18,173,297,6692,0.735803945008966,8325,34491,394,2960,14,6004,23,1962,12,23
"1595","2020-05-16",104,18,214,282,6692,0.735803945008966,8325,34491,394,2960,17,6021,20,1982,11,20
"1596","2020-05-17",91,18,223,257,6692,0.735803945008966,8325,34491,394,2960,17,6038,16,1998,10,16
"1597","2020-05-18",82,18,214,234,6692,0.735803945008966,8325,34491,394,2960,19,6057,32,2030,16,32
"1598","2020-05-19",81,18,207,213,6692,0.735803945008966,8325,34491,394,2960,14,6071,22,2052,10,22
"1599","2020-05-20",75,18,224,196,6692,0.735803945008966,8325,34491,394,2960,12,6083,13,2065,8,13
"1600","2020-05-21",68,18,215,190,6692,0.735803945008966,8325,34491,394,2960,8,6091,27,2092,6,27
"1601","2020-05-22",72,18,204,184,6692,0.735803945008966,8325,34491,394,2960,10,6101,25,2117,7,25
"1602","2020-05-23",61,18,194,168,6692,0.735803945008966,8325,34491,394,2960,9,6110,10,2127,4,10
"1603","2020-05-24",57,18,183,160,6692,0.735803945008966,8325,34491,394,2960,15,6125,5,2132,10,5
"1604","2020-05-25",56,18,179,154,6692,0.735803945008966,8325,34491,394,2960,9,6134,8,2140,6,8
"1605","2020-05-26",48,18,165,152,6692,0.735803945008966,8325,34491,394,2960,9,6143,21,2161,7,21
"1606","2020-05-27",45,18,160,148,6692,0.735803945008966,8325,34491,394,2960,10,6153,32,2193,8,32
"1607","2020-05-28",46,18,199,146,6692,0.735803945008966,8325,34491,394,2960,4,6157,16,2209,2,16
"1608","2020-05-29",47,18,232,144,6692,0.735803945008966,8325,34491,394,2960,6,6163,38,2247,3,38
"1609","2020-05-30",47,18,225,147,6692,0.735803945008966,8325,34491,394,2960,3,6166,20,2267,3,20
"1610","2020-05-31",44,18,195,150,6692,0.735803945008966,8325,34491,394,2960,7,6173,22,2289,3,22
"1611","2020-06-01",40,18,218,140,6692,0.735803945008966,8325,34491,394,2960,7,6180,10,2299,3,10
"1612","2020-06-02",43,18,218,137,6692,0.735803945008966,8325,34491,394,2960,6,6186,3,2302,4,3
"1613","2020-06-03",45,18,237,132,6692,0.735803945008966,8325,34491,394,2960,7,6193,43,2345,5,43
"1614","2020-06-04",41,18,258,129,6692,0.735803945008966,8325,34491,394,2960,2,6195,19,2364,1,19
"1615","2020-06-05",41,18,241,128,6692,0.735803945008966,8325,34491,394,2960,5,6200,45,2409,4,45
"1616","2020-06-06",38,18,210,126,6692,0.735803945008966,8325,34491,394,2960,5,6205,41,2450,2,41
"1617","2020-06-07",47,18,227,118,6692,0.735803945008966,8325,34491,394,2960,4,6209,39,2489,1,39
"1618","2020-03-07",1,19,0,0,6603,0.42677570801151,8310,37500,298,1057,NA,NA,NA,NA,NA,NA
"1619","2020-03-08",1,19,0,0,6603,0.42677570801151,8310,37500,298,1057,NA,NA,NA,NA,NA,NA
"1620","2020-03-09",0,19,0,0,6603,0.42677570801151,8310,37500,298,1057,NA,NA,NA,NA,NA,NA
"1621","2020-03-10",0,19,0,0,6603,0.42677570801151,8310,37500,298,1057,NA,NA,9,9,NA,9
"1622","2020-03-11",1,19,60,49,6603,0.42677570801151,8310,37500,298,1057,56,56,16,25,1,16
"1623","2020-03-12",1,19,83,106,6603,0.42677570801151,8310,37500,298,1057,41,97,9,34,1,9
"1624","2020-03-13",7,19,93,167,6603,0.42677570801151,8310,37500,298,1057,63,160,16,50,7,16
"1625","2020-03-14",29,19,95,224,6603,0.42677570801151,8310,37500,298,1057,60,220,47,97,15,47
"1626","2020-03-15",32,19,131,302,6603,0.42677570801151,8310,37500,298,1057,72,292,25,122,21,25
"1627","2020-03-16",37,19,157,389,6603,0.42677570801151,8310,37500,298,1057,85,377,23,145,33,23
"1628","2020-03-17",45,19,155,468,6603,0.42677570801151,8310,37500,298,1057,104,481,70,215,42,70
"1629","2020-03-18",59,19,147,566,6603,0.42677570801151,8310,37500,298,1057,115,596,54,269,64,54
"1630","2020-03-19",80,19,192,640,6603,0.42677570801151,8310,37500,298,1057,124,720,34,303,72,34
"1631","2020-03-20",123,19,219,698,6603,0.42677570801151,8310,37500,298,1057,160,880,81,384,99,81
"1632","2020-03-21",145,19,220,762,6603,0.42677570801151,8310,37500,298,1057,167,1047,56,440,118,56
"1633","2020-03-22",206,19,208,833,6603,0.42677570801151,8310,37500,298,1057,217,1264,58,498,166,58
"1634","2020-03-23",225,19,180,907,6603,0.42677570801151,8310,37500,298,1057,159,1423,29,527,118,29
"1635","2020-03-24",235,19,173,951,6603,0.42677570801151,8310,37500,298,1057,167,1590,50,577,121,50
"1636","2020-03-25",246,19,154,1002,6603,0.42677570801151,8310,37500,298,1057,260,1850,37,614,203,37
"1637","2020-03-26",279,19,133,1045,6603,0.42677570801151,8310,37500,298,1057,213,2063,39,653,160,39
"1638","2020-03-27",362,19,125,1098,6603,0.42677570801151,8310,37500,298,1057,195,2258,44,697,146,44
"1639","2020-03-28",385,19,137,1146,6603,0.42677570801151,8310,37500,298,1057,231,2489,34,731,183,34
"1640","2020-03-29",372,19,132,1198,6603,0.42677570801151,8310,37500,298,1057,233,2722,38,769,191,38
"1641","2020-03-30",375,19,119,1219,6603,0.42677570801151,8310,37500,298,1057,205,2927,33,802,171,33
"1642","2020-03-31",380,19,111,1241,6603,0.42677570801151,8310,37500,298,1057,214,3141,26,828,179,26
"1643","2020-04-01",396,19,134,1255,6603,0.42677570801151,8310,37500,298,1057,248,3389,26,854,207,26
"1644","2020-04-02",381,19,135,1262,6603,0.42677570801151,8310,37500,298,1057,219,3608,69,923,177,69
"1645","2020-04-03",443,19,147,1301,6603,0.42677570801151,8310,37500,298,1057,202,3810,53,976,171,53
"1646","2020-04-04",451,19,166,1300,6603,0.42677570801151,8310,37500,298,1057,230,4040,44,1020,192,44
"1647","2020-04-05",412,19,211,1324,6603,0.42677570801151,8310,37500,298,1057,185,4225,24,1044,132,24
"1648","2020-04-06",410,19,215,1314,6603,0.42677570801151,8310,37500,298,1057,192,4417,17,1061,156,17
"1649","2020-04-07",411,19,208,1321,6603,0.42677570801151,8310,37500,298,1057,157,4574,14,1075,125,14
"1650","2020-04-08",415,19,203,1310,6603,0.42677570801151,8310,37500,298,1057,163,4737,24,1099,129,24
"1651","2020-04-09",421,19,262,1314,6603,0.42677570801151,8310,37500,298,1057,141,4878,61,1160,101,61
"1652","2020-04-10",444,19,265,1331,6603,0.42677570801151,8310,37500,298,1057,167,5045,55,1215,136,55
"1653","2020-04-11",446,19,255,1323,6603,0.42677570801151,8310,37500,298,1057,122,5167,69,1284,88,69
"1654","2020-04-12",409,19,229,1303,6603,0.42677570801151,8310,37500,298,1057,114,5281,38,1322,88,38
"1655","2020-04-13",408,19,256,1297,6603,0.42677570801151,8310,37500,298,1057,114,5395,16,1338,85,16
"1656","2020-04-14",408,19,294,1305,6603,0.42677570801151,8310,37500,298,1057,126,5521,19,1357,91,19
"1657","2020-04-15",402,19,267,1260,6603,0.42677570801151,8310,37500,298,1057,85,5606,23,1380,63,23
"1658","2020-04-16",400,19,258,1249,6603,0.42677570801151,8310,37500,298,1057,76,5682,52,1432,51,52
"1659","2020-04-17",440,19,297,1220,6603,0.42677570801151,8310,37500,298,1057,81,5763,68,1500,44,68
"1660","2020-04-18",440,19,291,1196,6603,0.42677570801151,8310,37500,298,1057,74,5837,43,1543,49,43
"1661","2020-04-19",413,19,263,1163,6603,0.42677570801151,8310,37500,298,1057,72,5909,58,1601,50,59
"1662","2020-04-20",420,19,295,1142,6603,0.42677570801151,8310,37500,298,1057,55,5964,53,1654,28,53
"1663","2020-04-21",395,19,297,1123,6603,0.42677570801151,8310,37500,298,1057,58,6022,61,1715,33,61
"1664","2020-04-22",398,19,297,1082,6603,0.42677570801151,8310,37500,298,1057,46,6068,48,1763,28,48
"1665","2020-04-23",397,19,271,1044,6603,0.42677570801151,8310,37500,298,1057,53,6121,52,1815,41,52
"1666","2020-04-24",401,19,238,1008,6603,0.42677570801151,8310,37500,298,1057,39,6160,27,1842,19,27
"1667","2020-04-25",388,19,225,970,6603,0.42677570801151,8310,37500,298,1057,58,6218,23,1865,36,23
"1668","2020-04-26",347,19,207,930,6603,0.42677570801151,8310,37500,298,1057,38,6256,17,1882,18,17
"1669","2020-04-27",324,19,184,897,6603,0.42677570801151,8310,37500,298,1057,30,6286,11,1893,14,11
"1670","2020-04-28",320,19,181,854,6603,0.42677570801151,8310,37500,298,1057,29,6315,8,1901,19,8
"1671","2020-04-29",303,19,214,828,6603,0.42677570801151,8310,37500,298,1057,34,6349,26,1927,13,26
"1672","2020-04-30",292,19,261,809,6603,0.42677570801151,8310,37500,298,1057,25,6374,22,1949,7,22
"1673","2020-05-01",266,19,239,783,6603,0.42677570801151,8310,37500,298,1057,27,6401,47,1996,11,47
"1674","2020-05-02",276,19,220,771,6603,0.42677570801151,8310,37500,298,1057,35,6436,35,2031,13,35
"1675","2020-05-03",249,19,226,736,6603,0.42677570801151,8310,37500,298,1057,32,6468,39,2070,9,39
"1676","2020-05-04",242,19,258,714,6603,0.42677570801151,8310,37500,298,1057,19,6487,49,2119,8,49
"1677","2020-05-05",235,19,271,683,6603,0.42677570801151,8310,37500,298,1057,35,6522,28,2147,11,28
"1678","2020-05-06",229,19,251,650,6603,0.42677570801151,8310,37500,298,1057,26,6548,9,2156,11,9
"1679","2020-05-07",224,19,241,627,6603,0.42677570801151,8310,37500,298,1057,27,6575,25,2181,7,25
"1680","2020-05-08",227,19,227,602,6603,0.42677570801151,8310,37500,298,1057,24,6599,37,2218,7,37
"1681","2020-05-09",216,19,200,571,6603,0.42677570801151,8310,37500,298,1057,21,6620,17,2235,10,17
"1682","2020-05-10",209,19,193,554,6603,0.42677570801151,8310,37500,298,1057,26,6646,22,2257,9,22
"1683","2020-05-11",190,19,175,539,6603,0.42677570801151,8310,37500,298,1057,16,6662,20,2277,6,20
"1684","2020-05-12",181,19,166,523,6603,0.42677570801151,8310,37500,298,1057,18,6680,11,2288,5,11
"1685","2020-05-13",178,19,150,509,6603,0.42677570801151,8310,37500,298,1057,18,6698,15,2303,8,15
"1686","2020-05-14",172,19,136,481,6603,0.42677570801151,8310,37500,298,1057,11,6709,17,2320,5,17
"1687","2020-05-15",180,19,157,464,6603,0.42677570801151,8310,37500,298,1057,18,6727,10,2330,9,10
"1688","2020-05-16",170,19,205,434,6603,0.42677570801151,8310,37500,298,1057,9,6736,12,2342,2,12
"1689","2020-05-17",154,19,251,416,6603,0.42677570801151,8310,37500,298,1057,19,6755,50,2392,9,50
"1690","2020-05-18",148,19,277,406,6603,0.42677570801151,8310,37500,298,1057,14,6769,53,2445,5,53
"1691","2020-05-19",147,19,272,393,6603,0.42677570801151,8310,37500,298,1057,13,6782,24,2469,7,24
"1692","2020-05-20",136,19,283,374,6603,0.42677570801151,8310,37500,298,1057,10,6792,24,2493,2,24
"1693","2020-05-21",127,19,267,359,6603,0.42677570801151,8310,37500,298,1057,10,6802,37,2530,2,37
"1694","2020-05-22",101,19,226,338,6603,0.42677570801151,8310,37500,298,1057,19,6821,19,2549,4,19
"1695","2020-05-23",104,19,217,339,6603,0.42677570801151,8310,37500,298,1057,8,6829,4,2553,1,4
"1696","2020-05-24",101,19,249,326,6603,0.42677570801151,8310,37500,298,1057,11,6840,14,2567,NA,14
"1697","2020-05-25",94,19,239,316,6603,0.42677570801151,8310,37500,298,1057,15,6855,47,2614,5,47
"1698","2020-05-26",91,19,233,289,6603,0.42677570801151,8310,37500,298,1057,11,6866,33,2647,4,33
"1699","2020-05-27",89,19,228,279,6603,0.42677570801151,8310,37500,298,1057,13,6879,62,2709,3,62
"1700","2020-05-28",88,19,220,267,6603,0.42677570801151,8310,37500,298,1057,7,6886,41,2750,1,41
"1701","2020-05-29",80,19,191,262,6603,0.42677570801151,8310,37500,298,1057,16,6902,28,2778,4,28
"1702","2020-05-30",77,19,185,266,6603,0.42677570801151,8310,37500,298,1057,12,6914,9,2787,1,9
"1703","2020-05-31",81,19,186,260,6603,0.42677570801151,8310,37500,298,1057,7,6921,28,2815,2,28
"1704","2020-06-01",78,19,165,250,6603,0.42677570801151,8310,37500,298,1057,9,6930,64,2879,5,64
"1705","2020-06-02",72,19,164,244,6603,0.42677570801151,8310,37500,298,1057,8,6938,41,2920,2,41
"1706","2020-06-03",81,19,194,240,6603,0.42677570801151,8310,37500,298,1057,13,6951,30,2950,5,30
"1707","2020-06-04",76,19,223,218,6603,0.42677570801151,8310,37500,298,1057,6,6957,32,2982,1,32
"1708","2020-06-05",82,19,242,214,6603,0.42677570801151,8310,37500,298,1057,4,6961,48,3030,3,48
"1709","2020-06-06",86,19,231,202,6603,0.42677570801151,8310,37500,298,1057,5,6966,34,3064,1,34
"1710","2020-06-07",79,19,200,194,6603,0.42677570801151,8310,37500,298,1057,6,6972,51,3115,2,51
"1711","2020-03-12",1,20,79,44,6242,0.87167574495354,8280,31580,317,1688,26,53,22,45,2,22
"1712","2020-03-13",3,20,82,74,6242,0.87167574495354,8280,31580,317,1688,21,74,26,71,5,26
"1713","2020-03-14",6,20,98,100,6242,0.87167574495354,8280,31580,317,1688,30,104,25,96,7,25
"1714","2020-03-15",8,20,108,134,6242,0.87167574495354,8280,31580,317,1688,39,143,18,114,19,18
"1715","2020-03-16",11,20,176,169,6242,0.87167574495354,8280,31580,317,1688,47,190,49,163,29,49
"1716","2020-03-17",16,20,241,218,6242,0.87167574495354,8280,31580,317,1688,52,242,46,209,26,46
"1717","2020-03-18",29,20,291,262,6242,0.87167574495354,8280,31580,317,1688,77,319,47,256,48,47
"1718","2020-03-19",42,20,262,309,6242,0.87167574495354,8280,31580,317,1688,61,380,44,300,34,44
"1719","2020-03-20",49,20,231,379,6242,0.87167574495354,8280,31580,317,1688,79,459,75,375,58,75
"1720","2020-03-21",71,20,191,444,6242,0.87167574495354,8280,31580,317,1688,97,556,59,434,82,59
"1721","2020-03-22",116,20,177,519,6242,0.87167574495354,8280,31580,317,1688,126,682,30,464,100,30
"1722","2020-03-23",134,20,152,607,6242,0.87167574495354,8280,31580,317,1688,115,797,50,514,93,50
"1723","2020-03-24",139,20,144,681,6242,0.87167574495354,8280,31580,317,1688,137,934,42,556,107,42
"1724","2020-03-25",150,20,144,756,6242,0.87167574495354,8280,31580,317,1688,137,1071,50,606,105,50
"1725","2020-03-26",160,20,176,859,6242,0.87167574495354,8280,31580,317,1688,146,1217,50,656,118,50
"1726","2020-03-27",241,20,163,945,6242,0.87167574495354,8280,31580,317,1688,159,1376,36,692,144,36
"1727","2020-03-28",294,20,164,1040,6242,0.87167574495354,8280,31580,317,1688,148,1524,37,729,119,37
"1728","2020-03-29",303,20,152,1139,6242,0.87167574495354,8280,31580,317,1688,167,1691,32,761,140,32
"1729","2020-03-30",303,20,131,1227,6242,0.87167574495354,8280,31580,317,1688,215,1906,28,789,190,28
"1730","2020-03-31",318,20,142,1305,6242,0.87167574495354,8280,31580,317,1688,187,2093,45,834,168,45
"1731","2020-04-01",351,20,159,1409,6242,0.87167574495354,8280,31580,317,1688,195,2288,26,860,172,26
"1732","2020-04-02",380,20,207,1504,6242,0.87167574495354,8280,31580,317,1688,167,2455,33,893,150,33
"1733","2020-04-03",484,20,192,1565,6242,0.87167574495354,8280,31580,317,1688,242,2697,33,926,217,33
"1734","2020-04-04",485,20,178,1656,6242,0.87167574495354,8280,31580,317,1688,229,2926,28,954,201,28
"1735","2020-04-05",534,20,193,1686,6242,0.87167574495354,8280,31580,317,1688,183,3109,15,969,153,15
"1736","2020-04-06",558,20,188,1716,6242,0.87167574495354,8280,31580,317,1688,218,3327,24,993,193,24
"1737","2020-04-07",546,20,196,1739,6242,0.87167574495354,8280,31580,317,1688,178,3505,31,1024,148,31
"1738","2020-04-08",559,20,171,1773,6242,0.87167574495354,8280,31580,317,1688,183,3688,28,1052,166,28
"1739","2020-04-09",577,20,158,1810,6242,0.87167574495354,8280,31580,317,1688,209,3897,30,1082,193,30
"1740","2020-04-10",675,20,157,1856,6242,0.87167574495354,8280,31580,317,1688,175,4072,18,1100,154,18
"1741","2020-04-11",694,20,181,1826,6242,0.87167574495354,8280,31580,317,1688,176,4248,30,1130,159,30
"1742","2020-04-12",598,20,202,1784,6242,0.87167574495354,8280,31580,317,1688,151,4399,24,1154,141,24
"1743","2020-04-13",582,20,216,1752,6242,0.87167574495354,8280,31580,317,1688,114,4513,20,1174,95,20
"1744","2020-04-14",586,20,271,1748,6242,0.87167574495354,8280,31580,317,1688,144,4657,23,1197,132,23
"1745","2020-04-15",580,20,294,1742,6242,0.87167574495354,8280,31580,317,1688,113,4770,41,1238,101,41
"1746","2020-04-16",566,20,249,1712,6242,0.87167574495354,8280,31580,317,1688,107,4877,21,1259,95,21
"1747","2020-04-17",601,20,231,1687,6242,0.87167574495354,8280,31580,317,1688,124,5001,34,1293,116,34
"1748","2020-04-18",585,20,227,1629,6242,0.87167574495354,8280,31580,317,1688,84,5085,26,1319,78,26
"1749","2020-04-19",528,20,214,1576,6242,0.87167574495354,8280,31580,317,1688,95,5180,12,1331,82,12
"1750","2020-04-20",522,20,230,1501,6242,0.87167574495354,8280,31580,317,1688,83,5263,21,1352,72,21
"1751","2020-04-21",522,20,275,1430,6242,0.87167574495354,8280,31580,317,1688,62,5325,46,1398,52,46
"1752","2020-04-22",507,20,314,1373,6242,0.87167574495354,8280,31580,317,1688,112,5437,38,1436,96,38
"1753","2020-04-23",499,20,294,1285,6242,0.87167574495354,8280,31580,317,1688,46,5483,41,1477,39,41
"1754","2020-04-24",464,20,287,1190,6242,0.87167574495354,8280,31580,317,1688,57,5540,34,1511,43,34
"1755","2020-04-25",454,20,296,1105,6242,0.87167574495354,8280,31580,317,1688,56,5596,22,1533,41,22
"1756","2020-04-26",417,20,283,1040,6242,0.87167574495354,8280,31580,317,1688,37,5633,47,1580,30,47
"1757","2020-04-27",411,20,332,985,6242,0.87167574495354,8280,31580,317,1688,55,5688,35,1615,44,35
"1758","2020-04-28",386,20,316,917,6242,0.87167574495354,8280,31580,317,1688,29,5717,38,1653,21,38
"1759","2020-04-29",359,20,326,865,6242,0.87167574495354,8280,31580,317,1688,37,5754,27,1680,27,27
"1760","2020-04-30",347,20,318,793,6242,0.87167574495354,8280,31580,317,1688,39,5793,19,1699,24,19
"1761","2020-05-01",300,20,289,733,6242,0.87167574495354,8280,31580,317,1688,30,5823,14,1713,22,14
"1762","2020-05-02",308,20,272,680,6242,0.87167574495354,8280,31580,317,1688,34,5857,21,1734,25,21
"1763","2020-05-03",287,20,244,622,6242,0.87167574495354,8280,31580,317,1688,30,5887,24,1758,19,24
"1764","2020-05-04",255,20,242,560,6242,0.87167574495354,8280,31580,317,1688,28,5915,16,1774,18,16
"1765","2020-05-05",230,20,215,510,6242,0.87167574495354,8280,31580,317,1688,25,5940,23,1797,11,23
"1766","2020-05-06",225,20,206,470,6242,0.87167574495354,8280,31580,317,1688,28,5968,21,1818,18,21
"1767","2020-05-07",205,20,212,427,6242,0.87167574495354,8280,31580,317,1688,25,5993,28,1846,15,28
"1768","2020-05-08",190,20,197,400,6242,0.87167574495354,8280,31580,317,1688,13,6006,22,1868,7,22
"1769","2020-05-09",172,20,187,384,6242,0.87167574495354,8280,31580,317,1688,16,6022,22,1890,11,22
"1770","2020-05-10",138,20,184,357,6242,0.87167574495354,8280,31580,317,1688,16,6038,27,1917,9,27
"1771","2020-05-11",126,20,179,331,6242,0.87167574495354,8280,31580,317,1688,17,6055,65,1982,13,65
"1772","2020-05-12",127,20,176,302,6242,0.87167574495354,8280,31580,317,1688,15,6070,44,2026,7,44
"1773","2020-05-13",123,20,177,284,6242,0.87167574495354,8280,31580,317,1688,16,6086,59,2085,10,59
"1774","2020-05-14",119,20,233,270,6242,0.87167574495354,8280,31580,317,1688,18,6104,55,2140,7,55
"1775","2020-05-15",105,20,286,253,6242,0.87167574495354,8280,31580,317,1688,19,6123,31,2171,12,31
"1776","2020-05-16",90,20,283,232,6242,0.87167574495354,8280,31580,317,1688,15,6138,28,2199,4,28
"1777","2020-05-17",93,20,297,217,6242,0.87167574495354,8280,31580,317,1688,7,6145,30,2229,5,30
"1778","2020-05-18",97,20,270,196,6242,0.87167574495354,8280,31580,317,1688,13,6158,41,2270,9,41
"1779","2020-05-19",84,20,318,179,6242,0.87167574495354,8280,31580,317,1688,12,6170,50,2320,6,50
"1780","2020-05-20",80,20,326,164,6242,0.87167574495354,8280,31580,317,1688,19,6189,44,2364,13,44
"1781","2020-05-21",77,20,287,146,6242,0.87167574495354,8280,31580,317,1688,12,6201,41,2405,8,41
"1782","2020-05-22",71,20,289,135,6242,0.87167574495354,8280,31580,317,1688,5,6206,36,2441,1,36
"1783","2020-05-23",71,20,250,125,6242,0.87167574495354,8280,31580,317,1688,11,6217,61,2502,5,61
"1784","2020-05-24",56,20,229,120,6242,0.87167574495354,8280,31580,317,1688,7,6224,55,2557,4,55
"1785","2020-05-25",47,20,221,112,6242,0.87167574495354,8280,31580,317,1688,13,6237,47,2604,10,47
"1786","2020-05-26",45,20,247,99,6242,0.87167574495354,8280,31580,317,1688,13,6250,50,2654,7,50
"1787","2020-05-27",43,20,290,98,6242,0.87167574495354,8280,31580,317,1688,9,6259,52,2706,7,52
"1788","2020-05-28",38,20,313,103,6242,0.87167574495354,8280,31580,317,1688,9,6268,37,2743,7,37
"1789","2020-05-29",39,20,271,112,6242,0.87167574495354,8280,31580,317,1688,5,6273,27,2770,4,27
"1790","2020-05-30",35,20,256,106,6242,0.87167574495354,8280,31580,317,1688,8,6281,31,2801,4,31
"1791","2020-05-31",37,20,233,103,6242,0.87167574495354,8280,31580,317,1688,6,6287,24,2825,4,24
"1792","2020-06-01",36,20,212,105,6242,0.87167574495354,8280,31580,317,1688,8,6295,34,2859,6,34
"1793","2020-06-02",36,20,218,103,6242,0.87167574495354,8280,31580,317,1688,6,6301,19,2878,3,19
"1794","2020-06-03",33,20,225,102,6242,0.87167574495354,8280,31580,317,1688,7,6308,25,2903,3,25
"1795","2020-06-04",33,20,225,97,6242,0.87167574495354,8280,31580,317,1688,4,6312,24,2927,2,24
"1796","2020-06-05",35,20,211,89,6242,0.87167574495354,8280,31580,317,1688,8,6320,23,2950,5,23
"1797","2020-06-06",34,20,194,89,6242,0.87167574495354,8280,31580,317,1688,2,6322,26,2976,1,26
"1798","2020-06-07",33,20,184,84,6242,0.87167574495354,8280,31580,317,1688,4,6326,23,2999,1,23
