"","Date","Absents","Paramset","Infections_or_Exposed_per_day_Patient","Infections_or_Exposed_per_day_HCW","total_infections","nosocomial_proportion","PCR_pooled","LFD_pooled","HCW_symp_test","patient_symp_test","new_hcw_infs","cumulative_hcw_infs","new_pat_infs","cumulative_pats_infs","new_nosocomial_hcw_infs","new_nosocomial_pat_infs"
"1","2020-03-12",1,1,144,122,6998,0.782366390397256,0,0,629,497,64,122,63,90,5,63
"2","2020-03-13",7,1,209,200,6998,0.782366390397256,0,0,629,497,78,200,60,150,25,60
"3","2020-03-14",9,1,206,301,6998,0.782366390397256,0,0,629,497,101,301,39,189,39,39
"4","2020-03-15",19,1,254,429,6998,0.782366390397256,0,0,629,497,128,429,63,252,60,63
"5","2020-03-16",32,1,276,553,6998,0.782366390397256,0,0,629,497,124,553,67,319,74,67
"6","2020-03-17",47,1,237,700,6998,0.782366390397256,0,0,629,497,149,702,27,346,100,27
"7","2020-03-18",77,1,207,860,6998,0.782366390397256,0,0,629,497,175,877,23,369,121,23
"8","2020-03-19",106,1,205,1044,6998,0.782366390397256,0,0,629,497,194,1071,26,395,161,26
"9","2020-03-20",148,1,213,1210,6998,0.782366390397256,0,0,629,497,195,1266,54,449,156,54
"10","2020-03-21",187,1,213,1419,6998,0.782366390397256,0,0,629,497,242,1508,36,485,200,36
"11","2020-03-22",225,1,251,1587,6998,0.782366390397256,0,0,629,497,221,1729,65,550,172,65
"12","2020-03-23",263,1,263,1759,6998,0.782366390397256,0,0,629,497,238,1967,48,598,198,48
"13","2020-03-24",316,1,244,1923,6998,0.782366390397256,0,0,629,497,223,2190,50,648,188,50
"14","2020-03-25",365,1,229,2103,6998,0.782366390397256,0,0,629,497,277,2467,36,684,255,36
"15","2020-03-26",417,1,216,2261,6998,0.782366390397256,0,0,629,497,264,2731,31,715,226,31
"16","2020-03-27",446,1,216,2411,6998,0.782366390397256,0,0,629,497,283,3014,28,743,251,28
"17","2020-03-28",507,1,216,2545,6998,0.782366390397256,0,0,629,497,306,3320,34,777,278,34
"18","2020-03-29",539,1,220,2604,6998,0.782366390397256,0,0,629,497,245,3565,50,827,220,50
"19","2020-03-30",594,1,220,2697,6998,0.782366390397256,0,0,629,497,264,3829,42,869,251,42
"20","2020-03-31",630,1,213,2790,6998,0.782366390397256,0,0,629,497,254,4083,30,899,236,30
"21","2020-04-01",678,1,189,2866,6998,0.782366390397256,0,0,629,497,278,4361,18,917,256,18
"22","2020-04-02",710,1,186,2876,6998,0.782366390397256,0,0,629,497,239,4600,34,951,217,34
"23","2020-04-03",736,1,179,2810,6998,0.782366390397256,0,0,629,497,195,4795,20,971,185,20
"24","2020-04-04",775,1,174,2823,6998,0.782366390397256,0,0,629,497,262,5057,23,994,245,23
"25","2020-04-05",819,1,189,2747,6998,0.782366390397256,0,0,629,497,190,5247,37,1031,177,37
"26","2020-04-06",833,1,186,2693,6998,0.782366390397256,0,0,629,497,192,5439,30,1061,175,30
"27","2020-04-07",830,1,173,2572,6998,0.782366390397256,0,0,629,497,135,5574,18,1079,128,18
"28","2020-04-08",814,1,159,2435,6998,0.782366390397256,0,0,629,497,115,5689,28,1107,109,28
"29","2020-04-09",799,1,187,2263,6998,0.782366390397256,0,0,629,497,112,5801,43,1150,108,43
"30","2020-04-10",799,1,196,2091,6998,0.782366390397256,0,0,629,497,97,5898,41,1191,94,41
"31","2020-04-11",750,1,175,1895,6998,0.782366390397256,0,0,629,497,64,5962,19,1210,57,19
"32","2020-04-12",712,1,174,1757,6998,0.782366390397256,0,0,629,497,75,6037,30,1240,66,30
"33","2020-04-13",666,1,183,1586,6998,0.782366390397256,0,0,629,497,63,6100,38,1278,54,38
"34","2020-04-14",619,1,180,1439,6998,0.782366390397256,0,0,629,497,54,6154,33,1311,50,33
"35","2020-04-15",571,1,173,1291,6998,0.782366390397256,0,0,629,497,39,6193,29,1340,32,29
"36","2020-04-16",522,1,159,1157,6998,0.782366390397256,0,0,629,497,39,6232,18,1358,35,18
"37","2020-04-17",472,1,146,994,6998,0.782366390397256,0,0,629,497,31,6263,22,1380,27,22
"38","2020-04-18",420,1,133,852,6998,0.782366390397256,0,0,629,497,26,6289,9,1389,20,9
"39","2020-04-19",361,1,133,741,6998,0.782366390397256,0,0,629,497,30,6319,27,1416,21,27
"40","2020-04-20",310,1,147,642,6998,0.782366390397256,0,0,629,497,21,6340,39,1455,17,39
"41","2020-04-21",280,1,149,535,6998,0.782366390397256,0,0,629,497,9,6349,25,1480,7,25
"42","2020-04-22",241,1,136,461,6998,0.782366390397256,0,0,629,497,17,6366,21,1501,13,21
"43","2020-04-23",208,1,138,401,6998,0.782366390397256,0,0,629,497,20,6386,25,1526,13,25
"44","2020-04-24",171,1,121,350,6998,0.782366390397256,0,0,629,497,16,6402,10,1536,12,10
"45","2020-04-25",140,1,108,318,6998,0.782366390397256,0,0,629,497,16,6418,12,1548,12,12
"46","2020-04-26",126,1,95,274,6998,0.782366390397256,0,0,629,497,11,6429,10,1558,8,10
"47","2020-04-27",109,1,94,244,6998,0.782366390397256,0,0,629,497,8,6437,17,1575,6,17
"48","2020-04-28",93,1,89,200,6998,0.782366390397256,0,0,629,497,5,6442,12,1587,3,12
"49","2020-04-29",82,1,100,179,6998,0.782366390397256,0,0,629,497,12,6454,20,1607,7,20
"50","2020-04-30",72,1,89,154,6998,0.782366390397256,0,0,629,497,5,6459,11,1618,2,11
"51","2020-05-01",64,1,82,133,6998,0.782366390397256,0,0,629,497,3,6462,6,1624,1,6
"52","2020-05-02",59,1,75,115,6998,0.782366390397256,0,0,629,497,6,6468,8,1632,3,8
"53","2020-05-03",54,1,71,104,6998,0.782366390397256,0,0,629,497,4,6472,12,1644,1,12
"54","2020-05-04",54,1,73,89,6998,0.782366390397256,0,0,629,497,4,6476,10,1654,2,10
"55","2020-05-05",49,1,69,82,6998,0.782366390397256,0,0,629,497,5,6481,5,1659,2,5
"56","2020-05-06",45,1,54,79,6998,0.782366390397256,0,0,629,497,7,6488,5,1664,3,5
"57","2020-05-07",42,1,51,74,6998,0.782366390397256,0,0,629,497,8,6496,4,1668,3,4
"58","2020-05-08",35,1,47,67,6998,0.782366390397256,0,0,629,497,7,6503,5,1673,5,5
"59","2020-05-09",34,1,44,68,6998,0.782366390397256,0,0,629,497,8,6511,7,1680,3,7
"60","2020-05-10",28,1,42,68,6998,0.782366390397256,0,0,629,497,4,6515,9,1689,1,9
"61","2020-05-11",26,1,34,66,6998,0.782366390397256,0,0,629,497,4,6519,2,1691,3,2
"62","2020-05-12",26,1,33,59,6998,0.782366390397256,0,0,629,497,1,6520,4,1695,NA,4
"63","2020-05-13",18,1,33,54,6998,0.782366390397256,0,0,629,497,2,6522,3,1698,NA,3
"64","2020-05-14",17,1,33,58,6998,0.782366390397256,0,0,629,497,5,6527,5,1703,NA,5
"65","2020-05-15",19,1,33,50,6998,0.782366390397256,0,0,629,497,2,6529,4,1707,1,4
"66","2020-05-16",17,1,34,48,6998,0.782366390397256,0,0,629,497,4,6533,3,1710,1,3
"67","2020-05-17",16,1,36,49,6998,0.782366390397256,0,0,629,497,8,6541,6,1716,3,6
"68","2020-05-18",13,1,33,48,6998,0.782366390397256,0,0,629,497,5,6546,1,1717,NA,1
"69","2020-05-19",10,1,29,43,6998,0.782366390397256,0,0,629,497,3,6549,2,1719,1,2
"70","2020-05-20",10,1,26,41,6998,0.782366390397256,0,0,629,497,4,6553,1,1720,1,1
"71","2020-05-21",9,1,26,41,6998,0.782366390397256,0,0,629,497,4,6557,5,1725,1,5
"72","2020-05-22",8,1,24,40,6998,0.782366390397256,0,0,629,497,2,6559,1,1726,NA,1
"73","2020-05-23",8,1,25,45,6998,0.782366390397256,0,0,629,497,7,6566,2,1728,3,2
"74","2020-05-24",8,1,23,44,6998,0.782366390397256,0,0,629,497,4,6570,1,1729,1,1
"75","2020-05-25",9,1,24,41,6998,0.782366390397256,0,0,629,497,3,6573,2,1731,NA,2
"76","2020-05-26",11,1,23,42,6998,0.782366390397256,0,0,629,497,5,6578,2,1733,3,2
"77","2020-05-27",12,1,19,41,6998,0.782366390397256,0,0,629,497,1,6579,1,1734,1,1
"78","2020-05-28",15,1,18,39,6998,0.782366390397256,0,0,629,497,NA,NA,NA,NA,NA,NA
"79","2020-05-29",13,1,16,38,6998,0.782366390397256,0,0,629,497,4,6583,1,1735,NA,1
"80","2020-05-30",14,1,17,39,6998,0.782366390397256,0,0,629,497,2,6585,NA,NA,1,NA
"81","2020-05-31",15,1,22,36,6998,0.782366390397256,0,0,629,497,2,6587,4,1739,1,4
"82","2020-06-01",14,1,22,30,6998,0.782366390397256,0,0,629,497,1,6588,3,1742,NA,3
"83","2020-06-02",13,1,26,32,6998,0.782366390397256,0,0,629,497,5,6593,3,1745,NA,3
"84","2020-06-03",13,1,24,32,6998,0.782366390397256,0,0,629,497,2,6595,NA,NA,1,NA
"85","2020-06-04",8,1,24,33,6998,0.782366390397256,0,0,629,497,5,6600,NA,NA,NA,NA
"86","2020-06-05",8,1,23,34,6998,0.782366390397256,0,0,629,497,4,6604,1,1746,NA,1
"87","2020-06-06",6,1,21,35,6998,0.782366390397256,0,0,629,497,5,6609,NA,NA,2,NA
"88","2020-06-07",9,1,19,36,6998,0.782366390397256,0,0,629,497,3,6612,NA,NA,NA,NA
"89","2020-03-13",2,2,121,125,3509,0.712453690510117,0,0,332,242,57,130,18,91,6,18
"90","2020-03-14",5,2,117,170,3509,0.712453690510117,0,0,332,242,42,172,20,111,6,20
"91","2020-03-15",9,2,106,220,3509,0.712453690510117,0,0,332,242,48,220,42,153,8,42
"92","2020-03-16",14,2,109,257,3509,0.712453690510117,0,0,332,242,48,268,29,182,6,29
"93","2020-03-17",27,2,144,322,3509,0.712453690510117,0,0,332,242,53,321,27,209,20,27
"94","2020-03-18",36,2,159,352,3509,0.712453690510117,0,0,332,242,56,377,53,262,22,53
"95","2020-03-19",53,2,186,391,3509,0.712453690510117,0,0,332,242,50,427,55,317,16,55
"96","2020-03-20",74,2,184,434,3509,0.712453690510117,0,0,332,242,53,480,36,353,17,36
"97","2020-03-21",89,2,206,483,3509,0.712453690510117,0,0,332,242,49,529,33,386,14,33
"98","2020-03-22",103,2,182,519,3509,0.712453690510117,0,0,332,242,55,584,35,421,19,35
"99","2020-03-23",121,2,161,584,3509,0.712453690510117,0,0,332,242,49,633,29,450,21,29
"100","2020-03-24",134,2,147,621,3509,0.712453690510117,0,0,332,242,49,682,21,471,13,21
"101","2020-03-25",151,2,140,646,3509,0.712453690510117,0,0,332,242,49,731,29,500,20,29
"102","2020-03-26",160,2,151,655,3509,0.712453690510117,0,0,332,242,41,772,28,528,16,28
"103","2020-03-27",161,2,192,679,3509,0.712453690510117,0,0,332,242,42,814,19,547,10,19
"104","2020-03-28",167,2,213,697,3509,0.712453690510117,0,0,332,242,49,863,24,571,25,24
"105","2020-03-29",176,2,212,717,3509,0.712453690510117,0,0,332,242,43,906,31,602,13,31
"106","2020-03-30",187,2,210,733,3509,0.712453690510117,0,0,332,242,36,942,41,643,19,41
"107","2020-03-31",196,2,204,753,3509,0.712453690510117,0,0,332,242,37,979,66,709,17,66
"108","2020-04-01",197,2,198,754,3509,0.712453690510117,0,0,332,242,39,1018,66,775,14,66
"109","2020-04-02",200,2,184,771,3509,0.712453690510117,0,0,332,242,49,1067,48,823,22,48
"110","2020-04-03",204,2,163,784,3509,0.712453690510117,0,0,332,242,37,1104,60,883,13,60
"111","2020-04-04",211,2,181,764,3509,0.712453690510117,0,0,332,242,31,1135,46,929,8,46
"112","2020-04-05",213,2,162,751,3509,0.712453690510117,0,0,332,242,50,1185,34,963,21,34
"113","2020-04-06",214,2,159,748,3509,0.712453690510117,0,0,332,242,34,1219,37,1000,10,37
"114","2020-04-07",206,2,153,700,3509,0.712453690510117,0,0,332,242,32,1251,47,1047,10,47
"115","2020-04-08",207,2,143,690,3509,0.712453690510117,0,0,332,242,35,1286,38,1085,13,38
"116","2020-04-09",203,2,129,686,3509,0.712453690510117,0,0,332,242,31,1317,46,1131,9,46
"117","2020-04-10",192,2,110,673,3509,0.712453690510117,0,0,332,242,29,1346,33,1164,11,33
"118","2020-04-11",186,2,100,656,3509,0.712453690510117,0,0,332,242,18,1364,35,1199,10,35
"119","2020-04-12",185,2,97,644,3509,0.712453690510117,0,0,332,242,28,1392,43,1242,12,43
"120","2020-04-13",173,2,90,637,3509,0.712453690510117,0,0,332,242,20,1412,30,1272,4,30
"121","2020-04-14",170,2,110,615,3509,0.712453690510117,0,0,332,242,16,1428,36,1308,4,36
"122","2020-04-15",170,2,121,621,3509,0.712453690510117,0,0,332,242,22,1450,20,1328,6,20
"123","2020-04-16",163,2,127,590,3509,0.712453690510117,0,0,332,242,13,1463,12,1340,4,12
"124","2020-04-17",178,2,131,593,3509,0.712453690510117,0,0,332,242,29,1492,23,1363,9,23
"125","2020-04-18",180,2,119,577,3509,0.712453690510117,0,0,332,242,18,1510,15,1378,8,15
"126","2020-04-19",177,2,121,582,3509,0.712453690510117,0,0,332,242,17,1527,21,1399,7,21
"127","2020-04-20",177,2,122,557,3509,0.712453690510117,0,0,332,242,22,1549,28,1427,8,28
"128","2020-04-21",180,2,115,554,3509,0.712453690510117,0,0,332,242,32,1581,12,1439,12,12
"129","2020-04-22",182,2,100,549,3509,0.712453690510117,0,0,332,242,19,1600,20,1459,13,20
"130","2020-04-23",186,2,97,525,3509,0.712453690510117,0,0,332,242,21,1621,30,1489,12,30
"131","2020-04-24",176,2,98,506,3509,0.712453690510117,0,0,332,242,21,1642,22,1511,7,22
"132","2020-04-25",167,2,84,516,3509,0.712453690510117,0,0,332,242,25,1667,26,1537,13,26
"133","2020-04-26",155,2,65,505,3509,0.712453690510117,0,0,332,242,17,1684,24,1561,10,24
"134","2020-04-27",148,2,57,482,3509,0.712453690510117,0,0,332,242,21,1705,13,1574,8,13
"135","2020-04-28",135,2,48,459,3509,0.712453690510117,0,0,332,242,16,1721,23,1597,10,23
"136","2020-04-29",127,2,38,428,3509,0.712453690510117,0,0,332,242,27,1748,22,1619,17,22
"137","2020-04-30",125,2,33,406,3509,0.712453690510117,0,0,332,242,10,1758,14,1633,4,14
"138","2020-05-01",119,2,35,391,3509,0.712453690510117,0,0,332,242,18,1776,14,1647,13,14
"139","2020-05-02",114,2,28,378,3509,0.712453690510117,0,0,332,242,24,1800,14,1661,13,14
"140","2020-05-03",118,2,33,359,3509,0.712453690510117,0,0,332,242,19,1819,21,1682,8,21
"141","2020-05-04",113,2,33,349,3509,0.712453690510117,0,0,332,242,21,1840,20,1702,9,20
"142","2020-05-05",115,2,33,340,3509,0.712453690510117,0,0,332,242,9,1849,11,1713,7,11
"143","2020-05-06",102,2,44,327,3509,0.712453690510117,0,0,332,242,16,1865,13,1726,7,13
"144","2020-05-07",98,2,43,314,3509,0.712453690510117,0,0,332,242,18,1883,15,1741,6,15
"145","2020-05-08",93,2,44,299,3509,0.712453690510117,0,0,332,242,18,1901,10,1751,9,10
"146","2020-05-09",98,2,46,291,3509,0.712453690510117,0,0,332,242,17,1918,10,1761,4,10
"147","2020-05-10",96,2,45,294,3509,0.712453690510117,0,0,332,242,15,1933,13,1774,5,13
"148","2020-05-11",103,2,34,282,3509,0.712453690510117,0,0,332,242,11,1944,9,1783,3,9
"149","2020-05-12",97,2,40,269,3509,0.712453690510117,0,0,332,242,20,1964,12,1795,11,12
"150","2020-05-13",101,2,40,256,3509,0.712453690510117,0,0,332,242,18,1982,9,1804,7,9
"151","2020-05-14",90,2,38,258,3509,0.712453690510117,0,0,332,242,12,1994,8,1812,5,8
"152","2020-05-15",90,2,37,245,3509,0.712453690510117,0,0,332,242,16,2010,6,1818,6,6
"153","2020-05-16",82,2,29,238,3509,0.712453690510117,0,0,332,242,26,2036,3,1821,15,3
"154","2020-05-17",77,2,32,228,3509,0.712453690510117,0,0,332,242,13,2049,4,1825,4,4
"155","2020-05-18",69,2,30,212,3509,0.712453690510117,0,0,332,242,18,2067,3,1828,9,3
"156","2020-05-19",66,2,25,201,3509,0.712453690510117,0,0,332,242,15,2082,3,1831,6,3
"157","2020-05-20",63,2,22,195,3509,0.712453690510117,0,0,332,242,19,2101,5,1836,8,5
"158","2020-05-21",69,2,24,205,3509,0.712453690510117,0,0,332,242,20,2121,2,1838,12,2
"159","2020-05-22",66,2,21,204,3509,0.712453690510117,0,0,332,242,12,2133,3,1841,5,3
"160","2020-05-23",62,2,19,201,3509,0.712453690510117,0,0,332,242,20,2153,1,1842,7,1
"161","2020-05-24",60,2,18,184,3509,0.712453690510117,0,0,332,242,15,2168,NA,NA,7,NA
"162","2020-05-25",57,2,18,180,3509,0.712453690510117,0,0,332,242,19,2187,NA,NA,9,NA
"163","2020-05-26",57,2,17,186,3509,0.712453690510117,0,0,332,242,10,2197,1,1843,6,1
"164","2020-05-27",55,2,16,189,3509,0.712453690510117,0,0,332,242,17,2214,2,1845,7,2
"165","2020-05-28",51,2,14,177,3509,0.712453690510117,0,0,332,242,21,2235,NA,NA,9,NA
"166","2020-05-29",49,2,16,183,3509,0.712453690510117,0,0,332,242,25,2260,NA,NA,11,NA
"167","2020-05-30",48,2,17,170,3509,0.712453690510117,0,0,332,242,14,2274,1,1846,5,1
"168","2020-05-31",50,2,20,165,3509,0.712453690510117,0,0,332,242,17,2291,NA,NA,10,NA
"169","2020-06-01",51,2,24,164,3509,0.712453690510117,0,0,332,242,13,2304,NA,NA,6,NA
"170","2020-06-02",48,2,29,166,3509,0.712453690510117,0,0,332,242,15,2319,1,1847,10,1
"171","2020-06-03",47,2,30,158,3509,0.712453690510117,0,0,332,242,20,2339,NA,NA,10,NA
"172","2020-06-04",46,2,28,156,3509,0.712453690510117,0,0,332,242,14,2353,NA,NA,4,NA
"173","2020-06-05",48,2,23,154,3509,0.712453690510117,0,0,332,242,21,2374,NA,NA,12,NA
"174","2020-06-06",49,2,25,150,3509,0.712453690510117,0,0,332,242,16,2390,1,1848,6,1
"175","2020-06-07",45,2,25,157,3509,0.712453690510117,0,0,332,242,21,2411,2,1850,10,2
"176","2020-03-11",1,3,99,46,3372,0.48220640569395,0,0,245,770,26,28,30,33,8,30
"177","2020-03-12",2,3,155,97,3372,0.48220640569395,0,0,245,770,40,68,24,57,13,24
"178","2020-03-13",5,3,173,159,3372,0.48220640569395,0,0,245,770,42,110,26,83,23,26
"179","2020-03-14",11,3,209,231,3372,0.48220640569395,0,0,245,770,49,159,52,135,34,52
"180","2020-03-15",17,3,219,303,3372,0.48220640569395,0,0,245,770,77,236,34,169,53,34
"181","2020-03-16",28,3,239,362,3372,0.48220640569395,0,0,245,770,50,286,64,233,44,64
"182","2020-03-17",43,3,260,421,3372,0.48220640569395,0,0,245,770,88,374,45,278,73,45
"183","2020-03-18",56,3,253,475,3372,0.48220640569395,0,0,245,770,120,494,56,334,102,56
"184","2020-03-19",72,3,261,533,3372,0.48220640569395,0,0,245,770,119,613,47,381,110,47
"185","2020-03-20",94,3,272,593,3372,0.48220640569395,0,0,245,770,120,733,27,408,111,27
"186","2020-03-21",102,3,250,647,3372,0.48220640569395,0,0,245,770,113,846,27,435,102,27
"187","2020-03-22",121,3,262,681,3372,0.48220640569395,0,0,245,770,154,1000,32,467,146,32
"188","2020-03-23",132,3,260,721,3372,0.48220640569395,0,0,245,770,158,1158,41,508,143,41
"189","2020-03-24",148,3,246,758,3372,0.48220640569395,0,0,245,770,145,1303,32,540,132,32
"190","2020-03-25",164,3,242,762,3372,0.48220640569395,0,0,245,770,180,1483,53,593,171,53
"191","2020-03-26",183,3,256,771,3372,0.48220640569395,0,0,245,770,184,1667,39,632,176,39
"192","2020-03-27",200,3,262,761,3372,0.48220640569395,0,0,245,770,187,1854,43,675,176,43
"193","2020-03-28",222,3,269,759,3372,0.48220640569395,0,0,245,770,232,2086,41,716,222,41
"194","2020-03-29",216,3,264,755,3372,0.48220640569395,0,0,245,770,204,2290,29,745,195,29
"195","2020-03-30",229,3,254,749,3372,0.48220640569395,0,0,245,770,223,2513,21,766,211,21
"196","2020-03-31",217,3,245,736,3372,0.48220640569395,0,0,245,770,186,2699,18,784,180,18
"197","2020-04-01",222,3,235,740,3372,0.48220640569395,0,0,245,770,249,2948,25,809,238,25
"198","2020-04-02",219,3,219,744,3372,0.48220640569395,0,0,245,770,169,3117,12,821,166,12
"199","2020-04-03",212,3,207,709,3372,0.48220640569395,0,0,245,770,169,3286,30,851,168,30
"200","2020-04-04",199,3,213,693,3372,0.48220640569395,0,0,245,770,237,3523,16,867,232,16
"201","2020-04-05",194,3,247,664,3372,0.48220640569395,0,0,245,770,198,3721,20,887,195,20
"202","2020-04-06",181,3,237,647,3372,0.48220640569395,0,0,245,770,133,3854,18,905,125,18
"203","2020-04-07",190,3,272,631,3372,0.48220640569395,0,0,245,770,174,4028,14,919,170,14
"204","2020-04-08",177,3,307,596,3372,0.48220640569395,0,0,245,770,110,4138,8,927,107,8
"205","2020-04-09",168,3,313,569,3372,0.48220640569395,0,0,245,770,150,4288,36,963,148,36
"206","2020-04-10",157,3,318,547,3372,0.48220640569395,0,0,245,770,133,4421,30,993,132,30
"207","2020-04-11",159,3,331,539,3372,0.48220640569395,0,0,245,770,97,4518,20,1013,95,20
"208","2020-04-12",168,3,319,521,3372,0.48220640569395,0,0,245,770,112,4630,31,1044,111,31
"209","2020-04-13",177,3,314,497,3372,0.48220640569395,0,0,245,770,97,4727,40,1084,96,40
"210","2020-04-14",163,3,319,469,3372,0.48220640569395,0,0,245,770,83,4810,10,1094,82,10
"211","2020-04-15",159,3,310,451,3372,0.48220640569395,0,0,245,770,111,4921,16,1110,110,16
"212","2020-04-16",154,3,297,452,3372,0.48220640569395,0,0,245,770,69,4990,33,1143,65,33
"213","2020-04-17",147,3,265,444,3372,0.48220640569395,0,0,245,770,72,5062,12,1155,71,12
"214","2020-04-18",141,3,254,433,3372,0.48220640569395,0,0,245,770,79,5141,33,1188,79,33
"215","2020-04-19",132,3,242,405,3372,0.48220640569395,0,0,245,770,81,5222,41,1229,79,41
"216","2020-04-20",117,3,234,390,3372,0.48220640569395,0,0,245,770,55,5277,31,1260,54,31
"217","2020-04-21",119,3,257,370,3372,0.48220640569395,0,0,245,770,56,5333,28,1288,54,28
"218","2020-04-22",110,3,248,351,3372,0.48220640569395,0,0,245,770,55,5388,23,1311,53,23
"219","2020-04-23",106,3,229,344,3372,0.48220640569395,0,0,245,770,51,5439,25,1336,50,25
"220","2020-04-24",103,3,223,336,3372,0.48220640569395,0,0,245,770,40,5479,19,1355,39,19
"221","2020-04-25",104,3,219,319,3372,0.48220640569395,0,0,245,770,36,5515,10,1365,33,10
"222","2020-04-26",102,3,215,328,3372,0.48220640569395,0,0,245,770,43,5558,13,1378,41,13
"223","2020-04-27",102,3,193,315,3372,0.48220640569395,0,0,245,770,27,5585,6,1384,27,6
"224","2020-04-28",99,3,191,319,3372,0.48220640569395,0,0,245,770,25,5610,8,1392,25,8
"225","2020-04-29",106,3,181,309,3372,0.48220640569395,0,0,245,770,21,5631,7,1399,20,7
"226","2020-04-30",102,3,184,292,3372,0.48220640569395,0,0,245,770,16,5647,6,1405,14,6
"227","2020-05-01",101,3,187,299,3372,0.48220640569395,0,0,245,770,22,5669,8,1413,19,8
"228","2020-05-02",95,3,189,304,3372,0.48220640569395,0,0,245,770,7,5676,11,1424,7,11
"229","2020-05-03",95,3,213,293,3372,0.48220640569395,0,0,245,770,15,5691,8,1432,13,8
"230","2020-05-04",86,3,216,282,3372,0.48220640569395,0,0,245,770,5,5696,13,1445,4,13
"231","2020-05-05",84,3,217,262,3372,0.48220640569395,0,0,245,770,19,5715,10,1455,19,10
"232","2020-05-06",79,3,204,261,3372,0.48220640569395,0,0,245,770,9,5724,11,1466,7,11
"233","2020-05-07",82,3,208,249,3372,0.48220640569395,0,0,245,770,8,5732,9,1475,8,9
"234","2020-05-08",78,3,203,250,3372,0.48220640569395,0,0,245,770,5,5737,7,1482,5,7
"235","2020-05-09",74,3,194,244,3372,0.48220640569395,0,0,245,770,4,5741,7,1489,3,7
"236","2020-05-10",72,3,176,225,3372,0.48220640569395,0,0,245,770,10,5751,8,1497,7,8
"237","2020-05-11",75,3,166,222,3372,0.48220640569395,0,0,245,770,3,5754,10,1507,3,10
"238","2020-05-12",70,3,156,214,3372,0.48220640569395,0,0,245,770,4,5758,7,1514,4,7
"239","2020-05-13",67,3,145,208,3372,0.48220640569395,0,0,245,770,7,5765,9,1523,4,9
"240","2020-05-14",60,3,135,216,3372,0.48220640569395,0,0,245,770,11,5776,7,1530,7,7
"241","2020-05-15",62,3,124,212,3372,0.48220640569395,0,0,245,770,5,5781,9,1539,5,9
"242","2020-05-16",59,3,119,206,3372,0.48220640569395,0,0,245,770,NA,NA,7,1546,NA,7
"243","2020-05-17",56,3,116,208,3372,0.48220640569395,0,0,245,770,4,5785,4,1550,2,4
"244","2020-05-18",56,3,115,212,3372,0.48220640569395,0,0,245,770,2,5787,6,1556,1,6
"245","2020-05-19",57,3,109,213,3372,0.48220640569395,0,0,245,770,4,5791,5,1561,4,5
"246","2020-05-20",55,3,102,215,3372,0.48220640569395,0,0,245,770,1,5792,5,1566,NA,5
"247","2020-05-21",60,3,96,205,3372,0.48220640569395,0,0,245,770,3,5795,6,1572,2,6
"248","2020-05-22",58,3,90,203,3372,0.48220640569395,0,0,245,770,4,5799,9,1581,3,9
"249","2020-05-23",61,3,89,203,3372,0.48220640569395,0,0,245,770,3,5802,3,1584,2,3
"250","2020-05-24",61,3,85,208,3372,0.48220640569395,0,0,245,770,6,5808,5,1589,3,5
"251","2020-05-25",62,3,77,206,3372,0.48220640569395,0,0,245,770,3,5811,6,1595,3,6
"252","2020-05-26",64,3,72,219,3372,0.48220640569395,0,0,245,770,1,5812,6,1601,1,6
"253","2020-05-27",60,3,67,216,3372,0.48220640569395,0,0,245,770,1,5813,3,1604,NA,3
"254","2020-05-28",60,3,67,216,3372,0.48220640569395,0,0,245,770,2,5815,NA,NA,2,NA
"255","2020-05-29",61,3,70,221,3372,0.48220640569395,0,0,245,770,2,5817,NA,NA,NA,NA
"256","2020-05-30",57,3,77,222,3372,0.48220640569395,0,0,245,770,3,5820,2,1606,1,2
"257","2020-05-31",57,3,77,215,3372,0.48220640569395,0,0,245,770,NA,NA,NA,NA,NA,NA
"258","2020-06-01",54,3,73,218,3372,0.48220640569395,0,0,245,770,2,5822,2,1608,1,2
"259","2020-06-02",54,3,73,220,3372,0.48220640569395,0,0,245,770,2,5824,NA,NA,NA,NA
"260","2020-06-03",62,3,74,216,3372,0.48220640569395,0,0,245,770,4,5828,NA,NA,1,NA
"261","2020-06-04",54,3,74,207,3372,0.48220640569395,0,0,245,770,1,5829,1,1609,1,1
"262","2020-06-05",56,3,75,204,3372,0.48220640569395,0,0,245,770,NA,NA,NA,NA,NA,NA
"263","2020-06-06",59,3,78,205,3372,0.48220640569395,0,0,245,770,2,5831,NA,NA,NA,NA
"264","2020-06-07",60,3,79,199,3372,0.48220640569395,0,0,245,770,2,5833,NA,NA,2,NA
"265","2020-03-12",1,4,81,61,3515,0.778947368421053,0,0,284,331,103,172,96,187,53,96
"266","2020-03-13",4,4,104,94,3515,0.778947368421053,0,0,284,331,155,327,38,225,95,38
"267","2020-03-14",10,4,172,138,3515,0.778947368421053,0,0,284,331,191,518,66,291,138,66
"268","2020-03-15",13,4,221,186,3515,0.778947368421053,0,0,284,331,343,861,38,329,298,38
"269","2020-03-16",16,4,216,228,3515,0.778947368421053,0,0,284,331,335,1196,33,362,302,33
"270","2020-03-17",24,4,194,291,3515,0.778947368421053,0,0,284,331,491,1687,26,388,450,26
"271","2020-03-18",36,4,221,344,3515,0.778947368421053,0,0,284,331,460,2147,33,421,406,33
"272","2020-03-19",57,4,209,385,3515,0.778947368421053,0,0,284,331,537,2684,50,471,508,50
"273","2020-03-20",69,4,194,443,3515,0.778947368421053,0,0,284,331,673,3357,22,493,642,22
"274","2020-03-21",76,4,181,490,3515,0.778947368421053,0,0,284,331,705,4062,14,507,673,14
"275","2020-03-22",86,4,172,548,3515,0.778947368421053,0,0,284,331,611,4673,13,520,585,13
"276","2020-03-23",111,4,153,590,3515,0.778947368421053,0,0,284,331,676,5349,17,537,657,17
"277","2020-03-24",122,4,159,627,3515,0.778947368421053,0,0,284,331,534,5883,12,549,518,12
"278","2020-03-25",134,4,194,663,3515,0.778947368421053,0,0,284,331,419,6302,9,558,410,9
"279","2020-03-26",134,4,193,694,3515,0.778947368421053,0,0,284,331,352,6654,45,603,347,45
"280","2020-03-27",146,4,161,717,3515,0.778947368421053,0,0,284,331,243,6897,27,630,237,27
"281","2020-03-28",161,4,158,766,3515,0.778947368421053,0,0,284,331,231,7128,31,661,224,31
"282","2020-03-29",174,4,206,792,3515,0.778947368421053,0,0,284,331,129,7257,59,720,124,59
"283","2020-03-30",174,4,238,794,3515,0.778947368421053,0,0,284,331,121,7378,32,752,113,32
"284","2020-03-31",191,4,254,798,3515,0.778947368421053,0,0,284,331,90,7468,49,801,87,49
"285","2020-04-01",195,4,267,804,3515,0.778947368421053,0,0,284,331,78,7546,30,831,75,30
"286","2020-04-02",199,4,263,821,3515,0.778947368421053,0,0,284,331,51,7597,34,865,49,34
"287","2020-04-03",203,4,225,833,3515,0.778947368421053,0,0,284,331,45,7642,26,891,44,26
"288","2020-04-04",209,4,190,818,3515,0.778947368421053,0,0,284,331,21,7663,26,917,21,26
"289","2020-04-05",207,4,169,802,3515,0.778947368421053,0,0,284,331,28,7691,14,931,22,14
"290","2020-04-06",210,4,147,790,3515,0.778947368421053,0,0,284,331,19,7710,12,943,18,12
"291","2020-04-07",204,4,166,786,3515,0.778947368421053,0,0,284,331,14,7724,47,990,13,47
"292","2020-04-08",208,4,182,771,3515,0.778947368421053,0,0,284,331,8,7732,72,1062,8,72
"293","2020-04-09",220,4,167,765,3515,0.778947368421053,0,0,284,331,10,7742,47,1109,8,47
"294","2020-04-10",220,4,153,741,3515,0.778947368421053,0,0,284,331,3,7745,23,1132,3,23
"295","2020-04-11",228,4,148,729,3515,0.778947368421053,0,0,284,331,7,7752,24,1156,6,24
"296","2020-04-12",233,4,142,723,3515,0.778947368421053,0,0,284,331,3,7755,28,1184,3,28
"297","2020-04-13",236,4,130,709,3515,0.778947368421053,0,0,284,331,1,7756,32,1216,1,32
"298","2020-04-14",229,4,124,719,3515,0.778947368421053,0,0,284,331,7,7763,14,1230,3,14
"299","2020-04-15",223,4,106,702,3515,0.778947368421053,0,0,284,331,2,7765,9,1239,1,9
"300","2020-04-16",212,4,80,697,3515,0.778947368421053,0,0,284,331,1,7766,23,1262,1,23
"301","2020-04-17",210,4,64,670,3515,0.778947368421053,0,0,284,331,2,7768,60,1322,NA,60
"302","2020-04-18",201,4,67,657,3515,0.778947368421053,0,0,284,331,1,7769,43,1365,1,43
"303","2020-04-19",199,4,71,631,3515,0.778947368421053,0,0,284,331,NA,NA,68,1433,NA,68
"304","2020-04-20",189,4,77,599,3515,0.778947368421053,0,0,284,331,NA,NA,59,1492,NA,59
"305","2020-04-21",192,4,86,577,3515,0.778947368421053,0,0,284,331,2,7771,27,1519,NA,27
"306","2020-04-22",194,4,106,561,3515,0.778947368421053,0,0,284,331,1,7772,22,1541,NA,22
"307","2020-04-23",185,4,96,552,3515,0.778947368421053,0,0,284,331,1,7773,26,1567,1,26
"308","2020-04-24",179,4,104,543,3515,0.778947368421053,0,0,284,331,1,7774,13,1580,NA,13
"309","2020-04-25",171,4,108,532,3515,0.778947368421053,0,0,284,331,NA,NA,28,1608,NA,28
"310","2020-04-26",163,4,95,505,3515,0.778947368421053,0,0,284,331,1,7775,12,1620,NA,12
"311","2020-04-27",166,4,94,481,3515,0.778947368421053,0,0,284,331,NA,NA,6,1626,NA,6
"312","2020-04-28",163,4,92,463,3515,0.778947368421053,0,0,284,331,1,7776,7,1633,NA,7
"313","2020-04-29",169,4,83,435,3515,0.778947368421053,0,0,284,331,2,7778,24,1657,1,24
"314","2020-04-30",161,4,75,400,3515,0.778947368421053,0,0,284,331,2,7780,28,1685,1,28
"315","2020-05-01",148,4,65,378,3515,0.778947368421053,0,0,284,331,NA,NA,8,1693,NA,8
"316","2020-05-02",141,4,65,348,3515,0.778947368421053,0,0,284,331,1,7781,12,1705,NA,12
"317","2020-05-03",137,4,66,342,3515,0.778947368421053,0,0,284,331,NA,NA,15,1720,NA,15
"318","2020-05-04",117,4,70,326,3515,0.778947368421053,0,0,284,331,2,7783,15,1735,1,15
"319","2020-05-05",104,4,75,319,3515,0.778947368421053,0,0,284,331,2,7785,10,1745,1,10
"320","2020-05-06",81,4,70,310,3515,0.778947368421053,0,0,284,331,1,7786,8,1753,NA,8
"321","2020-05-07",80,4,68,281,3515,0.778947368421053,0,0,284,331,1,7787,4,1757,NA,4
"322","2020-05-08",80,4,58,260,3515,0.778947368421053,0,0,284,331,NA,NA,6,1763,NA,6
"323","2020-05-09",71,4,56,245,3515,0.778947368421053,0,0,284,331,NA,NA,14,1777,NA,14
"324","2020-05-10",64,4,53,228,3515,0.778947368421053,0,0,284,331,1,7788,16,1793,1,16
"325","2020-05-11",62,4,53,212,3515,0.778947368421053,0,0,284,331,1,7789,1,1794,NA,1
"326","2020-05-12",63,4,38,195,3515,0.778947368421053,0,0,284,331,NA,NA,7,1801,NA,7
"327","2020-05-13",61,4,35,186,3515,0.778947368421053,0,0,284,331,NA,NA,9,1810,NA,9
"328","2020-05-14",59,4,36,174,3515,0.778947368421053,0,0,284,331,NA,NA,5,1815,NA,5
"329","2020-05-15",57,4,37,172,3515,0.778947368421053,0,0,284,331,NA,NA,7,1822,NA,7
"330","2020-05-16",55,4,30,161,3515,0.778947368421053,0,0,284,331,1,7790,3,1825,NA,3
"331","2020-05-17",49,4,34,156,3515,0.778947368421053,0,0,284,331,NA,NA,3,1828,NA,3
"332","2020-05-18",57,4,36,145,3515,0.778947368421053,0,0,284,331,NA,NA,7,1835,NA,7
"333","2020-05-19",51,4,32,148,3515,0.778947368421053,0,0,284,331,1,7791,NA,NA,NA,NA
"334","2020-05-20",44,4,30,155,3515,0.778947368421053,0,0,284,331,NA,NA,2,1837,NA,2
"335","2020-05-21",45,4,25,161,3515,0.778947368421053,0,0,284,331,1,7792,2,1839,NA,2
"336","2020-05-22",41,4,24,172,3515,0.778947368421053,0,0,284,331,NA,NA,2,1841,NA,2
"337","2020-05-23",47,4,22,176,3515,0.778947368421053,0,0,284,331,NA,NA,2,1843,NA,2
"338","2020-05-24",51,4,23,172,3515,0.778947368421053,0,0,284,331,NA,NA,1,1844,NA,1
"339","2020-05-25",45,4,21,160,3515,0.778947368421053,0,0,284,331,NA,NA,1,1845,NA,1
"340","2020-05-26",47,4,21,158,3515,0.778947368421053,0,0,284,331,NA,NA,2,1847,NA,2
"341","2020-05-27",51,4,21,163,3515,0.778947368421053,0,0,284,331,NA,NA,1,1848,NA,1
"342","2020-05-28",54,4,20,168,3515,0.778947368421053,0,0,284,331,NA,NA,1,1849,NA,1
"343","2020-05-29",57,4,20,163,3515,0.778947368421053,0,0,284,331,1,7793,2,1851,NA,2
"344","2020-05-30",47,4,17,166,3515,0.778947368421053,0,0,284,331,NA,NA,NA,NA,NA,NA
"345","2020-05-31",52,4,17,172,3515,0.778947368421053,0,0,284,331,NA,NA,NA,NA,NA,NA
"346","2020-06-01",50,4,15,166,3515,0.778947368421053,0,0,284,331,NA,NA,NA,NA,NA,NA
"347","2020-06-02",47,4,17,153,3515,0.778947368421053,0,0,284,331,NA,NA,NA,NA,NA,NA
"348","2020-06-03",46,4,16,149,3515,0.778947368421053,0,0,284,331,1,7794,NA,NA,NA,NA
"349","2020-06-04",36,4,16,139,3515,0.778947368421053,0,0,284,331,NA,NA,NA,NA,NA,NA
"350","2020-06-05",39,4,14,134,3515,0.778947368421053,0,0,284,331,1,7795,NA,NA,NA,NA
"351","2020-06-06",42,4,14,129,3515,0.778947368421053,0,0,284,331,NA,NA,NA,NA,NA,NA
"352","2020-06-07",37,4,13,116,3515,0.778947368421053,0,0,284,331,NA,NA,NA,NA,NA,NA
"353","2020-03-13",1,5,95,94,2770,0.575090252707581,0,0,230,369,21,66,35,127,6,35
"354","2020-03-14",2,5,120,137,2770,0.575090252707581,0,0,230,369,23,89,33,160,6,33
"355","2020-03-15",4,5,126,185,2770,0.575090252707581,0,0,230,369,21,110,60,220,7,60
"356","2020-03-16",14,5,108,231,2770,0.575090252707581,0,0,230,369,28,138,32,252,12,32
"357","2020-03-17",24,5,138,286,2770,0.575090252707581,0,0,230,369,25,163,54,306,11,54
"358","2020-03-18",30,5,155,329,2770,0.575090252707581,0,0,230,369,25,188,54,360,8,54
"359","2020-03-19",42,5,137,375,2770,0.575090252707581,0,0,230,369,30,218,55,415,18,55
"360","2020-03-20",54,5,179,404,2770,0.575090252707581,0,0,230,369,27,245,47,462,14,47
"361","2020-03-21",65,5,202,425,2770,0.575090252707581,0,0,230,369,37,282,49,511,21,49
"362","2020-03-22",87,5,192,450,2770,0.575090252707581,0,0,230,369,26,308,52,563,16,52
"363","2020-03-23",90,5,203,476,2770,0.575090252707581,0,0,230,369,19,327,45,608,14,45
"364","2020-03-24",105,5,193,488,2770,0.575090252707581,0,0,230,369,33,360,28,636,17,28
"365","2020-03-25",125,5,184,497,2770,0.575090252707581,0,0,230,369,35,395,47,683,17,47
"366","2020-03-26",135,5,164,501,2770,0.575090252707581,0,0,230,369,26,421,35,718,12,35
"367","2020-03-27",137,5,179,512,2770,0.575090252707581,0,0,230,369,32,453,17,735,22,17
"368","2020-03-28",152,5,164,505,2770,0.575090252707581,0,0,230,369,32,485,27,762,18,27
"369","2020-03-29",156,5,179,508,2770,0.575090252707581,0,0,230,369,20,505,35,797,12,35
"370","2020-03-30",158,5,159,500,2770,0.575090252707581,0,0,230,369,39,544,49,846,24,49
"371","2020-03-31",157,5,169,495,2770,0.575090252707581,0,0,230,369,25,569,35,881,18,35
"372","2020-04-01",149,5,191,489,2770,0.575090252707581,0,0,230,369,32,601,24,905,21,24
"373","2020-04-02",144,5,181,466,2770,0.575090252707581,0,0,230,369,35,636,29,934,24,29
"374","2020-04-03",150,5,159,460,2770,0.575090252707581,0,0,230,369,33,669,34,968,20,34
"375","2020-04-04",138,5,145,439,2770,0.575090252707581,0,0,230,369,27,696,30,998,17,30
"376","2020-04-05",130,5,132,432,2770,0.575090252707581,0,0,230,369,24,720,22,1020,17,22
"377","2020-04-06",134,5,122,416,2770,0.575090252707581,0,0,230,369,20,740,39,1059,13,39
"378","2020-04-07",123,5,106,385,2770,0.575090252707581,0,0,230,369,30,770,25,1084,24,25
"379","2020-04-08",122,5,102,395,2770,0.575090252707581,0,0,230,369,27,797,51,1135,19,51
"380","2020-04-09",114,5,92,384,2770,0.575090252707581,0,0,230,369,26,823,46,1181,15,46
"381","2020-04-10",113,5,87,379,2770,0.575090252707581,0,0,230,369,27,850,33,1214,19,33
"382","2020-04-11",110,5,81,367,2770,0.575090252707581,0,0,230,369,19,869,37,1251,13,37
"383","2020-04-12",106,5,83,362,2770,0.575090252707581,0,0,230,369,27,896,38,1289,15,38
"384","2020-04-13",102,5,79,364,2770,0.575090252707581,0,0,230,369,31,927,23,1312,26,23
"385","2020-04-14",102,5,74,369,2770,0.575090252707581,0,0,230,369,23,950,27,1339,14,27
"386","2020-04-15",97,5,59,358,2770,0.575090252707581,0,0,230,369,25,975,27,1366,20,27
"387","2020-04-16",100,5,58,365,2770,0.575090252707581,0,0,230,369,30,1005,27,1393,22,27
"388","2020-04-17",96,5,63,355,2770,0.575090252707581,0,0,230,369,28,1033,15,1408,18,15
"389","2020-04-18",97,5,68,340,2770,0.575090252707581,0,0,230,369,22,1055,22,1430,16,22
"390","2020-04-19",98,5,71,357,2770,0.575090252707581,0,0,230,369,23,1078,30,1460,20,30
"391","2020-04-20",100,5,84,361,2770,0.575090252707581,0,0,230,369,23,1101,30,1490,17,30
"392","2020-04-21",101,5,91,366,2770,0.575090252707581,0,0,230,369,18,1119,19,1509,15,19
"393","2020-04-22",101,5,107,368,2770,0.575090252707581,0,0,230,369,21,1140,18,1527,15,18
"394","2020-04-23",101,5,106,353,2770,0.575090252707581,0,0,230,369,13,1153,6,1533,11,6
"395","2020-04-24",100,5,102,333,2770,0.575090252707581,0,0,230,369,24,1177,16,1549,20,16
"396","2020-04-25",108,5,87,324,2770,0.575090252707581,0,0,230,369,32,1209,10,1559,27,10
"397","2020-04-26",105,5,79,303,2770,0.575090252707581,0,0,230,369,20,1229,14,1573,15,14
"398","2020-04-27",93,5,76,288,2770,0.575090252707581,0,0,230,369,29,1258,12,1585,22,12
"399","2020-04-28",89,5,72,281,2770,0.575090252707581,0,0,230,369,31,1289,15,1600,25,15
"400","2020-04-29",91,5,75,265,2770,0.575090252707581,0,0,230,369,24,1313,12,1612,17,12
"401","2020-04-30",93,5,78,258,2770,0.575090252707581,0,0,230,369,33,1346,6,1618,27,6
"402","2020-05-01",89,5,78,258,2770,0.575090252707581,0,0,230,369,32,1378,11,1629,30,11
"403","2020-05-02",76,5,80,252,2770,0.575090252707581,0,0,230,369,31,1409,4,1633,31,4
"404","2020-05-03",68,5,75,254,2770,0.575090252707581,0,0,230,369,32,1441,17,1650,28,17
"405","2020-05-04",77,5,69,262,2770,0.575090252707581,0,0,230,369,37,1478,9,1659,34,9
"406","2020-05-05",79,5,62,263,2770,0.575090252707581,0,0,230,369,39,1517,9,1668,32,9
"407","2020-05-06",77,5,55,259,2770,0.575090252707581,0,0,230,369,28,1545,6,1674,27,6
"408","2020-05-07",81,5,49,256,2770,0.575090252707581,0,0,230,369,33,1578,10,1684,25,10
"409","2020-05-08",77,5,47,242,2770,0.575090252707581,0,0,230,369,31,1609,6,1690,30,6
"410","2020-05-09",77,5,35,239,2770,0.575090252707581,0,0,230,369,39,1648,11,1701,36,11
"411","2020-05-10",80,5,36,236,2770,0.575090252707581,0,0,230,369,27,1675,13,1714,26,13
"412","2020-05-11",72,5,33,242,2770,0.575090252707581,0,0,230,369,29,1704,10,1724,28,10
"413","2020-05-12",65,5,27,256,2770,0.575090252707581,0,0,230,369,26,1730,15,1739,23,15
"414","2020-05-13",71,5,31,258,2770,0.575090252707581,0,0,230,369,24,1754,9,1748,23,9
"415","2020-05-14",57,5,28,261,2770,0.575090252707581,0,0,230,369,32,1786,5,1753,30,5
"416","2020-05-15",59,5,29,253,2770,0.575090252707581,0,0,230,369,43,1829,6,1759,43,6
"417","2020-05-16",60,5,27,255,2770,0.575090252707581,0,0,230,369,30,1859,5,1764,24,5
"418","2020-05-17",55,5,23,254,2770,0.575090252707581,0,0,230,369,37,1896,2,1766,36,2
"419","2020-05-18",58,5,21,265,2770,0.575090252707581,0,0,230,369,39,1935,8,1774,31,8
"420","2020-05-19",64,5,21,260,2770,0.575090252707581,0,0,230,369,21,1956,10,1784,18,10
"421","2020-05-20",60,5,18,261,2770,0.575090252707581,0,0,230,369,30,1986,13,1797,25,13
"422","2020-05-21",66,5,16,264,2770,0.575090252707581,0,0,230,369,30,2016,11,1808,25,11
"423","2020-05-22",67,5,16,266,2770,0.575090252707581,0,0,230,369,32,2048,10,1818,29,10
"424","2020-05-23",66,5,12,260,2770,0.575090252707581,0,0,230,369,46,2094,6,1824,45,6
"425","2020-05-24",70,5,12,266,2770,0.575090252707581,0,0,230,369,30,2124,5,1829,28,5
"426","2020-05-25",73,5,11,258,2770,0.575090252707581,0,0,230,369,36,2160,8,1837,31,8
"427","2020-05-26",79,5,14,260,2770,0.575090252707581,0,0,230,369,31,2191,12,1849,26,12
"428","2020-05-27",78,5,16,261,2770,0.575090252707581,0,0,230,369,30,2221,10,1859,28,10
"429","2020-05-28",81,5,19,260,2770,0.575090252707581,0,0,230,369,34,2255,5,1864,30,5
"430","2020-05-29",80,5,16,265,2770,0.575090252707581,0,0,230,369,22,2277,7,1871,21,7
"431","2020-05-30",81,5,22,267,2770,0.575090252707581,0,0,230,369,35,2312,10,1881,31,10
"432","2020-05-31",82,5,26,265,2770,0.575090252707581,0,0,230,369,30,2342,5,1886,26,5
"433","2020-06-01",81,5,28,257,2770,0.575090252707581,0,0,230,369,20,2362,9,1895,19,9
"434","2020-06-02",72,5,36,255,2770,0.575090252707581,0,0,230,369,28,2390,6,1901,26,6
"435","2020-06-03",67,5,39,254,2770,0.575090252707581,0,0,230,369,37,2427,9,1910,34,9
"436","2020-06-04",67,5,36,252,2770,0.575090252707581,0,0,230,369,28,2455,5,1915,23,5
"437","2020-06-05",72,5,30,254,2770,0.575090252707581,0,0,230,369,29,2484,5,1920,26,5
"438","2020-06-06",71,5,25,257,2770,0.575090252707581,0,0,230,369,23,2507,14,1934,20,14
"439","2020-06-07",79,5,24,244,2770,0.575090252707581,0,0,230,369,20,2527,8,1942,18,8
"440","2020-03-13",2,6,128,157,8035,0.929558182949595,0,0,627,649,48,125,32,136,2,32
"441","2020-03-14",2,6,131,264,8035,0.929558182949595,0,0,627,649,39,164,30,166,3,30
"442","2020-03-15",11,6,129,372,8035,0.929558182949595,0,0,627,649,28,192,64,230,4,64
"443","2020-03-16",28,6,204,515,8035,0.929558182949595,0,0,627,649,29,221,41,271,2,41
"444","2020-03-17",45,6,207,714,8035,0.929558182949595,0,0,627,649,41,262,21,292,6,21
"445","2020-03-18",65,6,174,979,8035,0.929558182949595,0,0,627,649,41,303,21,313,13,21
"446","2020-03-19",100,6,188,1259,8035,0.929558182949595,0,0,627,649,36,339,16,329,12,16
"447","2020-03-20",146,6,228,1592,8035,0.929558182949595,0,0,627,649,24,363,12,341,7,12
"448","2020-03-21",218,6,204,1959,8035,0.929558182949595,0,0,627,649,30,393,15,356,4,15
"449","2020-03-22",273,6,191,2349,8035,0.929558182949595,0,0,627,649,26,419,43,399,5,43
"450","2020-03-23",348,6,194,2749,8035,0.929558182949595,0,0,627,649,28,447,30,429,7,30
"451","2020-03-24",449,6,195,3207,8035,0.929558182949595,0,0,627,649,27,474,16,445,7,16
"452","2020-03-25",552,6,236,3567,8035,0.929558182949595,0,0,627,649,30,504,42,487,9,42
"453","2020-03-26",661,6,232,3925,8035,0.929558182949595,0,0,627,649,31,535,33,520,10,33
"454","2020-03-27",762,6,225,4204,8035,0.929558182949595,0,0,627,649,27,562,59,579,9,59
"455","2020-03-28",851,6,229,4469,8035,0.929558182949595,0,0,627,649,34,596,56,635,14,56
"456","2020-03-29",979,6,245,4654,8035,0.929558182949595,0,0,627,649,24,620,35,670,5,35
"457","2020-03-30",1072,6,273,4642,8035,0.929558182949595,0,0,627,649,43,663,22,692,11,22
"458","2020-03-31",1137,6,282,4635,8035,0.929558182949595,0,0,627,649,23,686,13,705,9,13
"459","2020-04-01",1181,6,268,4521,8035,0.929558182949595,0,0,627,649,38,724,15,720,17,15
"460","2020-04-02",1211,6,269,4313,8035,0.929558182949595,0,0,627,649,32,756,7,727,17,7
"461","2020-04-03",1266,6,270,4044,8035,0.929558182949595,0,0,627,649,27,783,14,741,14,14
"462","2020-04-04",1254,6,267,3779,8035,0.929558182949595,0,0,627,649,39,822,52,793,22,52
"463","2020-04-05",1224,6,241,3407,8035,0.929558182949595,0,0,627,649,36,858,27,820,17,27
"464","2020-04-06",1199,6,220,3007,8035,0.929558182949595,0,0,627,649,21,879,15,835,9,15
"465","2020-04-07",1155,6,195,2618,8035,0.929558182949595,0,0,627,649,17,896,8,843,6,8
"466","2020-04-08",1102,6,170,2239,8035,0.929558182949595,0,0,627,649,26,922,22,865,9,22
"467","2020-04-09",1020,6,167,1882,8035,0.929558182949595,0,0,627,649,16,938,15,880,6,15
"468","2020-04-10",883,6,186,1578,8035,0.929558182949595,0,0,627,649,30,968,26,906,10,26
"469","2020-04-11",805,6,177,1280,8035,0.929558182949595,0,0,627,649,30,998,22,928,14,22
"470","2020-04-12",696,6,147,1028,8035,0.929558182949595,0,0,627,649,27,1025,18,946,16,18
"471","2020-04-13",582,6,132,832,8035,0.929558182949595,0,0,627,649,29,1054,18,964,15,18
"472","2020-04-14",471,6,150,674,8035,0.929558182949595,0,0,627,649,23,1077,29,993,12,29
"473","2020-04-15",390,6,164,527,8035,0.929558182949595,0,0,627,649,29,1106,14,1007,13,14
"474","2020-04-16",315,6,194,417,8035,0.929558182949595,0,0,627,649,18,1124,13,1020,10,13
"475","2020-04-17",263,6,200,325,8035,0.929558182949595,0,0,627,649,21,1145,10,1030,11,10
"476","2020-04-18",205,6,175,232,8035,0.929558182949595,0,0,627,649,25,1170,27,1057,17,27
"477","2020-04-19",165,6,146,181,8035,0.929558182949595,0,0,627,649,28,1198,34,1091,17,34
"478","2020-04-20",128,6,123,127,8035,0.929558182949595,0,0,627,649,23,1221,19,1110,7,19
"479","2020-04-21",106,6,113,92,8035,0.929558182949595,0,0,627,649,16,1237,22,1132,9,22
"480","2020-04-22",75,6,96,73,8035,0.929558182949595,0,0,627,649,20,1257,33,1165,13,33
"481","2020-04-23",63,6,77,56,8035,0.929558182949595,0,0,627,649,28,1285,21,1186,17,21
"482","2020-04-24",51,6,64,41,8035,0.929558182949595,0,0,627,649,19,1304,21,1207,15,21
"483","2020-04-25",40,6,56,31,8035,0.929558182949595,0,0,627,649,17,1321,20,1227,7,20
"484","2020-04-26",27,6,45,25,8035,0.929558182949595,0,0,627,649,18,1339,27,1254,17,27
"485","2020-04-27",22,6,39,22,8035,0.929558182949595,0,0,627,649,19,1358,16,1270,11,16
"486","2020-04-28",16,6,31,15,8035,0.929558182949595,0,0,627,649,16,1374,16,1286,10,16
"487","2020-04-29",14,6,28,13,8035,0.929558182949595,0,0,627,649,23,1397,14,1300,15,14
"488","2020-04-30",10,6,28,10,8035,0.929558182949595,0,0,627,649,13,1410,15,1315,9,15
"489","2020-05-01",7,6,33,7,8035,0.929558182949595,0,0,627,649,21,1431,17,1332,11,17
"490","2020-05-02",5,6,48,8,8035,0.929558182949595,0,0,627,649,17,1448,10,1342,9,10
"491","2020-05-03",5,6,56,7,8035,0.929558182949595,0,0,627,649,11,1459,16,1358,8,16
"492","2020-05-04",2,6,53,7,8035,0.929558182949595,0,0,627,649,27,1486,15,1373,18,15
"493","2020-05-05",2,6,55,8,8035,0.929558182949595,0,0,627,649,20,1506,8,1381,16,8
"494","2020-05-06",2,6,56,7,8035,0.929558182949595,0,0,627,649,12,1518,17,1398,4,17
"495","2020-05-07",1,6,55,8,8035,0.929558182949595,0,0,627,649,10,1528,7,1405,8,7
"496","2020-05-08",1,6,44,6,8035,0.929558182949595,0,0,627,649,18,1546,21,1426,10,21
"497","2020-05-09",1,6,42,6,8035,0.929558182949595,0,0,627,649,15,1561,19,1445,4,19
"498","2020-05-10",1,6,38,6,8035,0.929558182949595,0,0,627,649,14,1575,9,1454,6,9
"499","2020-05-11",0,6,0,0,8035,0.929558182949595,0,0,627,649,17,1592,5,1459,9,5
"500","2020-05-12",0,6,0,0,8035,0.929558182949595,0,0,627,649,21,1613,6,1465,14,6
"501","2020-05-13",0,6,0,0,8035,0.929558182949595,0,0,627,649,12,1625,11,1476,6,11
"502","2020-05-14",0,6,0,0,8035,0.929558182949595,0,0,627,649,15,1640,2,1478,11,2
"503","2020-05-15",0,6,0,0,8035,0.929558182949595,0,0,627,649,22,1662,8,1486,14,8
"504","2020-05-16",0,6,0,0,8035,0.929558182949595,0,0,627,649,19,1681,9,1495,11,9
"505","2020-05-17",0,6,0,0,8035,0.929558182949595,0,0,627,649,18,1699,9,1504,10,9
"506","2020-05-18",0,6,0,0,8035,0.929558182949595,0,0,627,649,24,1723,12,1516,12,12
"507","2020-05-19",0,6,0,0,8035,0.929558182949595,0,0,627,649,20,1743,7,1523,13,7
"508","2020-05-20",0,6,0,0,8035,0.929558182949595,0,0,627,649,19,1762,7,1530,14,7
"509","2020-05-21",0,6,0,0,8035,0.929558182949595,0,0,627,649,15,1777,8,1538,9,8
"510","2020-05-22",0,6,0,0,8035,0.929558182949595,0,0,627,649,11,1788,5,1543,6,5
"511","2020-05-23",0,6,0,0,8035,0.929558182949595,0,0,627,649,13,1801,4,1547,8,4
"512","2020-05-24",0,6,0,0,8035,0.929558182949595,0,0,627,649,23,1824,9,1556,13,9
"513","2020-05-25",0,6,0,0,8035,0.929558182949595,0,0,627,649,22,1846,6,1562,18,6
"514","2020-05-26",1,6,13,3,8035,0.929558182949595,0,0,627,649,14,1860,10,1572,9,10
"515","2020-05-27",1,6,11,3,8035,0.929558182949595,0,0,627,649,19,1879,8,1580,10,8
"516","2020-05-28",1,6,11,4,8035,0.929558182949595,0,0,627,649,19,1898,4,1584,15,4
"517","2020-05-29",1,6,9,5,8035,0.929558182949595,0,0,627,649,16,1914,9,1593,12,9
"518","2020-05-30",2,6,9,5,8035,0.929558182949595,0,0,627,649,16,1930,5,1598,14,5
"519","2020-05-31",2,6,10,6,8035,0.929558182949595,0,0,627,649,17,1947,4,1602,9,4
"520","2020-06-01",2,6,10,8,8035,0.929558182949595,0,0,627,649,16,1963,3,1605,13,3
"521","2020-06-02",1,6,9,10,8035,0.929558182949595,0,0,627,649,13,1976,7,1612,9,7
"522","2020-06-03",1,6,10,9,8035,0.929558182949595,0,0,627,649,19,1995,4,1616,10,4
"523","2020-06-04",1,6,9,8,8035,0.929558182949595,0,0,627,649,11,2006,4,1620,5,4
"524","2020-06-05",1,6,9,9,8035,0.929558182949595,0,0,627,649,3,2009,2,1622,2,2
"525","2020-06-06",1,6,9,8,8035,0.929558182949595,0,0,627,649,20,2029,NA,NA,12,NA
"526","2020-06-07",1,6,9,7,8035,0.929558182949595,0,0,627,649,16,2045,NA,NA,8,NA
"527","2020-03-13",3,7,84,205,3123,0.345180915786103,0,0,284,288,33,81,88,186,14,88
"528","2020-03-14",7,7,79,279,3123,0.345180915786103,0,0,284,288,26,107,37,223,11,37
"529","2020-03-15",15,7,123,346,3123,0.345180915786103,0,0,284,288,38,145,59,282,13,59
"530","2020-03-16",26,7,148,425,3123,0.345180915786103,0,0,284,288,27,172,29,311,10,29
"531","2020-03-17",44,7,171,496,3123,0.345180915786103,0,0,284,288,36,208,18,329,19,18
"532","2020-03-18",64,7,162,577,3123,0.345180915786103,0,0,284,288,42,250,14,343,21,14
"533","2020-03-19",86,7,165,622,3123,0.345180915786103,0,0,284,288,27,277,10,353,15,10
"534","2020-03-20",109,7,145,670,3123,0.345180915786103,0,0,284,288,25,302,3,356,17,3
"535","2020-03-21",135,7,136,720,3123,0.345180915786103,0,0,284,288,43,345,10,366,31,10
"536","2020-03-22",155,7,127,761,3123,0.345180915786103,0,0,284,288,32,377,15,381,15,15
"537","2020-03-23",177,7,143,771,3123,0.345180915786103,0,0,284,288,44,421,8,389,32,8
"538","2020-03-24",192,7,140,768,3123,0.345180915786103,0,0,284,288,38,459,7,396,27,7
"539","2020-03-25",205,7,160,756,3123,0.345180915786103,0,0,284,288,24,483,14,410,16,14
"540","2020-03-26",208,7,160,754,3123,0.345180915786103,0,0,284,288,49,532,43,453,34,43
"541","2020-03-27",213,7,177,752,3123,0.345180915786103,0,0,284,288,24,556,24,477,16,24
"542","2020-03-28",220,7,207,732,3123,0.345180915786103,0,0,284,288,42,598,13,490,27,13
"543","2020-03-29",217,7,211,697,3123,0.345180915786103,0,0,284,288,26,624,6,496,19,6
"544","2020-03-30",209,7,228,691,3123,0.345180915786103,0,0,284,288,45,669,10,506,30,10
"545","2020-03-31",204,7,237,664,3123,0.345180915786103,0,0,284,288,34,703,18,524,25,18
"546","2020-04-01",197,7,237,662,3123,0.345180915786103,0,0,284,288,29,732,8,532,20,8
"547","2020-04-02",195,7,230,631,3123,0.345180915786103,0,0,284,288,32,764,5,537,22,5
"548","2020-04-03",183,7,217,602,3123,0.345180915786103,0,0,284,288,42,806,3,540,27,3
"549","2020-04-04",175,7,203,578,3123,0.345180915786103,0,0,284,288,43,849,7,547,34,7
"550","2020-04-05",176,7,175,563,3123,0.345180915786103,0,0,284,288,32,881,4,551,25,4
"551","2020-04-06",180,7,142,540,3123,0.345180915786103,0,0,284,288,30,911,5,556,26,5
"552","2020-04-07",175,7,119,517,3123,0.345180915786103,0,0,284,288,30,941,42,598,24,42
"553","2020-04-08",167,7,108,497,3123,0.345180915786103,0,0,284,288,30,971,31,629,21,31
"554","2020-04-09",175,7,104,497,3123,0.345180915786103,0,0,284,288,33,1004,12,641,28,12
"555","2020-04-10",175,7,113,497,3123,0.345180915786103,0,0,284,288,31,1035,10,651,24,10
"556","2020-04-11",161,7,113,489,3123,0.345180915786103,0,0,284,288,45,1080,36,687,35,36
"557","2020-04-12",155,7,126,484,3123,0.345180915786103,0,0,284,288,19,1099,23,710,18,23
"558","2020-04-13",146,7,112,437,3123,0.345180915786103,0,0,284,288,30,1129,20,730,22,20
"559","2020-04-14",136,7,101,419,3123,0.345180915786103,0,0,284,288,29,1158,41,771,20,41
"560","2020-04-15",141,7,88,404,3123,0.345180915786103,0,0,284,288,33,1191,51,822,26,52
"561","2020-04-16",126,7,88,380,3123,0.345180915786103,0,0,284,288,33,1224,43,865,32,43
"562","2020-04-17",123,7,89,363,3123,0.345180915786103,0,0,284,288,22,1246,39,904,19,39
"563","2020-04-18",121,7,88,358,3123,0.345180915786103,0,0,284,288,20,1266,25,929,16,25
"564","2020-04-19",117,7,85,352,3123,0.345180915786103,0,0,284,288,28,1294,24,953,21,24
"565","2020-04-20",116,7,80,331,3123,0.345180915786103,0,0,284,288,19,1313,8,961,18,8
"566","2020-04-21",123,7,60,320,3123,0.345180915786103,0,0,284,288,22,1335,30,991,22,30
"567","2020-04-22",116,7,52,306,3123,0.345180915786103,0,0,284,288,22,1357,23,1014,19,23
"568","2020-04-23",113,7,46,289,3123,0.345180915786103,0,0,284,288,24,1381,13,1027,16,13
"569","2020-04-24",105,7,43,279,3123,0.345180915786103,0,0,284,288,22,1403,23,1050,14,23
"570","2020-04-25",102,7,39,262,3123,0.345180915786103,0,0,284,288,19,1422,29,1079,14,29
"571","2020-04-26",94,7,25,252,3123,0.345180915786103,0,0,284,288,23,1445,24,1103,17,24
"572","2020-04-27",88,7,26,267,3123,0.345180915786103,0,0,284,288,14,1459,13,1116,12,13
"573","2020-04-28",79,7,37,263,3123,0.345180915786103,0,0,284,288,23,1482,12,1128,20,12
"574","2020-04-29",76,7,39,259,3123,0.345180915786103,0,0,284,288,16,1498,9,1137,10,9
"575","2020-04-30",74,7,32,249,3123,0.345180915786103,0,0,284,288,19,1517,3,1140,15,3
"576","2020-05-01",77,7,35,238,3123,0.345180915786103,0,0,284,288,17,1534,7,1147,15,7
"577","2020-05-02",76,7,28,230,3123,0.345180915786103,0,0,284,288,18,1552,11,1158,15,11
"578","2020-05-03",75,7,33,232,3123,0.345180915786103,0,0,284,288,20,1572,8,1166,14,8
"579","2020-05-04",71,7,34,237,3123,0.345180915786103,0,0,284,288,27,1599,8,1174,22,8
"580","2020-05-05",67,7,31,232,3123,0.345180915786103,0,0,284,288,28,1627,4,1178,24,4
"581","2020-05-06",64,7,35,228,3123,0.345180915786103,0,0,284,288,13,1640,4,1182,10,4
"582","2020-05-07",61,7,36,221,3123,0.345180915786103,0,0,284,288,19,1659,8,1190,15,8
"583","2020-05-08",59,7,34,213,3123,0.345180915786103,0,0,284,288,20,1679,9,1199,14,9
"584","2020-05-09",59,7,31,218,3123,0.345180915786103,0,0,284,288,18,1697,7,1206,13,7
"585","2020-05-10",66,7,26,212,3123,0.345180915786103,0,0,284,288,19,1716,7,1213,16,7
"586","2020-05-11",63,7,21,207,3123,0.345180915786103,0,0,284,288,24,1740,2,1215,19,2
"587","2020-05-12",60,7,21,207,3123,0.345180915786103,0,0,284,288,19,1759,2,1217,18,2
"588","2020-05-13",61,7,17,192,3123,0.345180915786103,0,0,284,288,22,1781,4,1221,17,4
"589","2020-05-14",57,7,14,186,3123,0.345180915786103,0,0,284,288,25,1806,6,1227,22,6
"590","2020-05-15",54,7,13,189,3123,0.345180915786103,0,0,284,288,27,1833,9,1236,23,9
"591","2020-05-16",50,7,8,189,3123,0.345180915786103,0,0,284,288,31,1864,4,1240,26,4
"592","2020-05-17",44,7,11,191,3123,0.345180915786103,0,0,284,288,20,1884,1,1241,16,1
"593","2020-05-18",45,7,13,186,3123,0.345180915786103,0,0,284,288,19,1903,2,1243,17,2
"594","2020-05-19",47,7,11,191,3123,0.345180915786103,0,0,284,288,27,1930,NA,NA,21,NA
"595","2020-05-20",46,7,12,185,3123,0.345180915786103,0,0,284,288,31,1961,NA,NA,26,NA
"596","2020-05-21",48,7,9,190,3123,0.345180915786103,0,0,284,288,22,1983,1,1244,20,1
"597","2020-05-22",49,7,8,187,3123,0.345180915786103,0,0,284,288,26,2009,2,1246,22,2
"598","2020-05-23",50,7,10,187,3123,0.345180915786103,0,0,284,288,27,2036,2,1248,24,2
"599","2020-05-24",56,7,10,188,3123,0.345180915786103,0,0,284,288,16,2052,3,1251,13,3
"600","2020-05-25",54,7,8,181,3123,0.345180915786103,0,0,284,288,24,2076,8,1259,22,8
"601","2020-05-26",56,7,8,179,3123,0.345180915786103,0,0,284,288,20,2096,4,1263,12,4
"602","2020-05-27",55,7,7,171,3123,0.345180915786103,0,0,284,288,25,2121,3,1266,21,3
"603","2020-05-28",60,7,8,183,3123,0.345180915786103,0,0,284,288,31,2152,NA,NA,28,NA
"604","2020-05-29",58,7,9,181,3123,0.345180915786103,0,0,284,288,27,2179,1,1267,22,1
"605","2020-05-30",60,7,9,187,3123,0.345180915786103,0,0,284,288,18,2197,NA,NA,16,NA
"606","2020-05-31",50,7,10,183,3123,0.345180915786103,0,0,284,288,28,2225,NA,NA,25,NA
"607","2020-06-01",52,7,8,188,3123,0.345180915786103,0,0,284,288,26,2251,NA,NA,23,NA
"608","2020-06-02",57,7,14,179,3123,0.345180915786103,0,0,284,288,12,2263,NA,NA,11,NA
"609","2020-06-03",55,7,16,188,3123,0.345180915786103,0,0,284,288,19,2282,NA,NA,18,NA
"610","2020-06-04",52,7,19,188,3123,0.345180915786103,0,0,284,288,21,2303,NA,NA,17,NA
"611","2020-06-05",51,7,20,177,3123,0.345180915786103,0,0,284,288,22,2325,1,1268,21,1
"612","2020-06-06",50,7,17,176,3123,0.345180915786103,0,0,284,288,22,2347,1,1269,22,1
"613","2020-06-07",55,7,16,184,3123,0.345180915786103,0,0,284,288,28,2375,1,1270,24,1
"614","2020-03-13",2,8,166,143,2956,0.510148849797023,0,0,254,899,31,123,37,122,5,37
"615","2020-03-14",5,8,182,211,2956,0.510148849797023,0,0,254,899,38,161,42,164,6,42
"616","2020-03-15",7,8,189,263,2956,0.510148849797023,0,0,254,899,37,198,40,204,2,40
"617","2020-03-16",14,8,211,320,2956,0.510148849797023,0,0,254,899,39,237,68,272,4,68
"618","2020-03-17",32,8,211,371,2956,0.510148849797023,0,0,254,899,26,263,35,307,6,35
"619","2020-03-18",49,8,214,423,2956,0.510148849797023,0,0,254,899,38,301,23,330,9,23
"620","2020-03-19",65,8,246,468,2956,0.510148849797023,0,0,254,899,30,331,19,349,5,19
"621","2020-03-20",81,8,258,502,2956,0.510148849797023,0,0,254,899,31,362,22,371,8,22
"622","2020-03-21",102,8,251,547,2956,0.510148849797023,0,0,254,899,39,401,31,402,6,31
"623","2020-03-22",130,8,248,580,2956,0.510148849797023,0,0,254,899,41,442,47,449,13,47
"624","2020-03-23",140,8,228,597,2956,0.510148849797023,0,0,254,899,35,477,20,469,6,20
"625","2020-03-24",143,8,234,617,2956,0.510148849797023,0,0,254,899,36,513,23,492,9,23
"626","2020-03-25",143,8,247,632,2956,0.510148849797023,0,0,254,899,34,547,49,541,9,49
"627","2020-03-26",154,8,273,642,2956,0.510148849797023,0,0,254,899,31,578,44,585,10,44
"628","2020-03-27",163,8,268,633,2956,0.510148849797023,0,0,254,899,35,613,30,615,10,30
"629","2020-03-28",167,8,284,622,2956,0.510148849797023,0,0,254,899,38,651,15,630,14,15
"630","2020-03-29",159,8,284,620,2956,0.510148849797023,0,0,254,899,28,679,25,655,9,25
"631","2020-03-30",178,8,257,589,2956,0.510148849797023,0,0,254,899,46,725,19,674,16,19
"632","2020-03-31",185,8,244,542,2956,0.510148849797023,0,0,254,899,42,767,34,708,21,34
"633","2020-04-01",194,8,233,555,2956,0.510148849797023,0,0,254,899,30,797,21,729,10,21
"634","2020-04-02",193,8,218,562,2956,0.510148849797023,0,0,254,899,28,825,15,744,12,15
"635","2020-04-03",184,8,211,567,2956,0.510148849797023,0,0,254,899,39,864,40,784,15,40
"636","2020-04-04",182,8,199,556,2956,0.510148849797023,0,0,254,899,32,896,28,812,14,28
"637","2020-04-05",178,8,183,545,2956,0.510148849797023,0,0,254,899,34,930,42,854,15,42
"638","2020-04-06",156,8,174,544,2956,0.510148849797023,0,0,254,899,22,952,48,902,10,48
"639","2020-04-07",160,8,162,539,2956,0.510148849797023,0,0,254,899,20,972,48,950,7,48
"640","2020-04-08",157,8,163,545,2956,0.510148849797023,0,0,254,899,23,995,16,966,7,16
"641","2020-04-09",152,8,170,544,2956,0.510148849797023,0,0,254,899,31,1026,19,985,16,19
"642","2020-04-10",156,8,186,524,2956,0.510148849797023,0,0,254,899,18,1044,23,1008,9,23
"643","2020-04-11",151,8,231,519,2956,0.510148849797023,0,0,254,899,28,1072,36,1044,10,36
"644","2020-04-12",153,8,211,510,2956,0.510148849797023,0,0,254,899,21,1093,28,1072,10,28
"645","2020-04-13",160,8,213,511,2956,0.510148849797023,0,0,254,899,21,1114,36,1108,8,36
"646","2020-04-14",151,8,199,486,2956,0.510148849797023,0,0,254,899,20,1134,29,1137,11,29
"647","2020-04-15",153,8,181,473,2956,0.510148849797023,0,0,254,899,16,1150,21,1158,6,21
"648","2020-04-16",154,8,199,447,2956,0.510148849797023,0,0,254,899,20,1170,31,1189,6,31
"649","2020-04-17",154,8,205,422,2956,0.510148849797023,0,0,254,899,20,1190,32,1221,8,32
"650","2020-04-18",145,8,213,424,2956,0.510148849797023,0,0,254,899,19,1209,22,1243,7,22
"651","2020-04-19",146,8,200,414,2956,0.510148849797023,0,0,254,899,23,1232,25,1268,8,25
"652","2020-04-20",142,8,200,387,2956,0.510148849797023,0,0,254,899,17,1249,23,1291,9,23
"653","2020-04-21",132,8,204,357,2956,0.510148849797023,0,0,254,899,26,1275,12,1303,17,12
"654","2020-04-22",133,8,185,343,2956,0.510148849797023,0,0,254,899,10,1285,12,1315,5,12
"655","2020-04-23",124,8,183,334,2956,0.510148849797023,0,0,254,899,19,1304,16,1331,14,16
"656","2020-04-24",116,8,203,323,2956,0.510148849797023,0,0,254,899,12,1316,11,1342,7,11
"657","2020-04-25",114,8,188,314,2956,0.510148849797023,0,0,254,899,14,1330,13,1355,6,13
"658","2020-04-26",97,8,177,290,2956,0.510148849797023,0,0,254,899,19,1349,5,1360,10,5
"659","2020-04-27",88,8,176,284,2956,0.510148849797023,0,0,254,899,20,1369,17,1377,9,17
"660","2020-04-28",90,8,191,289,2956,0.510148849797023,0,0,254,899,17,1386,7,1384,10,7
"661","2020-04-29",75,8,176,277,2956,0.510148849797023,0,0,254,899,10,1396,7,1391,7,7
"662","2020-04-30",76,8,170,269,2956,0.510148849797023,0,0,254,899,14,1410,16,1407,7,16
"663","2020-05-01",67,8,142,251,2956,0.510148849797023,0,0,254,899,14,1424,9,1416,6,9
"664","2020-05-02",65,8,124,246,2956,0.510148849797023,0,0,254,899,16,1440,5,1421,5,5
"665","2020-05-03",75,8,125,247,2956,0.510148849797023,0,0,254,899,17,1457,3,1424,5,3
"666","2020-05-04",78,8,131,240,2956,0.510148849797023,0,0,254,899,14,1471,5,1429,7,5
"667","2020-05-05",77,8,142,242,2956,0.510148849797023,0,0,254,899,10,1481,7,1436,6,7
"668","2020-05-06",76,8,146,227,2956,0.510148849797023,0,0,254,899,13,1494,6,1442,6,6
"669","2020-05-07",68,8,153,214,2956,0.510148849797023,0,0,254,899,22,1516,8,1450,8,8
"670","2020-05-08",75,8,140,206,2956,0.510148849797023,0,0,254,899,13,1529,5,1455,4,5
"671","2020-05-09",76,8,134,206,2956,0.510148849797023,0,0,254,899,14,1543,2,1457,7,2
"672","2020-05-10",71,8,117,206,2956,0.510148849797023,0,0,254,899,10,1553,10,1467,5,10
"673","2020-05-11",72,8,110,207,2956,0.510148849797023,0,0,254,899,13,1566,7,1474,8,7
"674","2020-05-12",68,8,98,208,2956,0.510148849797023,0,0,254,899,10,1576,12,1486,6,12
"675","2020-05-13",67,8,89,196,2956,0.510148849797023,0,0,254,899,14,1590,7,1493,6,7
"676","2020-05-14",65,8,79,191,2956,0.510148849797023,0,0,254,899,9,1599,8,1501,3,8
"677","2020-05-15",62,8,73,184,2956,0.510148849797023,0,0,254,899,14,1613,5,1506,9,5
"678","2020-05-16",60,8,65,194,2956,0.510148849797023,0,0,254,899,9,1622,7,1513,1,7
"679","2020-05-17",57,8,69,199,2956,0.510148849797023,0,0,254,899,17,1639,10,1523,8,10
"680","2020-05-18",54,8,65,200,2956,0.510148849797023,0,0,254,899,12,1651,6,1529,4,6
"681","2020-05-19",57,8,60,197,2956,0.510148849797023,0,0,254,899,19,1670,5,1534,9,5
"682","2020-05-20",53,8,66,210,2956,0.510148849797023,0,0,254,899,13,1683,5,1539,5,5
"683","2020-05-21",60,8,63,199,2956,0.510148849797023,0,0,254,899,16,1699,1,1540,9,1
"684","2020-05-22",62,8,66,211,2956,0.510148849797023,0,0,254,899,17,1716,3,1543,4,3
"685","2020-05-23",58,8,71,216,2956,0.510148849797023,0,0,254,899,10,1726,3,1546,4,3
"686","2020-05-24",60,8,76,203,2956,0.510148849797023,0,0,254,899,10,1736,2,1548,5,2
"687","2020-05-25",58,8,69,196,2956,0.510148849797023,0,0,254,899,16,1752,2,1550,8,2
"688","2020-05-26",50,8,69,205,2956,0.510148849797023,0,0,254,899,16,1768,4,1554,7,4
"689","2020-05-27",52,8,68,218,2956,0.510148849797023,0,0,254,899,11,1779,1,1555,5,1
"690","2020-05-28",47,8,72,213,2956,0.510148849797023,0,0,254,899,16,1795,7,1562,8,7
"691","2020-05-29",52,8,77,205,2956,0.510148849797023,0,0,254,899,16,1811,5,1567,14,5
"692","2020-05-30",60,8,76,212,2956,0.510148849797023,0,0,254,899,23,1834,5,1572,17,5
"693","2020-05-31",59,8,75,206,2956,0.510148849797023,0,0,254,899,15,1849,4,1576,8,4
"694","2020-06-01",55,8,70,212,2956,0.510148849797023,0,0,254,899,15,1864,3,1579,7,3
"695","2020-06-02",59,8,67,207,2956,0.510148849797023,0,0,254,899,12,1876,3,1582,6,3
"696","2020-06-03",63,8,85,212,2956,0.510148849797023,0,0,254,899,18,1894,2,1584,9,2
"697","2020-06-04",60,8,87,192,2956,0.510148849797023,0,0,254,899,17,1911,3,1587,5,3
"698","2020-06-05",55,8,93,195,2956,0.510148849797023,0,0,254,899,18,1929,2,1589,9,2
"699","2020-06-06",49,8,102,190,2956,0.510148849797023,0,0,254,899,23,1952,8,1597,14,8
"700","2020-06-07",50,8,99,189,2956,0.510148849797023,0,0,254,899,15,1967,8,1605,5,8
"701","2020-03-12",1,9,79,28,7500,0.972266666666667,0,0,668,531,13,27,47,134,8,47
"702","2020-03-13",1,9,90,51,7500,0.972266666666667,0,0,668,531,26,53,21,155,21,21
"703","2020-03-14",2,9,102,76,7500,0.972266666666667,0,0,668,531,33,86,74,229,26,74
"704","2020-03-15",6,9,179,117,7500,0.972266666666667,0,0,668,531,28,114,74,303,20,74
"705","2020-03-16",9,9,213,178,7500,0.972266666666667,0,0,668,531,28,142,50,353,23,50
"706","2020-03-17",17,9,226,251,7500,0.972266666666667,0,0,668,531,29,171,24,377,27,24
"707","2020-03-18",23,9,259,333,7500,0.972266666666667,0,0,668,531,27,198,17,394,20,17
"708","2020-03-19",41,9,269,468,7500,0.972266666666667,0,0,668,531,45,243,21,415,38,21
"709","2020-03-20",55,9,269,600,7500,0.972266666666667,0,0,668,531,45,288,15,430,40,15
"710","2020-03-21",73,9,271,746,7500,0.972266666666667,0,0,668,531,44,332,21,451,38,21
"711","2020-03-22",87,9,250,960,7500,0.972266666666667,0,0,668,531,44,376,10,461,38,10
"712","2020-03-23",116,9,250,1188,7500,0.972266666666667,0,0,668,531,56,432,54,515,49,54
"713","2020-03-24",149,9,222,1411,7500,0.972266666666667,0,0,668,531,71,503,54,569,62,54
"714","2020-03-25",191,9,200,1825,7500,0.972266666666667,0,0,668,531,49,552,61,630,46,61
"715","2020-03-26",230,9,231,2086,7500,0.972266666666667,0,0,668,531,78,630,35,665,74,35
"716","2020-03-27",308,9,221,2396,7500,0.972266666666667,0,0,668,531,53,683,23,688,50,23
"717","2020-03-28",392,9,218,2684,7500,0.972266666666667,0,0,668,531,81,764,41,729,79,41
"718","2020-03-29",465,9,235,3048,7500,0.972266666666667,0,0,668,531,56,820,22,751,50,22
"719","2020-03-30",547,9,236,3375,7500,0.972266666666667,0,0,668,531,83,903,18,769,77,18
"720","2020-03-31",630,9,223,3687,7500,0.972266666666667,0,0,668,531,100,1003,6,775,96,6
"721","2020-04-01",722,9,212,3916,7500,0.972266666666667,0,0,668,531,84,1087,12,787,81,12
"722","2020-04-02",825,9,205,4049,7500,0.972266666666667,0,0,668,531,79,1166,55,842,74,55
"723","2020-04-03",909,9,184,4140,7500,0.972266666666667,0,0,668,531,93,1259,28,870,88,28
"724","2020-04-04",983,9,158,4159,7500,0.972266666666667,0,0,668,531,78,1337,20,890,72,20
"725","2020-04-05",1069,9,188,4106,7500,0.972266666666667,0,0,668,531,98,1435,13,903,93,13
"726","2020-04-06",1112,9,209,4001,7500,0.972266666666667,0,0,668,531,95,1530,17,920,91,17
"727","2020-04-07",1166,9,199,3818,7500,0.972266666666667,0,0,668,531,82,1612,16,936,80,16
"728","2020-04-08",1199,9,161,3542,7500,0.972266666666667,0,0,668,531,96,1708,47,983,95,47
"729","2020-04-09",1203,9,134,3281,7500,0.972266666666667,0,0,668,531,83,1791,61,1044,83,61
"730","2020-04-10",1160,9,133,2955,7500,0.972266666666667,0,0,668,531,62,1853,28,1072,58,28
"731","2020-04-11",1133,9,114,2637,7500,0.972266666666667,0,0,668,531,80,1933,40,1112,77,40
"732","2020-04-12",1059,9,98,2299,7500,0.972266666666667,0,0,668,531,80,2013,35,1147,78,35
"733","2020-04-13",996,9,94,1976,7500,0.972266666666667,0,0,668,531,81,2094,37,1184,76,37
"734","2020-04-14",911,9,97,1700,7500,0.972266666666667,0,0,668,531,79,2173,47,1231,78,47
"735","2020-04-15",803,9,92,1459,7500,0.972266666666667,0,0,668,531,61,2234,29,1260,61,29
"736","2020-04-16",695,9,85,1207,7500,0.972266666666667,0,0,668,531,80,2314,20,1280,76,20
"737","2020-04-17",603,9,104,998,7500,0.972266666666667,0,0,668,531,67,2381,28,1308,64,28
"738","2020-04-18",502,9,107,823,7500,0.972266666666667,0,0,668,531,81,2462,24,1332,81,24
"739","2020-04-19",425,9,103,666,7500,0.972266666666667,0,0,668,531,44,2506,10,1342,44,10
"740","2020-04-20",351,9,85,524,7500,0.972266666666667,0,0,668,531,70,2576,37,1379,67,37
"741","2020-04-21",271,9,78,423,7500,0.972266666666667,0,0,668,531,62,2638,38,1417,61,38
"742","2020-04-22",219,9,96,334,7500,0.972266666666667,0,0,668,531,60,2698,13,1430,58,13
"743","2020-04-23",177,9,104,260,7500,0.972266666666667,0,0,668,531,56,2754,18,1448,55,18
"744","2020-04-24",148,9,106,209,7500,0.972266666666667,0,0,668,531,59,2813,12,1460,57,12
"745","2020-04-25",104,9,97,171,7500,0.972266666666667,0,0,668,531,49,2862,5,1465,48,5
"746","2020-04-26",87,9,79,135,7500,0.972266666666667,0,0,668,531,46,2908,22,1487,44,22
"747","2020-04-27",72,9,78,117,7500,0.972266666666667,0,0,668,531,48,2956,24,1511,47,24
"748","2020-04-28",61,9,69,103,7500,0.972266666666667,0,0,668,531,58,3014,12,1523,55,12
"749","2020-04-29",52,9,66,84,7500,0.972266666666667,0,0,668,531,37,3051,9,1532,37,9
"750","2020-04-30",41,9,69,63,7500,0.972266666666667,0,0,668,531,50,3101,9,1541,48,9
"751","2020-05-01",35,9,64,57,7500,0.972266666666667,0,0,668,531,48,3149,21,1562,48,21
"752","2020-05-02",30,9,62,47,7500,0.972266666666667,0,0,668,531,54,3203,12,1574,50,12
"753","2020-05-03",25,9,65,37,7500,0.972266666666667,0,0,668,531,45,3248,16,1590,42,16
"754","2020-05-04",21,9,58,25,7500,0.972266666666667,0,0,668,531,41,3289,11,1601,39,11
"755","2020-05-05",20,9,62,23,7500,0.972266666666667,0,0,668,531,37,3326,7,1608,37,7
"756","2020-05-06",18,9,60,22,7500,0.972266666666667,0,0,668,531,32,3358,5,1613,31,5
"757","2020-05-07",14,9,63,18,7500,0.972266666666667,0,0,668,531,37,3395,4,1617,36,4
"758","2020-05-08",9,9,64,14,7500,0.972266666666667,0,0,668,531,37,3432,2,1619,37,2
"759","2020-05-09",11,9,61,11,7500,0.972266666666667,0,0,668,531,32,3464,4,1623,29,4
"760","2020-05-10",7,9,56,8,7500,0.972266666666667,0,0,668,531,43,3507,2,1625,42,2
"761","2020-05-11",6,9,52,8,7500,0.972266666666667,0,0,668,531,44,3551,2,1627,44,2
"762","2020-05-12",6,9,44,6,7500,0.972266666666667,0,0,668,531,28,3579,6,1633,26,6
"763","2020-05-13",4,9,35,5,7500,0.972266666666667,0,0,668,531,30,3609,1,1634,29,1
"764","2020-05-14",4,9,26,6,7500,0.972266666666667,0,0,668,531,27,3636,1,1635,26,1
"765","2020-05-15",3,9,24,7,7500,0.972266666666667,0,0,668,531,21,3657,3,1638,20,3
"766","2020-05-16",1,9,26,7,7500,0.972266666666667,0,0,668,531,24,3681,2,1640,24,2
"767","2020-05-17",1,9,23,4,7500,0.972266666666667,0,0,668,531,29,3710,3,1643,29,3
"768","2020-05-18",3,9,26,4,7500,0.972266666666667,0,0,668,531,27,3737,2,1645,27,2
"769","2020-05-19",2,9,25,3,7500,0.972266666666667,0,0,668,531,26,3763,NA,NA,24,NA
"770","2020-05-20",2,9,26,3,7500,0.972266666666667,0,0,668,531,17,3780,3,1648,16,3
"771","2020-05-21",2,9,24,3,7500,0.972266666666667,0,0,668,531,20,3800,NA,NA,19,NA
"772","2020-05-22",2,9,27,5,7500,0.972266666666667,0,0,668,531,20,3820,NA,NA,20,NA
"773","2020-05-23",2,9,27,5,7500,0.972266666666667,0,0,668,531,21,3841,NA,NA,20,NA
"774","2020-05-24",2,9,27,4,7500,0.972266666666667,0,0,668,531,22,3863,NA,NA,20,NA
"775","2020-05-25",0,9,0,0,7500,0.972266666666667,0,0,668,531,24,3887,NA,NA,21,NA
"776","2020-05-26",2,9,27,2,7500,0.972266666666667,0,0,668,531,14,3901,NA,NA,14,NA
"777","2020-05-27",2,9,26,2,7500,0.972266666666667,0,0,668,531,17,3918,NA,NA,17,NA
"778","2020-05-28",2,9,30,2,7500,0.972266666666667,0,0,668,531,8,3926,NA,NA,8,NA
"779","2020-05-29",2,9,27,3,7500,0.972266666666667,0,0,668,531,17,3943,1,1649,16,1
"780","2020-05-30",2,9,27,4,7500,0.972266666666667,0,0,668,531,20,3963,NA,NA,19,NA
"781","2020-05-31",2,9,31,4,7500,0.972266666666667,0,0,668,531,15,3978,NA,NA,15,NA
"782","2020-06-01",2,9,33,5,7500,0.972266666666667,0,0,668,531,15,3993,NA,NA,15,NA
"783","2020-06-02",0,9,0,0,7500,0.972266666666667,0,0,668,531,18,4011,3,1652,18,3
"784","2020-06-03",0,9,0,0,7500,0.972266666666667,0,0,668,531,8,4019,1,1653,8,1
"785","2020-06-04",0,9,0,0,7500,0.972266666666667,0,0,668,531,13,4032,2,1655,12,2
"786","2020-06-05",0,9,0,0,7500,0.972266666666667,0,0,668,531,17,4049,1,1656,16,1
"787","2020-06-06",1,9,24,3,7500,0.972266666666667,0,0,668,531,12,4061,NA,NA,10,NA
"788","2020-06-07",3,9,20,3,7500,0.972266666666667,0,0,668,531,7,4068,NA,NA,7,NA
"789","2020-03-14",2,10,237,69,1776,0.775900900900901,0,0,156,645,45,170,15,107,14,15
"790","2020-03-15",5,10,239,85,1776,0.775900900900901,0,0,156,645,50,220,11,118,18,11
"791","2020-03-16",9,10,259,108,1776,0.775900900900901,0,0,156,645,38,258,16,134,21,16
"792","2020-03-17",10,10,252,122,1776,0.775900900900901,0,0,156,645,67,325,40,174,36,40
"793","2020-03-18",14,10,256,130,1776,0.775900900900901,0,0,156,645,41,366,27,201,24,27
"794","2020-03-19",23,10,230,149,1776,0.775900900900901,0,0,156,645,54,420,47,248,35,47
"795","2020-03-20",29,10,202,156,1776,0.775900900900901,0,0,156,645,56,476,33,281,33,33
"796","2020-03-21",31,10,183,162,1776,0.775900900900901,0,0,156,645,68,544,45,326,40,45
"797","2020-03-22",40,10,218,170,1776,0.775900900900901,0,0,156,645,54,598,21,347,37,21
"798","2020-03-23",41,10,217,172,1776,0.775900900900901,0,0,156,645,83,681,14,361,59,14
"799","2020-03-24",44,10,186,172,1776,0.775900900900901,0,0,156,645,65,746,16,377,41,16
"800","2020-03-25",49,10,159,176,1776,0.775900900900901,0,0,156,645,71,817,15,392,54,15
"801","2020-03-26",46,10,139,169,1776,0.775900900900901,0,0,156,645,60,877,39,431,47,39
"802","2020-03-27",48,10,122,161,1776,0.775900900900901,0,0,156,645,70,947,54,485,51,54
"803","2020-03-28",51,10,116,170,1776,0.775900900900901,0,0,156,645,72,1019,46,531,47,46
"804","2020-03-29",45,10,146,179,1776,0.775900900900901,0,0,156,645,71,1090,41,572,55,41
"805","2020-03-30",46,10,150,175,1776,0.775900900900901,0,0,156,645,77,1167,37,609,56,37
"806","2020-03-31",45,10,142,170,1776,0.775900900900901,0,0,156,645,80,1247,37,646,65,37
"807","2020-04-01",42,10,122,179,1776,0.775900900900901,0,0,156,645,63,1310,32,678,51,32
"808","2020-04-02",41,10,124,187,1776,0.775900900900901,0,0,156,645,70,1380,31,709,62,31
"809","2020-04-03",38,10,121,185,1776,0.775900900900901,0,0,156,645,67,1447,22,731,55,22
"810","2020-04-04",45,10,135,189,1776,0.775900900900901,0,0,156,645,57,1504,48,779,48,48
"811","2020-04-05",45,10,156,184,1776,0.775900900900901,0,0,156,645,71,1575,16,795,56,16
"812","2020-04-06",48,10,187,180,1776,0.775900900900901,0,0,156,645,63,1638,33,828,46,33
"813","2020-04-07",50,10,194,194,1776,0.775900900900901,0,0,156,645,43,1681,21,849,32,21
"814","2020-04-08",52,10,171,194,1776,0.775900900900901,0,0,156,645,49,1730,26,875,36,26
"815","2020-04-09",58,10,160,203,1776,0.775900900900901,0,0,156,645,58,1788,15,890,49,15
"816","2020-04-10",62,10,135,216,1776,0.775900900900901,0,0,156,645,55,1843,12,902,45,12
"817","2020-04-11",58,10,144,215,1776,0.775900900900901,0,0,156,645,45,1888,6,908,35,6
"818","2020-04-12",64,10,155,221,1776,0.775900900900901,0,0,156,645,60,1948,19,927,45,19
"819","2020-04-13",60,10,173,223,1776,0.775900900900901,0,0,156,645,61,2009,15,942,47,15
"820","2020-04-14",60,10,168,210,1776,0.775900900900901,0,0,156,645,44,2053,30,972,40,30
"821","2020-04-15",60,10,154,193,1776,0.775900900900901,0,0,156,645,64,2117,28,1000,53,28
"822","2020-04-16",57,10,148,181,1776,0.775900900900901,0,0,156,645,41,2158,27,1027,36,27
"823","2020-04-17",59,10,123,166,1776,0.775900900900901,0,0,156,645,64,2222,32,1059,58,32
"824","2020-04-18",56,10,125,161,1776,0.775900900900901,0,0,156,645,39,2261,19,1078,29,19
"825","2020-04-19",49,10,102,159,1776,0.775900900900901,0,0,156,645,59,2320,20,1098,49,20
"826","2020-04-20",54,10,123,154,1776,0.775900900900901,0,0,156,645,34,2354,22,1120,26,22
"827","2020-04-21",56,10,122,146,1776,0.775900900900901,0,0,156,645,52,2406,13,1133,45,13
"828","2020-04-22",52,10,101,140,1776,0.775900900900901,0,0,156,645,46,2452,3,1136,42,3
"829","2020-04-23",52,10,83,136,1776,0.775900900900901,0,0,156,645,34,2486,11,1147,26,11
"830","2020-04-24",46,10,89,141,1776,0.775900900900901,0,0,156,645,34,2520,11,1158,30,11
"831","2020-04-25",44,10,82,136,1776,0.775900900900901,0,0,156,645,48,2568,12,1170,40,12
"832","2020-04-26",41,10,88,142,1776,0.775900900900901,0,0,156,645,40,2608,9,1179,32,9
"833","2020-04-27",36,10,94,149,1776,0.775900900900901,0,0,156,645,31,2639,5,1184,23,5
"834","2020-04-28",38,10,97,148,1776,0.775900900900901,0,0,156,645,37,2676,9,1193,30,9
"835","2020-04-29",37,10,82,148,1776,0.775900900900901,0,0,156,645,27,2703,4,1197,22,4
"836","2020-04-30",37,10,80,161,1776,0.775900900900901,0,0,156,645,30,2733,6,1203,25,6
"837","2020-05-01",40,10,78,162,1776,0.775900900900901,0,0,156,645,27,2760,9,1212,25,9
"838","2020-05-02",45,10,73,163,1776,0.775900900900901,0,0,156,645,36,2796,3,1215,32,3
"839","2020-05-03",49,10,74,176,1776,0.775900900900901,0,0,156,645,23,2819,5,1220,19,5
"840","2020-05-04",49,10,70,176,1776,0.775900900900901,0,0,156,645,28,2847,8,1228,20,8
"841","2020-05-05",47,10,62,180,1776,0.775900900900901,0,0,156,645,20,2867,5,1233,17,5
"842","2020-05-06",47,10,55,177,1776,0.775900900900901,0,0,156,645,31,2898,16,1249,27,16
"843","2020-05-07",44,10,52,184,1776,0.775900900900901,0,0,156,645,24,2922,6,1255,17,6
"844","2020-05-08",50,10,52,186,1776,0.775900900900901,0,0,156,645,18,2940,10,1265,15,10
"845","2020-05-09",46,10,52,187,1776,0.775900900900901,0,0,156,645,29,2969,8,1273,26,8
"846","2020-05-10",44,10,48,193,1776,0.775900900900901,0,0,156,645,26,2995,8,1281,19,8
"847","2020-05-11",45,10,50,194,1776,0.775900900900901,0,0,156,645,21,3016,NA,NA,19,NA
"848","2020-05-12",47,10,55,193,1776,0.775900900900901,0,0,156,645,19,3035,7,1288,14,7
"849","2020-05-13",50,10,55,205,1776,0.775900900900901,0,0,156,645,13,3048,7,1295,8,7
"850","2020-05-14",55,10,58,208,1776,0.775900900900901,0,0,156,645,21,3069,4,1299,18,4
"851","2020-05-15",48,10,44,198,1776,0.775900900900901,0,0,156,645,15,3084,5,1304,13,5
"852","2020-05-16",55,10,49,200,1776,0.775900900900901,0,0,156,645,22,3106,3,1307,16,3
"853","2020-05-17",58,10,51,201,1776,0.775900900900901,0,0,156,645,16,3122,6,1313,9,6
"854","2020-05-18",58,10,49,193,1776,0.775900900900901,0,0,156,645,19,3141,5,1318,9,5
"855","2020-05-19",60,10,39,198,1776,0.775900900900901,0,0,156,645,12,3153,2,1320,11,2
"856","2020-05-20",56,10,34,197,1776,0.775900900900901,0,0,156,645,17,3170,NA,NA,13,NA
"857","2020-05-21",57,10,31,204,1776,0.775900900900901,0,0,156,645,21,3191,1,1321,16,1
"858","2020-05-22",58,10,28,211,1776,0.775900900900901,0,0,156,645,17,3208,NA,NA,11,NA
"859","2020-05-23",53,10,26,220,1776,0.775900900900901,0,0,156,645,18,3226,1,1322,14,1
"860","2020-05-24",59,10,29,236,1776,0.775900900900901,0,0,156,645,6,3232,2,1324,5,2
"861","2020-05-25",64,10,23,249,1776,0.775900900900901,0,0,156,645,17,3249,1,1325,13,1
"862","2020-05-26",61,10,24,260,1776,0.775900900900901,0,0,156,645,15,3264,NA,NA,10,NA
"863","2020-05-27",73,10,23,274,1776,0.775900900900901,0,0,156,645,25,3289,1,1326,21,1
"864","2020-05-28",74,10,23,282,1776,0.775900900900901,0,0,156,645,5,3294,1,1327,2,1
"865","2020-05-29",78,10,22,300,1776,0.775900900900901,0,0,156,645,24,3318,1,1328,13,1
"866","2020-05-30",82,10,23,312,1776,0.775900900900901,0,0,156,645,15,3333,NA,NA,8,NA
"867","2020-05-31",88,10,24,313,1776,0.775900900900901,0,0,156,645,14,3347,1,1329,8,1
"868","2020-06-01",90,10,24,325,1776,0.775900900900901,0,0,156,645,8,3355,5,1334,7,5
"869","2020-06-02",95,10,22,334,1776,0.775900900900901,0,0,156,645,12,3367,4,1338,8,4
"870","2020-06-03",97,10,21,351,1776,0.775900900900901,0,0,156,645,10,3377,1,1339,7,1
"871","2020-06-04",99,10,21,345,1776,0.775900900900901,0,0,156,645,12,3389,2,1341,7,2
"872","2020-06-05",105,10,25,356,1776,0.775900900900901,0,0,156,645,17,3406,NA,NA,10,NA
"873","2020-06-06",102,10,25,350,1776,0.775900900900901,0,0,156,645,13,3419,3,1344,7,3
"874","2020-06-07",100,10,24,362,1776,0.775900900900901,0,0,156,645,14,3433,NA,NA,7,NA
"875","2020-03-13",3,11,197,122,2935,0.541737649063032,0,0,241,636,63,160,32,117,8,32
"876","2020-03-14",8,11,211,164,2935,0.541737649063032,0,0,241,636,72,232,42,159,9,42
"877","2020-03-15",14,11,203,211,2935,0.541737649063032,0,0,241,636,72,304,29,188,18,29
"878","2020-03-16",22,11,195,256,2935,0.541737649063032,0,0,241,636,60,364,36,224,16,36
"879","2020-03-17",32,11,209,303,2935,0.541737649063032,0,0,241,636,61,425,41,265,24,41
"880","2020-03-18",52,11,207,343,2935,0.541737649063032,0,0,241,636,61,486,30,295,19,30
"881","2020-03-19",62,11,225,359,2935,0.541737649063032,0,0,241,636,77,563,37,332,32,37
"882","2020-03-20",75,11,222,387,2935,0.541737649063032,0,0,241,636,77,640,35,367,38,35
"883","2020-03-21",86,11,209,406,2935,0.541737649063032,0,0,241,636,75,715,34,401,35,34
"884","2020-03-22",95,11,206,436,2935,0.541737649063032,0,0,241,636,64,779,46,447,30,46
"885","2020-03-23",104,11,208,458,2935,0.541737649063032,0,0,241,636,74,853,41,488,37,41
"886","2020-03-24",110,11,207,474,2935,0.541737649063032,0,0,241,636,91,944,31,519,53,31
"887","2020-03-25",109,11,245,482,2935,0.541737649063032,0,0,241,636,65,1009,37,556,40,37
"888","2020-03-26",115,11,284,472,2935,0.541737649063032,0,0,241,636,77,1086,37,593,45,37
"889","2020-03-27",118,11,293,458,2935,0.541737649063032,0,0,241,636,53,1139,40,633,29,40
"890","2020-03-28",116,11,317,452,2935,0.541737649063032,0,0,241,636,70,1209,45,678,44,45
"891","2020-03-29",116,11,334,460,2935,0.541737649063032,0,0,241,636,57,1266,42,720,30,42
"892","2020-03-30",116,11,324,453,2935,0.541737649063032,0,0,241,636,61,1327,39,759,34,39
"893","2020-03-31",114,11,293,440,2935,0.541737649063032,0,0,241,636,57,1384,31,790,37,31
"894","2020-04-01",120,11,271,435,2935,0.541737649063032,0,0,241,636,65,1449,29,819,37,29
"895","2020-04-02",124,11,217,424,2935,0.541737649063032,0,0,241,636,58,1507,34,853,31,34
"896","2020-04-03",122,11,193,421,2935,0.541737649063032,0,0,241,636,48,1555,26,879,32,26
"897","2020-04-04",125,11,174,405,2935,0.541737649063032,0,0,241,636,51,1606,38,917,24,38
"898","2020-04-05",125,11,175,391,2935,0.541737649063032,0,0,241,636,45,1651,53,970,21,53
"899","2020-04-06",124,11,175,393,2935,0.541737649063032,0,0,241,636,54,1705,36,1006,33,36
"900","2020-04-07",121,11,218,391,2935,0.541737649063032,0,0,241,636,59,1764,72,1078,39,72
"901","2020-04-08",114,11,216,386,2935,0.541737649063032,0,0,241,636,45,1809,66,1144,27,66
"902","2020-04-09",112,11,233,397,2935,0.541737649063032,0,0,241,636,45,1854,61,1205,28,61
"903","2020-04-10",106,11,205,391,2935,0.541737649063032,0,0,241,636,43,1897,51,1256,22,51
"904","2020-04-11",104,11,181,402,2935,0.541737649063032,0,0,241,636,47,1944,68,1324,25,68
"905","2020-04-12",104,11,176,399,2935,0.541737649063032,0,0,241,636,33,1977,48,1372,17,48
"906","2020-04-13",100,11,192,396,2935,0.541737649063032,0,0,241,636,39,2016,48,1420,18,48
"907","2020-04-14",111,11,195,385,2935,0.541737649063032,0,0,241,636,25,2041,56,1476,12,56
"908","2020-04-15",102,11,200,362,2935,0.541737649063032,0,0,241,636,34,2075,50,1526,17,50
"909","2020-04-16",93,11,192,357,2935,0.541737649063032,0,0,241,636,38,2113,39,1565,21,39
"910","2020-04-17",103,11,192,355,2935,0.541737649063032,0,0,241,636,41,2154,39,1604,30,39
"911","2020-04-18",108,11,167,362,2935,0.541737649063032,0,0,241,636,31,2185,41,1645,18,41
"912","2020-04-19",106,11,153,347,2935,0.541737649063032,0,0,241,636,23,2208,37,1682,15,37
"913","2020-04-20",115,11,149,330,2935,0.541737649063032,0,0,241,636,31,2239,41,1723,15,41
"914","2020-04-21",105,11,147,306,2935,0.541737649063032,0,0,241,636,25,2264,47,1770,9,47
"915","2020-04-22",103,11,152,308,2935,0.541737649063032,0,0,241,636,25,2289,38,1808,13,38
"916","2020-04-23",102,11,150,290,2935,0.541737649063032,0,0,241,636,29,2318,34,1842,20,34
"917","2020-04-24",90,11,183,282,2935,0.541737649063032,0,0,241,636,31,2349,38,1880,16,38
"918","2020-04-25",82,11,162,277,2935,0.541737649063032,0,0,241,636,21,2370,25,1905,11,25
"919","2020-04-26",83,11,140,269,2935,0.541737649063032,0,0,241,636,32,2402,33,1938,17,33
"920","2020-04-27",72,11,122,265,2935,0.541737649063032,0,0,241,636,25,2427,17,1955,11,17
"921","2020-04-28",65,11,112,260,2935,0.541737649063032,0,0,241,636,34,2461,31,1986,17,31
"922","2020-04-29",70,11,92,266,2935,0.541737649063032,0,0,241,636,21,2482,21,2007,13,21
"923","2020-04-30",69,11,102,264,2935,0.541737649063032,0,0,241,636,18,2500,31,2038,10,31
"924","2020-05-01",70,11,87,262,2935,0.541737649063032,0,0,241,636,28,2528,30,2068,16,30
"925","2020-05-02",69,11,73,260,2935,0.541737649063032,0,0,241,636,32,2560,26,2094,16,26
"926","2020-05-03",67,11,74,271,2935,0.541737649063032,0,0,241,636,19,2579,42,2136,12,42
"927","2020-05-04",66,11,69,265,2935,0.541737649063032,0,0,241,636,22,2601,35,2171,13,35
"928","2020-05-05",68,11,57,262,2935,0.541737649063032,0,0,241,636,18,2619,38,2209,11,38
"929","2020-05-06",63,11,47,266,2935,0.541737649063032,0,0,241,636,21,2640,29,2238,10,29
"930","2020-05-07",66,11,33,284,2935,0.541737649063032,0,0,241,636,19,2659,28,2266,10,28
"931","2020-05-08",72,11,29,300,2935,0.541737649063032,0,0,241,636,31,2690,42,2308,24,42
"932","2020-05-09",75,11,36,313,2935,0.541737649063032,0,0,241,636,14,2704,25,2333,9,25
"933","2020-05-10",76,11,34,314,2935,0.541737649063032,0,0,241,636,16,2720,21,2354,9,21
"934","2020-05-11",76,11,32,320,2935,0.541737649063032,0,0,241,636,17,2737,20,2374,11,20
"935","2020-05-12",80,11,36,318,2935,0.541737649063032,0,0,241,636,18,2755,25,2399,8,25
"936","2020-05-13",81,11,37,326,2935,0.541737649063032,0,0,241,636,10,2765,20,2419,8,20
"937","2020-05-14",86,11,46,325,2935,0.541737649063032,0,0,241,636,29,2794,12,2431,15,12
"938","2020-05-15",89,11,38,338,2935,0.541737649063032,0,0,241,636,13,2807,13,2444,9,13
"939","2020-05-16",85,11,39,350,2935,0.541737649063032,0,0,241,636,25,2832,12,2456,13,12
"940","2020-05-17",87,11,32,346,2935,0.541737649063032,0,0,241,636,21,2853,15,2471,14,15
"941","2020-05-18",93,11,32,352,2935,0.541737649063032,0,0,241,636,19,2872,13,2484,8,13
"942","2020-05-19",100,11,37,353,2935,0.541737649063032,0,0,241,636,23,2895,13,2497,7,13
"943","2020-05-20",104,11,35,349,2935,0.541737649063032,0,0,241,636,22,2917,7,2504,13,7
"944","2020-05-21",103,11,35,345,2935,0.541737649063032,0,0,241,636,17,2934,9,2513,10,9
"945","2020-05-22",101,11,36,338,2935,0.541737649063032,0,0,241,636,19,2953,8,2521,8,8
"946","2020-05-23",99,11,33,324,2935,0.541737649063032,0,0,241,636,19,2972,8,2529,6,8
"947","2020-05-24",101,11,23,317,2935,0.541737649063032,0,0,241,636,20,2992,4,2533,11,4
"948","2020-05-25",99,11,19,322,2935,0.541737649063032,0,0,241,636,18,3010,5,2538,10,5
"949","2020-05-26",93,11,16,315,2935,0.541737649063032,0,0,241,636,21,3031,3,2541,12,3
"950","2020-05-27",95,11,18,309,2935,0.541737649063032,0,0,241,636,15,3046,2,2543,8,2
"951","2020-05-28",101,11,19,308,2935,0.541737649063032,0,0,241,636,21,3067,2,2545,10,2
"952","2020-05-29",102,11,19,305,2935,0.541737649063032,0,0,241,636,21,3088,7,2552,16,7
"953","2020-05-30",103,11,17,291,2935,0.541737649063032,0,0,241,636,24,3112,7,2559,12,7
"954","2020-05-31",95,11,15,295,2935,0.541737649063032,0,0,241,636,13,3125,7,2566,8,7
"955","2020-06-01",88,11,13,294,2935,0.541737649063032,0,0,241,636,24,3149,3,2569,10,3
"956","2020-06-02",92,11,10,303,2935,0.541737649063032,0,0,241,636,22,3171,2,2571,11,2
"957","2020-06-03",93,11,10,308,2935,0.541737649063032,0,0,241,636,19,3190,4,2575,9,4
"958","2020-06-04",86,11,10,293,2935,0.541737649063032,0,0,241,636,17,3207,4,2579,9,4
"959","2020-06-05",83,11,13,300,2935,0.541737649063032,0,0,241,636,15,3222,3,2582,8,3
"960","2020-06-06",88,11,16,300,2935,0.541737649063032,0,0,241,636,18,3240,7,2589,11,7
"961","2020-06-07",86,11,22,298,2935,0.541737649063032,0,0,241,636,13,3253,5,2594,11,5
"962","2020-03-13",2,12,121,130,2509,0.361498605021921,0,0,203,457,33,94,31,75,9,31
"963","2020-03-14",8,12,131,172,2509,0.361498605021921,0,0,203,457,44,138,56,131,26,56
"964","2020-03-15",16,12,164,220,2509,0.361498605021921,0,0,203,457,49,187,60,191,27,60
"965","2020-03-16",24,12,170,268,2509,0.361498605021921,0,0,203,457,42,229,33,224,21,33
"966","2020-03-17",33,12,179,320,2509,0.361498605021921,0,0,203,457,63,292,27,251,42,27
"967","2020-03-18",42,12,218,372,2509,0.361498605021921,0,0,203,457,55,347,48,299,38,48
"968","2020-03-19",63,12,231,414,2509,0.361498605021921,0,0,203,457,51,398,34,333,40,34
"969","2020-03-20",74,12,221,450,2509,0.361498605021921,0,0,203,457,70,468,29,362,50,29
"970","2020-03-21",85,12,219,474,2509,0.361498605021921,0,0,203,457,60,528,21,383,40,21
"971","2020-03-22",98,12,205,506,2509,0.361498605021921,0,0,203,457,78,606,19,402,63,19
"972","2020-03-23",104,12,216,532,2509,0.361498605021921,0,0,203,457,68,674,16,418,51,16
"973","2020-03-24",119,12,200,541,2509,0.361498605021921,0,0,203,457,79,753,19,437,62,19
"974","2020-03-25",137,12,186,554,2509,0.361498605021921,0,0,203,457,73,826,61,498,61,61
"975","2020-03-26",141,12,183,559,2509,0.361498605021921,0,0,203,457,78,904,33,531,63,33
"976","2020-03-27",148,12,170,553,2509,0.361498605021921,0,0,203,457,70,974,14,545,62,14
"977","2020-03-28",158,12,171,549,2509,0.361498605021921,0,0,203,457,100,1074,26,571,76,26
"978","2020-03-29",160,12,181,543,2509,0.361498605021921,0,0,203,457,76,1150,63,634,63,63
"979","2020-03-30",160,12,188,521,2509,0.361498605021921,0,0,203,457,66,1216,42,676,53,42
"980","2020-03-31",164,12,217,509,2509,0.361498605021921,0,0,203,457,70,1286,58,734,58,58
"981","2020-04-01",158,12,257,508,2509,0.361498605021921,0,0,203,457,75,1361,50,784,60,50
"982","2020-04-02",152,12,260,501,2509,0.361498605021921,0,0,203,457,84,1445,40,824,74,40
"983","2020-04-03",147,12,266,491,2509,0.361498605021921,0,0,203,457,82,1527,17,841,65,17
"984","2020-04-04",138,12,269,476,2509,0.361498605021921,0,0,203,457,64,1591,28,869,57,28
"985","2020-04-05",133,12,244,477,2509,0.361498605021921,0,0,203,457,55,1646,15,884,44,15
"986","2020-04-06",136,12,236,454,2509,0.361498605021921,0,0,203,457,66,1712,15,899,60,15
"987","2020-04-07",124,12,244,439,2509,0.361498605021921,0,0,203,457,72,1784,29,928,60,29
"988","2020-04-08",125,12,220,433,2509,0.361498605021921,0,0,203,457,63,1847,41,969,47,41
"989","2020-04-09",125,12,221,428,2509,0.361498605021921,0,0,203,457,67,1914,29,998,57,29
"990","2020-04-10",133,12,212,403,2509,0.361498605021921,0,0,203,457,50,1964,14,1012,43,14
"991","2020-04-11",132,12,214,378,2509,0.361498605021921,0,0,203,457,61,2025,39,1051,51,39
"992","2020-04-12",125,12,213,365,2509,0.361498605021921,0,0,203,457,66,2091,17,1068,56,17
"993","2020-04-13",123,12,205,343,2509,0.361498605021921,0,0,203,457,50,2141,16,1084,44,16
"994","2020-04-14",120,12,194,327,2509,0.361498605021921,0,0,203,457,76,2217,15,1099,69,15
"995","2020-04-15",119,12,167,315,2509,0.361498605021921,0,0,203,457,58,2275,9,1108,52,9
"996","2020-04-16",112,12,140,294,2509,0.361498605021921,0,0,203,457,64,2339,5,1113,56,5
"997","2020-04-17",103,12,144,286,2509,0.361498605021921,0,0,203,457,42,2381,3,1116,36,3
"998","2020-04-18",98,12,130,270,2509,0.361498605021921,0,0,203,457,49,2430,16,1132,46,16
"999","2020-04-19",98,12,134,249,2509,0.361498605021921,0,0,203,457,45,2475,11,1143,40,11
"1000","2020-04-20",100,12,128,255,2509,0.361498605021921,0,0,203,457,41,2516,17,1160,36,17
"1001","2020-04-21",102,12,122,270,2509,0.361498605021921,0,0,203,457,43,2559,18,1178,39,18
"1002","2020-04-22",87,12,127,261,2509,0.361498605021921,0,0,203,457,40,2599,29,1207,32,29
"1003","2020-04-23",87,12,130,257,2509,0.361498605021921,0,0,203,457,44,2643,13,1220,39,13
"1004","2020-04-24",80,12,131,254,2509,0.361498605021921,0,0,203,457,36,2679,21,1241,29,21
"1005","2020-04-25",76,12,135,253,2509,0.361498605021921,0,0,203,457,44,2723,21,1262,35,21
"1006","2020-04-26",77,12,141,245,2509,0.361498605021921,0,0,203,457,36,2759,16,1278,30,16
"1007","2020-04-27",72,12,122,249,2509,0.361498605021921,0,0,203,457,33,2792,14,1292,31,14
"1008","2020-04-28",62,12,125,242,2509,0.361498605021921,0,0,203,457,31,2823,17,1309,21,17
"1009","2020-04-29",59,12,123,244,2509,0.361498605021921,0,0,203,457,26,2849,16,1325,19,16
"1010","2020-04-30",62,12,112,228,2509,0.361498605021921,0,0,203,457,24,2873,9,1334,21,9
"1011","2020-05-01",70,12,99,223,2509,0.361498605021921,0,0,203,457,29,2902,11,1345,22,11
"1012","2020-05-02",77,12,93,225,2509,0.361498605021921,0,0,203,457,22,2924,12,1357,18,12
"1013","2020-05-03",70,12,104,225,2509,0.361498605021921,0,0,203,457,22,2946,17,1374,18,17
"1014","2020-05-04",64,12,111,217,2509,0.361498605021921,0,0,203,457,23,2969,14,1388,17,14
"1015","2020-05-05",67,12,100,199,2509,0.361498605021921,0,0,203,457,23,2992,12,1400,18,12
"1016","2020-05-06",75,12,92,188,2509,0.361498605021921,0,0,203,457,19,3011,11,1411,17,11
"1017","2020-05-07",68,12,88,193,2509,0.361498605021921,0,0,203,457,12,3023,11,1422,9,11
"1018","2020-05-08",63,12,81,198,2509,0.361498605021921,0,0,203,457,13,3036,5,1427,10,5
"1019","2020-05-09",53,12,83,188,2509,0.361498605021921,0,0,203,457,14,3050,9,1436,12,9
"1020","2020-05-10",58,12,81,186,2509,0.361498605021921,0,0,203,457,22,3072,9,1445,17,9
"1021","2020-05-11",58,12,73,178,2509,0.361498605021921,0,0,203,457,17,3089,5,1450,14,5
"1022","2020-05-12",56,12,73,186,2509,0.361498605021921,0,0,203,457,15,3104,2,1452,12,2
"1023","2020-05-13",49,12,73,184,2509,0.361498605021921,0,0,203,457,15,3119,4,1456,11,4
"1024","2020-05-14",46,12,69,179,2509,0.361498605021921,0,0,203,457,13,3132,7,1463,10,7
"1025","2020-05-15",44,12,67,175,2509,0.361498605021921,0,0,203,457,12,3144,7,1470,9,7
"1026","2020-05-16",46,12,57,182,2509,0.361498605021921,0,0,203,457,6,3150,3,1473,5,3
"1027","2020-05-17",45,12,48,182,2509,0.361498605021921,0,0,203,457,12,3162,6,1479,9,6
"1028","2020-05-18",47,12,46,186,2509,0.361498605021921,0,0,203,457,14,3176,6,1485,12,6
"1029","2020-05-19",50,12,44,182,2509,0.361498605021921,0,0,203,457,21,3197,1,1486,13,1
"1030","2020-05-20",56,12,43,180,2509,0.361498605021921,0,0,203,457,17,3214,2,1488,14,2
"1031","2020-05-21",57,12,40,187,2509,0.361498605021921,0,0,203,457,16,3230,NA,NA,12,NA
"1032","2020-05-22",56,12,37,185,2509,0.361498605021921,0,0,203,457,21,3251,1,1489,19,1
"1033","2020-05-23",51,12,33,179,2509,0.361498605021921,0,0,203,457,20,3271,1,1490,14,1
"1034","2020-05-24",45,12,31,177,2509,0.361498605021921,0,0,203,457,16,3287,3,1493,13,3
"1035","2020-05-25",44,12,28,183,2509,0.361498605021921,0,0,203,457,6,3293,1,1494,5,1
"1036","2020-05-26",42,12,25,178,2509,0.361498605021921,0,0,203,457,14,3307,1,1495,13,1
"1037","2020-05-27",38,12,27,180,2509,0.361498605021921,0,0,203,457,13,3320,2,1497,11,2
"1038","2020-05-28",36,12,24,175,2509,0.361498605021921,0,0,203,457,20,3340,NA,NA,15,NA
"1039","2020-05-29",36,12,24,188,2509,0.361498605021921,0,0,203,457,8,3348,1,1498,4,1
"1040","2020-05-30",46,12,24,182,2509,0.361498605021921,0,0,203,457,11,3359,NA,NA,9,NA
"1041","2020-05-31",56,12,23,179,2509,0.361498605021921,0,0,203,457,18,3377,NA,NA,9,NA
"1042","2020-06-01",54,12,20,176,2509,0.361498605021921,0,0,203,457,13,3390,NA,NA,10,NA
"1043","2020-06-02",54,12,21,172,2509,0.361498605021921,0,0,203,457,10,3400,2,1500,5,2
"1044","2020-06-03",55,12,20,182,2509,0.361498605021921,0,0,203,457,8,3408,NA,NA,7,NA
"1045","2020-06-04",52,12,21,180,2509,0.361498605021921,0,0,203,457,9,3417,NA,NA,8,NA
"1046","2020-06-05",48,12,21,181,2509,0.361498605021921,0,0,203,457,8,3425,NA,NA,6,NA
"1047","2020-06-06",45,12,22,178,2509,0.361498605021921,0,0,203,457,15,3440,NA,NA,10,NA
"1048","2020-06-07",37,12,26,186,2509,0.361498605021921,0,0,203,457,6,3446,NA,NA,5,NA
"1049","2020-03-14",2,13,212,56,1716,0.699300699300699,0,0,142,420,43,139,32,93,10,32
"1050","2020-03-15",3,13,250,85,1716,0.699300699300699,0,0,142,420,48,187,20,113,17,20
"1051","2020-03-16",7,13,240,100,1716,0.699300699300699,0,0,142,420,46,233,14,127,16,14
"1052","2020-03-17",10,13,245,117,1716,0.699300699300699,0,0,142,420,55,288,40,167,19,40
"1053","2020-03-18",11,13,247,140,1716,0.699300699300699,0,0,142,420,44,332,37,204,21,37
"1054","2020-03-19",16,13,242,165,1716,0.699300699300699,0,0,142,420,55,387,18,222,27,18
"1055","2020-03-20",18,13,230,181,1716,0.699300699300699,0,0,142,420,45,432,63,285,21,63
"1056","2020-03-21",28,13,223,194,1716,0.699300699300699,0,0,142,420,41,473,48,333,18,48
"1057","2020-03-22",38,13,233,194,1716,0.699300699300699,0,0,142,420,47,520,25,358,23,25
"1058","2020-03-23",46,13,234,201,1716,0.699300699300699,0,0,142,420,52,572,46,404,28,46
"1059","2020-03-24",47,13,225,208,1716,0.699300699300699,0,0,142,420,46,618,26,430,25,26
"1060","2020-03-25",49,13,207,210,1716,0.699300699300699,0,0,142,420,47,665,37,467,23,37
"1061","2020-03-26",52,13,216,194,1716,0.699300699300699,0,0,142,420,35,700,18,485,19,18
"1062","2020-03-27",62,13,222,192,1716,0.699300699300699,0,0,142,420,50,750,40,525,28,40
"1063","2020-03-28",54,13,238,184,1716,0.699300699300699,0,0,142,420,46,796,21,546,23,21
"1064","2020-03-29",52,13,245,175,1716,0.699300699300699,0,0,142,420,44,840,38,584,23,38
"1065","2020-03-30",50,13,263,169,1716,0.699300699300699,0,0,142,420,36,876,34,618,19,34
"1066","2020-03-31",48,13,260,166,1716,0.699300699300699,0,0,142,420,42,918,41,659,29,41
"1067","2020-04-01",58,13,235,174,1716,0.699300699300699,0,0,142,420,36,954,43,702,21,43
"1068","2020-04-02",60,13,220,184,1716,0.699300699300699,0,0,142,420,34,988,28,730,18,28
"1069","2020-04-03",56,13,196,188,1716,0.699300699300699,0,0,142,420,35,1023,18,748,18,18
"1070","2020-04-04",57,13,191,191,1716,0.699300699300699,0,0,142,420,29,1052,14,762,9,14
"1071","2020-04-05",59,13,177,201,1716,0.699300699300699,0,0,142,420,45,1097,11,773,26,11
"1072","2020-04-06",55,13,183,208,1716,0.699300699300699,0,0,142,420,26,1123,13,786,12,13
"1073","2020-04-07",59,13,172,215,1716,0.699300699300699,0,0,142,420,24,1147,9,795,7,9
"1074","2020-04-08",58,13,158,226,1716,0.699300699300699,0,0,142,420,45,1192,11,806,30,11
"1075","2020-04-09",53,13,150,234,1716,0.699300699300699,0,0,142,420,32,1224,12,818,21,12
"1076","2020-04-10",56,13,148,241,1716,0.699300699300699,0,0,142,420,32,1256,12,830,20,12
"1077","2020-04-11",60,13,154,254,1716,0.699300699300699,0,0,142,420,30,1286,16,846,19,16
"1078","2020-04-12",56,13,169,255,1716,0.699300699300699,0,0,142,420,40,1326,14,860,30,14
"1079","2020-04-13",68,13,162,262,1716,0.699300699300699,0,0,142,420,30,1356,10,870,20,10
"1080","2020-04-14",76,13,146,259,1716,0.699300699300699,0,0,142,420,39,1395,6,876,25,6
"1081","2020-04-15",78,13,132,247,1716,0.699300699300699,0,0,142,420,20,1415,5,881,12,5
"1082","2020-04-16",84,13,139,248,1716,0.699300699300699,0,0,142,420,43,1458,8,889,34,8
"1083","2020-04-17",84,13,134,234,1716,0.699300699300699,0,0,142,420,26,1484,7,896,15,7
"1084","2020-04-18",80,13,137,231,1716,0.699300699300699,0,0,142,420,25,1509,15,911,13,15
"1085","2020-04-19",79,13,139,225,1716,0.699300699300699,0,0,142,420,43,1552,15,926,31,15
"1086","2020-04-20",72,13,155,220,1716,0.699300699300699,0,0,142,420,36,1588,20,946,25,20
"1087","2020-04-21",68,13,152,210,1716,0.699300699300699,0,0,142,420,27,1615,20,966,17,20
"1088","2020-04-22",58,13,131,202,1716,0.699300699300699,0,0,142,420,27,1642,24,990,23,24
"1089","2020-04-23",53,13,128,196,1716,0.699300699300699,0,0,142,420,23,1665,16,1006,15,16
"1090","2020-04-24",51,13,141,192,1716,0.699300699300699,0,0,142,420,18,1683,14,1020,11,14
"1091","2020-04-25",50,13,141,184,1716,0.699300699300699,0,0,142,420,21,1704,10,1030,15,10
"1092","2020-04-26",54,13,135,200,1716,0.699300699300699,0,0,142,420,21,1725,12,1042,13,12
"1093","2020-04-27",54,13,125,195,1716,0.699300699300699,0,0,142,420,26,1751,10,1052,13,10
"1094","2020-04-28",54,13,122,193,1716,0.699300699300699,0,0,142,420,21,1772,10,1062,14,10
"1095","2020-04-29",58,13,114,200,1716,0.699300699300699,0,0,142,420,20,1792,9,1071,10,9
"1096","2020-04-30",56,13,104,206,1716,0.699300699300699,0,0,142,420,20,1812,19,1090,15,19
"1097","2020-05-01",57,13,119,209,1716,0.699300699300699,0,0,142,420,31,1843,14,1104,19,14
"1098","2020-05-02",57,13,109,207,1716,0.699300699300699,0,0,142,420,22,1865,12,1116,15,12
"1099","2020-05-03",54,13,115,201,1716,0.699300699300699,0,0,142,420,24,1889,14,1130,15,14
"1100","2020-05-04",53,13,113,202,1716,0.699300699300699,0,0,142,420,33,1922,11,1141,26,11
"1101","2020-05-05",49,13,114,198,1716,0.699300699300699,0,0,142,420,23,1945,10,1151,15,10
"1102","2020-05-06",48,13,119,195,1716,0.699300699300699,0,0,142,420,21,1966,5,1156,16,5
"1103","2020-05-07",54,13,128,188,1716,0.699300699300699,0,0,142,420,19,1985,6,1162,15,6
"1104","2020-05-08",51,13,135,190,1716,0.699300699300699,0,0,142,420,17,2002,5,1167,11,5
"1105","2020-05-09",54,13,140,187,1716,0.699300699300699,0,0,142,420,19,2021,4,1171,12,4
"1106","2020-05-10",51,13,127,184,1716,0.699300699300699,0,0,142,420,20,2041,4,1175,13,4
"1107","2020-05-11",51,13,114,174,1716,0.699300699300699,0,0,142,420,26,2067,3,1178,22,3
"1108","2020-05-12",53,13,104,169,1716,0.699300699300699,0,0,142,420,30,2097,5,1183,25,5
"1109","2020-05-13",53,13,116,160,1716,0.699300699300699,0,0,142,420,24,2121,7,1190,19,7
"1110","2020-05-14",49,13,108,154,1716,0.699300699300699,0,0,142,420,24,2145,1,1191,17,1
"1111","2020-05-15",45,13,107,150,1716,0.699300699300699,0,0,142,420,21,2166,5,1196,19,5
"1112","2020-05-16",43,13,96,153,1716,0.699300699300699,0,0,142,420,27,2193,2,1198,22,2
"1113","2020-05-17",46,13,92,152,1716,0.699300699300699,0,0,142,420,24,2217,5,1203,17,5
"1114","2020-05-18",43,13,90,148,1716,0.699300699300699,0,0,142,420,32,2249,1,1204,28,1
"1115","2020-05-19",43,13,90,149,1716,0.699300699300699,0,0,142,420,26,2275,5,1209,16,5
"1116","2020-05-20",44,13,87,147,1716,0.699300699300699,0,0,142,420,22,2297,3,1212,15,3
"1117","2020-05-21",39,13,76,147,1716,0.699300699300699,0,0,142,420,25,2322,1,1213,18,1
"1118","2020-05-22",43,13,78,156,1716,0.699300699300699,0,0,142,420,28,2350,2,1215,24,2
"1119","2020-05-23",42,13,80,174,1716,0.699300699300699,0,0,142,420,21,2371,NA,NA,13,NA
"1120","2020-05-24",44,13,86,176,1716,0.699300699300699,0,0,142,420,26,2397,2,1217,15,2
"1121","2020-05-25",39,13,82,176,1716,0.699300699300699,0,0,142,420,20,2417,1,1218,13,1
"1122","2020-05-26",37,13,74,179,1716,0.699300699300699,0,0,142,420,27,2444,4,1222,19,4
"1123","2020-05-27",40,13,71,191,1716,0.699300699300699,0,0,142,420,24,2468,3,1225,18,3
"1124","2020-05-28",52,13,67,178,1716,0.699300699300699,0,0,142,420,19,2487,3,1228,13,3
"1125","2020-05-29",54,13,58,185,1716,0.699300699300699,0,0,142,420,27,2514,2,1230,22,2
"1126","2020-05-30",55,13,56,196,1716,0.699300699300699,0,0,142,420,22,2536,5,1235,16,5
"1127","2020-05-31",54,13,56,203,1716,0.699300699300699,0,0,142,420,27,2563,8,1243,15,8
"1128","2020-06-01",59,13,47,210,1716,0.699300699300699,0,0,142,420,19,2582,4,1247,15,4
"1129","2020-06-02",63,13,45,211,1716,0.699300699300699,0,0,142,420,28,2610,10,1257,19,10
"1130","2020-06-03",61,13,48,219,1716,0.699300699300699,0,0,142,420,25,2635,8,1265,13,8
"1131","2020-06-04",57,13,41,244,1716,0.699300699300699,0,0,142,420,23,2658,6,1271,13,6
"1132","2020-06-05",53,13,37,259,1716,0.699300699300699,0,0,142,420,21,2679,3,1274,18,3
"1133","2020-06-06",58,13,39,277,1716,0.699300699300699,0,0,142,420,20,2699,1,1275,17,1
"1134","2020-06-07",61,13,36,289,1716,0.699300699300699,0,0,142,420,14,2713,5,1280,11,5
"1135","2020-03-13",4,14,139,110,5984,0.924465240641711,0,0,529,435,61,157,15,72,37,15
"1136","2020-03-14",9,14,211,159,5984,0.924465240641711,0,0,529,435,107,264,12,84,82,12
"1137","2020-03-15",17,14,230,236,5984,0.924465240641711,0,0,529,435,108,372,9,93,77,9
"1138","2020-03-16",21,14,256,283,5984,0.924465240641711,0,0,529,435,143,515,59,152,125,59
"1139","2020-03-17",31,14,272,370,5984,0.924465240641711,0,0,529,435,200,715,26,178,174,26
"1140","2020-03-18",46,14,290,483,5984,0.924465240641711,0,0,529,435,272,987,14,192,254,14
"1141","2020-03-19",68,14,276,592,5984,0.924465240641711,0,0,529,435,291,1278,14,206,273,14
"1142","2020-03-20",85,14,261,699,5984,0.924465240641711,0,0,529,435,352,1630,51,257,333,51
"1143","2020-03-21",110,14,243,789,5984,0.924465240641711,0,0,529,435,401,2031,21,278,381,21
"1144","2020-03-22",136,14,237,913,5984,0.924465240641711,0,0,529,435,443,2474,22,300,431,22
"1145","2020-03-23",169,14,245,1041,5984,0.924465240641711,0,0,529,435,454,2928,25,325,440,25
"1146","2020-03-24",203,14,223,1154,5984,0.924465240641711,0,0,529,435,532,3460,28,353,525,28
"1147","2020-03-25",229,14,240,1267,5984,0.924465240641711,0,0,529,435,476,3936,63,416,470,63
"1148","2020-03-26",253,14,240,1393,5984,0.924465240641711,0,0,529,435,510,4446,36,452,503,36
"1149","2020-03-27",278,14,248,1487,5984,0.924465240641711,0,0,529,435,441,4887,21,473,436,21
"1150","2020-03-28",314,14,245,1637,5984,0.924465240641711,0,0,529,435,487,5374,42,515,483,42
"1151","2020-03-29",346,14,227,1744,5984,0.924465240641711,0,0,529,435,462,5836,34,549,457,34
"1152","2020-03-30",388,14,201,1844,5984,0.924465240641711,0,0,529,435,305,6141,56,605,302,56
"1153","2020-03-31",411,14,199,1906,5984,0.924465240641711,0,0,529,435,339,6480,38,643,336,38
"1154","2020-04-01",453,14,190,2024,5984,0.924465240641711,0,0,529,435,248,6728,47,690,246,47
"1155","2020-04-02",469,14,175,2049,5984,0.924465240641711,0,0,529,435,192,6920,41,731,190,41
"1156","2020-04-03",507,14,186,2078,5984,0.924465240641711,0,0,529,435,148,7068,51,782,148,51
"1157","2020-04-04",526,14,170,2141,5984,0.924465240641711,0,0,529,435,134,7202,50,832,129,50
"1158","2020-04-05",549,14,161,2155,5984,0.924465240641711,0,0,529,435,89,7291,30,862,86,30
"1159","2020-04-06",565,14,154,2112,5984,0.924465240641711,0,0,529,435,88,7379,18,880,87,18
"1160","2020-04-07",585,14,130,2085,5984,0.924465240641711,0,0,529,435,46,7425,16,896,44,16
"1161","2020-04-08",591,14,118,1998,5984,0.924465240641711,0,0,529,435,38,7463,15,911,37,15
"1162","2020-04-09",608,14,145,1954,5984,0.924465240641711,0,0,529,435,39,7502,28,939,39,28
"1163","2020-04-10",604,14,153,1890,5984,0.924465240641711,0,0,529,435,21,7523,35,974,21,35
"1164","2020-04-11",590,14,139,1808,5984,0.924465240641711,0,0,529,435,24,7547,24,998,23,24
"1165","2020-04-12",576,14,161,1703,5984,0.924465240641711,0,0,529,435,23,7570,17,1015,21,17
"1166","2020-04-13",545,14,174,1605,5984,0.924465240641711,0,0,529,435,9,7579,9,1024,9,9
"1167","2020-04-14",527,14,156,1511,5984,0.924465240641711,0,0,529,435,4,7583,34,1058,2,34
"1168","2020-04-15",502,14,143,1435,5984,0.924465240641711,0,0,529,435,8,7591,43,1101,8,43
"1169","2020-04-16",479,14,152,1316,5984,0.924465240641711,0,0,529,435,4,7595,54,1155,4,54
"1170","2020-04-17",450,14,129,1206,5984,0.924465240641711,0,0,529,435,5,7600,38,1193,5,38
"1171","2020-04-18",425,14,147,1150,5984,0.924465240641711,0,0,529,435,3,7603,18,1211,3,18
"1172","2020-04-19",402,14,180,1079,5984,0.924465240641711,0,0,529,435,3,7606,12,1223,3,12
"1173","2020-04-20",390,14,169,993,5984,0.924465240641711,0,0,529,435,1,7607,4,1227,1,4
"1174","2020-04-21",364,14,165,922,5984,0.924465240641711,0,0,529,435,NA,NA,11,1238,NA,11
"1175","2020-04-22",337,14,147,858,5984,0.924465240641711,0,0,529,435,NA,NA,5,1243,NA,5
"1176","2020-04-23",308,14,152,816,5984,0.924465240641711,0,0,529,435,1,7608,5,1248,NA,5
"1177","2020-04-24",289,14,131,762,5984,0.924465240641711,0,0,529,435,2,7610,8,1256,2,8
"1178","2020-04-25",284,14,117,718,5984,0.924465240641711,0,0,529,435,3,7613,4,1260,1,4
"1179","2020-04-26",254,14,106,660,5984,0.924465240641711,0,0,529,435,NA,NA,1,1261,NA,1
"1180","2020-04-27",237,14,94,593,5984,0.924465240641711,0,0,529,435,NA,NA,1,1262,NA,1
"1181","2020-04-28",219,14,80,537,5984,0.924465240641711,0,0,529,435,NA,NA,NA,NA,NA,NA
"1182","2020-04-29",194,14,83,480,5984,0.924465240641711,0,0,529,435,1,7614,NA,NA,NA,NA
"1183","2020-04-30",190,14,72,438,5984,0.924465240641711,0,0,529,435,NA,NA,5,1267,NA,5
"1184","2020-05-01",178,14,67,390,5984,0.924465240641711,0,0,529,435,NA,NA,6,1273,NA,6
"1185","2020-05-02",155,14,70,348,5984,0.924465240641711,0,0,529,435,1,7615,19,1292,1,19
"1186","2020-05-03",146,14,68,327,5984,0.924465240641711,0,0,529,435,NA,NA,9,1301,NA,9
"1187","2020-05-04",130,14,70,285,5984,0.924465240641711,0,0,529,435,NA,NA,5,1306,NA,5
"1188","2020-05-05",113,14,68,253,5984,0.924465240641711,0,0,529,435,2,7617,14,1320,NA,14
"1189","2020-05-06",114,14,65,216,5984,0.924465240641711,0,0,529,435,NA,NA,7,1327,NA,7
"1190","2020-05-07",103,14,63,189,5984,0.924465240641711,0,0,529,435,2,7619,5,1332,2,5
"1191","2020-05-08",89,14,60,167,5984,0.924465240641711,0,0,529,435,NA,NA,4,1336,NA,4
"1192","2020-05-09",77,14,55,143,5984,0.924465240641711,0,0,529,435,NA,NA,4,1340,NA,4
"1193","2020-05-10",67,14,54,132,5984,0.924465240641711,0,0,529,435,NA,NA,4,1344,NA,4
"1194","2020-05-11",52,14,62,116,5984,0.924465240641711,0,0,529,435,NA,NA,2,1346,NA,2
"1195","2020-05-12",46,14,58,100,5984,0.924465240641711,0,0,529,435,2,7621,2,1348,NA,2
"1196","2020-05-13",38,14,54,92,5984,0.924465240641711,0,0,529,435,NA,NA,4,1352,NA,4
"1197","2020-05-14",31,14,59,88,5984,0.924465240641711,0,0,529,435,NA,NA,3,1355,NA,3
"1198","2020-05-15",31,14,62,81,5984,0.924465240641711,0,0,529,435,NA,NA,6,1361,NA,6
"1199","2020-05-16",27,14,58,77,5984,0.924465240641711,0,0,529,435,NA,NA,4,1365,NA,4
"1200","2020-05-17",26,14,53,71,5984,0.924465240641711,0,0,529,435,1,7622,6,1371,NA,6
"1201","2020-05-18",24,14,49,53,5984,0.924465240641711,0,0,529,435,NA,NA,4,1375,NA,4
"1202","2020-05-19",26,14,44,51,5984,0.924465240641711,0,0,529,435,NA,NA,3,1378,NA,3
"1203","2020-05-20",25,14,43,46,5984,0.924465240641711,0,0,529,435,1,7623,1,1379,NA,1
"1204","2020-05-21",23,14,40,44,5984,0.924465240641711,0,0,529,435,1,7624,2,1381,NA,2
"1205","2020-05-22",20,14,46,45,5984,0.924465240641711,0,0,529,435,1,7625,NA,NA,NA,NA
"1206","2020-05-23",18,14,42,41,5984,0.924465240641711,0,0,529,435,1,7626,2,1383,NA,2
"1207","2020-05-24",18,14,42,46,5984,0.924465240641711,0,0,529,435,NA,NA,NA,NA,NA,NA
"1208","2020-05-25",20,14,45,46,5984,0.924465240641711,0,0,529,435,NA,NA,1,1384,NA,1
"1209","2020-05-26",19,14,42,39,5984,0.924465240641711,0,0,529,435,NA,NA,NA,NA,NA,NA
"1210","2020-05-27",17,14,37,33,5984,0.924465240641711,0,0,529,435,NA,NA,NA,NA,NA,NA
"1211","2020-05-28",14,14,31,33,5984,0.924465240641711,0,0,529,435,1,7627,NA,NA,NA,NA
"1212","2020-05-29",13,14,29,30,5984,0.924465240641711,0,0,529,435,1,7628,NA,NA,NA,NA
"1213","2020-05-30",14,14,30,30,5984,0.924465240641711,0,0,529,435,NA,NA,NA,NA,NA,NA
"1214","2020-05-31",12,14,25,28,5984,0.924465240641711,0,0,529,435,2,7630,NA,NA,NA,NA
"1215","2020-06-01",8,14,24,24,5984,0.924465240641711,0,0,529,435,2,7632,NA,NA,NA,NA
"1216","2020-06-02",5,14,25,23,5984,0.924465240641711,0,0,529,435,2,7634,NA,NA,NA,NA
"1217","2020-06-03",3,14,23,26,5984,0.924465240641711,0,0,529,435,NA,NA,1,1385,NA,1
"1218","2020-06-04",4,14,22,21,5984,0.924465240641711,0,0,529,435,NA,NA,NA,NA,NA,NA
"1219","2020-06-05",3,14,20,17,5984,0.924465240641711,0,0,529,435,1,7635,NA,NA,NA,NA
"1220","2020-06-06",3,14,21,18,5984,0.924465240641711,0,0,529,435,NA,NA,NA,NA,NA,NA
"1221","2020-06-07",4,14,21,15,5984,0.924465240641711,0,0,529,435,NA,NA,1,1386,NA,1
"1222","2020-03-12",3,15,287,172,8430,0.875682087781732,0,0,759,858,65,130,28,54,6,28
"1223","2020-03-13",7,15,311,327,8430,0.875682087781732,0,0,759,858,75,205,11,65,4,11
"1224","2020-03-14",19,15,353,518,8430,0.875682087781732,0,0,759,858,74,279,13,78,14,13
"1225","2020-03-15",34,15,329,861,8430,0.875682087781732,0,0,759,858,67,346,33,111,21,33
"1226","2020-03-16",59,15,306,1196,8430,0.875682087781732,0,0,759,858,80,426,37,148,29,37
"1227","2020-03-17",106,15,279,1681,8430,0.875682087781732,0,0,759,858,73,499,42,190,27,42
"1228","2020-03-18",167,15,272,2131,8430,0.875682087781732,0,0,759,858,83,582,29,219,25,29
"1229","2020-03-19",236,15,285,2651,8430,0.875682087781732,0,0,759,858,67,649,20,239,23,20
"1230","2020-03-20",328,15,254,3284,8430,0.875682087781732,0,0,759,858,73,722,15,254,25,15
"1231","2020-03-21",435,15,223,3921,8430,0.875682087781732,0,0,759,858,77,799,21,275,27,21
"1232","2020-03-22",552,15,201,4448,8430,0.875682087781732,0,0,759,858,79,878,10,285,36,10
"1233","2020-03-23",703,15,198,4990,8430,0.875682087781732,0,0,759,858,53,931,39,324,23,39
"1234","2020-03-24",859,15,185,5323,8430,0.875682087781732,0,0,759,858,67,998,20,344,24,20
"1235","2020-03-25",998,15,175,5504,8430,0.875682087781732,0,0,759,858,63,1061,35,379,19,35
"1236","2020-03-26",1159,15,207,5548,8430,0.875682087781732,0,0,759,858,61,1122,30,409,29,30
"1237","2020-03-27",1281,15,214,5395,8430,0.875682087781732,0,0,759,858,62,1184,33,442,34,33
"1238","2020-03-28",1422,15,207,5213,8430,0.875682087781732,0,0,759,858,47,1231,66,508,16,66
"1239","2020-03-29",1515,15,252,4867,8430,0.875682087781732,0,0,759,858,40,1271,47,555,16,47
"1240","2020-03-30",1567,15,252,4511,8430,0.875682087781732,0,0,759,858,63,1334,52,607,23,52
"1241","2020-03-31",1561,15,256,4071,8430,0.875682087781732,0,0,759,858,48,1382,51,658,18,51
"1242","2020-04-01",1539,15,250,3621,8430,0.875682087781732,0,0,759,858,55,1437,46,704,23,46
"1243","2020-04-02",1455,15,244,3168,8430,0.875682087781732,0,0,759,858,46,1483,38,742,18,38
"1244","2020-04-03",1360,15,218,2711,8430,0.875682087781732,0,0,759,858,39,1522,31,773,12,31
"1245","2020-04-04",1193,15,216,2257,8430,0.875682087781732,0,0,759,858,47,1569,27,800,21,27
"1246","2020-04-05",1064,15,182,1817,8430,0.875682087781732,0,0,759,858,44,1613,17,817,19,17
"1247","2020-04-06",901,15,164,1455,8430,0.875682087781732,0,0,759,858,34,1647,9,826,11,9
"1248","2020-04-07",764,15,197,1152,8430,0.875682087781732,0,0,759,858,46,1693,9,835,19,9
"1249","2020-04-08",630,15,245,929,8430,0.875682087781732,0,0,759,858,44,1737,19,854,16,19
"1250","2020-04-09",518,15,231,729,8430,0.875682087781732,0,0,759,858,49,1786,23,877,21,23
"1251","2020-04-10",427,15,196,564,8430,0.875682087781732,0,0,759,858,41,1827,24,901,14,24
"1252","2020-04-11",360,15,191,461,8430,0.875682087781732,0,0,759,858,28,1855,24,925,11,24
"1253","2020-04-12",274,15,170,359,8430,0.875682087781732,0,0,759,858,26,1881,29,954,15,29
"1254","2020-04-13",222,15,171,278,8430,0.875682087781732,0,0,759,858,21,1902,19,973,8,19
"1255","2020-04-14",175,15,155,218,8430,0.875682087781732,0,0,759,858,32,1934,12,985,14,12
"1256","2020-04-15",136,15,137,173,8430,0.875682087781732,0,0,759,858,32,1966,9,994,14,9
"1257","2020-04-16",101,15,126,144,8430,0.875682087781732,0,0,759,858,22,1988,7,1001,13,7
"1258","2020-04-17",74,15,178,112,8430,0.875682087781732,0,0,759,858,30,2018,20,1021,17,20
"1259","2020-04-18",49,15,188,92,8430,0.875682087781732,0,0,759,858,37,2055,17,1038,17,17
"1260","2020-04-19",41,15,232,69,8430,0.875682087781732,0,0,759,858,25,2080,18,1056,10,18
"1261","2020-04-20",29,15,245,56,8430,0.875682087781732,0,0,759,858,21,2101,7,1063,7,7
"1262","2020-04-21",16,15,217,40,8430,0.875682087781732,0,0,759,858,17,2118,6,1069,4,6
"1263","2020-04-22",14,15,186,33,8430,0.875682087781732,0,0,759,858,24,2142,7,1076,13,7
"1264","2020-04-23",13,15,168,25,8430,0.875682087781732,0,0,759,858,21,2163,4,1080,4,4
"1265","2020-04-24",8,15,160,20,8430,0.875682087781732,0,0,759,858,20,2183,2,1082,11,2
"1266","2020-04-25",8,15,141,16,8430,0.875682087781732,0,0,759,858,11,2194,6,1088,3,6
"1267","2020-04-26",6,15,120,14,8430,0.875682087781732,0,0,759,858,20,2214,2,1090,7,2
"1268","2020-04-27",5,15,95,13,8430,0.875682087781732,0,0,759,858,41,2255,7,1097,13,7
"1269","2020-04-28",7,15,82,11,8430,0.875682087781732,0,0,759,858,26,2281,11,1108,10,11
"1270","2020-04-29",5,15,87,11,8430,0.875682087781732,0,0,759,858,19,2300,11,1119,8,11
"1271","2020-04-30",4,15,99,11,8430,0.875682087781732,0,0,759,858,19,2319,2,1121,12,2
"1272","2020-05-01",4,15,92,9,8430,0.875682087781732,0,0,759,858,16,2335,6,1127,7,6
"1273","2020-05-02",6,15,86,9,8430,0.875682087781732,0,0,759,858,16,2351,2,1129,8,2
"1274","2020-05-03",6,15,89,9,8430,0.875682087781732,0,0,759,858,22,2373,6,1135,11,6
"1275","2020-05-04",6,15,90,11,8430,0.875682087781732,0,0,759,858,20,2393,3,1138,9,3
"1276","2020-05-05",4,15,79,12,8430,0.875682087781732,0,0,759,858,20,2413,5,1143,8,5
"1277","2020-05-06",5,15,74,13,8430,0.875682087781732,0,0,759,858,23,2436,5,1148,12,5
"1278","2020-05-07",7,15,63,13,8430,0.875682087781732,0,0,759,858,14,2450,6,1154,7,6
"1279","2020-05-08",7,15,57,13,8430,0.875682087781732,0,0,759,858,16,2466,4,1158,5,4
"1280","2020-05-09",5,15,59,12,8430,0.875682087781732,0,0,759,858,17,2483,2,1160,8,2
"1281","2020-05-10",6,15,68,13,8430,0.875682087781732,0,0,759,858,18,2501,3,1163,6,3
"1282","2020-05-11",6,15,50,12,8430,0.875682087781732,0,0,759,858,24,2525,1,1164,12,1
"1283","2020-05-12",6,15,50,11,8430,0.875682087781732,0,0,759,858,21,2546,1,1165,7,1
"1284","2020-05-13",4,15,49,8,8430,0.875682087781732,0,0,759,858,7,2553,NA,NA,3,NA
"1285","2020-05-14",2,15,42,6,8430,0.875682087781732,0,0,759,858,15,2568,1,1166,6,1
"1286","2020-05-15",2,15,45,5,8430,0.875682087781732,0,0,759,858,19,2587,2,1168,6,2
"1287","2020-05-16",1,15,41,6,8430,0.875682087781732,0,0,759,858,16,2603,1,1169,8,1
"1288","2020-05-17",0,15,0,0,8430,0.875682087781732,0,0,759,858,24,2627,4,1173,12,4
"1289","2020-05-18",1,15,32,4,8430,0.875682087781732,0,0,759,858,13,2640,2,1175,4,2
"1290","2020-05-19",1,15,23,5,8430,0.875682087781732,0,0,759,858,23,2663,2,1177,12,2
"1291","2020-05-20",1,15,23,3,8430,0.875682087781732,0,0,759,858,15,2678,3,1180,6,3
"1292","2020-05-21",1,15,22,4,8430,0.875682087781732,0,0,759,858,19,2697,NA,NA,6,NA
"1293","2020-05-22",1,15,15,4,8430,0.875682087781732,0,0,759,858,17,2714,NA,NA,1,NA
"1294","2020-05-23",1,15,16,3,8430,0.875682087781732,0,0,759,858,16,2730,1,1181,8,1
"1295","2020-05-24",1,15,16,3,8430,0.875682087781732,0,0,759,858,15,2745,1,1182,6,1
"1296","2020-05-25",0,15,0,0,8430,0.875682087781732,0,0,759,858,12,2757,NA,NA,3,NA
"1297","2020-05-26",0,15,0,0,8430,0.875682087781732,0,0,759,858,13,2770,NA,NA,5,NA
"1298","2020-05-27",0,15,0,0,8430,0.875682087781732,0,0,759,858,11,2781,NA,NA,4,NA
"1299","2020-05-28",1,15,13,3,8430,0.875682087781732,0,0,759,858,26,2807,NA,NA,5,NA
"1300","2020-05-29",1,15,13,4,8430,0.875682087781732,0,0,759,858,15,2822,2,1184,3,2
"1301","2020-05-30",1,15,11,3,8430,0.875682087781732,0,0,759,858,24,2846,NA,NA,6,NA
"1302","2020-05-31",1,15,9,2,8430,0.875682087781732,0,0,759,858,12,2858,2,1186,5,2
"1303","2020-06-01",1,15,9,2,8430,0.875682087781732,0,0,759,858,23,2881,NA,NA,10,NA
"1304","2020-06-02",1,15,10,1,8430,0.875682087781732,0,0,759,858,15,2896,6,1192,3,6
"1305","2020-06-03",1,15,7,2,8430,0.875682087781732,0,0,759,858,19,2915,1,1193,9,1
"1306","2020-03-14",2,16,195,89,2549,0.748921145547273,0,0,211,721,68,211,28,131,24,28
"1307","2020-03-15",9,16,250,110,2549,0.748921145547273,0,0,211,721,52,263,32,163,21,32
"1308","2020-03-16",11,16,255,138,2549,0.748921145547273,0,0,211,721,57,320,23,186,19,23
"1309","2020-03-17",14,16,301,162,2549,0.748921145547273,0,0,211,721,52,372,28,214,26,28
"1310","2020-03-18",17,16,295,179,2549,0.748921145547273,0,0,211,721,58,430,26,240,23,26
"1311","2020-03-19",25,16,306,204,2549,0.748921145547273,0,0,211,721,62,492,54,294,24,54
"1312","2020-03-20",33,16,301,222,2549,0.748921145547273,0,0,211,721,58,550,47,341,27,47
"1313","2020-03-21",39,16,320,245,2549,0.748921145547273,0,0,211,721,62,612,28,369,30,28
"1314","2020-03-22",47,16,303,262,2549,0.748921145547273,0,0,211,721,54,666,43,412,26,43
"1315","2020-03-23",51,16,295,267,2549,0.748921145547273,0,0,211,721,58,724,30,442,33,30
"1316","2020-03-24",58,16,251,278,2549,0.748921145547273,0,0,211,721,54,778,42,484,29,42
"1317","2020-03-25",73,16,266,290,2549,0.748921145547273,0,0,211,721,54,832,42,526,30,42
"1318","2020-03-26",78,16,248,290,2549,0.748921145547273,0,0,211,721,59,891,48,574,35,48
"1319","2020-03-27",82,16,220,303,2549,0.748921145547273,0,0,211,721,49,940,44,618,26,44
"1320","2020-03-28",91,16,195,310,2549,0.748921145547273,0,0,211,721,39,979,65,683,17,65
"1321","2020-03-29",84,16,197,307,2549,0.748921145547273,0,0,211,721,56,1035,53,736,30,53
"1322","2020-03-30",89,16,235,323,2549,0.748921145547273,0,0,211,721,38,1073,31,767,20,31
"1323","2020-03-31",90,16,234,320,2549,0.748921145547273,0,0,211,721,31,1104,27,794,20,27
"1324","2020-04-01",82,16,215,317,2549,0.748921145547273,0,0,211,721,61,1165,27,821,36,27
"1325","2020-04-02",83,16,212,321,2549,0.748921145547273,0,0,211,721,57,1222,29,850,30,29
"1326","2020-04-03",91,16,222,319,2549,0.748921145547273,0,0,211,721,45,1267,29,879,25,29
"1327","2020-04-04",83,16,205,321,2549,0.748921145547273,0,0,211,721,43,1310,23,902,25,23
"1328","2020-04-05",83,16,195,311,2549,0.748921145547273,0,0,211,721,44,1354,27,929,25,27
"1329","2020-04-06",88,16,206,301,2549,0.748921145547273,0,0,211,721,50,1404,18,947,27,18
"1330","2020-04-07",84,16,202,306,2549,0.748921145547273,0,0,211,721,44,1448,20,967,24,20
"1331","2020-04-08",82,16,230,306,2549,0.748921145547273,0,0,211,721,59,1507,24,991,44,24
"1332","2020-04-09",80,16,236,298,2549,0.748921145547273,0,0,211,721,57,1564,25,1016,45,25
"1333","2020-04-10",72,16,231,293,2549,0.748921145547273,0,0,211,721,37,1601,42,1058,22,42
"1334","2020-04-11",84,16,232,290,2549,0.748921145547273,0,0,211,721,36,1637,61,1119,26,61
"1335","2020-04-12",91,16,224,296,2549,0.748921145547273,0,0,211,721,42,1679,30,1149,26,30
"1336","2020-04-13",91,16,214,300,2549,0.748921145547273,0,0,211,721,47,1726,29,1178,35,29
"1337","2020-04-14",93,16,197,286,2549,0.748921145547273,0,0,211,721,29,1755,26,1204,17,26
"1338","2020-04-15",94,16,188,288,2549,0.748921145547273,0,0,211,721,27,1782,23,1227,18,23
"1339","2020-04-16",88,16,181,293,2549,0.748921145547273,0,0,211,721,28,1810,39,1266,15,39
"1340","2020-04-17",95,16,159,284,2549,0.748921145547273,0,0,211,721,29,1839,38,1304,13,38
"1341","2020-04-18",87,16,150,279,2549,0.748921145547273,0,0,211,721,40,1879,42,1346,27,42
"1342","2020-04-19",83,16,158,278,2549,0.748921145547273,0,0,211,721,36,1915,35,1381,25,35
"1343","2020-04-20",73,16,162,265,2549,0.748921145547273,0,0,211,721,20,1935,37,1418,10,37
"1344","2020-04-21",78,16,154,252,2549,0.748921145547273,0,0,211,721,21,1956,37,1455,11,37
"1345","2020-04-22",80,16,142,243,2549,0.748921145547273,0,0,211,721,25,1981,27,1482,20,27
"1346","2020-04-23",82,16,117,242,2549,0.748921145547273,0,0,211,721,25,2006,32,1514,21,32
"1347","2020-04-24",73,16,116,245,2549,0.748921145547273,0,0,211,721,31,2037,38,1552,17,38
"1348","2020-04-25",68,16,108,244,2549,0.748921145547273,0,0,211,721,18,2055,32,1584,8,32
"1349","2020-04-26",64,16,98,240,2549,0.748921145547273,0,0,211,721,21,2076,28,1612,11,28
"1350","2020-04-27",70,16,87,250,2549,0.748921145547273,0,0,211,721,22,2098,30,1642,13,30
"1351","2020-04-28",70,16,82,261,2549,0.748921145547273,0,0,211,721,25,2123,37,1679,14,37
"1352","2020-04-29",64,16,72,260,2549,0.748921145547273,0,0,211,721,21,2144,22,1701,14,22
"1353","2020-04-30",64,16,74,267,2549,0.748921145547273,0,0,211,721,19,2163,25,1726,11,26
"1354","2020-05-01",59,16,70,273,2549,0.748921145547273,0,0,211,721,18,2181,16,1742,8,16
"1355","2020-05-02",63,16,63,286,2549,0.748921145547273,0,0,211,721,24,2205,11,1753,13,11
"1356","2020-05-03",64,16,69,295,2549,0.748921145547273,0,0,211,721,18,2223,20,1773,10,20
"1357","2020-05-04",66,16,70,307,2549,0.748921145547273,0,0,211,721,14,2237,26,1799,5,26
"1358","2020-05-05",69,16,64,322,2549,0.748921145547273,0,0,211,721,27,2264,31,1830,15,31
"1359","2020-05-06",78,16,60,326,2549,0.748921145547273,0,0,211,721,14,2278,30,1860,6,30
"1360","2020-05-07",82,16,62,338,2549,0.748921145547273,0,0,211,721,15,2293,26,1886,6,26
"1361","2020-05-08",94,16,58,339,2549,0.748921145547273,0,0,211,721,16,2309,19,1905,10,19
"1362","2020-05-09",96,16,65,354,2549,0.748921145547273,0,0,211,721,18,2327,21,1926,11,21
"1363","2020-05-10",107,16,64,361,2549,0.748921145547273,0,0,211,721,17,2344,16,1942,8,16
"1364","2020-05-11",108,16,63,361,2549,0.748921145547273,0,0,211,721,17,2361,14,1956,8,14
"1365","2020-05-12",102,16,69,355,2549,0.748921145547273,0,0,211,721,20,2381,6,1962,15,6
"1366","2020-05-13",105,16,64,343,2549,0.748921145547273,0,0,211,721,13,2394,9,1971,5,9
"1367","2020-05-14",109,16,52,340,2549,0.748921145547273,0,0,211,721,12,2406,12,1983,5,12
"1368","2020-05-15",107,16,50,352,2549,0.748921145547273,0,0,211,721,16,2422,3,1986,8,3
"1369","2020-05-16",109,16,46,355,2549,0.748921145547273,0,0,211,721,29,2451,4,1990,19,4
"1370","2020-05-17",106,16,45,348,2549,0.748921145547273,0,0,211,721,21,2472,9,1999,8,9
"1371","2020-05-18",99,16,47,350,2549,0.748921145547273,0,0,211,721,18,2490,7,2006,13,7
"1372","2020-05-19",106,16,51,333,2549,0.748921145547273,0,0,211,721,16,2506,4,2010,10,4
"1373","2020-05-20",100,16,54,334,2549,0.748921145547273,0,0,211,721,26,2532,11,2021,18,11
"1374","2020-05-21",104,16,59,338,2549,0.748921145547273,0,0,211,721,14,2546,2,2023,6,2
"1375","2020-05-22",101,16,58,342,2549,0.748921145547273,0,0,211,721,26,2572,15,2038,15,15
"1376","2020-05-23",101,16,52,359,2549,0.748921145547273,0,0,211,721,24,2596,11,2049,10,11
"1377","2020-05-24",102,16,50,355,2549,0.748921145547273,0,0,211,721,7,2603,13,2062,4,13
"1378","2020-05-25",106,16,55,363,2549,0.748921145547273,0,0,211,721,15,2618,1,2063,11,1
"1379","2020-05-26",100,16,59,363,2549,0.748921145547273,0,0,211,721,22,2640,7,2070,13,7
"1380","2020-05-27",98,16,57,357,2549,0.748921145547273,0,0,211,721,31,2671,11,2081,16,11
"1381","2020-05-28",96,16,49,355,2549,0.748921145547273,0,0,211,721,16,2687,12,2093,11,12
"1382","2020-05-29",99,16,49,339,2549,0.748921145547273,0,0,211,721,15,2702,13,2106,5,13
"1383","2020-05-30",105,16,51,333,2549,0.748921145547273,0,0,211,721,26,2728,14,2120,18,14
"1384","2020-05-31",96,16,53,334,2549,0.748921145547273,0,0,211,721,15,2743,9,2129,5,9
"1385","2020-06-01",99,16,56,319,2549,0.748921145547273,0,0,211,721,21,2764,8,2137,11,8
"1386","2020-06-02",95,16,54,317,2549,0.748921145547273,0,0,211,721,13,2777,7,2144,8,7
"1387","2020-06-03",105,16,57,322,2549,0.748921145547273,0,0,211,721,17,2794,21,2165,6,21
"1388","2020-06-04",96,16,56,314,2549,0.748921145547273,0,0,211,721,11,2805,12,2177,9,12
"1389","2020-06-05",91,16,51,307,2549,0.748921145547273,0,0,211,721,19,2824,14,2191,11,14
"1390","2020-06-06",77,16,60,302,2549,0.748921145547273,0,0,211,721,14,2838,23,2214,9,23
"1391","2020-06-07",78,16,60,299,2549,0.748921145547273,0,0,211,721,15,2853,10,2224,6,10
"1392","2020-03-13",1,17,189,125,2086,0.438159156279962,0,0,165,500,23,51,10,53,19,10
"1393","2020-03-14",5,17,190,164,2086,0.438159156279962,0,0,165,500,25,76,17,70,16,17
"1394","2020-03-15",14,17,252,192,2086,0.438159156279962,0,0,165,500,41,117,56,126,36,56
"1395","2020-03-16",20,17,244,220,2086,0.438159156279962,0,0,165,500,61,178,53,179,47,53
"1396","2020-03-17",25,17,218,259,2086,0.438159156279962,0,0,165,500,73,251,39,218,67,39
"1397","2020-03-18",33,17,225,296,2086,0.438159156279962,0,0,165,500,84,335,55,273,79,55
"1398","2020-03-19",44,17,192,319,2086,0.438159156279962,0,0,165,500,139,474,40,313,128,40
"1399","2020-03-20",59,17,172,325,2086,0.438159156279962,0,0,165,500,140,614,53,366,133,53
"1400","2020-03-21",73,17,172,335,2086,0.438159156279962,0,0,165,500,156,770,39,405,148,39
"1401","2020-03-22",81,17,191,349,2086,0.438159156279962,0,0,165,500,228,998,33,438,220,33
"1402","2020-03-23",92,17,176,351,2086,0.438159156279962,0,0,165,500,249,1247,33,471,244,33
"1403","2020-03-24",104,17,168,355,2086,0.438159156279962,0,0,165,500,253,1500,27,498,247,27
"1404","2020-03-25",109,17,179,342,2086,0.438159156279962,0,0,165,500,458,1958,22,520,457,22
"1405","2020-03-26",107,17,183,338,2086,0.438159156279962,0,0,165,500,325,2283,53,573,321,53
"1406","2020-03-27",108,17,231,333,2086,0.438159156279962,0,0,165,500,405,2688,32,605,397,32
"1407","2020-03-28",104,17,246,333,2086,0.438159156279962,0,0,165,500,375,3063,29,634,372,29
"1408","2020-03-29",97,17,243,322,2086,0.438159156279962,0,0,165,500,470,3533,45,679,464,45
"1409","2020-03-30",103,17,212,327,2086,0.438159156279962,0,0,165,500,439,3972,28,707,434,28
"1410","2020-03-31",99,17,190,323,2086,0.438159156279962,0,0,165,500,465,4437,33,740,464,33
"1411","2020-04-01",100,17,174,341,2086,0.438159156279962,0,0,165,500,433,4870,34,774,431,34
"1412","2020-04-02",102,17,161,341,2086,0.438159156279962,0,0,165,500,361,5231,26,800,360,26
"1413","2020-04-03",96,17,146,330,2086,0.438159156279962,0,0,165,500,362,5593,12,812,359,12
"1414","2020-04-04",92,17,183,343,2086,0.438159156279962,0,0,165,500,292,5885,14,826,290,14
"1415","2020-04-05",95,17,178,349,2086,0.438159156279962,0,0,165,500,260,6145,54,880,258,54
"1416","2020-04-06",87,17,163,328,2086,0.438159156279962,0,0,165,500,230,6375,43,923,230,43
"1417","2020-04-07",86,17,140,309,2086,0.438159156279962,0,0,165,500,216,6591,24,947,215,24
"1418","2020-04-08",85,17,136,307,2086,0.438159156279962,0,0,165,500,141,6732,16,963,141,16
"1419","2020-04-09",86,17,123,290,2086,0.438159156279962,0,0,165,500,149,6881,7,970,145,7
"1420","2020-04-10",91,17,134,293,2086,0.438159156279962,0,0,165,500,83,6964,11,981,82,11
"1421","2020-04-11",90,17,147,299,2086,0.438159156279962,0,0,165,500,67,7031,10,991,67,10
"1422","2020-04-12",86,17,138,293,2086,0.438159156279962,0,0,165,500,54,7085,8,999,54,8
"1423","2020-04-13",81,17,134,291,2086,0.438159156279962,0,0,165,500,47,7132,9,1008,46,9
"1424","2020-04-14",82,17,137,288,2086,0.438159156279962,0,0,165,500,43,7175,20,1028,42,20
"1425","2020-04-15",79,17,132,287,2086,0.438159156279962,0,0,165,500,34,7209,9,1037,33,9
"1426","2020-04-16",81,17,130,278,2086,0.438159156279962,0,0,165,500,23,7232,14,1051,22,14
"1427","2020-04-17",74,17,112,259,2086,0.438159156279962,0,0,165,500,30,7262,27,1078,29,27
"1428","2020-04-18",74,17,112,266,2086,0.438159156279962,0,0,165,500,13,7275,18,1096,11,18
"1429","2020-04-19",80,17,129,268,2086,0.438159156279962,0,0,165,500,16,7291,8,1104,16,8
"1430","2020-04-20",79,17,134,278,2086,0.438159156279962,0,0,165,500,14,7305,12,1116,14,12
"1431","2020-04-21",75,17,130,268,2086,0.438159156279962,0,0,165,500,10,7315,9,1125,9,9
"1432","2020-04-22",74,17,139,267,2086,0.438159156279962,0,0,165,500,5,7320,25,1150,5,25
"1433","2020-04-23",68,17,142,261,2086,0.438159156279962,0,0,165,500,7,7327,25,1175,7,25
"1434","2020-04-24",82,17,137,256,2086,0.438159156279962,0,0,165,500,5,7332,20,1195,5,20
"1435","2020-04-25",83,17,128,253,2086,0.438159156279962,0,0,165,500,4,7336,12,1207,4,12
"1436","2020-04-26",79,17,130,241,2086,0.438159156279962,0,0,165,500,3,7339,6,1213,3,6
"1437","2020-04-27",79,17,126,216,2086,0.438159156279962,0,0,165,500,6,7345,6,1219,6,6
"1438","2020-04-28",76,17,108,213,2086,0.438159156279962,0,0,165,500,NA,NA,12,1231,NA,12
"1439","2020-04-29",81,17,96,217,2086,0.438159156279962,0,0,165,500,1,7346,10,1241,1,10
"1440","2020-04-30",81,17,100,205,2086,0.438159156279962,0,0,165,500,NA,NA,11,1252,NA,11
"1441","2020-05-01",65,17,94,203,2086,0.438159156279962,0,0,165,500,2,7348,5,1257,1,5
"1442","2020-05-02",65,17,77,197,2086,0.438159156279962,0,0,165,500,NA,NA,10,1267,NA,10
"1443","2020-05-03",62,17,78,190,2086,0.438159156279962,0,0,165,500,2,7350,7,1274,2,7
"1444","2020-05-04",59,17,74,204,2086,0.438159156279962,0,0,165,500,1,7351,4,1278,1,4
"1445","2020-05-05",62,17,67,204,2086,0.438159156279962,0,0,165,500,2,7353,8,1286,1,8
"1446","2020-05-06",60,17,69,194,2086,0.438159156279962,0,0,165,500,NA,NA,6,1292,NA,6
"1447","2020-05-07",62,17,66,185,2086,0.438159156279962,0,0,165,500,NA,NA,10,1302,NA,10
"1448","2020-05-08",59,17,79,184,2086,0.438159156279962,0,0,165,500,1,7354,8,1310,1,8
"1449","2020-05-09",57,17,84,184,2086,0.438159156279962,0,0,165,500,NA,NA,8,1318,NA,8
"1450","2020-05-10",55,17,76,177,2086,0.438159156279962,0,0,165,500,1,7355,5,1323,NA,5
"1451","2020-05-11",53,17,70,177,2086,0.438159156279962,0,0,165,500,NA,NA,3,1326,NA,3
"1452","2020-05-12",55,17,60,178,2086,0.438159156279962,0,0,165,500,1,7356,2,1328,1,2
"1453","2020-05-13",50,17,56,174,2086,0.438159156279962,0,0,165,500,NA,NA,NA,NA,NA,NA
"1454","2020-05-14",44,17,49,168,2086,0.438159156279962,0,0,165,500,1,7357,NA,NA,1,NA
"1455","2020-05-15",53,17,53,177,2086,0.438159156279962,0,0,165,500,1,7358,1,1329,NA,1
"1456","2020-05-16",48,17,55,186,2086,0.438159156279962,0,0,165,500,NA,NA,6,1335,NA,6
"1457","2020-05-17",47,17,56,186,2086,0.438159156279962,0,0,165,500,NA,NA,NA,NA,NA,NA
"1458","2020-05-18",48,17,60,190,2086,0.438159156279962,0,0,165,500,NA,NA,3,1338,NA,3
"1459","2020-05-19",46,17,57,191,2086,0.438159156279962,0,0,165,500,NA,NA,2,1340,NA,2
"1460","2020-05-20",52,17,52,194,2086,0.438159156279962,0,0,165,500,NA,NA,4,1344,NA,4
"1461","2020-05-21",57,17,49,190,2086,0.438159156279962,0,0,165,500,NA,NA,1,1345,NA,1
"1462","2020-05-22",46,17,41,181,2086,0.438159156279962,0,0,165,500,2,7360,3,1348,1,3
"1463","2020-05-23",47,17,37,178,2086,0.438159156279962,0,0,165,500,NA,NA,3,1351,NA,3
"1464","2020-05-24",52,17,43,188,2086,0.438159156279962,0,0,165,500,NA,NA,NA,NA,NA,NA
"1465","2020-05-25",54,17,44,200,2086,0.438159156279962,0,0,165,500,NA,NA,1,1352,NA,1
"1466","2020-05-26",50,17,46,203,2086,0.438159156279962,0,0,165,500,NA,NA,4,1356,NA,4
"1467","2020-05-27",41,17,49,198,2086,0.438159156279962,0,0,165,500,NA,NA,1,1357,NA,1
"1468","2020-05-28",42,17,48,195,2086,0.438159156279962,0,0,165,500,NA,NA,6,1363,NA,6
"1469","2020-05-29",43,17,50,192,2086,0.438159156279962,0,0,165,500,1,7361,2,1365,NA,2
"1470","2020-05-30",48,17,46,185,2086,0.438159156279962,0,0,165,500,1,7362,2,1367,NA,2
"1471","2020-05-31",48,17,44,183,2086,0.438159156279962,0,0,165,500,NA,NA,4,1371,NA,4
"1472","2020-06-01",48,17,44,179,2086,0.438159156279962,0,0,165,500,1,7363,3,1374,NA,3
"1473","2020-06-02",47,17,43,168,2086,0.438159156279962,0,0,165,500,NA,NA,2,1376,NA,2
"1474","2020-06-03",51,17,39,172,2086,0.438159156279962,0,0,165,500,1,7364,2,1378,1,2
"1475","2020-06-04",51,17,39,168,2086,0.438159156279962,0,0,165,500,NA,NA,NA,NA,NA,NA
"1476","2020-06-05",56,17,35,161,2086,0.438159156279962,0,0,165,500,NA,NA,NA,NA,NA,NA
"1477","2020-06-06",53,17,33,162,2086,0.438159156279962,0,0,165,500,NA,NA,NA,NA,NA,NA
"1478","2020-06-07",48,17,28,163,2086,0.438159156279962,0,0,165,500,NA,NA,NA,NA,NA,NA
"1479","2020-03-13",2,18,280,81,2401,0.733027905039567,0,0,187,1124,19,52,23,116,7,23
"1480","2020-03-14",3,18,291,107,2401,0.733027905039567,0,0,187,1124,17,69,56,172,7,56
"1481","2020-03-15",3,18,332,145,2401,0.733027905039567,0,0,187,1124,16,85,37,209,9,37
"1482","2020-03-16",7,18,298,172,2401,0.733027905039567,0,0,187,1124,23,108,43,252,11,43
"1483","2020-03-17",15,18,284,207,2401,0.733027905039567,0,0,187,1124,14,122,31,283,7,31
"1484","2020-03-18",21,18,251,243,2401,0.733027905039567,0,0,187,1124,11,133,38,321,4,38
"1485","2020-03-19",30,18,204,262,2401,0.733027905039567,0,0,187,1124,25,158,22,343,13,22
"1486","2020-03-20",43,18,182,281,2401,0.733027905039567,0,0,187,1124,14,172,13,356,6,13
"1487","2020-03-21",58,18,183,308,2401,0.733027905039567,0,0,187,1124,15,187,14,370,10,14
"1488","2020-03-22",71,18,156,325,2401,0.733027905039567,0,0,187,1124,17,204,42,412,8,42
"1489","2020-03-23",81,18,139,351,2401,0.733027905039567,0,0,187,1124,14,218,34,446,7,34
"1490","2020-03-24",89,18,127,369,2401,0.733027905039567,0,0,187,1124,11,229,21,467,7,21
"1491","2020-03-25",99,18,128,367,2401,0.733027905039567,0,0,187,1124,14,243,13,480,8,13
"1492","2020-03-26",106,18,169,386,2401,0.733027905039567,0,0,187,1124,10,253,10,490,8,10
"1493","2020-03-27",108,18,170,378,2401,0.733027905039567,0,0,187,1124,16,269,6,496,13,6
"1494","2020-03-28",114,18,156,385,2401,0.733027905039567,0,0,187,1124,23,292,8,504,11,8
"1495","2020-03-29",114,18,137,378,2401,0.733027905039567,0,0,187,1124,22,314,38,542,17,38
"1496","2020-03-30",113,18,144,379,2401,0.733027905039567,0,0,187,1124,15,329,17,559,6,17
"1497","2020-03-31",111,18,135,383,2401,0.733027905039567,0,0,187,1124,17,346,12,571,7,12
"1498","2020-04-01",111,18,132,385,2401,0.733027905039567,0,0,187,1124,22,368,12,583,13,12
"1499","2020-04-02",103,18,123,382,2401,0.733027905039567,0,0,187,1124,22,390,13,596,12,13
"1500","2020-04-03",106,18,118,386,2401,0.733027905039567,0,0,187,1124,15,405,12,608,13,12
"1501","2020-04-04",106,18,105,395,2401,0.733027905039567,0,0,187,1124,20,425,21,629,15,21
"1502","2020-04-05",117,18,95,393,2401,0.733027905039567,0,0,187,1124,16,441,31,660,10,31
"1503","2020-04-06",119,18,100,387,2401,0.733027905039567,0,0,187,1124,14,455,47,707,12,47
"1504","2020-04-07",121,18,138,388,2401,0.733027905039567,0,0,187,1124,23,478,34,741,16,34
"1505","2020-04-08",116,18,149,384,2401,0.733027905039567,0,0,187,1124,13,491,28,769,8,28
"1506","2020-04-09",134,18,128,383,2401,0.733027905039567,0,0,187,1124,19,510,20,789,13,20
"1507","2020-04-10",124,18,117,365,2401,0.733027905039567,0,0,187,1124,26,536,8,797,14,8
"1508","2020-04-11",120,18,133,375,2401,0.733027905039567,0,0,187,1124,21,557,16,813,18,16
"1509","2020-04-12",113,18,132,361,2401,0.733027905039567,0,0,187,1124,24,581,31,844,16,31
"1510","2020-04-13",120,18,133,352,2401,0.733027905039567,0,0,187,1124,23,604,41,885,19,41
"1511","2020-04-14",116,18,162,352,2401,0.733027905039567,0,0,187,1124,8,612,28,913,5,28
"1512","2020-04-15",113,18,187,360,2401,0.733027905039567,0,0,187,1124,9,621,24,937,7,24
"1513","2020-04-16",99,18,204,353,2401,0.733027905039567,0,0,187,1124,6,627,26,963,5,26
"1514","2020-04-17",98,18,203,335,2401,0.733027905039567,0,0,187,1124,11,638,15,978,6,15
"1515","2020-04-18",90,18,186,317,2401,0.733027905039567,0,0,187,1124,13,651,15,993,9,15
"1516","2020-04-19",86,18,159,314,2401,0.733027905039567,0,0,187,1124,16,667,11,1004,11,11
"1517","2020-04-20",82,18,134,297,2401,0.733027905039567,0,0,187,1124,12,679,28,1032,10,28
"1518","2020-04-21",83,18,158,292,2401,0.733027905039567,0,0,187,1124,9,688,25,1057,4,25
"1519","2020-04-22",85,18,153,286,2401,0.733027905039567,0,0,187,1124,9,697,6,1063,7,6
"1520","2020-04-23",92,18,137,286,2401,0.733027905039567,0,0,187,1124,13,710,4,1067,9,4
"1521","2020-04-24",104,18,125,274,2401,0.733027905039567,0,0,187,1124,16,726,19,1086,14,19
"1522","2020-04-25",101,18,142,272,2401,0.733027905039567,0,0,187,1124,17,743,17,1103,14,17
"1523","2020-04-26",103,18,140,267,2401,0.733027905039567,0,0,187,1124,14,757,17,1120,12,17
"1524","2020-04-27",93,18,122,252,2401,0.733027905039567,0,0,187,1124,21,778,18,1138,18,18
"1525","2020-04-28",93,18,111,246,2401,0.733027905039567,0,0,187,1124,11,789,20,1158,7,20
"1526","2020-04-29",87,18,103,232,2401,0.733027905039567,0,0,187,1124,11,800,11,1169,9,11
"1527","2020-04-30",77,18,76,222,2401,0.733027905039567,0,0,187,1124,22,822,13,1182,20,13
"1528","2020-05-01",65,18,71,213,2401,0.733027905039567,0,0,187,1124,15,837,18,1200,12,18
"1529","2020-05-02",62,18,66,207,2401,0.733027905039567,0,0,187,1124,12,849,11,1211,10,11
"1530","2020-05-03",55,18,60,208,2401,0.733027905039567,0,0,187,1124,24,873,12,1223,20,12
"1531","2020-05-04",58,18,59,217,2401,0.733027905039567,0,0,187,1124,20,893,11,1234,17,11
"1532","2020-05-05",57,18,50,220,2401,0.733027905039567,0,0,187,1124,16,909,8,1242,14,8
"1533","2020-05-06",63,18,46,209,2401,0.733027905039567,0,0,187,1124,13,922,8,1250,11,8
"1534","2020-05-07",63,18,50,208,2401,0.733027905039567,0,0,187,1124,25,947,8,1258,23,8
"1535","2020-05-08",67,18,51,219,2401,0.733027905039567,0,0,187,1124,20,967,7,1265,15,7
"1536","2020-05-09",68,18,51,217,2401,0.733027905039567,0,0,187,1124,20,987,9,1274,16,9
"1537","2020-05-10",68,18,53,219,2401,0.733027905039567,0,0,187,1124,16,1003,12,1286,13,12
"1538","2020-05-11",65,18,39,222,2401,0.733027905039567,0,0,187,1124,17,1020,6,1292,17,6
"1539","2020-05-12",63,18,36,216,2401,0.733027905039567,0,0,187,1124,20,1040,11,1303,17,11
"1540","2020-05-13",62,18,37,222,2401,0.733027905039567,0,0,187,1124,28,1068,12,1315,27,12
"1541","2020-05-14",64,18,35,226,2401,0.733027905039567,0,0,187,1124,20,1088,10,1325,14,10
"1542","2020-05-15",58,18,41,228,2401,0.733027905039567,0,0,187,1124,13,1101,2,1327,13,2
"1543","2020-05-16",65,18,32,241,2401,0.733027905039567,0,0,187,1124,19,1120,10,1337,15,10
"1544","2020-05-17",68,18,25,242,2401,0.733027905039567,0,0,187,1124,20,1140,7,1344,18,7
"1545","2020-05-18",69,18,17,245,2401,0.733027905039567,0,0,187,1124,14,1154,7,1351,14,7
"1546","2020-05-19",67,18,14,249,2401,0.733027905039567,0,0,187,1124,22,1176,4,1355,22,4
"1547","2020-05-20",64,18,13,255,2401,0.733027905039567,0,0,187,1124,17,1193,2,1357,15,2
"1548","2020-05-21",67,18,13,261,2401,0.733027905039567,0,0,187,1124,28,1221,4,1361,26,4
"1549","2020-05-22",70,18,18,260,2401,0.733027905039567,0,0,187,1124,21,1242,NA,NA,15,NA
"1550","2020-05-23",70,18,18,264,2401,0.733027905039567,0,0,187,1124,31,1273,1,1362,29,1
"1551","2020-05-24",75,18,20,259,2401,0.733027905039567,0,0,187,1124,33,1306,3,1365,31,3
"1552","2020-05-25",77,18,27,266,2401,0.733027905039567,0,0,187,1124,25,1331,3,1368,24,3
"1553","2020-05-26",79,18,30,261,2401,0.733027905039567,0,0,187,1124,34,1365,2,1370,33,2
"1554","2020-05-27",91,18,27,261,2401,0.733027905039567,0,0,187,1124,26,1391,3,1373,23,3
"1555","2020-05-28",90,18,22,261,2401,0.733027905039567,0,0,187,1124,31,1422,1,1374,29,1
"1556","2020-05-29",89,18,19,264,2401,0.733027905039567,0,0,187,1124,32,1454,1,1375,29,1
"1557","2020-05-30",85,18,18,266,2401,0.733027905039567,0,0,187,1124,33,1487,2,1377,30,2
"1558","2020-05-31",78,18,16,269,2401,0.733027905039567,0,0,187,1124,32,1519,2,1379,29,2
"1559","2020-06-01",81,18,16,271,2401,0.733027905039567,0,0,187,1124,37,1556,2,1381,36,2
"1560","2020-06-02",79,18,15,252,2401,0.733027905039567,0,0,187,1124,33,1589,3,1384,32,3
"1561","2020-06-03",69,18,15,238,2401,0.733027905039567,0,0,187,1124,43,1632,1,1385,41,1
"1562","2020-06-04",69,18,16,237,2401,0.733027905039567,0,0,187,1124,24,1656,1,1386,22,1
"1563","2020-06-05",70,18,15,240,2401,0.733027905039567,0,0,187,1124,38,1694,7,1393,36,7
"1564","2020-06-06",73,18,16,241,2401,0.733027905039567,0,0,187,1124,34,1728,2,1395,32,2
"1565","2020-06-07",76,18,18,237,2401,0.733027905039567,0,0,187,1124,40,1768,4,1399,38,4
"1566","2020-03-11",1,19,74,48,2019,0.357602773650322,0,0,186,353,38,38,37,53,NA,37
"1567","2020-03-12",4,19,128,92,2019,0.357602773650322,0,0,186,353,40,78,13,66,2,13
"1568","2020-03-13",6,19,153,123,2019,0.357602773650322,0,0,186,353,44,122,79,145,4,79
"1569","2020-03-14",11,19,191,161,2019,0.357602773650322,0,0,186,353,42,164,36,181,6,36
"1570","2020-03-15",17,19,205,197,2019,0.357602773650322,0,0,186,353,47,211,22,203,8,22
"1571","2020-03-16",23,19,234,236,2019,0.357602773650322,0,0,186,353,45,256,21,224,8,21
"1572","2020-03-17",34,19,226,259,2019,0.357602773650322,0,0,186,353,47,303,38,262,9,38
"1573","2020-03-18",39,19,209,293,2019,0.357602773650322,0,0,186,353,43,346,16,278,5,16
"1574","2020-03-19",48,19,198,311,2019,0.357602773650322,0,0,186,353,29,375,47,325,5,47
"1575","2020-03-20",57,19,178,330,2019,0.357602773650322,0,0,186,353,36,411,38,363,11,38
"1576","2020-03-21",75,19,183,353,2019,0.357602773650322,0,0,186,353,40,451,23,386,10,23
"1577","2020-03-22",82,19,196,372,2019,0.357602773650322,0,0,186,353,52,503,32,418,21,32
"1578","2020-03-23",86,19,174,382,2019,0.357602773650322,0,0,186,353,56,559,39,457,21,39
"1579","2020-03-24",88,19,171,386,2019,0.357602773650322,0,0,186,353,48,607,20,477,22,20
"1580","2020-03-25",98,19,195,380,2019,0.357602773650322,0,0,186,353,52,659,74,551,23,74
"1581","2020-03-26",104,19,214,384,2019,0.357602773650322,0,0,186,353,33,692,62,613,17,62
"1582","2020-03-27",115,19,206,380,2019,0.357602773650322,0,0,186,353,38,730,60,673,15,60
"1583","2020-03-28",109,19,184,390,2019,0.357602773650322,0,0,186,353,30,760,70,743,15,70
"1584","2020-03-29",110,19,165,377,2019,0.357602773650322,0,0,186,353,48,808,60,803,18,60
"1585","2020-03-30",116,19,162,387,2019,0.357602773650322,0,0,186,353,30,838,52,855,15,52
"1586","2020-03-31",122,19,171,386,2019,0.357602773650322,0,0,186,353,39,877,33,888,9,33
"1587","2020-04-01",124,19,158,391,2019,0.357602773650322,0,0,186,353,38,915,28,916,19,28
"1588","2020-04-02",117,19,145,389,2019,0.357602773650322,0,0,186,353,25,940,22,938,7,22
"1589","2020-04-03",108,19,159,386,2019,0.357602773650322,0,0,186,353,37,977,16,954,16,16
"1590","2020-04-04",107,19,159,383,2019,0.357602773650322,0,0,186,353,28,1005,14,968,13,14
"1591","2020-04-05",114,19,186,380,2019,0.357602773650322,0,0,186,353,34,1039,39,1007,17,39
"1592","2020-04-06",123,19,210,367,2019,0.357602773650322,0,0,186,353,37,1076,25,1032,22,25
"1593","2020-04-07",114,19,214,356,2019,0.357602773650322,0,0,186,353,42,1118,63,1095,27,63
"1594","2020-04-08",107,19,184,349,2019,0.357602773650322,0,0,186,353,38,1156,46,1141,22,46
"1595","2020-04-09",105,19,163,355,2019,0.357602773650322,0,0,186,353,48,1204,58,1199,26,58
"1596","2020-04-10",102,19,153,334,2019,0.357602773650322,0,0,186,353,31,1235,25,1224,22,25
"1597","2020-04-11",98,19,159,322,2019,0.357602773650322,0,0,186,353,48,1283,11,1235,28,11
"1598","2020-04-12",92,19,157,291,2019,0.357602773650322,0,0,186,353,25,1308,26,1261,15,26
"1599","2020-04-13",80,19,165,279,2019,0.357602773650322,0,0,186,353,31,1339,42,1303,17,42
"1600","2020-04-14",82,19,149,262,2019,0.357602773650322,0,0,186,353,27,1366,35,1338,19,35
"1601","2020-04-15",78,19,140,254,2019,0.357602773650322,0,0,186,353,17,1383,40,1378,12,40
"1602","2020-04-16",79,19,149,247,2019,0.357602773650322,0,0,186,353,27,1410,38,1416,14,38
"1603","2020-04-17",82,19,152,244,2019,0.357602773650322,0,0,186,353,29,1439,42,1458,16,42
"1604","2020-04-18",76,19,151,242,2019,0.357602773650322,0,0,186,353,37,1476,19,1477,29,19
"1605","2020-04-19",77,19,150,245,2019,0.357602773650322,0,0,186,353,25,1501,17,1494,13,17
"1606","2020-04-20",75,19,137,242,2019,0.357602773650322,0,0,186,353,27,1528,24,1518,17,24
"1607","2020-04-21",71,19,112,240,2019,0.357602773650322,0,0,186,353,12,1540,21,1539,6,21
"1608","2020-04-22",77,19,103,223,2019,0.357602773650322,0,0,186,353,32,1572,28,1567,15,28
"1609","2020-04-23",77,19,100,219,2019,0.357602773650322,0,0,186,353,20,1592,27,1594,13,27
"1610","2020-04-24",73,19,89,213,2019,0.357602773650322,0,0,186,353,24,1616,49,1643,15,49
"1611","2020-04-25",73,19,83,206,2019,0.357602773650322,0,0,186,353,25,1641,22,1665,15,22
"1612","2020-04-26",65,19,70,208,2019,0.357602773650322,0,0,186,353,20,1661,15,1680,11,15
"1613","2020-04-27",66,19,76,201,2019,0.357602773650322,0,0,186,353,27,1688,14,1694,17,14
"1614","2020-04-28",69,19,73,195,2019,0.357602773650322,0,0,186,353,22,1710,14,1708,11,14
"1615","2020-04-29",69,19,66,192,2019,0.357602773650322,0,0,186,353,24,1734,12,1720,13,12
"1616","2020-04-30",65,19,71,187,2019,0.357602773650322,0,0,186,353,22,1756,26,1746,17,26
"1617","2020-05-01",63,19,64,173,2019,0.357602773650322,0,0,186,353,23,1779,8,1754,17,8
"1618","2020-05-02",65,19,58,171,2019,0.357602773650322,0,0,186,353,25,1804,8,1762,13,8
"1619","2020-05-03",59,19,52,174,2019,0.357602773650322,0,0,186,353,37,1841,12,1774,24,12
"1620","2020-05-04",50,19,51,170,2019,0.357602773650322,0,0,186,353,19,1860,12,1786,15,12
"1621","2020-05-05",47,19,53,165,2019,0.357602773650322,0,0,186,353,27,1887,4,1790,20,4
"1622","2020-05-06",38,19,51,160,2019,0.357602773650322,0,0,186,353,26,1913,2,1792,18,2
"1623","2020-05-07",44,19,53,165,2019,0.357602773650322,0,0,186,353,37,1950,1,1793,29,1
"1624","2020-05-08",42,19,46,167,2019,0.357602773650322,0,0,186,353,39,1989,NA,NA,32,NA
"1625","2020-05-09",39,19,45,161,2019,0.357602773650322,0,0,186,353,34,2023,8,1801,21,8
"1626","2020-05-10",44,19,47,156,2019,0.357602773650322,0,0,186,353,25,2048,7,1808,17,7
"1627","2020-05-11",46,19,46,152,2019,0.357602773650322,0,0,186,353,31,2079,4,1812,24,4
"1628","2020-05-12",41,19,53,149,2019,0.357602773650322,0,0,186,353,33,2112,8,1820,25,8
"1629","2020-05-13",46,19,50,151,2019,0.357602773650322,0,0,186,353,33,2145,7,1827,28,7
"1630","2020-05-14",39,19,49,148,2019,0.357602773650322,0,0,186,353,28,2173,9,1836,25,9
"1631","2020-05-15",42,19,42,146,2019,0.357602773650322,0,0,186,353,42,2215,3,1839,36,3
"1632","2020-05-16",45,19,41,136,2019,0.357602773650322,0,0,186,353,31,2246,11,1850,22,11
"1633","2020-05-17",42,19,39,137,2019,0.357602773650322,0,0,186,353,28,2274,3,1853,22,3
"1634","2020-05-18",41,19,36,136,2019,0.357602773650322,0,0,186,353,29,2303,5,1858,21,5
"1635","2020-05-19",39,19,34,143,2019,0.357602773650322,0,0,186,353,35,2338,11,1869,29,11
"1636","2020-05-20",34,19,34,138,2019,0.357602773650322,0,0,186,353,26,2364,3,1872,18,3
"1637","2020-05-21",33,19,26,140,2019,0.357602773650322,0,0,186,353,24,2388,4,1876,21,4
"1638","2020-05-22",34,19,24,146,2019,0.357602773650322,0,0,186,353,35,2423,5,1881,26,5
"1639","2020-05-23",30,19,24,149,2019,0.357602773650322,0,0,186,353,22,2445,4,1885,18,4
"1640","2020-05-24",34,19,23,146,2019,0.357602773650322,0,0,186,353,26,2471,1,1886,21,1
"1641","2020-05-25",37,19,22,145,2019,0.357602773650322,0,0,186,353,30,2501,3,1889,26,3
"1642","2020-05-26",42,19,25,148,2019,0.357602773650322,0,0,186,353,32,2533,1,1890,24,1
"1643","2020-05-27",46,19,24,148,2019,0.357602773650322,0,0,186,353,24,2557,5,1895,17,5
"1644","2020-05-28",46,19,28,151,2019,0.357602773650322,0,0,186,353,29,2586,4,1899,22,4
"1645","2020-05-29",42,19,31,153,2019,0.357602773650322,0,0,186,353,29,2615,1,1900,24,1
"1646","2020-05-30",48,19,29,165,2019,0.357602773650322,0,0,186,353,18,2633,NA,NA,11,NA
"1647","2020-05-31",47,19,27,165,2019,0.357602773650322,0,0,186,353,33,2666,1,1901,24,1
"1648","2020-06-01",47,19,28,172,2019,0.357602773650322,0,0,186,353,25,2691,1,1902,19,1
"1649","2020-06-02",48,19,25,171,2019,0.357602773650322,0,0,186,353,32,2723,NA,NA,27,NA
"1650","2020-06-03",45,19,23,172,2019,0.357602773650322,0,0,186,353,27,2750,1,1903,22,1
"1651","2020-06-04",52,19,23,175,2019,0.357602773650322,0,0,186,353,18,2768,1,1904,11,1
"1652","2020-06-05",55,19,26,178,2019,0.357602773650322,0,0,186,353,37,2805,2,1906,31,2
"1653","2020-06-06",51,19,32,182,2019,0.357602773650322,0,0,186,353,30,2835,2,1908,21,2
"1654","2020-06-07",50,19,38,186,2019,0.357602773650322,0,0,186,353,30,2865,5,1913,20,5
"1655","2020-03-12",1,20,200,27,4121,0.940548410579956,0,0,359,579,16,29,36,65,NA,36
"1656","2020-03-13",2,20,211,53,4121,0.940548410579956,0,0,359,579,12,41,71,136,1,71
"1657","2020-03-14",5,20,281,86,4121,0.940548410579956,0,0,359,579,15,56,56,192,9,56
"1658","2020-03-15",9,20,321,114,4121,0.940548410579956,0,0,359,579,31,87,71,263,5,71
"1659","2020-03-16",12,20,335,141,4121,0.940548410579956,0,0,359,579,16,103,32,295,5,32
"1660","2020-03-17",14,20,296,170,4121,0.940548410579956,0,0,359,579,17,120,52,347,4,52
"1661","2020-03-18",21,20,254,196,4121,0.940548410579956,0,0,359,579,24,144,45,392,13,45
"1662","2020-03-19",28,20,235,236,4121,0.940548410579956,0,0,359,579,28,172,35,427,14,35
"1663","2020-03-20",34,20,216,278,4121,0.940548410579956,0,0,359,579,26,198,40,467,6,40
"1664","2020-03-21",40,20,193,314,4121,0.940548410579956,0,0,359,579,17,215,35,502,8,35
"1665","2020-03-22",57,20,166,345,4121,0.940548410579956,0,0,359,579,11,226,44,546,6,44
"1666","2020-03-23",65,20,210,388,4121,0.940548410579956,0,0,359,579,18,244,39,585,9,39
"1667","2020-03-24",78,20,244,440,4121,0.940548410579956,0,0,359,579,13,257,41,626,5,41
"1668","2020-03-25",93,20,270,465,4121,0.940548410579956,0,0,359,579,15,272,17,643,7,17
"1669","2020-03-26",105,20,268,518,4121,0.940548410579956,0,0,359,579,11,283,43,686,6,43
"1670","2020-03-27",111,20,230,534,4121,0.940548410579956,0,0,359,579,25,308,40,726,15,40
"1671","2020-03-28",121,20,240,588,4121,0.940548410579956,0,0,359,579,13,321,54,780,5,54
"1672","2020-03-29",122,20,211,600,4121,0.940548410579956,0,0,359,579,15,336,47,827,9,47
"1673","2020-03-30",133,20,202,642,4121,0.940548410579956,0,0,359,579,10,346,63,890,2,63
"1674","2020-03-31",144,20,167,699,4121,0.940548410579956,0,0,359,579,21,367,44,934,6,44
"1675","2020-04-01",151,20,160,736,4121,0.940548410579956,0,0,359,579,22,389,30,964,12,30
"1676","2020-04-02",152,20,198,782,4121,0.940548410579956,0,0,359,579,26,415,28,992,14,28
"1677","2020-04-03",182,20,184,815,4121,0.940548410579956,0,0,359,579,19,434,23,1015,11,23
"1678","2020-04-04",191,20,176,827,4121,0.940548410579956,0,0,359,579,18,452,34,1049,12,34
"1679","2020-04-05",197,20,156,859,4121,0.940548410579956,0,0,359,579,23,475,38,1087,14,38
"1680","2020-04-06",205,20,130,886,4121,0.940548410579956,0,0,359,579,23,498,34,1121,13,34
"1681","2020-04-07",211,20,135,889,4121,0.940548410579956,0,0,359,579,23,521,29,1150,19,29
"1682","2020-04-08",220,20,153,918,4121,0.940548410579956,0,0,359,579,21,542,15,1165,18,15
"1683","2020-04-09",235,20,209,912,4121,0.940548410579956,0,0,359,579,25,567,20,1185,20,20
"1684","2020-04-10",251,20,202,892,4121,0.940548410579956,0,0,359,579,23,590,27,1212,21,27
"1685","2020-04-11",268,20,222,890,4121,0.940548410579956,0,0,359,579,34,624,39,1251,22,39
"1686","2020-04-12",267,20,201,892,4121,0.940548410579956,0,0,359,579,24,648,38,1289,14,38
"1687","2020-04-13",281,20,202,892,4121,0.940548410579956,0,0,359,579,20,668,23,1312,14,23
"1688","2020-04-14",298,20,214,890,4121,0.940548410579956,0,0,359,579,16,684,23,1335,14,23
"1689","2020-04-15",299,20,212,860,4121,0.940548410579956,0,0,359,579,17,701,16,1351,12,16
"1690","2020-04-16",290,20,201,856,4121,0.940548410579956,0,0,359,579,21,722,23,1374,17,23
"1691","2020-04-17",249,20,187,844,4121,0.940548410579956,0,0,359,579,15,737,24,1398,12,24
"1692","2020-04-18",232,20,167,839,4121,0.940548410579956,0,0,359,579,18,755,28,1426,14,28
"1693","2020-04-19",233,20,139,806,4121,0.940548410579956,0,0,359,579,18,773,21,1447,16,21
"1694","2020-04-20",218,20,143,794,4121,0.940548410579956,0,0,359,579,25,798,37,1484,22,37
"1695","2020-04-21",200,20,158,773,4121,0.940548410579956,0,0,359,579,15,813,24,1508,11,24
"1696","2020-04-22",195,20,141,735,4121,0.940548410579956,0,0,359,579,14,827,20,1528,12,20
"1697","2020-04-23",195,20,135,713,4121,0.940548410579956,0,0,359,579,19,846,29,1557,12,29
"1698","2020-04-24",206,20,119,692,4121,0.940548410579956,0,0,359,579,16,862,32,1589,13,32
"1699","2020-04-25",208,20,100,664,4121,0.940548410579956,0,0,359,579,17,879,24,1613,10,24
"1700","2020-04-26",203,20,101,644,4121,0.940548410579956,0,0,359,579,28,907,22,1635,23,22
"1701","2020-04-27",207,20,110,611,4121,0.940548410579956,0,0,359,579,17,924,18,1653,12,18
"1702","2020-04-28",198,20,97,616,4121,0.940548410579956,0,0,359,579,15,939,26,1679,10,26
"1703","2020-04-29",201,20,86,589,4121,0.940548410579956,0,0,359,579,26,965,18,1697,19,18
"1704","2020-04-30",195,20,71,579,4121,0.940548410579956,0,0,359,579,19,984,14,1711,18,14
"1705","2020-05-01",183,20,81,565,4121,0.940548410579956,0,0,359,579,15,999,25,1736,13,25
"1706","2020-05-02",175,20,85,552,4121,0.940548410579956,0,0,359,579,16,1015,15,1751,15,15
"1707","2020-05-03",181,20,86,540,4121,0.940548410579956,0,0,359,579,15,1030,22,1773,13,22
"1708","2020-05-04",176,20,76,538,4121,0.940548410579956,0,0,359,579,18,1048,17,1790,14,17
"1709","2020-05-05",174,20,72,524,4121,0.940548410579956,0,0,359,579,21,1069,25,1815,20,25
"1710","2020-05-06",164,20,58,501,4121,0.940548410579956,0,0,359,579,13,1082,24,1839,11,24
"1711","2020-05-07",161,20,45,484,4121,0.940548410579956,0,0,359,579,16,1098,24,1863,12,24
"1712","2020-05-08",170,20,41,472,4121,0.940548410579956,0,0,359,579,19,1117,24,1887,16,24
"1713","2020-05-09",169,20,40,451,4121,0.940548410579956,0,0,359,579,12,1129,25,1912,10,25
"1714","2020-05-10",155,20,35,440,4121,0.940548410579956,0,0,359,579,17,1146,24,1936,12,24
"1715","2020-05-11",148,20,34,445,4121,0.940548410579956,0,0,359,579,11,1157,16,1952,8,16
"1716","2020-05-12",139,20,29,417,4121,0.940548410579956,0,0,359,579,10,1167,16,1968,9,16
"1717","2020-05-13",131,20,26,403,4121,0.940548410579956,0,0,359,579,13,1180,24,1992,7,24
"1718","2020-05-14",134,20,22,385,4121,0.940548410579956,0,0,359,579,16,1196,18,2010,12,18
"1719","2020-05-15",129,20,20,372,4121,0.940548410579956,0,0,359,579,8,1204,18,2028,4,18
"1720","2020-05-16",125,20,21,359,4121,0.940548410579956,0,0,359,579,21,1225,14,2042,19,14
"1721","2020-05-17",127,20,21,343,4121,0.940548410579956,0,0,359,579,17,1242,12,2054,14,12
"1722","2020-05-18",117,20,21,334,4121,0.940548410579956,0,0,359,579,15,1257,16,2070,10,16
"1723","2020-05-19",113,20,18,325,4121,0.940548410579956,0,0,359,579,13,1270,17,2087,10,17
"1724","2020-05-20",104,20,16,307,4121,0.940548410579956,0,0,359,579,11,1281,15,2102,8,15
"1725","2020-05-21",100,20,16,292,4121,0.940548410579956,0,0,359,579,17,1298,12,2114,14,12
"1726","2020-05-22",85,20,12,272,4121,0.940548410579956,0,0,359,579,13,1311,13,2127,12,13
"1727","2020-05-23",83,20,12,267,4121,0.940548410579956,0,0,359,579,28,1339,12,2139,28,12
"1728","2020-05-24",75,20,11,254,4121,0.940548410579956,0,0,359,579,18,1357,19,2158,16,19
"1729","2020-05-25",83,20,9,240,4121,0.940548410579956,0,0,359,579,15,1372,17,2175,14,17
"1730","2020-05-26",85,20,10,228,4121,0.940548410579956,0,0,359,579,19,1391,6,2181,17,6
"1731","2020-05-27",84,20,9,223,4121,0.940548410579956,0,0,359,579,26,1417,13,2194,23,13
"1732","2020-05-28",78,20,8,214,4121,0.940548410579956,0,0,359,579,13,1430,8,2202,8,8
"1733","2020-05-29",76,20,9,209,4121,0.940548410579956,0,0,359,579,21,1451,2,2204,16,2
"1734","2020-05-30",68,20,8,208,4121,0.940548410579956,0,0,359,579,23,1474,6,2210,23,6
"1735","2020-05-31",73,20,7,196,4121,0.940548410579956,0,0,359,579,20,1494,6,2216,17,6
"1736","2020-06-01",65,20,7,190,4121,0.940548410579956,0,0,359,579,24,1518,3,2219,19,3
"1737","2020-06-02",68,20,10,189,4121,0.940548410579956,0,0,359,579,17,1535,5,2224,15,5
"1738","2020-06-03",63,20,10,170,4121,0.940548410579956,0,0,359,579,22,1557,10,2234,19,10
"1739","2020-06-04",59,20,11,171,4121,0.940548410579956,0,0,359,579,42,1599,2,2236,36,2
"1740","2020-06-05",59,20,12,171,4121,0.940548410579956,0,0,359,579,35,1634,3,2239,33,3
"1741","2020-06-06",59,20,10,162,4121,0.940548410579956,0,0,359,579,41,1675,3,2242,39,3
"1742","2020-06-07",50,20,10,142,4121,0.940548410579956,0,0,359,579,32,1707,3,2245,27,3
