"","Date","Absents","Paramset","Infections_or_Exposed_per_day_Patient","Infections_or_Exposed_per_day_HCW","total_infections","nosocomial_proportion","PCR_pooled","LFD_pooled","HCW_symp_test","patient_symp_test","new_hcw_infs","cumulative_hcw_infs","new_pat_infs","cumulative_pats_infs","new_nosocomial_hcw_infs","new_nosocomial_pat_infs"
"1","2020-03-13",2,1,33,150,7820,0.676982097186701,0,0,734,578,51,151,6,23,6,6
"2","2020-03-14",9,1,40,210,7820,0.676982097186701,0,0,734,578,60,211,10,33,12,10
"3","2020-03-15",19,1,52,271,7820,0.676982097186701,0,0,734,578,61,272,13,46,20,13
"4","2020-03-16",24,1,61,342,7820,0.676982097186701,0,0,734,578,73,345,17,63,38,17
"5","2020-03-17",32,1,79,410,7820,0.676982097186701,0,0,734,578,69,414,23,86,34,23
"6","2020-03-18",48,1,100,502,7820,0.676982097186701,0,0,734,578,97,511,32,118,51,32
"7","2020-03-19",70,1,121,601,7820,0.676982097186701,0,0,734,578,108,619,26,144,68,26
"8","2020-03-20",84,1,115,692,7820,0.676982097186701,0,0,734,578,115,734,23,167,76,23
"9","2020-03-21",103,1,106,804,7820,0.676982097186701,0,0,734,578,133,867,17,184,87,17
"10","2020-03-22",119,1,120,908,7820,0.676982097186701,0,0,734,578,136,1003,20,204,88,20
"11","2020-03-23",144,1,127,1049,7820,0.676982097186701,0,0,734,578,175,1178,24,228,130,24
"12","2020-03-24",180,1,123,1180,7820,0.676982097186701,0,0,734,578,175,1353,21,249,136,21
"13","2020-03-25",214,1,138,1301,7820,0.676982097186701,0,0,734,578,173,1526,22,271,136,22
"14","2020-03-26",236,1,161,1478,7820,0.676982097186701,0,0,734,578,248,1774,35,306,198,35
"15","2020-03-27",284,1,187,1607,7820,0.676982097186701,0,0,734,578,214,1988,50,356,175,50
"16","2020-03-28",317,1,203,1772,7820,0.676982097186701,0,0,734,578,249,2237,38,394,211,38
"17","2020-03-29",364,1,196,1907,7820,0.676982097186701,0,0,734,578,237,2474,41,435,194,41
"18","2020-03-30",405,1,186,2066,7820,0.676982097186701,0,0,734,578,248,2722,30,465,215,30
"19","2020-03-31",443,1,165,2211,7820,0.676982097186701,0,0,734,578,276,2998,20,485,245,20
"20","2020-04-01",488,1,149,2327,7820,0.676982097186701,0,0,734,578,249,3247,18,503,219,18
"21","2020-04-02",522,1,157,2405,7820,0.676982097186701,0,0,734,578,230,3477,30,533,204,30
"22","2020-04-03",573,1,164,2470,7820,0.676982097186701,0,0,734,578,221,3698,29,562,189,29
"23","2020-04-04",618,1,182,2545,7820,0.676982097186701,0,0,734,578,242,3940,45,607,215,45
"24","2020-04-05",647,1,174,2573,7820,0.676982097186701,0,0,734,578,208,4148,36,643,172,36
"25","2020-04-06",686,1,172,2599,7820,0.676982097186701,0,0,734,578,231,4379,23,666,199,23
"26","2020-04-07",720,1,162,2600,7820,0.676982097186701,0,0,734,578,196,4575,27,693,175,27
"27","2020-04-08",733,1,177,2562,7820,0.676982097186701,0,0,734,578,181,4756,36,729,151,36
"28","2020-04-09",749,1,210,2488,7820,0.676982097186701,0,0,734,578,165,4921,45,774,131,45
"29","2020-04-10",742,1,207,2404,7820,0.676982097186701,0,0,734,578,162,5083,37,811,137,37
"30","2020-04-11",726,1,172,2338,7820,0.676982097186701,0,0,734,578,174,5257,22,833,148,22
"31","2020-04-12",724,1,178,2213,7820,0.676982097186701,0,0,734,578,120,5377,21,854,101,21
"32","2020-04-13",701,1,196,2103,7820,0.676982097186701,0,0,734,578,142,5519,45,899,122,45
"33","2020-04-14",662,1,197,2019,7820,0.676982097186701,0,0,734,578,123,5642,38,937,102,38
"34","2020-04-15",644,1,227,1927,7820,0.676982097186701,0,0,734,578,107,5749,59,996,86,59
"35","2020-04-16",605,1,229,1812,7820,0.676982097186701,0,0,734,578,80,5829,39,1035,51,39
"36","2020-04-17",576,1,233,1690,7820,0.676982097186701,0,0,734,578,94,5923,41,1076,65,41
"37","2020-04-18",553,1,217,1565,7820,0.676982097186701,0,0,734,578,74,5997,35,1111,57,35
"38","2020-04-19",516,1,194,1467,7820,0.676982097186701,0,0,734,578,75,6072,24,1135,59,24
"39","2020-04-20",489,1,184,1358,7820,0.676982097186701,0,0,734,578,65,6137,35,1170,43,35
"40","2020-04-21",453,1,196,1246,7820,0.676982097186701,0,0,734,578,53,6190,38,1208,36,38
"41","2020-04-22",403,1,201,1159,7820,0.676982097186701,0,0,734,578,57,6247,37,1245,40,37
"42","2020-04-23",397,1,234,1051,7820,0.676982097186701,0,0,734,578,45,6292,53,1298,28,53
"43","2020-04-24",362,1,248,963,7820,0.676982097186701,0,0,734,578,44,6336,59,1357,30,59
"44","2020-04-25",337,1,244,869,7820,0.676982097186701,0,0,734,578,32,6368,44,1401,23,44
"45","2020-04-26",306,1,234,802,7820,0.676982097186701,0,0,734,578,44,6412,29,1430,27,29
"46","2020-04-27",274,1,220,736,7820,0.676982097186701,0,0,734,578,35,6447,29,1459,20,29
"47","2020-04-28",255,1,235,678,7820,0.676982097186701,0,0,734,578,41,6488,54,1513,24,54
"48","2020-04-29",236,1,232,625,7820,0.676982097186701,0,0,734,578,32,6520,34,1547,24,34
"49","2020-04-30",213,1,219,570,7820,0.676982097186701,0,0,734,578,33,6553,28,1575,17,28
"50","2020-05-01",185,1,227,537,7820,0.676982097186701,0,0,734,578,31,6584,40,1615,19,40
"51","2020-05-02",172,1,214,505,7820,0.676982097186701,0,0,734,578,30,6614,27,1642,17,27
"52","2020-05-03",153,1,204,477,7820,0.676982097186701,0,0,734,578,27,6641,34,1676,12,34
"53","2020-05-04",137,1,202,444,7820,0.676982097186701,0,0,734,578,28,6669,27,1703,16,27
"54","2020-05-05",126,1,170,419,7820,0.676982097186701,0,0,734,578,26,6695,21,1724,13,21
"55","2020-05-06",117,1,201,395,7820,0.676982097186701,0,0,734,578,20,6715,45,1769,9,45
"56","2020-05-07",110,1,215,381,7820,0.676982097186701,0,0,734,578,21,6736,50,1819,9,50
"57","2020-05-08",107,1,248,350,7820,0.676982097186701,0,0,734,578,12,6748,54,1873,5,54
"58","2020-05-09",97,1,264,325,7820,0.676982097186701,0,0,734,578,20,6768,63,1936,8,63
"59","2020-05-10",95,1,298,301,7820,0.676982097186701,0,0,734,578,19,6787,71,2007,11,71
"60","2020-05-11",94,1,291,273,7820,0.676982097186701,0,0,734,578,18,6805,35,2042,6,35
"61","2020-05-12",92,1,257,253,7820,0.676982097186701,0,0,734,578,16,6821,29,2071,7,29
"62","2020-05-13",93,1,263,223,7820,0.676982097186701,0,0,734,578,14,6835,31,2102,7,31
"63","2020-05-14",85,1,233,219,7820,0.676982097186701,0,0,734,578,14,6849,24,2126,5,24
"64","2020-05-15",81,1,238,209,7820,0.676982097186701,0,0,734,578,15,6864,47,2173,6,47
"65","2020-05-16",75,1,237,202,7820,0.676982097186701,0,0,734,578,14,6878,42,2215,8,42
"66","2020-05-17",67,1,238,194,7820,0.676982097186701,0,0,734,578,13,6891,45,2260,4,45
"67","2020-05-18",64,1,232,187,7820,0.676982097186701,0,0,734,578,11,6902,47,2307,9,47
"68","2020-05-19",61,1,227,180,7820,0.676982097186701,0,0,734,578,8,6910,49,2356,4,49
"69","2020-05-20",52,1,203,164,7820,0.676982097186701,0,0,734,578,10,6920,26,2382,3,26
"70","2020-05-21",52,1,188,160,7820,0.676982097186701,0,0,734,578,18,6938,19,2401,10,19
"71","2020-05-22",53,1,166,155,7820,0.676982097186701,0,0,734,578,10,6948,13,2414,6,13
"72","2020-05-23",45,1,186,138,7820,0.676982097186701,0,0,734,578,6,6954,40,2454,2,40
"73","2020-05-24",55,1,179,141,7820,0.676982097186701,0,0,734,578,14,6968,25,2479,7,25
"74","2020-05-25",54,1,165,135,7820,0.676982097186701,0,0,734,578,7,6975,21,2500,4,21
"75","2020-05-26",51,1,165,132,7820,0.676982097186701,0,0,734,578,9,6984,27,2527,4,27
"76","2020-05-27",51,1,153,119,7820,0.676982097186701,0,0,734,578,1,6985,20,2547,NA,20
"77","2020-05-28",48,1,139,111,7820,0.676982097186701,0,0,734,578,5,6990,14,2561,3,14
"78","2020-05-29",43,1,128,103,7820,0.676982097186701,0,0,734,578,5,6995,14,2575,NA,14
"79","2020-05-30",42,1,124,87,7820,0.676982097186701,0,0,734,578,6,7001,14,2589,1,14
"80","2020-05-31",32,1,133,82,7820,0.676982097186701,0,0,734,578,6,7007,33,2622,NA,33
"81","2020-06-01",29,1,140,82,7820,0.676982097186701,0,0,734,578,5,7012,25,2647,NA,25
"82","2020-06-02",32,1,140,84,7820,0.676982097186701,0,0,734,578,10,7022,30,2677,3,30
"83","2020-06-03",30,1,129,74,7820,0.676982097186701,0,0,734,578,6,7028,23,2700,3,23
"84","2020-06-04",27,1,136,74,7820,0.676982097186701,0,0,734,578,5,7033,25,2725,1,25
"85","2020-06-05",24,1,121,74,7820,0.676982097186701,0,0,734,578,7,7040,18,2743,3,18
"86","2020-06-06",24,1,114,72,7820,0.676982097186701,0,0,734,578,7,7047,12,2755,3,12
"87","2020-06-07",24,1,123,69,7820,0.676982097186701,0,0,734,578,5,7052,27,2782,3,27
"88","2020-03-13",1,2,39,76,4897,0.607514804982642,0,0,461,495,32,100,17,51,1,17
"89","2020-03-14",7,2,37,100,4897,0.607514804982642,0,0,461,495,41,141,10,61,6,10
"90","2020-03-15",9,2,46,136,4897,0.607514804982642,0,0,461,495,38,179,13,74,8,13
"91","2020-03-16",13,2,68,171,4897,0.607514804982642,0,0,461,495,56,235,26,100,15,26
"92","2020-03-17",19,2,75,205,4897,0.607514804982642,0,0,461,495,43,278,10,110,10,10
"93","2020-03-18",26,2,80,250,4897,0.607514804982642,0,0,461,495,44,322,15,125,22,15
"94","2020-03-19",35,2,92,291,4897,0.607514804982642,0,0,461,495,54,376,21,146,20,21
"95","2020-03-20",39,2,82,333,4897,0.607514804982642,0,0,461,495,59,435,29,175,15,29
"96","2020-03-21",46,2,93,372,4897,0.607514804982642,0,0,461,495,71,506,31,206,25,31
"97","2020-03-22",61,2,109,417,4897,0.607514804982642,0,0,461,495,54,560,33,239,16,33
"98","2020-03-23",75,2,119,457,4897,0.607514804982642,0,0,461,495,60,620,23,262,21,23
"99","2020-03-24",84,2,128,479,4897,0.607514804982642,0,0,461,495,55,675,37,299,22,37
"100","2020-03-25",97,2,143,526,4897,0.607514804982642,0,0,461,495,48,723,31,330,15,31
"101","2020-03-26",108,2,133,549,4897,0.607514804982642,0,0,461,495,65,788,31,361,22,31
"102","2020-03-27",126,2,125,576,4897,0.607514804982642,0,0,461,495,50,838,27,388,20,27
"103","2020-03-28",138,2,130,609,4897,0.607514804982642,0,0,461,495,63,901,35,423,30,35
"104","2020-03-29",147,2,118,622,4897,0.607514804982642,0,0,461,495,64,965,28,451,24,28
"105","2020-03-30",143,2,115,665,4897,0.607514804982642,0,0,461,495,57,1022,36,487,17,36
"106","2020-03-31",159,2,103,706,4897,0.607514804982642,0,0,461,495,61,1083,33,520,25,33
"107","2020-04-01",171,2,112,744,4897,0.607514804982642,0,0,461,495,61,1144,33,553,22,33
"108","2020-04-02",169,2,136,758,4897,0.607514804982642,0,0,461,495,56,1200,33,586,20,33
"109","2020-04-03",173,2,148,761,4897,0.607514804982642,0,0,461,495,54,1254,13,599,15,13
"110","2020-04-04",178,2,141,791,4897,0.607514804982642,0,0,461,495,57,1311,20,619,18,20
"111","2020-04-05",181,2,131,805,4897,0.607514804982642,0,0,461,495,80,1391,35,654,38,35
"112","2020-04-06",197,2,148,837,4897,0.607514804982642,0,0,461,495,61,1452,16,670,18,16
"113","2020-04-07",189,2,142,846,4897,0.607514804982642,0,0,461,495,77,1529,29,699,23,29
"114","2020-04-08",205,2,138,854,4897,0.607514804982642,0,0,461,495,59,1588,25,724,21,25
"115","2020-04-09",218,2,122,878,4897,0.607514804982642,0,0,461,495,61,1649,29,753,19,29
"116","2020-04-10",230,2,121,902,4897,0.607514804982642,0,0,461,495,50,1699,47,800,24,47
"117","2020-04-11",232,2,131,895,4897,0.607514804982642,0,0,461,495,66,1765,29,829,14,29
"118","2020-04-12",251,2,145,914,4897,0.607514804982642,0,0,461,495,54,1819,30,859,15,30
"119","2020-04-13",255,2,161,942,4897,0.607514804982642,0,0,461,495,54,1873,37,896,17,37
"120","2020-04-14",266,2,155,974,4897,0.607514804982642,0,0,461,495,69,1942,24,920,22,24
"121","2020-04-15",261,2,158,956,4897,0.607514804982642,0,0,461,495,59,2001,19,939,23,19
"122","2020-04-16",267,2,204,938,4897,0.607514804982642,0,0,461,495,55,2056,18,957,16,18
"123","2020-04-17",252,2,205,927,4897,0.607514804982642,0,0,461,495,62,2118,16,973,19,16
"124","2020-04-18",260,2,198,928,4897,0.607514804982642,0,0,461,495,61,2179,21,994,22,21
"125","2020-04-19",256,2,197,924,4897,0.607514804982642,0,0,461,495,74,2253,27,1021,32,27
"126","2020-04-20",265,2,202,897,4897,0.607514804982642,0,0,461,495,66,2319,29,1050,17,29
"127","2020-04-21",262,2,200,886,4897,0.607514804982642,0,0,461,495,54,2373,45,1095,14,45
"128","2020-04-22",247,2,182,869,4897,0.607514804982642,0,0,461,495,46,2419,39,1134,16,39
"129","2020-04-23",237,2,179,848,4897,0.607514804982642,0,0,461,495,65,2484,20,1154,21,20
"130","2020-04-24",251,2,177,850,4897,0.607514804982642,0,0,461,495,57,2541,36,1190,12,36
"131","2020-04-25",240,2,185,826,4897,0.607514804982642,0,0,461,495,46,2587,46,1236,20,46
"132","2020-04-26",236,2,189,800,4897,0.607514804982642,0,0,461,495,44,2631,37,1273,9,37
"133","2020-04-27",228,2,186,778,4897,0.607514804982642,0,0,461,495,51,2682,41,1314,12,41
"134","2020-04-28",218,2,177,762,4897,0.607514804982642,0,0,461,495,37,2719,33,1347,14,33
"135","2020-04-29",221,2,150,744,4897,0.607514804982642,0,0,461,495,48,2767,27,1374,9,27
"136","2020-04-30",218,2,135,719,4897,0.607514804982642,0,0,461,495,61,2828,23,1397,21,23
"137","2020-05-01",208,2,122,710,4897,0.607514804982642,0,0,461,495,57,2885,26,1423,21,26
"138","2020-05-02",206,2,115,686,4897,0.607514804982642,0,0,461,495,50,2935,47,1470,16,47
"139","2020-05-03",195,2,128,675,4897,0.607514804982642,0,0,461,495,49,2984,38,1508,13,38
"140","2020-05-04",188,2,135,659,4897,0.607514804982642,0,0,461,495,46,3030,37,1545,12,37
"141","2020-05-05",193,2,128,640,4897,0.607514804982642,0,0,461,495,53,3083,36,1581,17,36
"142","2020-05-06",188,2,114,616,4897,0.607514804982642,0,0,461,495,45,3128,32,1613,12,32
"143","2020-05-07",188,2,130,605,4897,0.607514804982642,0,0,461,495,39,3167,48,1661,12,48
"144","2020-05-08",183,2,131,589,4897,0.607514804982642,0,0,461,495,48,3215,37,1698,15,37
"145","2020-05-09",176,2,125,570,4897,0.607514804982642,0,0,461,495,32,3247,42,1740,9,42
"146","2020-05-10",183,2,126,560,4897,0.607514804982642,0,0,461,495,50,3297,45,1785,9,45
"147","2020-05-11",176,2,142,555,4897,0.607514804982642,0,0,461,495,48,3345,36,1821,14,36
"148","2020-05-12",168,2,151,543,4897,0.607514804982642,0,0,461,495,32,3377,34,1855,8,34
"149","2020-05-13",156,2,166,546,4897,0.607514804982642,0,0,461,495,35,3412,34,1889,8,34
"150","2020-05-14",148,2,149,525,4897,0.607514804982642,0,0,461,495,49,3461,30,1919,16,30
"151","2020-05-15",147,2,140,523,4897,0.607514804982642,0,0,461,495,31,3492,42,1961,11,42
"152","2020-05-16",156,2,122,493,4897,0.607514804982642,0,0,461,495,29,3521,43,2004,5,43
"153","2020-05-17",141,2,104,470,4897,0.607514804982642,0,0,461,495,27,3548,36,2040,6,36
"154","2020-05-18",140,2,97,435,4897,0.607514804982642,0,0,461,495,35,3583,34,2074,9,34
"155","2020-05-19",142,2,94,411,4897,0.607514804982642,0,0,461,495,35,3618,27,2101,10,27
"156","2020-05-20",138,2,106,405,4897,0.607514804982642,0,0,461,495,34,3652,51,2152,8,51
"157","2020-05-21",130,2,90,407,4897,0.607514804982642,0,0,461,495,35,3687,34,2186,8,34
"158","2020-05-22",130,2,83,395,4897,0.607514804982642,0,0,461,495,34,3721,25,2211,11,25
"159","2020-05-23",115,2,73,381,4897,0.607514804982642,0,0,461,495,33,3754,52,2263,12,52
"160","2020-05-24",107,2,67,364,4897,0.607514804982642,0,0,461,495,23,3777,38,2301,8,38
"161","2020-05-25",105,2,72,340,4897,0.607514804982642,0,0,461,495,31,3808,41,2342,12,41
"162","2020-05-26",102,2,76,333,4897,0.607514804982642,0,0,461,495,25,3833,27,2369,6,27
"163","2020-05-27",101,2,84,326,4897,0.607514804982642,0,0,461,495,25,3858,24,2393,5,24
"164","2020-05-28",110,2,79,319,4897,0.607514804982642,0,0,461,495,22,3880,20,2413,2,20
"165","2020-05-29",97,2,80,300,4897,0.607514804982642,0,0,461,495,13,3893,34,2447,5,34
"166","2020-05-30",90,2,86,287,4897,0.607514804982642,0,0,461,495,29,3922,38,2485,8,38
"167","2020-05-31",83,2,98,280,4897,0.607514804982642,0,0,461,495,22,3944,29,2514,7,29
"168","2020-06-01",76,2,113,273,4897,0.607514804982642,0,0,461,495,22,3966,26,2540,4,26
"169","2020-06-02",77,2,101,263,4897,0.607514804982642,0,0,461,495,23,3989,18,2558,6,18
"170","2020-06-03",80,2,90,257,4897,0.607514804982642,0,0,461,495,14,4003,32,2590,5,32
"171","2020-06-04",76,2,85,250,4897,0.607514804982642,0,0,461,495,15,4018,38,2628,4,38
"172","2020-06-05",77,2,79,248,4897,0.607514804982642,0,0,461,495,18,4036,36,2664,3,36
"173","2020-06-06",81,2,79,237,4897,0.607514804982642,0,0,461,495,15,4051,30,2694,2,30
"174","2020-06-07",84,2,88,220,4897,0.607514804982642,0,0,461,495,20,4071,20,2714,7,20
"175","2020-03-12",1,3,70,83,5238,0.378579610538373,0,0,422,1171,20,30,25,44,5,25
"176","2020-03-13",2,3,79,134,5238,0.378579610538373,0,0,422,1171,28,58,10,54,18,10
"177","2020-03-14",5,3,102,181,5238,0.378579610538373,0,0,422,1171,26,84,23,77,14,23
"178","2020-03-15",12,3,108,232,5238,0.378579610538373,0,0,422,1171,30,114,19,96,20,19
"179","2020-03-16",22,3,140,293,5238,0.378579610538373,0,0,422,1171,43,157,14,110,35,14
"180","2020-03-17",36,3,170,346,5238,0.378579610538373,0,0,422,1171,42,199,26,136,32,26
"181","2020-03-18",55,3,189,395,5238,0.378579610538373,0,0,422,1171,44,243,22,158,30,22
"182","2020-03-19",69,3,182,437,5238,0.378579610538373,0,0,422,1171,48,291,22,180,43,22
"183","2020-03-20",85,3,175,489,5238,0.378579610538373,0,0,422,1171,69,360,14,194,58,14
"184","2020-03-21",103,3,167,531,5238,0.378579610538373,0,0,422,1171,65,425,22,216,49,22
"185","2020-03-22",117,3,197,558,5238,0.378579610538373,0,0,422,1171,72,497,12,228,62,12
"186","2020-03-23",128,3,207,614,5238,0.378579610538373,0,0,422,1171,82,579,9,237,65,9
"187","2020-03-24",131,3,221,668,5238,0.378579610538373,0,0,422,1171,85,664,16,253,78,16
"188","2020-03-25",136,3,245,700,5238,0.378579610538373,0,0,422,1171,126,790,32,285,112,32
"189","2020-03-26",159,3,245,718,5238,0.378579610538373,0,0,422,1171,97,887,39,324,89,39
"190","2020-03-27",178,3,233,747,5238,0.378579610538373,0,0,422,1171,118,1005,30,354,109,30
"191","2020-03-28",179,3,238,763,5238,0.378579610538373,0,0,422,1171,126,1131,30,384,112,30
"192","2020-03-29",190,3,225,788,5238,0.378579610538373,0,0,422,1171,119,1250,34,418,109,34
"193","2020-03-30",200,3,233,794,5238,0.378579610538373,0,0,422,1171,132,1382,31,449,120,31
"194","2020-03-31",219,3,229,798,5238,0.378579610538373,0,0,422,1171,144,1526,39,488,141,39
"195","2020-04-01",228,3,241,787,5238,0.378579610538373,0,0,422,1171,137,1663,30,518,127,30
"196","2020-04-02",216,3,242,791,5238,0.378579610538373,0,0,422,1171,160,1823,32,550,152,32
"197","2020-04-03",222,3,269,804,5238,0.378579610538373,0,0,422,1171,169,1992,27,577,161,27
"198","2020-04-04",221,3,297,817,5238,0.378579610538373,0,0,422,1171,178,2170,29,606,162,29
"199","2020-04-05",217,3,278,834,5238,0.378579610538373,0,0,422,1171,163,2333,42,648,146,42
"200","2020-04-06",215,3,253,837,5238,0.378579610538373,0,0,422,1171,192,2525,35,683,182,35
"201","2020-04-07",212,3,229,843,5238,0.378579610538373,0,0,422,1171,130,2655,26,709,118,26
"202","2020-04-08",214,3,232,849,5238,0.378579610538373,0,0,422,1171,188,2843,20,729,177,20
"203","2020-04-09",222,3,235,852,5238,0.378579610538373,0,0,422,1171,162,3005,16,745,149,16
"204","2020-04-10",220,3,234,863,5238,0.378579610538373,0,0,422,1171,184,3189,21,766,167,21
"205","2020-04-11",235,3,243,854,5238,0.378579610538373,0,0,422,1171,143,3332,18,784,136,18
"206","2020-04-12",243,3,243,869,5238,0.378579610538373,0,0,422,1171,132,3464,37,821,120,37
"207","2020-04-13",248,3,251,863,5238,0.378579610538373,0,0,422,1171,166,3630,18,839,160,18
"208","2020-04-14",248,3,279,862,5238,0.378579610538373,0,0,422,1171,156,3786,23,862,148,23
"209","2020-04-15",234,3,258,838,5238,0.378579610538373,0,0,422,1171,162,3948,26,888,156,26
"210","2020-04-16",231,3,247,834,5238,0.378579610538373,0,0,422,1171,170,4118,23,911,157,23
"211","2020-04-17",221,3,263,830,5238,0.378579610538373,0,0,422,1171,142,4260,22,933,131,22
"212","2020-04-18",222,3,278,821,5238,0.378579610538373,0,0,422,1171,102,4362,54,987,91,54
"213","2020-04-19",220,3,291,823,5238,0.378579610538373,0,0,422,1171,100,4462,37,1024,96,37
"214","2020-04-20",210,3,303,816,5238,0.378579610538373,0,0,422,1171,77,4539,26,1050,67,26
"215","2020-04-21",218,3,309,808,5238,0.378579610538373,0,0,422,1171,91,4630,19,1069,82,19
"216","2020-04-22",228,3,296,804,5238,0.378579610538373,0,0,422,1171,105,4735,49,1118,98,49
"217","2020-04-23",225,3,290,802,5238,0.378579610538373,0,0,422,1171,77,4812,50,1168,71,50
"218","2020-04-24",229,3,310,777,5238,0.378579610538373,0,0,422,1171,82,4894,36,1204,79,36
"219","2020-04-25",227,3,335,773,5238,0.378579610538373,0,0,422,1171,75,4969,43,1247,66,43
"220","2020-04-26",225,3,305,777,5238,0.378579610538373,0,0,422,1171,79,5048,27,1274,72,27
"221","2020-04-27",226,3,307,769,5238,0.378579610538373,0,0,422,1171,62,5110,15,1289,52,15
"222","2020-04-28",218,3,298,782,5238,0.378579610538373,0,0,422,1171,64,5174,35,1324,61,35
"223","2020-04-29",215,3,286,765,5238,0.378579610538373,0,0,422,1171,52,5226,25,1349,49,25
"224","2020-04-30",217,3,294,774,5238,0.378579610538373,0,0,422,1171,46,5272,29,1378,40,29
"225","2020-05-01",216,3,277,778,5238,0.378579610538373,0,0,422,1171,40,5312,31,1409,34,31
"226","2020-05-02",212,3,290,765,5238,0.378579610538373,0,0,422,1171,44,5356,47,1456,39,47
"227","2020-05-03",209,3,323,739,5238,0.378579610538373,0,0,422,1171,37,5393,32,1488,31,32
"228","2020-05-04",215,3,356,706,5238,0.378579610538373,0,0,422,1171,38,5431,26,1514,35,26
"229","2020-05-05",210,3,353,704,5238,0.378579610538373,0,0,422,1171,31,5462,16,1530,29,16
"230","2020-05-06",208,3,339,708,5238,0.378579610538373,0,0,422,1171,22,5484,10,1540,19,10
"231","2020-05-07",204,3,352,690,5238,0.378579610538373,0,0,422,1171,30,5514,15,1555,25,15
"232","2020-05-08",204,3,372,691,5238,0.378579610538373,0,0,422,1171,22,5536,15,1570,15,15
"233","2020-05-09",196,3,340,658,5238,0.378579610538373,0,0,422,1171,21,5557,11,1581,18,11
"234","2020-05-10",198,3,348,625,5238,0.378579610538373,0,0,422,1171,24,5581,34,1615,17,34
"235","2020-05-11",189,3,314,592,5238,0.378579610538373,0,0,422,1171,28,5609,23,1638,23,23
"236","2020-05-12",178,3,305,561,5238,0.378579610538373,0,0,422,1171,23,5632,13,1651,17,13
"237","2020-05-13",173,3,284,552,5238,0.378579610538373,0,0,422,1171,23,5655,14,1665,16,14
"238","2020-05-14",174,3,284,536,5238,0.378579610538373,0,0,422,1171,14,5669,12,1677,11,12
"239","2020-05-15",170,3,299,525,5238,0.378579610538373,0,0,422,1171,16,5685,33,1710,13,33
"240","2020-05-16",166,3,299,505,5238,0.378579610538373,0,0,422,1171,20,5705,28,1738,13,28
"241","2020-05-17",154,3,310,473,5238,0.378579610538373,0,0,422,1171,17,5722,23,1761,13,23
"242","2020-05-18",143,3,327,451,5238,0.378579610538373,0,0,422,1171,17,5739,33,1794,14,33
"243","2020-05-19",142,3,332,443,5238,0.378579610538373,0,0,422,1171,15,5754,13,1807,11,13
"244","2020-05-20",133,3,305,429,5238,0.378579610538373,0,0,422,1171,18,5772,19,1826,16,19
"245","2020-05-21",124,3,302,414,5238,0.378579610538373,0,0,422,1171,19,5791,22,1848,13,22
"246","2020-05-22",108,3,301,403,5238,0.378579610538373,0,0,422,1171,15,5806,32,1880,13,32
"247","2020-05-23",98,3,319,391,5238,0.378579610538373,0,0,422,1171,22,5828,36,1916,17,36
"248","2020-05-24",100,3,322,380,5238,0.378579610538373,0,0,422,1171,16,5844,36,1952,13,36
"249","2020-05-25",106,3,313,378,5238,0.378579610538373,0,0,422,1171,10,5854,31,1983,7,31
"250","2020-05-26",104,3,303,367,5238,0.378579610538373,0,0,422,1171,13,5867,39,2022,10,39
"251","2020-05-27",103,3,265,356,5238,0.378579610538373,0,0,422,1171,6,5873,19,2041,5,19
"252","2020-05-28",104,3,251,345,5238,0.378579610538373,0,0,422,1171,11,5884,35,2076,10,35
"253","2020-05-29",102,3,268,329,5238,0.378579610538373,0,0,422,1171,16,5900,28,2104,13,28
"254","2020-05-30",106,3,283,312,5238,0.378579610538373,0,0,422,1171,11,5911,17,2121,11,17
"255","2020-05-31",102,3,299,300,5238,0.378579610538373,0,0,422,1171,11,5922,25,2146,10,25
"256","2020-06-01",103,3,338,298,5238,0.378579610538373,0,0,422,1171,18,5940,28,2174,12,28
"257","2020-06-02",106,3,353,281,5238,0.378579610538373,0,0,422,1171,15,5955,27,2201,8,27
"258","2020-06-03",101,3,348,270,5238,0.378579610538373,0,0,422,1171,11,5966,20,2221,8,20
"259","2020-06-04",95,3,354,262,5238,0.378579610538373,0,0,422,1171,11,5977,22,2243,9,22
"260","2020-06-05",100,3,334,244,5238,0.378579610538373,0,0,422,1171,9,5986,34,2277,9,34
"261","2020-06-06",98,3,295,232,5238,0.378579610538373,0,0,422,1171,11,5997,29,2306,9,29
"262","2020-06-07",90,3,288,229,5238,0.378579610538373,0,0,422,1171,7,6004,37,2343,4,37
"263","2020-03-12",1,4,34,30,4573,0.674611852175815,0,0,402,473,48,95,16,70,14,16
"264","2020-03-13",1,4,48,56,4573,0.674611852175815,0,0,402,473,59,154,12,82,27,12
"265","2020-03-14",3,4,59,82,4573,0.674611852175815,0,0,402,473,68,222,10,92,35,10
"266","2020-03-15",4,4,57,112,4573,0.674611852175815,0,0,402,473,117,339,42,134,66,42
"267","2020-03-16",9,4,68,137,4573,0.674611852175815,0,0,402,473,113,452,63,197,74,63
"268","2020-03-17",15,4,89,179,4573,0.674611852175815,0,0,402,473,191,643,15,212,148,15
"269","2020-03-18",24,4,102,205,4573,0.674611852175815,0,0,402,473,221,864,66,278,182,66
"270","2020-03-19",33,4,117,250,4573,0.674611852175815,0,0,402,473,283,1147,38,316,250,38
"271","2020-03-20",39,4,142,288,4573,0.674611852175815,0,0,402,473,349,1496,54,370,315,54
"272","2020-03-21",47,4,162,319,4573,0.674611852175815,0,0,402,473,474,1970,40,410,443,40
"273","2020-03-22",62,4,166,360,4573,0.674611852175815,0,0,402,473,484,2454,17,427,449,17
"274","2020-03-23",75,4,149,397,4573,0.674611852175815,0,0,402,473,428,2882,25,452,400,25
"275","2020-03-24",84,4,133,434,4573,0.674611852175815,0,0,402,473,497,3379,51,503,473,51
"276","2020-03-25",95,4,136,467,4573,0.674611852175815,0,0,402,473,504,3883,74,577,486,74
"277","2020-03-26",102,4,116,486,4573,0.674611852175815,0,0,402,473,628,4511,44,621,609,44
"278","2020-03-27",111,4,102,509,4573,0.674611852175815,0,0,402,473,513,5024,70,691,497,70
"279","2020-03-28",121,4,91,549,4573,0.674611852175815,0,0,402,473,531,5555,68,759,511,68
"280","2020-03-29",134,4,74,575,4573,0.674611852175815,0,0,402,473,510,6065,31,790,491,31
"281","2020-03-30",133,4,61,607,4573,0.674611852175815,0,0,402,473,315,6380,39,829,304,39
"282","2020-03-31",141,4,63,609,4573,0.674611852175815,0,0,402,473,375,6755,32,861,367,32
"283","2020-04-01",147,4,94,654,4573,0.674611852175815,0,0,402,473,208,6963,31,892,203,31
"284","2020-04-02",159,4,111,692,4573,0.674611852175815,0,0,402,473,180,7143,38,930,174,38
"285","2020-04-03",164,4,111,688,4573,0.674611852175815,0,0,402,473,130,7273,53,983,123,53
"286","2020-04-04",179,4,121,699,4573,0.674611852175815,0,0,402,473,121,7394,25,1008,116,25
"287","2020-04-05",182,4,171,716,4573,0.674611852175815,0,0,402,473,76,7470,21,1029,74,21
"288","2020-04-06",186,4,205,716,4573,0.674611852175815,0,0,402,473,67,7537,36,1065,64,36
"289","2020-04-07",195,4,178,747,4573,0.674611852175815,0,0,402,473,53,7590,79,1144,50,79
"290","2020-04-08",216,4,168,767,4573,0.674611852175815,0,0,402,473,38,7628,53,1197,34,53
"291","2020-04-09",207,4,191,776,4573,0.674611852175815,0,0,402,473,20,7648,32,1229,20,32
"292","2020-04-10",223,4,211,766,4573,0.674611852175815,0,0,402,473,25,7673,26,1255,23,26
"293","2020-04-11",214,4,212,769,4573,0.674611852175815,0,0,402,473,19,7692,62,1317,17,62
"294","2020-04-12",209,4,221,791,4573,0.674611852175815,0,0,402,473,12,7704,71,1388,10,71
"295","2020-04-13",225,4,192,810,4573,0.674611852175815,0,0,402,473,8,7712,47,1435,5,47
"296","2020-04-14",232,4,177,825,4573,0.674611852175815,0,0,402,473,7,7719,76,1511,4,76
"297","2020-04-15",223,4,190,821,4573,0.674611852175815,0,0,402,473,8,7727,42,1553,7,42
"298","2020-04-16",228,4,208,844,4573,0.674611852175815,0,0,402,473,9,7736,17,1570,5,17
"299","2020-04-17",220,4,200,849,4573,0.674611852175815,0,0,402,473,6,7742,17,1587,3,17
"300","2020-04-18",229,4,181,854,4573,0.674611852175815,0,0,402,473,7,7749,25,1612,6,25
"301","2020-04-19",255,4,175,841,4573,0.674611852175815,0,0,402,473,6,7755,41,1653,4,41
"302","2020-04-20",251,4,163,822,4573,0.674611852175815,0,0,402,473,4,7759,70,1723,2,70
"303","2020-04-21",234,4,154,807,4573,0.674611852175815,0,0,402,473,7,7766,64,1787,4,64
"304","2020-04-22",224,4,133,781,4573,0.674611852175815,0,0,402,473,1,7767,29,1816,NA,29
"305","2020-04-23",222,4,120,765,4573,0.674611852175815,0,0,402,473,6,7773,28,1844,4,28
"306","2020-04-24",222,4,112,790,4573,0.674611852175815,0,0,402,473,1,7774,19,1863,1,19
"307","2020-04-25",221,4,116,778,4573,0.674611852175815,0,0,402,473,4,7778,19,1882,2,19
"308","2020-04-26",193,4,154,749,4573,0.674611852175815,0,0,402,473,8,7786,56,1938,4,56
"309","2020-04-27",191,4,161,765,4573,0.674611852175815,0,0,402,473,3,7789,22,1960,NA,22
"310","2020-04-28",191,4,202,736,4573,0.674611852175815,0,0,402,473,1,7790,50,2010,NA,50
"311","2020-04-29",191,4,230,717,4573,0.674611852175815,0,0,402,473,2,7792,17,2027,1,17
"312","2020-04-30",190,4,262,695,4573,0.674611852175815,0,0,402,473,5,7797,20,2047,NA,20
"313","2020-05-01",190,4,249,690,4573,0.674611852175815,0,0,402,473,4,7801,12,2059,1,12
"314","2020-05-02",188,4,241,678,4573,0.674611852175815,0,0,402,473,2,7803,14,2073,1,14
"315","2020-05-03",197,4,223,687,4573,0.674611852175815,0,0,402,473,2,7805,13,2086,1,13
"316","2020-05-04",193,4,213,682,4573,0.674611852175815,0,0,402,473,4,7809,27,2113,2,27
"317","2020-05-05",200,4,217,658,4573,0.674611852175815,0,0,402,473,1,7810,30,2143,NA,30
"318","2020-05-06",193,4,216,621,4573,0.674611852175815,0,0,402,473,1,7811,61,2204,1,61
"319","2020-05-07",205,4,191,605,4573,0.674611852175815,0,0,402,473,3,7814,59,2263,3,59
"320","2020-05-08",200,4,204,602,4573,0.674611852175815,0,0,402,473,NA,NA,45,2308,NA,45
"321","2020-05-09",190,4,210,590,4573,0.674611852175815,0,0,402,473,NA,NA,47,2355,NA,47
"322","2020-05-10",179,4,205,583,4573,0.674611852175815,0,0,402,473,1,7815,30,2385,NA,30
"323","2020-05-11",176,4,207,583,4573,0.674611852175815,0,0,402,473,3,7818,14,2399,NA,14
"324","2020-05-12",170,4,215,567,4573,0.674611852175815,0,0,402,473,NA,NA,13,2412,NA,13
"325","2020-05-13",178,4,215,564,4573,0.674611852175815,0,0,402,473,1,7819,10,2422,NA,10
"326","2020-05-14",169,4,218,531,4573,0.674611852175815,0,0,402,473,2,7821,12,2434,NA,12
"327","2020-05-15",178,4,221,519,4573,0.674611852175815,0,0,402,473,2,7823,32,2466,NA,32
"328","2020-05-16",175,4,211,499,4573,0.674611852175815,0,0,402,473,1,7824,54,2520,NA,54
"329","2020-05-17",178,4,189,478,4573,0.674611852175815,0,0,402,473,2,7826,30,2550,2,30
"330","2020-05-18",167,4,191,455,4573,0.674611852175815,0,0,402,473,2,7828,16,2566,1,16
"331","2020-05-19",161,4,218,445,4573,0.674611852175815,0,0,402,473,4,7832,28,2594,1,28
"332","2020-05-20",142,4,245,424,4573,0.674611852175815,0,0,402,473,2,7834,46,2640,1,46
"333","2020-05-21",137,4,243,398,4573,0.674611852175815,0,0,402,473,NA,NA,61,2701,NA,61
"334","2020-05-22",121,4,216,378,4573,0.674611852175815,0,0,402,473,3,7837,52,2753,2,52
"335","2020-05-23",120,4,187,366,4573,0.674611852175815,0,0,402,473,2,7839,63,2816,NA,63
"336","2020-05-24",106,4,194,350,4573,0.674611852175815,0,0,402,473,3,7842,45,2861,1,45
"337","2020-05-25",108,4,208,343,4573,0.674611852175815,0,0,402,473,2,7844,15,2876,2,15
"338","2020-05-26",107,4,215,340,4573,0.674611852175815,0,0,402,473,2,7846,17,2893,NA,17
"339","2020-05-27",108,4,191,327,4573,0.674611852175815,0,0,402,473,NA,NA,33,2926,NA,33
"340","2020-05-28",98,4,185,309,4573,0.674611852175815,0,0,402,473,2,7848,29,2955,NA,29
"341","2020-05-29",91,4,196,306,4573,0.674611852175815,0,0,402,473,1,7849,17,2972,1,17
"342","2020-05-30",84,4,203,298,4573,0.674611852175815,0,0,402,473,2,7851,5,2977,1,5
"343","2020-05-31",83,4,204,298,4573,0.674611852175815,0,0,402,473,NA,NA,12,2989,NA,12
"344","2020-06-01",79,4,206,285,4573,0.674611852175815,0,0,402,473,3,7854,9,2998,NA,9
"345","2020-06-02",75,4,214,276,4573,0.674611852175815,0,0,402,473,NA,NA,8,3006,NA,8
"346","2020-06-03",78,4,201,267,4573,0.674611852175815,0,0,402,473,4,7858,7,3013,3,7
"347","2020-06-04",77,4,198,271,4573,0.674611852175815,0,0,402,473,1,7859,53,3066,NA,53
"348","2020-06-05",85,4,200,253,4573,0.674611852175815,0,0,402,473,NA,NA,26,3092,NA,26
"349","2020-06-06",83,4,192,242,4573,0.674611852175815,0,0,402,473,1,7860,44,3136,1,44
"350","2020-06-07",81,4,185,235,4573,0.674611852175815,0,0,402,473,1,7861,51,3187,NA,51
"351","2020-03-14",1,5,37,122,4055,0.436744759556104,0,0,352,466,23,73,26,76,9,26
"352","2020-03-15",7,5,36,153,4055,0.436744759556104,0,0,352,466,15,88,21,97,8,21
"353","2020-03-16",12,5,55,188,4055,0.436744759556104,0,0,352,466,17,105,24,121,6,24
"354","2020-03-17",22,5,55,227,4055,0.436744759556104,0,0,352,466,27,132,24,145,13,24
"355","2020-03-18",31,5,60,261,4055,0.436744759556104,0,0,352,466,29,161,24,169,16,24
"356","2020-03-19",39,5,68,291,4055,0.436744759556104,0,0,352,466,32,193,35,204,20,35
"357","2020-03-20",57,5,81,334,4055,0.436744759556104,0,0,352,466,24,217,20,224,11,20
"358","2020-03-21",67,5,79,360,4055,0.436744759556104,0,0,352,466,25,242,19,243,9,19
"359","2020-03-22",76,5,88,380,4055,0.436744759556104,0,0,352,466,29,271,27,270,13,27
"360","2020-03-23",83,5,109,403,4055,0.436744759556104,0,0,352,466,27,298,27,297,18,27
"361","2020-03-24",91,5,107,438,4055,0.436744759556104,0,0,352,466,29,327,20,317,16,20
"362","2020-03-25",92,5,123,459,4055,0.436744759556104,0,0,352,466,38,365,35,352,24,35
"363","2020-03-26",103,5,143,476,4055,0.436744759556104,0,0,352,466,33,398,26,378,21,26
"364","2020-03-27",103,5,137,476,4055,0.436744759556104,0,0,352,466,33,431,27,405,21,27
"365","2020-03-28",108,5,128,499,4055,0.436744759556104,0,0,352,466,37,468,25,430,17,25
"366","2020-03-29",111,5,122,521,4055,0.436744759556104,0,0,352,466,34,502,19,449,16,19
"367","2020-03-30",121,5,94,535,4055,0.436744759556104,0,0,352,466,44,546,44,493,21,44
"368","2020-03-31",120,5,98,538,4055,0.436744759556104,0,0,352,466,35,581,56,549,21,56
"369","2020-04-01",136,5,90,558,4055,0.436744759556104,0,0,352,466,38,619,67,616,20,67
"370","2020-04-02",143,5,88,581,4055,0.436744759556104,0,0,352,466,31,650,39,655,19,39
"371","2020-04-03",151,5,100,594,4055,0.436744759556104,0,0,352,466,41,691,24,679,27,24
"372","2020-04-04",162,5,122,624,4055,0.436744759556104,0,0,352,466,38,729,55,734,21,55
"373","2020-04-05",175,5,117,641,4055,0.436744759556104,0,0,352,466,40,769,44,778,26,44
"374","2020-04-06",180,5,116,633,4055,0.436744759556104,0,0,352,466,43,812,57,835,29,57
"375","2020-04-07",190,5,122,628,4055,0.436744759556104,0,0,352,466,40,852,29,864,23,29
"376","2020-04-08",180,5,116,646,4055,0.436744759556104,0,0,352,466,38,890,32,896,21,32
"377","2020-04-09",185,5,109,640,4055,0.436744759556104,0,0,352,466,38,928,21,917,24,21
"378","2020-04-10",187,5,102,639,4055,0.436744759556104,0,0,352,466,47,975,21,938,31,21
"379","2020-04-11",185,5,110,648,4055,0.436744759556104,0,0,352,466,51,1026,25,963,36,25
"380","2020-04-12",174,5,130,644,4055,0.436744759556104,0,0,352,466,45,1071,21,984,30,21
"381","2020-04-13",175,5,119,624,4055,0.436744759556104,0,0,352,466,33,1104,22,1006,21,22
"382","2020-04-14",170,5,100,624,4055,0.436744759556104,0,0,352,466,37,1141,17,1023,26,17
"383","2020-04-15",178,5,88,616,4055,0.436744759556104,0,0,352,466,40,1181,37,1060,22,37
"384","2020-04-16",169,5,88,615,4055,0.436744759556104,0,0,352,466,37,1218,26,1086,21,26
"385","2020-04-17",168,5,112,606,4055,0.436744759556104,0,0,352,466,42,1260,16,1102,24,16
"386","2020-04-18",167,5,138,623,4055,0.436744759556104,0,0,352,466,46,1306,22,1124,25,22
"387","2020-04-19",173,5,141,625,4055,0.436744759556104,0,0,352,466,53,1359,37,1161,41,37
"388","2020-04-20",164,5,144,619,4055,0.436744759556104,0,0,352,466,43,1402,41,1202,24,41
"389","2020-04-21",169,5,155,600,4055,0.436744759556104,0,0,352,466,44,1446,50,1252,25,50
"390","2020-04-22",169,5,147,591,4055,0.436744759556104,0,0,352,466,43,1489,34,1286,27,34
"391","2020-04-23",172,5,128,581,4055,0.436744759556104,0,0,352,466,50,1539,28,1314,33,28
"392","2020-04-24",167,5,126,568,4055,0.436744759556104,0,0,352,466,27,1566,26,1340,16,26
"393","2020-04-25",167,5,108,568,4055,0.436744759556104,0,0,352,466,53,1619,31,1371,33,31
"394","2020-04-26",164,5,104,556,4055,0.436744759556104,0,0,352,466,41,1660,46,1417,24,46
"395","2020-04-27",162,5,87,565,4055,0.436744759556104,0,0,352,466,48,1708,54,1471,30,54
"396","2020-04-28",162,5,93,556,4055,0.436744759556104,0,0,352,466,50,1758,55,1526,28,55
"397","2020-04-29",166,5,72,558,4055,0.436744759556104,0,0,352,466,39,1797,43,1569,28,43
"398","2020-04-30",158,5,71,551,4055,0.436744759556104,0,0,352,466,29,1826,34,1603,14,34
"399","2020-05-01",156,5,66,533,4055,0.436744759556104,0,0,352,466,43,1869,29,1632,22,29
"400","2020-05-02",159,5,72,539,4055,0.436744759556104,0,0,352,466,39,1908,32,1664,28,32
"401","2020-05-03",149,5,77,547,4055,0.436744759556104,0,0,352,466,37,1945,26,1690,23,26
"402","2020-05-04",155,5,103,549,4055,0.436744759556104,0,0,352,466,37,1982,41,1731,23,41
"403","2020-05-05",155,5,100,555,4055,0.436744759556104,0,0,352,466,41,2023,32,1763,18,32
"404","2020-05-06",148,5,89,559,4055,0.436744759556104,0,0,352,466,33,2056,11,1774,22,11
"405","2020-05-07",156,5,81,561,4055,0.436744759556104,0,0,352,466,39,2095,50,1824,26,50
"406","2020-05-08",160,5,104,551,4055,0.436744759556104,0,0,352,466,44,2139,53,1877,27,53
"407","2020-05-09",161,5,121,548,4055,0.436744759556104,0,0,352,466,31,2170,32,1909,19,32
"408","2020-05-10",168,5,111,528,4055,0.436744759556104,0,0,352,466,33,2203,40,1949,19,40
"409","2020-05-11",161,5,123,509,4055,0.436744759556104,0,0,352,466,24,2227,29,1978,15,29
"410","2020-05-12",151,5,141,511,4055,0.436744759556104,0,0,352,466,31,2258,34,2012,13,34
"411","2020-05-13",155,5,135,493,4055,0.436744759556104,0,0,352,466,34,2292,46,2058,19,46
"412","2020-05-14",148,5,129,491,4055,0.436744759556104,0,0,352,466,37,2329,51,2109,24,51
"413","2020-05-15",139,5,124,495,4055,0.436744759556104,0,0,352,466,29,2358,43,2152,15,43
"414","2020-05-16",133,5,109,485,4055,0.436744759556104,0,0,352,466,35,2393,31,2183,19,31
"415","2020-05-17",132,5,101,473,4055,0.436744759556104,0,0,352,466,26,2419,31,2214,18,31
"416","2020-05-18",127,5,96,476,4055,0.436744759556104,0,0,352,466,24,2443,28,2242,17,28
"417","2020-05-19",123,5,103,457,4055,0.436744759556104,0,0,352,466,26,2469,37,2279,15,37
"418","2020-05-20",123,5,110,424,4055,0.436744759556104,0,0,352,466,23,2492,39,2318,12,39
"419","2020-05-21",117,5,120,411,4055,0.436744759556104,0,0,352,466,29,2521,33,2351,19,33
"420","2020-05-22",128,5,129,409,4055,0.436744759556104,0,0,352,466,24,2545,27,2378,11,27
"421","2020-05-23",122,5,127,386,4055,0.436744759556104,0,0,352,466,24,2569,15,2393,13,15
"422","2020-05-24",110,5,128,377,4055,0.436744759556104,0,0,352,466,24,2593,22,2415,14,22
"423","2020-05-25",113,5,131,360,4055,0.436744759556104,0,0,352,466,21,2614,38,2453,16,38
"424","2020-05-26",111,5,123,365,4055,0.436744759556104,0,0,352,466,14,2628,38,2491,8,38
"425","2020-05-27",99,5,118,345,4055,0.436744759556104,0,0,352,466,15,2643,42,2533,8,42
"426","2020-05-28",101,5,113,336,4055,0.436744759556104,0,0,352,466,22,2665,27,2560,11,27
"427","2020-05-29",98,5,125,328,4055,0.436744759556104,0,0,352,466,18,2683,37,2597,7,37
"428","2020-05-30",96,5,124,311,4055,0.436744759556104,0,0,352,466,18,2701,36,2633,11,36
"429","2020-05-31",105,5,130,305,4055,0.436744759556104,0,0,352,466,19,2720,33,2666,15,33
"430","2020-06-01",109,5,129,291,4055,0.436744759556104,0,0,352,466,16,2736,33,2699,11,33
"431","2020-06-02",108,5,118,284,4055,0.436744759556104,0,0,352,466,18,2754,31,2730,9,31
"432","2020-06-03",106,5,111,268,4055,0.436744759556104,0,0,352,466,22,2776,36,2766,10,36
"433","2020-06-04",102,5,101,263,4055,0.436744759556104,0,0,352,466,18,2794,45,2811,14,45
"434","2020-06-05",93,5,93,256,4055,0.436744759556104,0,0,352,466,11,2805,26,2837,6,26
"435","2020-06-06",94,5,86,254,4055,0.436744759556104,0,0,352,466,17,2822,26,2863,9,26
"436","2020-06-07",89,5,89,260,4055,0.436744759556104,0,0,352,466,12,2834,23,2886,9,23
"437","2020-03-13",1,6,81,66,8150,0.905398773006135,0,0,668,834,34,75,5,23,2,5
"438","2020-03-14",1,6,75,102,8150,0.905398773006135,0,0,668,834,30,105,3,26,3,3
"439","2020-03-15",4,6,88,159,8150,0.905398773006135,0,0,668,834,31,136,1,27,10,1
"440","2020-03-16",11,6,94,218,8150,0.905398773006135,0,0,668,834,42,178,5,32,16,5
"441","2020-03-17",18,6,94,289,8150,0.905398773006135,0,0,668,834,45,223,3,35,16,3
"442","2020-03-18",24,6,89,360,8150,0.905398773006135,0,0,668,834,48,271,6,41,24,6
"443","2020-03-19",36,6,87,471,8150,0.905398773006135,0,0,668,834,54,325,23,64,27,23
"444","2020-03-20",53,6,87,594,8150,0.905398773006135,0,0,668,834,50,375,19,83,23,19
"445","2020-03-21",71,6,69,743,8150,0.905398773006135,0,0,668,834,56,431,32,115,31,32
"446","2020-03-22",97,6,72,927,8150,0.905398773006135,0,0,668,834,43,474,15,130,15,15
"447","2020-03-23",120,6,94,1090,8150,0.905398773006135,0,0,668,834,53,527,10,140,28,10
"448","2020-03-24",154,6,87,1337,8150,0.905398773006135,0,0,668,834,56,583,6,146,35,6
"449","2020-03-25",202,6,100,1576,8150,0.905398773006135,0,0,668,834,58,641,16,162,32,16
"450","2020-03-26",255,6,147,1833,8150,0.905398773006135,0,0,668,834,63,704,27,189,29,27
"451","2020-03-27",309,6,187,2231,8150,0.905398773006135,0,0,668,834,62,766,18,207,35,18
"452","2020-03-28",368,6,213,2593,8150,0.905398773006135,0,0,668,834,63,829,39,246,36,39
"453","2020-03-29",446,6,198,3032,8150,0.905398773006135,0,0,668,834,51,880,28,274,20,28
"454","2020-03-30",506,6,190,3422,8150,0.905398773006135,0,0,668,834,58,938,39,313,27,39
"455","2020-03-31",604,6,182,3701,8150,0.905398773006135,0,0,668,834,46,984,24,337,19,24
"456","2020-04-01",703,6,188,4019,8150,0.905398773006135,0,0,668,834,71,1055,14,351,30,14
"457","2020-04-02",787,6,174,4275,8150,0.905398773006135,0,0,668,834,42,1097,48,399,15,48
"458","2020-04-03",893,6,202,4468,8150,0.905398773006135,0,0,668,834,42,1139,53,452,16,53
"459","2020-04-04",1005,6,191,4474,8150,0.905398773006135,0,0,668,834,47,1186,50,502,9,50
"460","2020-04-05",1080,6,193,4430,8150,0.905398773006135,0,0,668,834,46,1232,35,537,17,35
"461","2020-04-06",1187,6,218,4347,8150,0.905398773006135,0,0,668,834,52,1284,22,559,23,22
"462","2020-04-07",1222,6,216,4120,8150,0.905398773006135,0,0,668,834,55,1339,37,596,18,37
"463","2020-04-08",1242,6,190,3899,8150,0.905398773006135,0,0,668,834,38,1377,26,622,12,26
"464","2020-04-09",1260,6,184,3597,8150,0.905398773006135,0,0,668,834,47,1424,26,648,13,26
"465","2020-04-10",1241,6,194,3252,8150,0.905398773006135,0,0,668,834,57,1481,8,656,20,8
"466","2020-04-11",1183,6,189,2925,8150,0.905398773006135,0,0,668,834,47,1528,17,673,18,17
"467","2020-04-12",1129,6,160,2579,8150,0.905398773006135,0,0,668,834,50,1578,16,689,14,16
"468","2020-04-13",1045,6,148,2252,8150,0.905398773006135,0,0,668,834,44,1622,18,707,12,18
"469","2020-04-14",953,6,129,1905,8150,0.905398773006135,0,0,668,834,56,1678,42,749,18,42
"470","2020-04-15",860,6,125,1636,8150,0.905398773006135,0,0,668,834,45,1723,22,771,19,22
"471","2020-04-16",747,6,107,1378,8150,0.905398773006135,0,0,668,834,46,1769,26,797,19,26
"472","2020-04-17",642,6,106,1134,8150,0.905398773006135,0,0,668,834,41,1810,19,816,12,19
"473","2020-04-18",559,6,111,923,8150,0.905398773006135,0,0,668,834,42,1852,35,851,9,35
"474","2020-04-19",460,6,167,747,8150,0.905398773006135,0,0,668,834,48,1900,31,882,18,31
"475","2020-04-20",377,6,204,607,8150,0.905398773006135,0,0,668,834,38,1938,49,931,11,49
"476","2020-04-21",324,6,219,492,8150,0.905398773006135,0,0,668,834,40,1978,27,958,10,27
"477","2020-04-22",259,6,207,400,8150,0.905398773006135,0,0,668,834,33,2011,25,983,3,25
"478","2020-04-23",223,6,248,341,8150,0.905398773006135,0,0,668,834,42,2053,30,1013,7,30
"479","2020-04-24",182,6,286,276,8150,0.905398773006135,0,0,668,834,45,2098,37,1050,15,37
"480","2020-04-25",144,6,282,233,8150,0.905398773006135,0,0,668,834,40,2138,21,1071,8,21
"481","2020-04-26",127,6,260,198,8150,0.905398773006135,0,0,668,834,44,2182,13,1084,9,13
"482","2020-04-27",109,6,243,169,8150,0.905398773006135,0,0,668,834,60,2242,14,1098,17,14
"483","2020-04-28",82,6,200,137,8150,0.905398773006135,0,0,668,834,44,2286,48,1146,16,48
"484","2020-04-29",73,6,213,115,8150,0.905398773006135,0,0,668,834,32,2318,30,1176,6,30
"485","2020-04-30",60,6,239,96,8150,0.905398773006135,0,0,668,834,37,2355,19,1195,12,19
"486","2020-05-01",48,6,244,81,8150,0.905398773006135,0,0,668,834,35,2390,15,1210,13,15
"487","2020-05-02",43,6,250,58,8150,0.905398773006135,0,0,668,834,36,2426,13,1223,17,13
"488","2020-05-03",32,6,230,50,8150,0.905398773006135,0,0,668,834,41,2467,41,1264,7,41
"489","2020-05-04",25,6,212,48,8150,0.905398773006135,0,0,668,834,35,2502,27,1291,9,27
"490","2020-05-05",24,6,178,43,8150,0.905398773006135,0,0,668,834,42,2544,51,1342,9,51
"491","2020-05-06",18,6,164,40,8150,0.905398773006135,0,0,668,834,32,2576,57,1399,6,57
"492","2020-05-07",13,6,178,37,8150,0.905398773006135,0,0,668,834,50,2626,46,1445,17,46
"493","2020-05-08",13,6,198,34,8150,0.905398773006135,0,0,668,834,36,2662,54,1499,13,54
"494","2020-05-09",10,6,209,29,8150,0.905398773006135,0,0,668,834,39,2701,29,1528,13,29
"495","2020-05-10",10,6,238,27,8150,0.905398773006135,0,0,668,834,29,2730,16,1544,9,16
"496","2020-05-11",6,6,255,26,8150,0.905398773006135,0,0,668,834,38,2768,17,1561,17,17
"497","2020-05-12",5,6,241,24,8150,0.905398773006135,0,0,668,834,41,2809,33,1594,8,33
"498","2020-05-13",5,6,221,26,8150,0.905398773006135,0,0,668,834,29,2838,48,1642,5,48
"499","2020-05-14",7,6,199,27,8150,0.905398773006135,0,0,668,834,36,2874,36,1678,10,36
"500","2020-05-15",6,6,216,31,8150,0.905398773006135,0,0,668,834,25,2899,57,1735,9,57
"501","2020-05-16",5,6,221,31,8150,0.905398773006135,0,0,668,834,27,2926,34,1769,8,34
"502","2020-05-17",5,6,189,31,8150,0.905398773006135,0,0,668,834,31,2957,25,1794,6,25
"503","2020-05-18",4,6,169,34,8150,0.905398773006135,0,0,668,834,39,2996,19,1813,13,19
"504","2020-05-19",6,6,158,37,8150,0.905398773006135,0,0,668,834,22,3018,14,1827,7,14
"505","2020-05-20",8,6,142,34,8150,0.905398773006135,0,0,668,834,31,3049,10,1837,8,10
"506","2020-05-21",8,6,113,34,8150,0.905398773006135,0,0,668,834,23,3072,32,1869,10,32
"507","2020-05-22",9,6,138,34,8150,0.905398773006135,0,0,668,834,27,3099,40,1909,6,40
"508","2020-05-23",10,6,141,34,8150,0.905398773006135,0,0,668,834,19,3118,23,1932,6,23
"509","2020-05-24",10,6,141,35,8150,0.905398773006135,0,0,668,834,17,3135,16,1948,5,16
"510","2020-05-25",15,6,119,34,8150,0.905398773006135,0,0,668,834,22,3157,20,1968,8,20
"511","2020-05-26",14,6,157,32,8150,0.905398773006135,0,0,668,834,22,3179,41,2009,6,41
"512","2020-05-27",13,6,152,29,8150,0.905398773006135,0,0,668,834,23,3202,24,2033,5,24
"513","2020-05-28",14,6,150,27,8150,0.905398773006135,0,0,668,834,17,3219,37,2070,7,37
"514","2020-05-29",13,6,152,25,8150,0.905398773006135,0,0,668,834,19,3238,25,2095,6,25
"515","2020-05-30",12,6,156,22,8150,0.905398773006135,0,0,668,834,17,3255,18,2113,3,18
"516","2020-05-31",12,6,139,18,8150,0.905398773006135,0,0,668,834,15,3270,12,2125,4,12
"517","2020-06-01",7,6,128,19,8150,0.905398773006135,0,0,668,834,21,3291,16,2141,6,16
"518","2020-06-02",6,6,119,19,8150,0.905398773006135,0,0,668,834,14,3305,37,2178,5,37
"519","2020-06-03",5,6,115,16,8150,0.905398773006135,0,0,668,834,20,3325,23,2201,7,23
"520","2020-06-04",4,6,125,14,8150,0.905398773006135,0,0,668,834,21,3346,30,2231,8,30
"521","2020-06-05",6,6,106,15,8150,0.905398773006135,0,0,668,834,12,3358,22,2253,NA,22
"522","2020-06-06",7,6,103,14,8150,0.905398773006135,0,0,668,834,12,3370,31,2284,5,31
"523","2020-06-07",6,6,97,12,8150,0.905398773006135,0,0,668,834,19,3389,18,2302,5,18
"524","2020-03-13",1,7,31,127,5092,0.286135113904163,0,0,428,414,22,43,26,51,7,26
"525","2020-03-14",7,7,41,167,5092,0.286135113904163,0,0,428,414,9,52,13,64,2,13
"526","2020-03-15",11,7,51,226,5092,0.286135113904163,0,0,428,414,16,68,29,93,5,29
"527","2020-03-16",16,7,66,295,5092,0.286135113904163,0,0,428,414,22,90,15,108,11,15
"528","2020-03-17",24,7,70,342,5092,0.286135113904163,0,0,428,414,21,111,30,138,9,30
"529","2020-03-18",44,7,78,393,5092,0.286135113904163,0,0,428,414,26,137,53,191,10,53
"530","2020-03-19",55,7,98,444,5092,0.286135113904163,0,0,428,414,25,162,17,208,10,17
"531","2020-03-20",71,7,96,483,5092,0.286135113904163,0,0,428,414,34,196,53,261,18,53
"532","2020-03-21",88,7,94,522,5092,0.286135113904163,0,0,428,414,39,235,50,311,28,50
"533","2020-03-22",100,7,106,556,5092,0.286135113904163,0,0,428,414,25,260,25,336,12,25
"534","2020-03-23",127,7,116,584,5092,0.286135113904163,0,0,428,414,29,289,15,351,18,15
"535","2020-03-24",141,7,108,618,5092,0.286135113904163,0,0,428,414,36,325,13,364,27,13
"536","2020-03-25",141,7,104,632,5092,0.286135113904163,0,0,428,414,39,364,43,407,25,43
"537","2020-03-26",151,7,102,670,5092,0.286135113904163,0,0,428,414,33,397,31,438,19,31
"538","2020-03-27",156,7,114,682,5092,0.286135113904163,0,0,428,414,45,442,24,462,31,24
"539","2020-03-28",153,7,111,702,5092,0.286135113904163,0,0,428,414,44,486,64,526,30,64
"540","2020-03-29",159,7,112,711,5092,0.286135113904163,0,0,428,414,37,523,51,577,22,51
"541","2020-03-30",152,7,105,721,5092,0.286135113904163,0,0,428,414,39,562,34,611,28,34
"542","2020-03-31",158,7,95,736,5092,0.286135113904163,0,0,428,414,54,616,48,659,37,48
"543","2020-04-01",173,7,105,737,5092,0.286135113904163,0,0,428,414,36,652,44,703,15,44
"544","2020-04-02",191,7,95,728,5092,0.286135113904163,0,0,428,414,40,692,25,728,25,25
"545","2020-04-03",204,7,88,750,5092,0.286135113904163,0,0,428,414,33,725,14,742,17,14
"546","2020-04-04",205,7,86,761,5092,0.286135113904163,0,0,428,414,37,762,11,753,23,11
"547","2020-04-05",212,7,75,779,5092,0.286135113904163,0,0,428,414,40,802,6,759,21,6
"548","2020-04-06",218,7,65,812,5092,0.286135113904163,0,0,428,414,42,844,49,808,31,49
"549","2020-04-07",219,7,68,822,5092,0.286135113904163,0,0,428,414,42,886,29,837,28,29
"550","2020-04-08",212,7,74,825,5092,0.286135113904163,0,0,428,414,31,917,12,849,23,12
"551","2020-04-09",199,7,79,828,5092,0.286135113904163,0,0,428,414,52,969,54,903,34,54
"552","2020-04-10",200,7,91,843,5092,0.286135113904163,0,0,428,414,53,1022,31,934,37,31
"553","2020-04-11",226,7,98,865,5092,0.286135113904163,0,0,428,414,47,1069,46,980,28,46
"554","2020-04-12",233,7,98,869,5092,0.286135113904163,0,0,428,414,46,1115,31,1011,26,31
"555","2020-04-13",233,7,101,889,5092,0.286135113904163,0,0,428,414,39,1154,12,1023,27,12
"556","2020-04-14",247,7,97,901,5092,0.286135113904163,0,0,428,414,51,1205,20,1043,31,20
"557","2020-04-15",253,7,94,920,5092,0.286135113904163,0,0,428,414,53,1258,17,1060,31,17
"558","2020-04-16",259,7,97,915,5092,0.286135113904163,0,0,428,414,48,1306,57,1117,29,57
"559","2020-04-17",258,7,103,899,5092,0.286135113904163,0,0,428,414,51,1357,43,1160,38,43
"560","2020-04-18",245,7,98,870,5092,0.286135113904163,0,0,428,414,46,1403,33,1193,32,33
"561","2020-04-19",245,7,97,860,5092,0.286135113904163,0,0,428,414,39,1442,15,1208,25,15
"562","2020-04-20",256,7,125,848,5092,0.286135113904163,0,0,428,414,61,1503,18,1226,40,18
"563","2020-04-21",240,7,125,838,5092,0.286135113904163,0,0,428,414,54,1557,43,1269,31,43
"564","2020-04-22",234,7,161,819,5092,0.286135113904163,0,0,428,414,38,1595,24,1293,24,24
"565","2020-04-23",230,7,180,799,5092,0.286135113904163,0,0,428,414,53,1648,57,1350,35,57
"566","2020-04-24",239,7,154,767,5092,0.286135113904163,0,0,428,414,47,1695,30,1380,26,30
"567","2020-04-25",235,7,143,762,5092,0.286135113904163,0,0,428,414,41,1736,10,1390,30,10
"568","2020-04-26",229,7,119,746,5092,0.286135113904163,0,0,428,414,53,1789,11,1401,36,11
"569","2020-04-27",215,7,108,731,5092,0.286135113904163,0,0,428,414,46,1835,4,1405,26,4
"570","2020-04-28",205,7,101,716,5092,0.286135113904163,0,0,428,414,42,1877,4,1409,23,4
"571","2020-04-29",198,7,108,703,5092,0.286135113904163,0,0,428,414,51,1928,5,1414,30,5
"572","2020-04-30",194,7,129,679,5092,0.286135113904163,0,0,428,414,40,1968,7,1421,25,7
"573","2020-05-01",174,7,137,684,5092,0.286135113904163,0,0,428,414,37,2005,27,1448,24,27
"574","2020-05-02",181,7,143,681,5092,0.286135113904163,0,0,428,414,37,2042,22,1470,23,22
"575","2020-05-03",178,7,140,658,5092,0.286135113904163,0,0,428,414,64,2106,4,1474,44,4
"576","2020-05-04",175,7,141,650,5092,0.286135113904163,0,0,428,414,44,2150,9,1483,32,9
"577","2020-05-05",177,7,124,647,5092,0.286135113904163,0,0,428,414,66,2216,16,1499,47,16
"578","2020-05-06",185,7,135,635,5092,0.286135113904163,0,0,428,414,49,2265,51,1550,39,51
"579","2020-05-07",189,7,134,639,5092,0.286135113904163,0,0,428,414,34,2299,53,1603,17,53
"580","2020-05-08",197,7,130,625,5092,0.286135113904163,0,0,428,414,46,2345,48,1651,28,48
"581","2020-05-09",180,7,128,614,5092,0.286135113904163,0,0,428,414,30,2375,41,1692,16,41
"582","2020-05-10",178,7,143,598,5092,0.286135113904163,0,0,428,414,40,2415,55,1747,20,55
"583","2020-05-11",173,7,142,598,5092,0.286135113904163,0,0,428,414,30,2445,32,1779,21,32
"584","2020-05-12",185,7,149,574,5092,0.286135113904163,0,0,428,414,34,2479,26,1805,18,26
"585","2020-05-13",190,7,166,556,5092,0.286135113904163,0,0,428,414,29,2508,13,1818,20,13
"586","2020-05-14",177,7,179,541,5092,0.286135113904163,0,0,428,414,22,2530,28,1846,15,28
"587","2020-05-15",162,7,167,535,5092,0.286135113904163,0,0,428,414,30,2560,45,1891,18,45
"588","2020-05-16",166,7,153,533,5092,0.286135113904163,0,0,428,414,30,2590,32,1923,19,32
"589","2020-05-17",159,7,130,505,5092,0.286135113904163,0,0,428,414,32,2622,48,1971,24,48
"590","2020-05-18",163,7,130,483,5092,0.286135113904163,0,0,428,414,26,2648,54,2025,19,54
"591","2020-05-19",155,7,123,473,5092,0.286135113904163,0,0,428,414,21,2669,26,2051,11,26
"592","2020-05-20",140,7,115,451,5092,0.286135113904163,0,0,428,414,19,2688,19,2070,8,19
"593","2020-05-21",135,7,98,446,5092,0.286135113904163,0,0,428,414,20,2708,13,2083,10,13
"594","2020-05-22",142,7,87,416,5092,0.286135113904163,0,0,428,414,19,2727,14,2097,8,14
"595","2020-05-23",129,7,79,389,5092,0.286135113904163,0,0,428,414,25,2752,6,2103,14,6
"596","2020-05-24",129,7,100,380,5092,0.286135113904163,0,0,428,414,21,2773,6,2109,16,6
"597","2020-05-25",117,7,112,352,5092,0.286135113904163,0,0,428,414,25,2798,13,2122,16,13
"598","2020-05-26",109,7,137,354,5092,0.286135113904163,0,0,428,414,28,2826,8,2130,21,8
"599","2020-05-27",98,7,134,338,5092,0.286135113904163,0,0,428,414,22,2848,4,2134,10,4
"600","2020-05-28",102,7,129,324,5092,0.286135113904163,0,0,428,414,22,2870,13,2147,14,13
"601","2020-05-29",95,7,118,316,5092,0.286135113904163,0,0,428,414,12,2882,31,2178,9,31
"602","2020-05-30",97,7,124,303,5092,0.286135113904163,0,0,428,414,19,2901,18,2196,9,18
"603","2020-05-31",92,7,116,291,5092,0.286135113904163,0,0,428,414,17,2918,11,2207,10,11
"604","2020-06-01",94,7,111,291,5092,0.286135113904163,0,0,428,414,19,2937,8,2215,10,8
"605","2020-06-02",89,7,121,278,5092,0.286135113904163,0,0,428,414,24,2961,4,2219,15,4
"606","2020-06-03",96,7,121,270,5092,0.286135113904163,0,0,428,414,22,2983,5,2224,17,5
"607","2020-06-04",91,7,114,255,5092,0.286135113904163,0,0,428,414,19,3002,6,2230,10,6
"608","2020-06-05",86,7,116,250,5092,0.286135113904163,0,0,428,414,19,3021,19,2249,15,19
"609","2020-06-06",79,7,114,236,5092,0.286135113904163,0,0,428,414,16,3037,15,2264,14,15
"610","2020-06-07",72,7,111,217,5092,0.286135113904163,0,0,428,414,23,3060,8,2272,16,8
"611","2020-03-12",3,8,47,69,4485,0.399108138238573,0,0,397,843,24,60,27,45,1,27
"612","2020-03-13",6,8,59,104,4485,0.399108138238573,0,0,397,843,29,89,16,61,3,16
"613","2020-03-14",7,8,102,137,4485,0.399108138238573,0,0,397,843,28,117,20,81,5,20
"614","2020-03-15",12,8,128,196,4485,0.399108138238573,0,0,397,843,35,152,12,93,8,12
"615","2020-03-16",19,8,148,240,4485,0.399108138238573,0,0,397,843,25,177,6,99,6,6
"616","2020-03-17",25,8,154,300,4485,0.399108138238573,0,0,397,843,34,211,20,119,6,20
"617","2020-03-18",35,8,149,332,4485,0.399108138238573,0,0,397,843,34,245,17,136,10,17
"618","2020-03-19",44,8,140,370,4485,0.399108138238573,0,0,397,843,36,281,19,155,11,19
"619","2020-03-20",58,8,137,416,4485,0.399108138238573,0,0,397,843,35,316,31,186,9,31
"620","2020-03-21",79,8,141,460,4485,0.399108138238573,0,0,397,843,31,347,20,206,5,20
"621","2020-03-22",90,8,156,496,4485,0.399108138238573,0,0,397,843,42,389,27,233,12,27
"622","2020-03-23",105,8,200,540,4485,0.399108138238573,0,0,397,843,35,424,35,268,10,35
"623","2020-03-24",123,8,238,561,4485,0.399108138238573,0,0,397,843,33,457,32,300,10,32
"624","2020-03-25",133,8,224,612,4485,0.399108138238573,0,0,397,843,35,492,24,324,10,24
"625","2020-03-26",146,8,244,632,4485,0.399108138238573,0,0,397,843,29,521,23,347,14,23
"626","2020-03-27",155,8,249,640,4485,0.399108138238573,0,0,397,843,30,551,12,359,16,12
"627","2020-03-28",157,8,246,668,4485,0.399108138238573,0,0,397,843,30,581,10,369,9,10
"628","2020-03-29",167,8,251,691,4485,0.399108138238573,0,0,397,843,36,617,8,377,5,8
"629","2020-03-30",166,8,268,678,4485,0.399108138238573,0,0,397,843,38,655,4,381,14,4
"630","2020-03-31",164,8,295,699,4485,0.399108138238573,0,0,397,843,44,699,9,390,17,9
"631","2020-04-01",178,8,281,714,4485,0.399108138238573,0,0,397,843,36,735,6,396,10,6
"632","2020-04-02",178,8,266,713,4485,0.399108138238573,0,0,397,843,42,777,8,404,14,8
"633","2020-04-03",179,8,252,709,4485,0.399108138238573,0,0,397,843,60,837,18,422,18,18
"634","2020-04-04",183,8,254,729,4485,0.399108138238573,0,0,397,843,49,886,19,441,13,19
"635","2020-04-05",198,8,258,735,4485,0.399108138238573,0,0,397,843,46,932,7,448,15,7
"636","2020-04-06",203,8,251,741,4485,0.399108138238573,0,0,397,843,52,984,9,457,21,9
"637","2020-04-07",207,8,270,727,4485,0.399108138238573,0,0,397,843,45,1029,30,487,19,30
"638","2020-04-08",198,8,270,739,4485,0.399108138238573,0,0,397,843,59,1088,32,519,20,32
"639","2020-04-09",200,8,256,756,4485,0.399108138238573,0,0,397,843,44,1132,21,540,12,21
"640","2020-04-10",208,8,246,739,4485,0.399108138238573,0,0,397,843,45,1177,20,560,14,20
"641","2020-04-11",209,8,239,741,4485,0.399108138238573,0,0,397,843,56,1233,23,583,19,23
"642","2020-04-12",198,8,211,742,4485,0.399108138238573,0,0,397,843,51,1284,36,619,21,36
"643","2020-04-13",195,8,234,757,4485,0.399108138238573,0,0,397,843,35,1319,31,650,11,31
"644","2020-04-14",204,8,283,743,4485,0.399108138238573,0,0,397,843,32,1351,23,673,6,23
"645","2020-04-15",207,8,302,736,4485,0.399108138238573,0,0,397,843,42,1393,52,725,18,52
"646","2020-04-16",209,8,299,713,4485,0.399108138238573,0,0,397,843,47,1440,47,772,11,47
"647","2020-04-17",195,8,309,688,4485,0.399108138238573,0,0,397,843,31,1471,52,824,2,52
"648","2020-04-18",194,8,317,684,4485,0.399108138238573,0,0,397,843,40,1511,52,876,5,52
"649","2020-04-19",185,8,308,677,4485,0.399108138238573,0,0,397,843,41,1552,36,912,11,36
"650","2020-04-20",191,8,317,673,4485,0.399108138238573,0,0,397,843,37,1589,22,934,7,22
"651","2020-04-21",181,8,328,642,4485,0.399108138238573,0,0,397,843,46,1635,25,959,7,25
"652","2020-04-22",178,8,354,638,4485,0.399108138238573,0,0,397,843,41,1676,34,993,7,34
"653","2020-04-23",167,8,364,637,4485,0.399108138238573,0,0,397,843,35,1711,25,1018,9,25
"654","2020-04-24",169,8,346,643,4485,0.399108138238573,0,0,397,843,43,1754,9,1027,12,9
"655","2020-04-25",175,8,327,650,4485,0.399108138238573,0,0,397,843,50,1804,49,1076,12,49
"656","2020-04-26",185,8,344,636,4485,0.399108138238573,0,0,397,843,39,1843,51,1127,12,51
"657","2020-04-27",180,8,335,630,4485,0.399108138238573,0,0,397,843,42,1885,49,1176,7,49
"658","2020-04-28",184,8,342,633,4485,0.399108138238573,0,0,397,843,21,1906,35,1211,1,35
"659","2020-04-29",178,8,345,646,4485,0.399108138238573,0,0,397,843,30,1936,34,1245,3,34
"660","2020-04-30",185,8,361,629,4485,0.399108138238573,0,0,397,843,48,1984,12,1257,9,12
"661","2020-05-01",187,8,326,632,4485,0.399108138238573,0,0,397,843,28,2012,26,1283,6,26
"662","2020-05-02",181,8,315,620,4485,0.399108138238573,0,0,397,843,30,2042,47,1330,8,47
"663","2020-05-03",180,8,286,604,4485,0.399108138238573,0,0,397,843,33,2075,50,1380,10,50
"664","2020-05-04",187,8,302,590,4485,0.399108138238573,0,0,397,843,45,2120,43,1423,10,43
"665","2020-05-05",182,8,311,588,4485,0.399108138238573,0,0,397,843,39,2159,24,1447,5,24
"666","2020-05-06",186,8,289,602,4485,0.399108138238573,0,0,397,843,36,2195,20,1467,8,20
"667","2020-05-07",185,8,276,572,4485,0.399108138238573,0,0,397,843,48,2243,38,1505,15,38
"668","2020-05-08",175,8,271,561,4485,0.399108138238573,0,0,397,843,31,2274,26,1531,7,26
"669","2020-05-09",164,8,262,543,4485,0.399108138238573,0,0,397,843,38,2312,62,1593,5,62
"670","2020-05-10",152,8,273,535,4485,0.399108138238573,0,0,397,843,50,2362,38,1631,11,38
"671","2020-05-11",148,8,305,517,4485,0.399108138238573,0,0,397,843,32,2394,26,1657,7,26
"672","2020-05-12",144,8,316,510,4485,0.399108138238573,0,0,397,843,37,2431,43,1700,9,43
"673","2020-05-13",144,8,339,510,4485,0.399108138238573,0,0,397,843,35,2466,50,1750,12,50
"674","2020-05-14",135,8,313,489,4485,0.399108138238573,0,0,397,843,22,2488,48,1798,7,48
"675","2020-05-15",137,8,315,477,4485,0.399108138238573,0,0,397,843,30,2518,52,1850,9,52
"676","2020-05-16",139,8,342,456,4485,0.399108138238573,0,0,397,843,44,2562,40,1890,8,40
"677","2020-05-17",136,8,308,431,4485,0.399108138238573,0,0,397,843,28,2590,46,1936,9,46
"678","2020-05-18",130,8,314,413,4485,0.399108138238573,0,0,397,843,23,2613,46,1982,8,46
"679","2020-05-19",131,8,271,404,4485,0.399108138238573,0,0,397,843,34,2647,39,2021,7,39
"680","2020-05-20",133,8,277,402,4485,0.399108138238573,0,0,397,843,27,2674,49,2070,7,49
"681","2020-05-21",138,8,271,380,4485,0.399108138238573,0,0,397,843,28,2702,27,2097,7,27
"682","2020-05-22",134,8,274,366,4485,0.399108138238573,0,0,397,843,21,2723,20,2117,3,20
"683","2020-05-23",131,8,259,365,4485,0.399108138238573,0,0,397,843,18,2741,20,2137,5,20
"684","2020-05-24",128,8,273,358,4485,0.399108138238573,0,0,397,843,25,2766,26,2163,5,26
"685","2020-05-25",124,8,276,348,4485,0.399108138238573,0,0,397,843,20,2786,11,2174,3,11
"686","2020-05-26",110,8,259,320,4485,0.399108138238573,0,0,397,843,24,2810,14,2188,5,14
"687","2020-05-27",104,8,285,294,4485,0.399108138238573,0,0,397,843,20,2830,25,2213,6,25
"688","2020-05-28",98,8,303,289,4485,0.399108138238573,0,0,397,843,21,2851,27,2240,9,27
"689","2020-05-29",99,8,301,285,4485,0.399108138238573,0,0,397,843,19,2870,33,2273,6,33
"690","2020-05-30",93,8,311,282,4485,0.399108138238573,0,0,397,843,23,2893,39,2312,3,39
"691","2020-05-31",90,8,313,261,4485,0.399108138238573,0,0,397,843,27,2920,23,2335,6,23
"692","2020-06-01",77,8,326,240,4485,0.399108138238573,0,0,397,843,25,2945,22,2357,7,22
"693","2020-06-02",85,8,317,241,4485,0.399108138238573,0,0,397,843,17,2962,24,2381,3,24
"694","2020-06-03",77,8,319,230,4485,0.399108138238573,0,0,397,843,14,2976,14,2395,6,14
"695","2020-06-04",75,8,321,224,4485,0.399108138238573,0,0,397,843,18,2994,18,2413,4,18
"696","2020-06-05",72,8,315,219,4485,0.399108138238573,0,0,397,843,9,3003,20,2433,1,20
"697","2020-06-06",76,8,306,221,4485,0.399108138238573,0,0,397,843,12,3015,15,2448,1,15
"698","2020-06-07",72,8,313,207,4485,0.399108138238573,0,0,397,843,11,3026,16,2464,4,16
"699","2020-03-13",2,9,39,22,7595,0.959578670177749,0,0,560,595,16,39,11,52,10,11
"700","2020-03-14",2,9,44,38,7595,0.959578670177749,0,0,560,595,8,47,44,96,4,44
"701","2020-03-15",2,9,73,49,7595,0.959578670177749,0,0,560,595,23,70,50,146,16,50
"702","2020-03-16",5,9,85,87,7595,0.959578670177749,0,0,560,595,21,91,34,180,17,34
"703","2020-03-17",7,9,76,112,7595,0.959578670177749,0,0,560,595,20,111,27,207,14,27
"704","2020-03-18",13,9,68,145,7595,0.959578670177749,0,0,560,595,29,140,21,228,21,21
"705","2020-03-19",19,9,70,188,7595,0.959578670177749,0,0,560,595,28,168,25,253,22,25
"706","2020-03-20",25,9,96,230,7595,0.959578670177749,0,0,560,595,43,211,17,270,37,17
"707","2020-03-21",36,9,129,281,7595,0.959578670177749,0,0,560,595,35,246,25,295,31,25
"708","2020-03-22",39,9,130,349,7595,0.959578670177749,0,0,560,595,37,283,55,350,36,55
"709","2020-03-23",54,9,115,454,7595,0.959578670177749,0,0,560,595,63,346,63,413,54,63
"710","2020-03-24",67,9,146,565,7595,0.959578670177749,0,0,560,595,44,390,55,468,41,55
"711","2020-03-25",77,9,176,688,7595,0.959578670177749,0,0,560,595,54,444,61,529,50,61
"712","2020-03-26",96,9,210,813,7595,0.959578670177749,0,0,560,595,38,482,32,561,36,32
"713","2020-03-27",117,9,235,983,7595,0.959578670177749,0,0,560,595,86,568,13,574,79,13
"714","2020-03-28",142,9,254,1158,7595,0.959578670177749,0,0,560,595,77,645,10,584,68,10
"715","2020-03-29",175,9,241,1370,7595,0.959578670177749,0,0,560,595,62,707,52,636,58,52
"716","2020-03-30",207,9,247,1584,7595,0.959578670177749,0,0,560,595,80,787,62,698,72,62
"717","2020-03-31",249,9,252,1822,7595,0.959578670177749,0,0,560,595,69,856,62,760,68,62
"718","2020-04-01",300,9,257,2082,7595,0.959578670177749,0,0,560,595,74,930,58,818,69,58
"719","2020-04-02",369,9,243,2324,7595,0.959578670177749,0,0,560,595,86,1016,41,859,84,41
"720","2020-04-03",440,9,238,2552,7595,0.959578670177749,0,0,560,595,85,1101,44,903,77,44
"721","2020-04-04",502,9,263,2781,7595,0.959578670177749,0,0,560,595,79,1180,34,937,74,34
"722","2020-04-05",566,9,266,3020,7595,0.959578670177749,0,0,560,595,76,1256,25,962,70,25
"723","2020-04-06",637,9,241,3234,7595,0.959578670177749,0,0,560,595,92,1348,35,997,90,35
"724","2020-04-07",712,9,216,3470,7595,0.959578670177749,0,0,560,595,104,1452,34,1031,96,34
"725","2020-04-08",774,9,219,3524,7595,0.959578670177749,0,0,560,595,92,1544,23,1054,91,23
"726","2020-04-09",807,9,223,3618,7595,0.959578670177749,0,0,560,595,107,1651,15,1069,100,15
"727","2020-04-10",852,9,218,3677,7595,0.959578670177749,0,0,560,595,114,1765,19,1088,110,19
"728","2020-04-11",888,9,187,3639,7595,0.959578670177749,0,0,560,595,90,1855,14,1102,85,14
"729","2020-04-12",933,9,179,3531,7595,0.959578670177749,0,0,560,595,109,1964,8,1110,105,8
"730","2020-04-13",946,9,167,3383,7595,0.959578670177749,0,0,560,595,91,2055,15,1125,83,15
"731","2020-04-14",961,9,141,3249,7595,0.959578670177749,0,0,560,595,80,2135,14,1139,73,14
"732","2020-04-15",973,9,155,3022,7595,0.959578670177749,0,0,560,595,124,2259,5,1144,121,5
"733","2020-04-16",976,9,157,2857,7595,0.959578670177749,0,0,560,595,79,2338,1,1145,74,1
"734","2020-04-17",966,9,155,2603,7595,0.959578670177749,0,0,560,595,83,2421,47,1192,73,47
"735","2020-04-18",958,9,149,2347,7595,0.959578670177749,0,0,560,595,89,2510,64,1256,82,64
"736","2020-04-19",922,9,174,2096,7595,0.959578670177749,0,0,560,595,95,2605,45,1301,87,45
"737","2020-04-20",873,9,171,1867,7595,0.959578670177749,0,0,560,595,87,2692,44,1345,82,44
"738","2020-04-21",789,9,162,1633,7595,0.959578670177749,0,0,560,595,95,2787,47,1392,88,47
"739","2020-04-22",709,9,162,1403,7595,0.959578670177749,0,0,560,595,87,2874,26,1418,85,26
"740","2020-04-23",634,9,210,1172,7595,0.959578670177749,0,0,560,595,75,2949,27,1445,71,27
"741","2020-04-24",544,9,230,984,7595,0.959578670177749,0,0,560,595,96,3045,47,1492,85,47
"742","2020-04-25",458,9,208,819,7595,0.959578670177749,0,0,560,595,53,3098,24,1516,51,24
"743","2020-04-26",381,9,179,677,7595,0.959578670177749,0,0,560,595,96,3194,25,1541,85,25
"744","2020-04-27",325,9,177,549,7595,0.959578670177749,0,0,560,595,56,3250,57,1598,51,57
"745","2020-04-28",283,9,149,465,7595,0.959578670177749,0,0,560,595,63,3313,61,1659,61,61
"746","2020-04-29",236,9,151,379,7595,0.959578670177749,0,0,560,595,53,3366,54,1713,50,54
"747","2020-04-30",188,9,178,300,7595,0.959578670177749,0,0,560,595,72,3438,35,1748,62,35
"748","2020-05-01",156,9,188,250,7595,0.959578670177749,0,0,560,595,52,3490,57,1805,42,57
"749","2020-05-02",120,9,203,207,7595,0.959578670177749,0,0,560,595,49,3539,70,1875,40,70
"750","2020-05-03",96,9,237,168,7595,0.959578670177749,0,0,560,595,45,3584,39,1914,38,39
"751","2020-05-04",74,9,216,145,7595,0.959578670177749,0,0,560,595,48,3632,25,1939,45,25
"752","2020-05-05",60,9,197,125,7595,0.959578670177749,0,0,560,595,36,3668,46,1985,33,46
"753","2020-05-06",51,9,186,104,7595,0.959578670177749,0,0,560,595,40,3708,35,2020,37,35
"754","2020-05-07",51,9,185,94,7595,0.959578670177749,0,0,560,595,46,3754,22,2042,38,22
"755","2020-05-08",45,9,203,81,7595,0.959578670177749,0,0,560,595,48,3802,13,2055,41,13
"756","2020-05-09",44,9,190,77,7595,0.959578670177749,0,0,560,595,32,3834,55,2110,31,55
"757","2020-05-10",40,9,205,66,7595,0.959578670177749,0,0,560,595,28,3862,32,2142,24,32
"758","2020-05-11",33,9,183,57,7595,0.959578670177749,0,0,560,595,34,3896,25,2167,31,25
"759","2020-05-12",28,9,170,54,7595,0.959578670177749,0,0,560,595,36,3932,22,2189,29,22
"760","2020-05-13",27,9,174,47,7595,0.959578670177749,0,0,560,595,24,3956,33,2222,22,33
"761","2020-05-14",21,9,177,38,7595,0.959578670177749,0,0,560,595,36,3992,34,2256,34,34
"762","2020-05-15",15,9,165,28,7595,0.959578670177749,0,0,560,595,33,4025,29,2285,27,29
"763","2020-05-16",13,9,138,22,7595,0.959578670177749,0,0,560,595,32,4057,22,2307,26,22
"764","2020-05-17",9,9,128,19,7595,0.959578670177749,0,0,560,595,25,4082,11,2318,21,11
"765","2020-05-18",9,9,115,18,7595,0.959578670177749,0,0,560,595,23,4105,11,2329,19,11
"766","2020-05-19",9,9,108,17,7595,0.959578670177749,0,0,560,595,21,4126,8,2337,16,8
"767","2020-05-20",5,9,120,15,7595,0.959578670177749,0,0,560,595,25,4151,5,2342,22,5
"768","2020-05-21",4,9,145,12,7595,0.959578670177749,0,0,560,595,22,4173,13,2355,16,13
"769","2020-05-22",3,9,179,10,7595,0.959578670177749,0,0,560,595,34,4207,36,2391,30,36
"770","2020-05-23",2,9,196,12,7595,0.959578670177749,0,0,560,595,14,4221,25,2416,12,25
"771","2020-05-24",2,9,179,13,7595,0.959578670177749,0,0,560,595,20,4241,41,2457,18,41
"772","2020-05-25",2,9,206,14,7595,0.959578670177749,0,0,560,595,23,4264,22,2479,20,22
"773","2020-05-26",3,9,222,18,7595,0.959578670177749,0,0,560,595,17,4281,49,2528,16,49
"774","2020-05-27",3,9,199,17,7595,0.959578670177749,0,0,560,595,17,4298,51,2579,16,51
"775","2020-05-28",4,9,185,19,7595,0.959578670177749,0,0,560,595,14,4312,36,2615,14,36
"776","2020-05-29",4,9,163,22,7595,0.959578670177749,0,0,560,595,16,4328,23,2638,12,23
"777","2020-05-30",5,9,184,22,7595,0.959578670177749,0,0,560,595,19,4347,9,2647,12,9
"778","2020-05-31",6,9,171,25,7595,0.959578670177749,0,0,560,595,15,4362,16,2663,14,16
"779","2020-06-01",9,9,165,27,7595,0.959578670177749,0,0,560,595,14,4376,37,2700,13,37
"780","2020-06-02",7,9,198,28,7595,0.959578670177749,0,0,560,595,19,4395,48,2748,16,48
"781","2020-06-03",7,9,195,31,7595,0.959578670177749,0,0,560,595,19,4414,29,2777,16,29
"782","2020-06-04",7,9,192,29,7595,0.959578670177749,0,0,560,595,8,4422,22,2799,8,22
"783","2020-06-05",8,9,192,25,7595,0.959578670177749,0,0,560,595,16,4438,26,2825,16,26
"784","2020-06-06",10,9,195,20,7595,0.959578670177749,0,0,560,595,10,4448,16,2841,8,16
"785","2020-06-07",9,9,198,19,7595,0.959578670177749,0,0,560,595,4,4452,14,2855,4,14
"786","2020-03-13",1,10,92,23,1857,0.569197630586968,0,0,170,589,32,76,6,30,4,6
"787","2020-03-14",1,10,106,35,1857,0.569197630586968,0,0,170,589,25,101,2,32,6,2
"788","2020-03-15",1,10,119,47,1857,0.569197630586968,0,0,170,589,36,137,13,45,16,13
"789","2020-03-16",3,10,137,63,1857,0.569197630586968,0,0,170,589,35,172,26,71,18,26
"790","2020-03-17",7,10,154,75,1857,0.569197630586968,0,0,170,589,34,206,13,84,14,13
"791","2020-03-18",11,10,149,91,1857,0.569197630586968,0,0,170,589,48,254,11,95,27,11
"792","2020-03-19",11,10,142,103,1857,0.569197630586968,0,0,170,589,45,299,27,122,30,27
"793","2020-03-20",13,10,120,109,1857,0.569197630586968,0,0,170,589,51,350,15,137,33,15
"794","2020-03-21",16,10,143,123,1857,0.569197630586968,0,0,170,589,55,405,17,154,30,17
"795","2020-03-22",23,10,138,132,1857,0.569197630586968,0,0,170,589,57,462,27,181,38,27
"796","2020-03-23",27,10,126,137,1857,0.569197630586968,0,0,170,589,63,525,32,213,40,32
"797","2020-03-24",27,10,105,146,1857,0.569197630586968,0,0,170,589,51,576,21,234,28,21
"798","2020-03-25",29,10,91,150,1857,0.569197630586968,0,0,170,589,73,649,24,258,51,24
"799","2020-03-26",38,10,91,155,1857,0.569197630586968,0,0,170,589,60,709,22,280,37,22
"800","2020-03-27",39,10,119,157,1857,0.569197630586968,0,0,170,589,65,774,19,299,48,19
"801","2020-03-28",42,10,118,166,1857,0.569197630586968,0,0,170,589,77,851,22,321,49,22
"802","2020-03-29",40,10,118,165,1857,0.569197630586968,0,0,170,589,57,908,13,334,46,13
"803","2020-03-30",40,10,138,170,1857,0.569197630586968,0,0,170,589,77,985,19,353,54,19
"804","2020-03-31",39,10,146,176,1857,0.569197630586968,0,0,170,589,79,1064,18,371,53,18
"805","2020-04-01",40,10,142,181,1857,0.569197630586968,0,0,170,589,93,1157,20,391,65,20
"806","2020-04-02",40,10,157,192,1857,0.569197630586968,0,0,170,589,69,1226,39,430,42,39
"807","2020-04-03",42,10,156,198,1857,0.569197630586968,0,0,170,589,76,1302,31,461,51,31
"808","2020-04-04",43,10,151,201,1857,0.569197630586968,0,0,170,589,85,1387,26,487,60,26
"809","2020-04-05",44,10,175,203,1857,0.569197630586968,0,0,170,589,82,1469,19,506,66,19
"810","2020-04-06",48,10,176,214,1857,0.569197630586968,0,0,170,589,89,1558,36,542,63,36
"811","2020-04-07",54,10,209,231,1857,0.569197630586968,0,0,170,589,82,1640,28,570,61,28
"812","2020-04-08",54,10,225,239,1857,0.569197630586968,0,0,170,589,76,1716,18,588,53,18
"813","2020-04-09",54,10,223,254,1857,0.569197630586968,0,0,170,589,86,1802,8,596,60,8
"814","2020-04-10",59,10,218,258,1857,0.569197630586968,0,0,170,589,88,1890,17,613,57,17
"815","2020-04-11",61,10,196,263,1857,0.569197630586968,0,0,170,589,84,1974,30,643,65,30
"816","2020-04-12",65,10,178,268,1857,0.569197630586968,0,0,170,589,91,2065,31,674,57,31
"817","2020-04-13",67,10,167,269,1857,0.569197630586968,0,0,170,589,108,2173,37,711,84,37
"818","2020-04-14",71,10,163,278,1857,0.569197630586968,0,0,170,589,104,2277,24,735,76,24
"819","2020-04-15",73,10,159,290,1857,0.569197630586968,0,0,170,589,67,2344,30,765,42,30
"820","2020-04-16",79,10,205,305,1857,0.569197630586968,0,0,170,589,74,2418,62,827,52,62
"821","2020-04-17",85,10,228,314,1857,0.569197630586968,0,0,170,589,72,2490,39,866,47,39
"822","2020-04-18",86,10,225,311,1857,0.569197630586968,0,0,170,589,84,2574,26,892,58,26
"823","2020-04-19",87,10,250,307,1857,0.569197630586968,0,0,170,589,68,2642,37,929,41,37
"824","2020-04-20",89,10,263,305,1857,0.569197630586968,0,0,170,589,67,2709,42,971,42,42
"825","2020-04-21",93,10,280,308,1857,0.569197630586968,0,0,170,589,78,2787,42,1013,54,42
"826","2020-04-22",96,10,296,304,1857,0.569197630586968,0,0,170,589,65,2852,21,1034,34,21
"827","2020-04-23",91,10,296,295,1857,0.569197630586968,0,0,170,589,67,2919,24,1058,42,24
"828","2020-04-24",84,10,273,278,1857,0.569197630586968,0,0,170,589,78,2997,26,1084,61,26
"829","2020-04-25",82,10,226,279,1857,0.569197630586968,0,0,170,589,68,3065,49,1133,35,49
"830","2020-04-26",76,10,202,282,1857,0.569197630586968,0,0,170,589,54,3119,40,1173,38,40
"831","2020-04-27",76,10,178,276,1857,0.569197630586968,0,0,170,589,60,3179,32,1205,44,32
"832","2020-04-28",70,10,151,279,1857,0.569197630586968,0,0,170,589,62,3241,27,1232,32,27
"833","2020-04-29",65,10,181,276,1857,0.569197630586968,0,0,170,589,52,3293,14,1246,30,14
"834","2020-04-30",61,10,214,278,1857,0.569197630586968,0,0,170,589,52,3345,21,1267,24,21
"835","2020-05-01",67,10,199,271,1857,0.569197630586968,0,0,170,589,63,3408,12,1279,40,12
"836","2020-05-02",65,10,180,295,1857,0.569197630586968,0,0,170,589,61,3469,9,1288,34,9
"837","2020-05-03",68,10,219,300,1857,0.569197630586968,0,0,170,589,56,3525,33,1321,39,33
"838","2020-05-04",64,10,239,303,1857,0.569197630586968,0,0,170,589,55,3580,31,1352,34,31
"839","2020-05-05",64,10,282,297,1857,0.569197630586968,0,0,170,589,52,3632,15,1367,27,15
"840","2020-05-06",72,10,255,295,1857,0.569197630586968,0,0,170,589,43,3675,11,1378,27,11
"841","2020-05-07",82,10,223,293,1857,0.569197630586968,0,0,170,589,38,3713,33,1411,21,33
"842","2020-05-08",75,10,216,299,1857,0.569197630586968,0,0,170,589,40,3753,25,1436,24,25
"843","2020-05-09",86,10,223,298,1857,0.569197630586968,0,0,170,589,50,3803,18,1454,30,18
"844","2020-05-10",90,10,204,301,1857,0.569197630586968,0,0,170,589,49,3852,24,1478,30,24
"845","2020-05-11",84,10,207,291,1857,0.569197630586968,0,0,170,589,50,3902,31,1509,32,31
"846","2020-05-12",80,10,197,286,1857,0.569197630586968,0,0,170,589,51,3953,27,1536,25,27
"847","2020-05-13",72,10,177,288,1857,0.569197630586968,0,0,170,589,44,3997,38,1574,25,38
"848","2020-05-14",66,10,155,286,1857,0.569197630586968,0,0,170,589,32,4029,25,1599,22,25
"849","2020-05-15",72,10,184,281,1857,0.569197630586968,0,0,170,589,47,4076,17,1616,31,17
"850","2020-05-16",66,10,172,273,1857,0.569197630586968,0,0,170,589,34,4110,10,1626,20,10
"851","2020-05-17",63,10,148,269,1857,0.569197630586968,0,0,170,589,29,4139,4,1630,21,4
"852","2020-05-18",68,10,139,276,1857,0.569197630586968,0,0,170,589,33,4172,5,1635,17,5
"853","2020-05-19",72,10,154,271,1857,0.569197630586968,0,0,170,589,23,4195,14,1649,15,14
"854","2020-05-20",76,10,205,263,1857,0.569197630586968,0,0,170,589,39,4234,19,1668,25,19
"855","2020-05-21",80,10,204,254,1857,0.569197630586968,0,0,170,589,36,4270,8,1676,26,8
"856","2020-05-22",71,10,192,246,1857,0.569197630586968,0,0,170,589,29,4299,4,1680,14,4
"857","2020-05-23",68,10,177,238,1857,0.569197630586968,0,0,170,589,30,4329,6,1686,19,6
"858","2020-05-24",72,10,156,222,1857,0.569197630586968,0,0,170,589,23,4352,10,1696,15,10
"859","2020-05-25",75,10,164,209,1857,0.569197630586968,0,0,170,589,21,4373,14,1710,10,14
"860","2020-05-26",71,10,178,199,1857,0.569197630586968,0,0,170,589,27,4400,14,1724,15,14
"861","2020-05-27",70,10,178,178,1857,0.569197630586968,0,0,170,589,25,4425,15,1739,17,15
"862","2020-05-28",63,10,188,174,1857,0.569197630586968,0,0,170,589,26,4451,9,1748,18,9
"863","2020-05-29",61,10,198,166,1857,0.569197630586968,0,0,170,589,20,4471,3,1751,13,3
"864","2020-05-30",65,10,176,151,1857,0.569197630586968,0,0,170,589,21,4492,20,1771,12,20
"865","2020-05-31",61,10,175,141,1857,0.569197630586968,0,0,170,589,22,4514,26,1797,11,26
"866","2020-06-01",54,10,159,127,1857,0.569197630586968,0,0,170,589,23,4537,26,1823,17,26
"867","2020-06-02",48,10,139,131,1857,0.569197630586968,0,0,170,589,22,4559,11,1834,14,11
"868","2020-06-03",45,10,124,131,1857,0.569197630586968,0,0,170,589,23,4582,5,1839,16,5
"869","2020-06-04",47,10,112,134,1857,0.569197630586968,0,0,170,589,21,4603,7,1846,15,7
"870","2020-06-05",47,10,115,124,1857,0.569197630586968,0,0,170,589,18,4621,8,1854,14,8
"871","2020-06-06",39,10,119,129,1857,0.569197630586968,0,0,170,589,11,4632,10,1864,8,10
"872","2020-06-07",35,10,101,132,1857,0.569197630586968,0,0,170,589,6,4638,20,1884,5,20
"873","2020-03-13",1,11,72,79,4051,0.392248827450012,0,0,388,641,51,134,17,68,11,17
"874","2020-03-14",4,11,64,108,4051,0.392248827450012,0,0,388,641,47,181,21,89,10,21
"875","2020-03-15",8,11,65,160,4051,0.392248827450012,0,0,388,641,51,232,26,115,13,26
"876","2020-03-16",15,11,64,202,4051,0.392248827450012,0,0,388,641,63,295,42,157,20,42
"877","2020-03-17",18,11,62,248,4051,0.392248827450012,0,0,388,641,53,348,40,197,22,40
"878","2020-03-18",24,11,55,295,4051,0.392248827450012,0,0,388,641,55,403,44,241,20,44
"879","2020-03-19",30,11,62,327,4051,0.392248827450012,0,0,388,641,57,460,27,268,24,27
"880","2020-03-20",39,11,94,383,4051,0.392248827450012,0,0,388,641,67,527,23,291,37,23
"881","2020-03-21",53,11,140,425,4051,0.392248827450012,0,0,388,641,67,594,27,318,38,27
"882","2020-03-22",75,11,160,461,4051,0.392248827450012,0,0,388,641,56,650,47,365,30,47
"883","2020-03-23",87,11,173,470,4051,0.392248827450012,0,0,388,641,87,737,41,406,39,41
"884","2020-03-24",100,11,154,479,4051,0.392248827450012,0,0,388,641,89,826,42,448,47,42
"885","2020-03-25",111,11,143,530,4051,0.392248827450012,0,0,388,641,72,898,48,496,38,48
"886","2020-03-26",126,11,121,573,4051,0.392248827450012,0,0,388,641,70,968,49,545,33,49
"887","2020-03-27",139,11,124,590,4051,0.392248827450012,0,0,388,641,72,1040,34,579,36,34
"888","2020-03-28",144,11,119,616,4051,0.392248827450012,0,0,388,641,72,1112,37,616,32,37
"889","2020-03-29",137,11,100,637,4051,0.392248827450012,0,0,388,641,75,1187,32,648,33,32
"890","2020-03-30",150,11,92,647,4051,0.392248827450012,0,0,388,641,69,1256,28,676,35,28
"891","2020-03-31",165,11,89,667,4051,0.392248827450012,0,0,388,641,71,1327,40,716,34,40
"892","2020-04-01",172,11,105,678,4051,0.392248827450012,0,0,388,641,72,1399,47,763,35,47
"893","2020-04-02",175,11,144,688,4051,0.392248827450012,0,0,388,641,71,1470,38,801,30,38
"894","2020-04-03",181,11,175,701,4051,0.392248827450012,0,0,388,641,84,1554,66,867,40,66
"895","2020-04-04",187,11,213,706,4051,0.392248827450012,0,0,388,641,86,1640,59,926,43,59
"896","2020-04-05",196,11,229,719,4051,0.392248827450012,0,0,388,641,87,1727,40,966,38,40
"897","2020-04-06",195,11,235,710,4051,0.392248827450012,0,0,388,641,69,1796,35,1001,29,35
"898","2020-04-07",191,11,254,707,4051,0.392248827450012,0,0,388,641,77,1873,26,1027,33,26
"899","2020-04-08",196,11,278,684,4051,0.392248827450012,0,0,388,641,72,1945,41,1068,30,41
"900","2020-04-09",207,11,295,660,4051,0.392248827450012,0,0,388,641,81,2026,29,1097,42,29
"901","2020-04-10",211,11,275,666,4051,0.392248827450012,0,0,388,641,81,2107,50,1147,34,50
"902","2020-04-11",219,11,269,651,4051,0.392248827450012,0,0,388,641,65,2172,35,1182,28,35
"903","2020-04-12",215,11,262,646,4051,0.392248827450012,0,0,388,641,84,2256,42,1224,39,42
"904","2020-04-13",204,11,273,627,4051,0.392248827450012,0,0,388,641,72,2328,45,1269,33,45
"905","2020-04-14",205,11,285,614,4051,0.392248827450012,0,0,388,641,70,2398,50,1319,33,50
"906","2020-04-15",204,11,257,590,4051,0.392248827450012,0,0,388,641,64,2462,33,1352,27,33
"907","2020-04-16",196,11,225,581,4051,0.392248827450012,0,0,388,641,77,2539,30,1382,35,30
"908","2020-04-17",185,11,208,578,4051,0.392248827450012,0,0,388,641,73,2612,41,1423,35,41
"909","2020-04-18",176,11,231,577,4051,0.392248827450012,0,0,388,641,64,2676,47,1470,26,47
"910","2020-04-19",185,11,214,575,4051,0.392248827450012,0,0,388,641,80,2756,48,1518,36,48
"911","2020-04-20",192,11,237,587,4051,0.392248827450012,0,0,388,641,73,2829,57,1575,24,57
"912","2020-04-21",182,11,217,573,4051,0.392248827450012,0,0,388,641,70,2899,42,1617,26,42
"913","2020-04-22",173,11,191,559,4051,0.392248827450012,0,0,388,641,70,2969,35,1652,25,35
"914","2020-04-23",165,11,191,567,4051,0.392248827450012,0,0,388,641,64,3033,41,1693,23,41
"915","2020-04-24",163,11,225,555,4051,0.392248827450012,0,0,388,641,57,3090,54,1747,15,54
"916","2020-04-25",168,11,260,560,4051,0.392248827450012,0,0,388,641,72,3162,60,1807,30,60
"917","2020-04-26",161,11,299,556,4051,0.392248827450012,0,0,388,641,69,3231,41,1848,31,41
"918","2020-04-27",153,11,267,556,4051,0.392248827450012,0,0,388,641,72,3303,36,1884,27,36
"919","2020-04-28",162,11,249,555,4051,0.392248827450012,0,0,388,641,60,3363,45,1929,18,45
"920","2020-04-29",163,11,252,546,4051,0.392248827450012,0,0,388,641,56,3419,32,1961,20,32
"921","2020-04-30",160,11,228,541,4051,0.392248827450012,0,0,388,641,68,3487,38,1999,30,38
"922","2020-05-01",165,11,208,533,4051,0.392248827450012,0,0,388,641,61,3548,39,2038,26,39
"923","2020-05-02",154,11,212,529,4051,0.392248827450012,0,0,388,641,65,3613,47,2085,28,47
"924","2020-05-03",150,11,174,517,4051,0.392248827450012,0,0,388,641,57,3670,67,2152,23,67
"925","2020-05-04",151,11,160,486,4051,0.392248827450012,0,0,388,641,46,3716,70,2222,17,70
"926","2020-05-05",142,11,189,502,4051,0.392248827450012,0,0,388,641,54,3770,45,2267,24,45
"927","2020-05-06",136,11,181,491,4051,0.392248827450012,0,0,388,641,64,3834,34,2301,30,34
"928","2020-05-07",137,11,190,490,4051,0.392248827450012,0,0,388,641,43,3877,64,2365,11,64
"929","2020-05-08",129,11,185,484,4051,0.392248827450012,0,0,388,641,68,3945,63,2428,27,63
"930","2020-05-09",129,11,157,492,4051,0.392248827450012,0,0,388,641,35,3980,42,2470,12,42
"931","2020-05-10",123,11,135,487,4051,0.392248827450012,0,0,388,641,39,4019,46,2516,14,46
"932","2020-05-11",125,11,176,479,4051,0.392248827450012,0,0,388,641,36,4055,35,2551,11,35
"933","2020-05-12",121,11,180,471,4051,0.392248827450012,0,0,388,641,26,4081,40,2591,11,40
"934","2020-05-13",125,11,174,478,4051,0.392248827450012,0,0,388,641,43,4124,29,2620,17,29
"935","2020-05-14",131,11,149,483,4051,0.392248827450012,0,0,388,641,40,4164,33,2653,11,33
"936","2020-05-15",142,11,143,487,4051,0.392248827450012,0,0,388,641,38,4202,47,2700,14,47
"937","2020-05-16",141,11,166,467,4051,0.392248827450012,0,0,388,641,33,4235,44,2744,16,44
"938","2020-05-17",138,11,167,447,4051,0.392248827450012,0,0,388,641,24,4259,49,2793,12,49
"939","2020-05-18",129,11,187,435,4051,0.392248827450012,0,0,388,641,29,4288,52,2845,13,52
"940","2020-05-19",130,11,210,411,4051,0.392248827450012,0,0,388,641,37,4325,55,2900,12,55
"941","2020-05-20",132,11,203,408,4051,0.392248827450012,0,0,388,641,36,4361,41,2941,13,41
"942","2020-05-21",122,11,217,404,4051,0.392248827450012,0,0,388,641,34,4395,40,2981,13,40
"943","2020-05-22",112,11,228,386,4051,0.392248827450012,0,0,388,641,33,4428,40,3021,11,40
"944","2020-05-23",109,11,249,371,4051,0.392248827450012,0,0,388,641,22,4450,56,3077,4,56
"945","2020-05-24",106,11,239,362,4051,0.392248827450012,0,0,388,641,27,4477,44,3121,5,44
"946","2020-05-25",108,11,214,355,4051,0.392248827450012,0,0,388,641,31,4508,26,3147,13,26
"947","2020-05-26",113,11,193,336,4051,0.392248827450012,0,0,388,641,23,4531,38,3185,8,38
"948","2020-05-27",107,11,180,326,4051,0.392248827450012,0,0,388,641,25,4556,26,3211,11,26
"949","2020-05-28",110,11,165,316,4051,0.392248827450012,0,0,388,641,31,4587,26,3237,13,26
"950","2020-05-29",105,11,145,299,4051,0.392248827450012,0,0,388,641,25,4612,42,3279,10,42
"951","2020-05-30",104,11,132,294,4051,0.392248827450012,0,0,388,641,17,4629,49,3328,8,49
"952","2020-05-31",105,11,118,292,4051,0.392248827450012,0,0,388,641,16,4645,52,3380,7,52
"953","2020-06-01",99,11,106,287,4051,0.392248827450012,0,0,388,641,28,4673,69,3449,11,69
"954","2020-06-02",90,11,107,281,4051,0.392248827450012,0,0,388,641,19,4692,62,3511,4,62
"955","2020-06-03",88,11,112,268,4051,0.392248827450012,0,0,388,641,19,4711,42,3553,8,42
"956","2020-06-04",84,11,115,247,4051,0.392248827450012,0,0,388,641,21,4732,56,3609,4,56
"957","2020-06-05",82,11,107,242,4051,0.392248827450012,0,0,388,641,18,4750,46,3655,7,46
"958","2020-06-06",76,11,130,242,4051,0.392248827450012,0,0,388,641,15,4765,27,3682,2,27
"959","2020-06-07",74,11,142,233,4051,0.392248827450012,0,0,388,641,19,4784,44,3726,5,44
"960","2020-03-13",3,12,61,99,4380,0.284931506849315,0,0,385,586,26,56,20,39,5,20
"961","2020-03-14",3,12,65,140,4380,0.284931506849315,0,0,385,586,26,82,11,50,10,11
"962","2020-03-15",8,12,70,178,4380,0.284931506849315,0,0,385,586,30,112,8,58,15,8
"963","2020-03-16",13,12,81,234,4380,0.284931506849315,0,0,385,586,25,137,17,75,12,17
"964","2020-03-17",19,12,87,277,4380,0.284931506849315,0,0,385,586,43,180,21,96,20,21
"965","2020-03-18",27,12,89,314,4380,0.284931506849315,0,0,385,586,29,209,28,124,19,28
"966","2020-03-19",44,12,93,364,4380,0.284931506849315,0,0,385,586,52,261,34,158,32,34
"967","2020-03-20",55,12,108,408,4380,0.284931506849315,0,0,385,586,43,304,42,200,25,42
"968","2020-03-21",74,12,122,458,4380,0.284931506849315,0,0,385,586,38,342,41,241,25,41
"969","2020-03-22",93,12,135,493,4380,0.284931506849315,0,0,385,586,59,401,26,267,40,26
"970","2020-03-23",109,12,138,525,4380,0.284931506849315,0,0,385,586,50,451,26,293,34,26
"971","2020-03-24",124,12,149,552,4380,0.284931506849315,0,0,385,586,57,508,11,304,44,11
"972","2020-03-25",143,12,153,563,4380,0.284931506849315,0,0,385,586,56,564,19,323,35,19
"973","2020-03-26",145,12,148,582,4380,0.284931506849315,0,0,385,586,59,623,10,333,37,10
"974","2020-03-27",156,12,158,586,4380,0.284931506849315,0,0,385,586,46,669,5,338,32,5
"975","2020-03-28",159,12,157,609,4380,0.284931506849315,0,0,385,586,73,742,7,345,50,7
"976","2020-03-29",164,12,161,624,4380,0.284931506849315,0,0,385,586,60,802,5,350,47,5
"977","2020-03-30",176,12,164,624,4380,0.284931506849315,0,0,385,586,74,876,4,354,55,4
"978","2020-03-31",177,12,162,633,4380,0.284931506849315,0,0,385,586,55,931,6,360,42,6
"979","2020-04-01",175,12,176,643,4380,0.284931506849315,0,0,385,586,78,1009,33,393,56,33
"980","2020-04-02",183,12,176,643,4380,0.284931506849315,0,0,385,586,84,1093,35,428,46,35
"981","2020-04-03",187,12,168,639,4380,0.284931506849315,0,0,385,586,55,1148,20,448,40,20
"982","2020-04-04",192,12,141,644,4380,0.284931506849315,0,0,385,586,62,1210,26,474,41,26
"983","2020-04-05",194,12,154,668,4380,0.284931506849315,0,0,385,586,66,1276,57,531,53,57
"984","2020-04-06",181,12,138,665,4380,0.284931506849315,0,0,385,586,68,1344,58,589,49,58
"985","2020-04-07",184,12,151,683,4380,0.284931506849315,0,0,385,586,93,1437,30,619,74,30
"986","2020-04-08",183,12,155,690,4380,0.284931506849315,0,0,385,586,68,1505,28,647,55,28
"987","2020-04-09",181,12,159,693,4380,0.284931506849315,0,0,385,586,78,1583,42,689,58,42
"988","2020-04-10",175,12,177,693,4380,0.284931506849315,0,0,385,586,53,1636,54,743,41,54
"989","2020-04-11",184,12,188,693,4380,0.284931506849315,0,0,385,586,64,1700,37,780,48,37
"990","2020-04-12",175,12,205,695,4380,0.284931506849315,0,0,385,586,85,1785,39,819,69,39
"991","2020-04-13",188,12,204,683,4380,0.284931506849315,0,0,385,586,89,1874,17,836,67,17
"992","2020-04-14",184,12,181,701,4380,0.284931506849315,0,0,385,586,79,1953,14,850,71,14
"993","2020-04-15",191,12,170,699,4380,0.284931506849315,0,0,385,586,68,2021,51,901,47,51
"994","2020-04-16",190,12,160,686,4380,0.284931506849315,0,0,385,586,88,2109,49,950,67,49
"995","2020-04-17",200,12,149,682,4380,0.284931506849315,0,0,385,586,76,2185,23,973,57,23
"996","2020-04-18",188,12,138,687,4380,0.284931506849315,0,0,385,586,64,2249,29,1002,51,29
"997","2020-04-19",197,12,146,703,4380,0.284931506849315,0,0,385,586,74,2323,34,1036,51,34
"998","2020-04-20",187,12,163,708,4380,0.284931506849315,0,0,385,586,64,2387,22,1058,46,22
"999","2020-04-21",190,12,192,699,4380,0.284931506849315,0,0,385,586,67,2454,17,1075,46,17
"1000","2020-04-22",184,12,197,671,4380,0.284931506849315,0,0,385,586,67,2521,5,1080,48,5
"1001","2020-04-23",190,12,191,687,4380,0.284931506849315,0,0,385,586,52,2573,10,1090,32,10
"1002","2020-04-24",189,12,209,684,4380,0.284931506849315,0,0,385,586,83,2656,15,1105,57,15
"1003","2020-04-25",193,12,232,669,4380,0.284931506849315,0,0,385,586,69,2725,8,1113,54,8
"1004","2020-04-26",190,12,236,647,4380,0.284931506849315,0,0,385,586,55,2780,53,1166,38,53
"1005","2020-04-27",181,12,233,646,4380,0.284931506849315,0,0,385,586,78,2858,32,1198,61,32
"1006","2020-04-28",193,12,233,609,4380,0.284931506849315,0,0,385,586,49,2907,57,1255,35,57
"1007","2020-04-29",187,12,203,596,4380,0.284931506849315,0,0,385,586,54,2961,52,1307,41,52
"1008","2020-04-30",181,12,201,603,4380,0.284931506849315,0,0,385,586,54,3015,57,1364,37,57
"1009","2020-05-01",178,12,204,611,4380,0.284931506849315,0,0,385,586,69,3084,36,1400,48,36
"1010","2020-05-02",166,12,227,607,4380,0.284931506849315,0,0,385,586,61,3145,42,1442,44,42
"1011","2020-05-03",155,12,239,599,4380,0.284931506849315,0,0,385,586,59,3204,28,1470,46,28
"1012","2020-05-04",164,12,239,580,4380,0.284931506849315,0,0,385,586,48,3252,29,1499,26,29
"1013","2020-05-05",151,12,218,577,4380,0.284931506849315,0,0,385,586,52,3304,39,1538,38,39
"1014","2020-05-06",155,12,223,582,4380,0.284931506849315,0,0,385,586,41,3345,30,1568,29,30
"1015","2020-05-07",158,12,229,561,4380,0.284931506849315,0,0,385,586,53,3398,20,1588,37,20
"1016","2020-05-08",154,12,229,530,4380,0.284931506849315,0,0,385,586,51,3449,38,1626,36,38
"1017","2020-05-09",153,12,236,518,4380,0.284931506849315,0,0,385,586,45,3494,38,1664,36,38
"1018","2020-05-10",158,12,252,533,4380,0.284931506849315,0,0,385,586,49,3543,36,1700,35,36
"1019","2020-05-11",153,12,246,534,4380,0.284931506849315,0,0,385,586,53,3596,23,1723,29,23
"1020","2020-05-12",153,12,235,516,4380,0.284931506849315,0,0,385,586,35,3631,50,1773,25,50
"1021","2020-05-13",145,12,219,500,4380,0.284931506849315,0,0,385,586,57,3688,43,1816,37,43
"1022","2020-05-14",135,12,210,494,4380,0.284931506849315,0,0,385,586,33,3721,42,1858,25,42
"1023","2020-05-15",128,12,218,469,4380,0.284931506849315,0,0,385,586,41,3762,41,1899,28,41
"1024","2020-05-16",132,12,225,449,4380,0.284931506849315,0,0,385,586,33,3795,31,1930,24,31
"1025","2020-05-17",124,12,222,425,4380,0.284931506849315,0,0,385,586,30,3825,21,1951,22,21
"1026","2020-05-18",125,12,225,405,4380,0.284931506849315,0,0,385,586,35,3860,32,1983,22,32
"1027","2020-05-19",116,12,208,399,4380,0.284931506849315,0,0,385,586,37,3897,55,2038,27,55
"1028","2020-05-20",117,12,234,395,4380,0.284931506849315,0,0,385,586,30,3927,59,2097,22,59
"1029","2020-05-21",113,12,226,384,4380,0.284931506849315,0,0,385,586,27,3954,45,2142,15,45
"1030","2020-05-22",108,12,205,377,4380,0.284931506849315,0,0,385,586,25,3979,28,2170,22,28
"1031","2020-05-23",101,12,225,376,4380,0.284931506849315,0,0,385,586,24,4003,24,2194,20,24
"1032","2020-05-24",112,12,230,368,4380,0.284931506849315,0,0,385,586,32,4035,38,2232,22,38
"1033","2020-05-25",109,12,230,368,4380,0.284931506849315,0,0,385,586,21,4056,38,2270,12,38
"1034","2020-05-26",111,12,213,360,4380,0.284931506849315,0,0,385,586,31,4087,38,2308,24,38
"1035","2020-05-27",108,12,203,351,4380,0.284931506849315,0,0,385,586,25,4112,19,2327,20,19
"1036","2020-05-28",109,12,202,336,4380,0.284931506849315,0,0,385,586,20,4132,25,2352,15,25
"1037","2020-05-29",105,12,204,315,4380,0.284931506849315,0,0,385,586,34,4166,41,2393,20,41
"1038","2020-05-30",100,12,220,309,4380,0.284931506849315,0,0,385,586,28,4194,38,2431,14,38
"1039","2020-05-31",93,12,199,306,4380,0.284931506849315,0,0,385,586,32,4226,40,2471,22,40
"1040","2020-06-01",86,12,202,284,4380,0.284931506849315,0,0,385,586,17,4243,44,2515,13,44
"1041","2020-06-02",82,12,195,273,4380,0.284931506849315,0,0,385,586,17,4260,46,2561,10,46
"1042","2020-06-03",78,12,203,262,4380,0.284931506849315,0,0,385,586,22,4282,30,2591,13,30
"1043","2020-06-04",79,12,215,252,4380,0.284931506849315,0,0,385,586,25,4307,31,2622,19,31
"1044","2020-06-05",81,12,221,243,4380,0.284931506849315,0,0,385,586,15,4322,40,2662,10,40
"1045","2020-06-06",86,12,220,229,4380,0.284931506849315,0,0,385,586,15,4337,27,2689,13,27
"1046","2020-06-07",75,12,201,222,4380,0.284931506849315,0,0,385,586,18,4355,25,2714,13,25
"1047","2020-03-14",1,13,47,50,2324,0.548192771084337,0,0,193,559,30,122,8,32,6,8
"1048","2020-03-15",3,13,52,70,2324,0.548192771084337,0,0,193,559,31,153,8,40,7,8
"1049","2020-03-16",5,13,62,89,2324,0.548192771084337,0,0,193,559,37,190,17,57,10,17
"1050","2020-03-17",7,13,84,108,2324,0.548192771084337,0,0,193,559,39,229,4,61,17,4
"1051","2020-03-18",9,13,103,131,2324,0.548192771084337,0,0,193,559,37,266,8,69,12,8
"1052","2020-03-19",13,13,124,150,2324,0.548192771084337,0,0,193,559,37,303,14,83,14,14
"1053","2020-03-20",20,13,135,167,2324,0.548192771084337,0,0,193,559,48,351,25,108,15,25
"1054","2020-03-21",21,13,156,179,2324,0.548192771084337,0,0,193,559,44,395,13,121,16,13
"1055","2020-03-22",32,13,163,195,2324,0.548192771084337,0,0,193,559,35,430,22,143,16,22
"1056","2020-03-23",38,13,168,202,2324,0.548192771084337,0,0,193,559,40,470,27,170,20,27
"1057","2020-03-24",42,13,160,203,2324,0.548192771084337,0,0,193,559,66,536,16,186,38,16
"1058","2020-03-25",45,13,152,207,2324,0.548192771084337,0,0,193,559,44,580,28,214,21,28
"1059","2020-03-26",43,13,160,216,2324,0.548192771084337,0,0,193,559,56,636,37,251,26,37
"1060","2020-03-27",45,13,155,222,2324,0.548192771084337,0,0,193,559,45,681,26,277,21,26
"1061","2020-03-28",52,13,142,232,2324,0.548192771084337,0,0,193,559,57,738,18,295,26,18
"1062","2020-03-29",50,13,144,239,2324,0.548192771084337,0,0,193,559,57,795,14,309,28,14
"1063","2020-03-30",49,13,138,258,2324,0.548192771084337,0,0,193,559,59,854,5,314,26,5
"1064","2020-03-31",51,13,151,280,2324,0.548192771084337,0,0,193,559,45,899,13,327,22,13
"1065","2020-04-01",60,13,153,293,2324,0.548192771084337,0,0,193,559,58,957,11,338,35,11
"1066","2020-04-02",68,13,151,291,2324,0.548192771084337,0,0,193,559,71,1028,16,354,39,16
"1067","2020-04-03",67,13,144,289,2324,0.548192771084337,0,0,193,559,48,1076,25,379,30,25
"1068","2020-04-04",67,13,145,289,2324,0.548192771084337,0,0,193,559,75,1151,34,413,42,34
"1069","2020-04-05",62,13,148,284,2324,0.548192771084337,0,0,193,559,73,1224,19,432,39,19
"1070","2020-04-06",72,13,148,303,2324,0.548192771084337,0,0,193,559,43,1267,22,454,21,22
"1071","2020-04-07",76,13,183,307,2324,0.548192771084337,0,0,193,559,51,1318,21,475,26,21
"1072","2020-04-08",70,13,205,317,2324,0.548192771084337,0,0,193,559,66,1384,19,494,31,19
"1073","2020-04-09",79,13,207,321,2324,0.548192771084337,0,0,193,559,56,1440,6,500,23,6
"1074","2020-04-10",82,13,199,318,2324,0.548192771084337,0,0,193,559,51,1491,8,508,25,8
"1075","2020-04-11",90,13,190,320,2324,0.548192771084337,0,0,193,559,61,1552,27,535,33,27
"1076","2020-04-12",97,13,180,326,2324,0.548192771084337,0,0,193,559,50,1602,29,564,24,29
"1077","2020-04-13",94,13,171,322,2324,0.548192771084337,0,0,193,559,54,1656,10,574,33,10
"1078","2020-04-14",103,13,165,335,2324,0.548192771084337,0,0,193,559,45,1701,5,579,19,5
"1079","2020-04-15",113,13,170,329,2324,0.548192771084337,0,0,193,559,58,1759,6,585,31,6
"1080","2020-04-16",109,13,173,333,2324,0.548192771084337,0,0,193,559,55,1814,10,595,37,10
"1081","2020-04-17",101,13,169,339,2324,0.548192771084337,0,0,193,559,57,1871,23,618,26,23
"1082","2020-04-18",95,13,169,363,2324,0.548192771084337,0,0,193,559,68,1939,43,661,41,43
"1083","2020-04-19",97,13,166,380,2324,0.548192771084337,0,0,193,559,55,1994,24,685,23,24
"1084","2020-04-20",99,13,173,379,2324,0.548192771084337,0,0,193,559,49,2043,36,721,18,36
"1085","2020-04-21",99,13,199,395,2324,0.548192771084337,0,0,193,559,44,2087,29,750,14,29
"1086","2020-04-22",89,13,209,403,2324,0.548192771084337,0,0,193,559,45,2132,18,768,16,18
"1087","2020-04-23",94,13,198,398,2324,0.548192771084337,0,0,193,559,46,2178,10,778,15,10
"1088","2020-04-24",104,13,189,412,2324,0.548192771084337,0,0,193,559,63,2241,16,794,33,16
"1089","2020-04-25",106,13,184,420,2324,0.548192771084337,0,0,193,559,50,2291,9,803,18,9
"1090","2020-04-26",106,13,207,423,2324,0.548192771084337,0,0,193,559,43,2334,8,811,22,8
"1091","2020-04-27",113,13,207,444,2324,0.548192771084337,0,0,193,559,57,2391,7,818,27,7
"1092","2020-04-28",112,13,185,442,2324,0.548192771084337,0,0,193,559,49,2440,8,826,14,8
"1093","2020-04-29",124,13,185,431,2324,0.548192771084337,0,0,193,559,51,2491,4,830,21,4
"1094","2020-04-30",130,13,186,432,2324,0.548192771084337,0,0,193,559,48,2539,7,837,24,7
"1095","2020-05-01",129,13,198,439,2324,0.548192771084337,0,0,193,559,38,2577,10,847,12,10
"1096","2020-05-02",134,13,193,435,2324,0.548192771084337,0,0,193,559,55,2632,10,857,24,10
"1097","2020-05-03",136,13,216,435,2324,0.548192771084337,0,0,193,559,58,2690,13,870,25,13
"1098","2020-05-04",129,13,221,433,2324,0.548192771084337,0,0,193,559,49,2739,25,895,26,25
"1099","2020-05-05",122,13,227,408,2324,0.548192771084337,0,0,193,559,44,2783,12,907,22,12
"1100","2020-05-06",121,13,244,400,2324,0.548192771084337,0,0,193,559,50,2833,7,914,23,7
"1101","2020-05-07",113,13,267,385,2324,0.548192771084337,0,0,193,559,61,2894,9,923,29,9
"1102","2020-05-08",111,13,266,371,2324,0.548192771084337,0,0,193,559,41,2935,24,947,15,24
"1103","2020-05-09",110,13,280,358,2324,0.548192771084337,0,0,193,559,34,2969,28,975,15,28
"1104","2020-05-10",110,13,280,340,2324,0.548192771084337,0,0,193,559,41,3010,15,990,16,15
"1105","2020-05-11",115,13,267,327,2324,0.548192771084337,0,0,193,559,33,3043,22,1012,11,22
"1106","2020-05-12",116,13,258,309,2324,0.548192771084337,0,0,193,559,50,3093,32,1044,29,32
"1107","2020-05-13",107,13,260,292,2324,0.548192771084337,0,0,193,559,39,3132,17,1061,18,17
"1108","2020-05-14",95,13,249,277,2324,0.548192771084337,0,0,193,559,40,3172,15,1076,16,15
"1109","2020-05-15",99,13,245,265,2324,0.548192771084337,0,0,193,559,51,3223,12,1088,22,12
"1110","2020-05-16",99,13,243,265,2324,0.548192771084337,0,0,193,559,35,3258,5,1093,21,5
"1111","2020-05-17",92,13,241,258,2324,0.548192771084337,0,0,193,559,33,3291,10,1103,14,10
"1112","2020-05-18",78,13,260,241,2324,0.548192771084337,0,0,193,559,46,3337,10,1113,22,10
"1113","2020-05-19",70,13,255,242,2324,0.548192771084337,0,0,193,559,29,3366,18,1131,12,18
"1114","2020-05-20",73,13,253,236,2324,0.548192771084337,0,0,193,559,30,3396,20,1151,21,20
"1115","2020-05-21",79,13,243,238,2324,0.548192771084337,0,0,193,559,25,3421,24,1175,15,24
"1116","2020-05-22",71,13,236,233,2324,0.548192771084337,0,0,193,559,35,3456,26,1201,21,26
"1117","2020-05-23",65,13,237,225,2324,0.548192771084337,0,0,193,559,28,3484,21,1222,13,21
"1118","2020-05-24",65,13,204,208,2324,0.548192771084337,0,0,193,559,25,3509,19,1241,13,19
"1119","2020-05-25",68,13,218,202,2324,0.548192771084337,0,0,193,559,27,3536,19,1260,17,19
"1120","2020-05-26",67,13,238,194,2324,0.548192771084337,0,0,193,559,38,3574,19,1279,19,19
"1121","2020-05-27",63,13,236,186,2324,0.548192771084337,0,0,193,559,22,3596,15,1294,8,15
"1122","2020-05-28",56,13,239,180,2324,0.548192771084337,0,0,193,559,26,3622,18,1312,11,18
"1123","2020-05-29",55,13,230,180,2324,0.548192771084337,0,0,193,559,23,3645,28,1340,12,28
"1124","2020-05-30",54,13,215,177,2324,0.548192771084337,0,0,193,559,17,3662,20,1360,9,20
"1125","2020-05-31",51,13,214,176,2324,0.548192771084337,0,0,193,559,28,3690,22,1382,18,22
"1126","2020-06-01",49,13,221,173,2324,0.548192771084337,0,0,193,559,23,3713,16,1398,10,16
"1127","2020-06-02",52,13,221,173,2324,0.548192771084337,0,0,193,559,18,3731,14,1412,12,14
"1128","2020-06-03",50,13,226,169,2324,0.548192771084337,0,0,193,559,17,3748,11,1423,11,11
"1129","2020-06-04",51,13,223,167,2324,0.548192771084337,0,0,193,559,26,3774,10,1433,13,10
"1130","2020-06-05",52,13,233,160,2324,0.548192771084337,0,0,193,559,18,3792,10,1443,12,10
"1131","2020-06-06",50,13,256,155,2324,0.548192771084337,0,0,193,559,24,3816,12,1455,10,12
"1132","2020-06-07",48,13,265,153,2324,0.548192771084337,0,0,193,559,24,3840,14,1469,8,14
"1133","2020-03-14",1,14,93,84,6230,0.87207062600321,0,0,566,909,36,102,11,70,20,11
"1134","2020-03-15",2,14,100,114,6230,0.87207062600321,0,0,566,909,57,159,10,80,40,10
"1135","2020-03-16",5,14,99,157,6230,0.87207062600321,0,0,566,909,59,218,22,102,44,22
"1136","2020-03-17",11,14,116,199,6230,0.87207062600321,0,0,566,909,72,290,14,116,55,14
"1137","2020-03-18",18,14,117,242,6230,0.87207062600321,0,0,566,909,72,362,4,120,59,4
"1138","2020-03-19",30,14,129,285,6230,0.87207062600321,0,0,566,909,118,480,12,132,98,12
"1139","2020-03-20",41,14,126,350,6230,0.87207062600321,0,0,566,909,130,610,5,137,107,5
"1140","2020-03-21",57,14,120,409,6230,0.87207062600321,0,0,566,909,159,769,1,138,145,1
"1141","2020-03-22",71,14,110,465,6230,0.87207062600321,0,0,566,909,202,971,15,153,182,15
"1142","2020-03-23",79,14,109,530,6230,0.87207062600321,0,0,566,909,196,1167,20,173,175,20
"1143","2020-03-24",91,14,118,589,6230,0.87207062600321,0,0,566,909,283,1450,10,183,265,10
"1144","2020-03-25",109,14,140,687,6230,0.87207062600321,0,0,566,909,280,1730,16,199,265,16
"1145","2020-03-26",122,14,162,742,6230,0.87207062600321,0,0,566,909,305,2035,40,239,287,40
"1146","2020-03-27",144,14,150,814,6230,0.87207062600321,0,0,566,909,465,2500,51,290,454,51
"1147","2020-03-28",152,14,161,906,6230,0.87207062600321,0,0,566,909,454,2954,44,334,438,44
"1148","2020-03-29",165,14,177,967,6230,0.87207062600321,0,0,566,909,539,3493,37,371,526,37
"1149","2020-03-30",201,14,179,1045,6230,0.87207062600321,0,0,566,909,499,3992,14,385,488,14
"1150","2020-03-31",228,14,184,1133,6230,0.87207062600321,0,0,566,909,406,4398,23,408,397,23
"1151","2020-04-01",256,14,196,1196,6230,0.87207062600321,0,0,566,909,515,4913,35,443,502,35
"1152","2020-04-02",273,14,192,1295,6230,0.87207062600321,0,0,566,909,445,5358,25,468,440,25
"1153","2020-04-03",296,14,192,1374,6230,0.87207062600321,0,0,566,909,427,5785,41,509,418,41
"1154","2020-04-04",334,14,192,1458,6230,0.87207062600321,0,0,566,909,295,6080,22,531,290,22
"1155","2020-04-05",356,14,205,1513,6230,0.87207062600321,0,0,566,909,289,6369,40,571,288,40
"1156","2020-04-06",360,14,198,1586,6230,0.87207062600321,0,0,566,909,255,6624,47,618,252,47
"1157","2020-04-07",375,14,189,1602,6230,0.87207062600321,0,0,566,909,170,6794,27,645,167,27
"1158","2020-04-08",390,14,163,1680,6230,0.87207062600321,0,0,566,909,163,6957,17,662,155,17
"1159","2020-04-09",407,14,154,1721,6230,0.87207062600321,0,0,566,909,132,7089,18,680,129,18
"1160","2020-04-10",432,14,150,1762,6230,0.87207062600321,0,0,566,909,104,7193,40,720,96,40
"1161","2020-04-11",440,14,148,1772,6230,0.87207062600321,0,0,566,909,94,7287,15,735,90,15
"1162","2020-04-12",461,14,162,1745,6230,0.87207062600321,0,0,566,909,67,7354,13,748,63,13
"1163","2020-04-13",470,14,165,1741,6230,0.87207062600321,0,0,566,909,54,7408,5,753,51,5
"1164","2020-04-14",481,14,152,1751,6230,0.87207062600321,0,0,566,909,37,7445,6,759,36,6
"1165","2020-04-15",487,14,162,1760,6230,0.87207062600321,0,0,566,909,26,7471,10,769,26,10
"1166","2020-04-16",498,14,160,1770,6230,0.87207062600321,0,0,566,909,19,7490,6,775,18,6
"1167","2020-04-17",487,14,162,1743,6230,0.87207062600321,0,0,566,909,14,7504,5,780,12,5
"1168","2020-04-18",498,14,202,1675,6230,0.87207062600321,0,0,566,909,29,7533,7,787,26,7
"1169","2020-04-19",489,14,204,1614,6230,0.87207062600321,0,0,566,909,15,7548,50,837,10,50
"1170","2020-04-20",485,14,196,1516,6230,0.87207062600321,0,0,566,909,8,7556,50,887,8,50
"1171","2020-04-21",482,14,177,1447,6230,0.87207062600321,0,0,566,909,10,7566,49,936,7,49
"1172","2020-04-22",462,14,207,1385,6230,0.87207062600321,0,0,566,909,7,7573,25,961,6,25
"1173","2020-04-23",452,14,234,1305,6230,0.87207062600321,0,0,566,909,8,7581,54,1015,8,54
"1174","2020-04-24",439,14,245,1244,6230,0.87207062600321,0,0,566,909,9,7590,65,1080,8,65
"1175","2020-04-25",402,14,256,1181,6230,0.87207062600321,0,0,566,909,5,7595,44,1124,3,44
"1176","2020-04-26",396,14,229,1124,6230,0.87207062600321,0,0,566,909,7,7602,35,1159,2,35
"1177","2020-04-27",389,14,216,1069,6230,0.87207062600321,0,0,566,909,2,7604,17,1176,NA,17
"1178","2020-04-28",363,14,223,1016,6230,0.87207062600321,0,0,566,909,NA,NA,17,1193,NA,17
"1179","2020-04-29",357,14,216,935,6230,0.87207062600321,0,0,566,909,1,7605,23,1216,NA,23
"1180","2020-04-30",336,14,220,866,6230,0.87207062600321,0,0,566,909,4,7609,40,1256,3,40
"1181","2020-05-01",317,14,231,777,6230,0.87207062600321,0,0,566,909,1,7610,44,1300,1,44
"1182","2020-05-02",306,14,246,740,6230,0.87207062600321,0,0,566,909,1,7611,56,1356,1,56
"1183","2020-05-03",275,14,224,683,6230,0.87207062600321,0,0,566,909,4,7615,25,1381,3,25
"1184","2020-05-04",243,14,219,636,6230,0.87207062600321,0,0,566,909,3,7618,10,1391,1,10
"1185","2020-05-05",223,14,203,598,6230,0.87207062600321,0,0,566,909,4,7622,8,1399,2,8
"1186","2020-05-06",198,14,192,545,6230,0.87207062600321,0,0,566,909,3,7625,4,1403,1,4
"1187","2020-05-07",180,14,184,503,6230,0.87207062600321,0,0,566,909,1,7626,39,1442,NA,39
"1188","2020-05-08",157,14,162,465,6230,0.87207062600321,0,0,566,909,1,7627,36,1478,NA,36
"1189","2020-05-09",141,14,167,426,6230,0.87207062600321,0,0,566,909,1,7628,47,1525,NA,47
"1190","2020-05-10",132,14,173,393,6230,0.87207062600321,0,0,566,909,3,7631,54,1579,1,54
"1191","2020-05-11",123,14,170,353,6230,0.87207062600321,0,0,566,909,NA,NA,47,1626,NA,47
"1192","2020-05-12",116,14,159,329,6230,0.87207062600321,0,0,566,909,2,7633,25,1651,NA,25
"1193","2020-05-13",105,14,156,311,6230,0.87207062600321,0,0,566,909,6,7639,19,1670,5,19
"1194","2020-05-14",104,14,147,281,6230,0.87207062600321,0,0,566,909,2,7641,14,1684,2,14
"1195","2020-05-15",101,14,163,267,6230,0.87207062600321,0,0,566,909,6,7647,50,1734,4,50
"1196","2020-05-16",95,14,182,251,6230,0.87207062600321,0,0,566,909,1,7648,34,1768,NA,34
"1197","2020-05-17",84,14,180,243,6230,0.87207062600321,0,0,566,909,4,7652,16,1784,2,16
"1198","2020-05-18",90,14,183,237,6230,0.87207062600321,0,0,566,909,4,7656,21,1805,2,21
"1199","2020-05-19",81,14,165,223,6230,0.87207062600321,0,0,566,909,4,7660,13,1818,3,13
"1200","2020-05-20",77,14,169,210,6230,0.87207062600321,0,0,566,909,1,7661,10,1828,NA,10
"1201","2020-05-21",66,14,178,209,6230,0.87207062600321,0,0,566,909,1,7662,5,1833,NA,5
"1202","2020-05-22",60,14,189,199,6230,0.87207062600321,0,0,566,909,4,7666,34,1867,1,34
"1203","2020-05-23",57,14,204,206,6230,0.87207062600321,0,0,566,909,1,7667,27,1894,1,27
"1204","2020-05-24",60,14,211,199,6230,0.87207062600321,0,0,566,909,3,7670,21,1915,2,21
"1205","2020-05-25",56,14,215,185,6230,0.87207062600321,0,0,566,909,1,7671,12,1927,NA,12
"1206","2020-05-26",59,14,213,175,6230,0.87207062600321,0,0,566,909,3,7674,46,1973,2,46
"1207","2020-05-27",56,14,196,162,6230,0.87207062600321,0,0,566,909,1,7675,18,1991,1,18
"1208","2020-05-28",50,14,205,162,6230,0.87207062600321,0,0,566,909,1,7676,20,2011,1,20
"1209","2020-05-29",47,14,198,156,6230,0.87207062600321,0,0,566,909,NA,NA,34,2045,NA,34
"1210","2020-05-30",43,14,188,147,6230,0.87207062600321,0,0,566,909,1,7677,22,2067,1,22
"1211","2020-05-31",42,14,179,137,6230,0.87207062600321,0,0,566,909,1,7678,14,2081,1,14
"1212","2020-06-01",36,14,177,141,6230,0.87207062600321,0,0,566,909,3,7681,13,2094,3,13
"1213","2020-06-02",33,14,188,146,6230,0.87207062600321,0,0,566,909,1,7682,6,2100,NA,6
"1214","2020-06-03",31,14,178,140,6230,0.87207062600321,0,0,566,909,NA,NA,7,2107,NA,7
"1215","2020-06-04",33,14,179,142,6230,0.87207062600321,0,0,566,909,NA,NA,24,2131,NA,24
"1216","2020-06-05",35,14,188,131,6230,0.87207062600321,0,0,566,909,3,7685,12,2143,1,12
"1217","2020-06-06",33,14,187,129,6230,0.87207062600321,0,0,566,909,NA,NA,15,2158,NA,15
"1218","2020-06-07",31,14,185,125,6230,0.87207062600321,0,0,566,909,1,7686,17,2175,1,17
"1219","2020-03-13",1,15,102,154,8675,0.842536023054755,0,0,647,811,43,127,13,19,6,13
"1220","2020-03-14",9,15,98,222,8675,0.842536023054755,0,0,647,811,40,167,10,29,5,10
"1221","2020-03-15",14,15,129,338,8675,0.842536023054755,0,0,647,811,60,227,15,44,11,15
"1222","2020-03-16",25,15,184,450,8675,0.842536023054755,0,0,647,811,69,296,19,63,18,19
"1223","2020-03-17",37,15,171,640,8675,0.842536023054755,0,0,647,811,49,345,9,72,15,9
"1224","2020-03-18",57,15,225,855,8675,0.842536023054755,0,0,647,811,61,406,18,90,26,18
"1225","2020-03-19",79,15,218,1123,8675,0.842536023054755,0,0,647,811,64,470,25,115,17,25
"1226","2020-03-20",109,15,227,1456,8675,0.842536023054755,0,0,647,811,56,526,12,127,13,12
"1227","2020-03-21",142,15,213,1894,8675,0.842536023054755,0,0,647,811,62,588,14,141,23,14
"1228","2020-03-22",207,15,204,2336,8675,0.842536023054755,0,0,647,811,60,648,27,168,21,27
"1229","2020-03-23",281,15,185,2697,8675,0.842536023054755,0,0,647,811,54,702,23,191,18,23
"1230","2020-03-24",360,15,204,3124,8675,0.842536023054755,0,0,647,811,75,777,18,209,31,18
"1231","2020-03-25",459,15,254,3525,8675,0.842536023054755,0,0,647,811,60,837,11,220,28,11
"1232","2020-03-26",564,15,270,4037,8675,0.842536023054755,0,0,647,811,81,918,23,243,35,23
"1233","2020-03-27",681,15,281,4374,8675,0.842536023054755,0,0,647,811,67,985,30,273,26,30
"1234","2020-03-28",805,15,315,4672,8675,0.842536023054755,0,0,647,811,74,1059,18,291,28,18
"1235","2020-03-29",911,15,282,4915,8675,0.842536023054755,0,0,647,811,63,1122,18,309,18,18
"1236","2020-03-30",1016,15,259,4953,8675,0.842536023054755,0,0,647,811,72,1194,14,323,24,14
"1237","2020-03-31",1109,15,250,4992,8675,0.842536023054755,0,0,647,811,69,1263,16,339,29,16
"1238","2020-04-01",1218,15,233,4818,8675,0.842536023054755,0,0,647,811,72,1335,15,354,23,15
"1239","2020-04-02",1315,15,244,4568,8675,0.842536023054755,0,0,647,811,57,1392,14,368,23,14
"1240","2020-04-03",1343,15,245,4269,8675,0.842536023054755,0,0,647,811,76,1468,11,379,30,11
"1241","2020-04-04",1340,15,221,3952,8675,0.842536023054755,0,0,647,811,78,1546,12,391,32,12
"1242","2020-04-05",1342,15,212,3547,8675,0.842536023054755,0,0,647,811,84,1630,4,395,30,4
"1243","2020-04-06",1315,15,219,3175,8675,0.842536023054755,0,0,647,811,89,1719,8,403,40,8
"1244","2020-04-07",1255,15,260,2785,8675,0.842536023054755,0,0,647,811,78,1797,5,408,33,5
"1245","2020-04-08",1130,15,266,2415,8675,0.842536023054755,0,0,647,811,70,1867,14,422,24,14
"1246","2020-04-09",993,15,252,2004,8675,0.842536023054755,0,0,647,811,74,1941,15,437,28,15
"1247","2020-04-10",909,15,229,1656,8675,0.842536023054755,0,0,647,811,77,2018,15,452,26,15
"1248","2020-04-11",804,15,277,1389,8675,0.842536023054755,0,0,647,811,86,2104,23,475,29,23
"1249","2020-04-12",665,15,310,1122,8675,0.842536023054755,0,0,647,811,76,2180,16,491,33,16
"1250","2020-04-13",539,15,286,916,8675,0.842536023054755,0,0,647,811,87,2267,19,510,35,19
"1251","2020-04-14",440,15,313,728,8675,0.842536023054755,0,0,647,811,87,2354,11,521,20,11
"1252","2020-04-15",357,15,299,587,8675,0.842536023054755,0,0,647,811,78,2432,5,526,32,5
"1253","2020-04-16",289,15,258,475,8675,0.842536023054755,0,0,647,811,76,2508,25,551,22,25
"1254","2020-04-17",212,15,241,391,8675,0.842536023054755,0,0,647,811,71,2579,21,572,25,21
"1255","2020-04-18",169,15,227,311,8675,0.842536023054755,0,0,647,811,57,2636,17,589,18,17
"1256","2020-04-19",142,15,233,273,8675,0.842536023054755,0,0,647,811,63,2699,12,601,23,12
"1257","2020-04-20",111,15,290,223,8675,0.842536023054755,0,0,647,811,76,2775,34,635,13,34
"1258","2020-04-21",93,15,306,201,8675,0.842536023054755,0,0,647,811,70,2845,24,659,31,24
"1259","2020-04-22",80,15,291,172,8675,0.842536023054755,0,0,647,811,56,2901,47,706,18,47
"1260","2020-04-23",64,15,261,143,8675,0.842536023054755,0,0,647,811,62,2963,44,750,15,44
"1261","2020-04-24",53,15,218,122,8675,0.842536023054755,0,0,647,811,51,3014,16,766,27,16
"1262","2020-04-25",43,15,212,102,8675,0.842536023054755,0,0,647,811,63,3077,22,788,14,22
"1263","2020-04-26",35,15,244,98,8675,0.842536023054755,0,0,647,811,63,3140,10,798,21,10
"1264","2020-04-27",31,15,241,84,8675,0.842536023054755,0,0,647,811,63,3203,10,808,18,10
"1265","2020-04-28",25,15,265,73,8675,0.842536023054755,0,0,647,811,52,3255,8,816,14,8
"1266","2020-04-29",22,15,226,66,8675,0.842536023054755,0,0,647,811,54,3309,14,830,18,14
"1267","2020-04-30",21,15,204,61,8675,0.842536023054755,0,0,647,811,51,3360,34,864,19,34
"1268","2020-05-01",17,15,173,60,8675,0.842536023054755,0,0,647,811,60,3420,19,883,20,19
"1269","2020-05-02",15,15,168,54,8675,0.842536023054755,0,0,647,811,63,3483,33,916,19,33
"1270","2020-05-03",12,15,170,50,8675,0.842536023054755,0,0,647,811,47,3530,24,940,5,24
"1271","2020-05-04",12,15,171,47,8675,0.842536023054755,0,0,647,811,48,3578,19,959,15,19
"1272","2020-05-05",13,15,176,41,8675,0.842536023054755,0,0,647,811,57,3635,17,976,17,17
"1273","2020-05-06",10,15,233,38,8675,0.842536023054755,0,0,647,811,52,3687,30,1006,13,30
"1274","2020-05-07",10,15,264,39,8675,0.842536023054755,0,0,647,811,58,3745,23,1029,5,23
"1275","2020-05-08",11,15,271,34,8675,0.842536023054755,0,0,647,811,44,3789,20,1049,9,20
"1276","2020-05-09",9,15,267,27,8675,0.842536023054755,0,0,647,811,42,3831,18,1067,12,18
"1277","2020-05-10",8,15,260,23,8675,0.842536023054755,0,0,647,811,45,3876,32,1099,18,32
"1278","2020-05-11",9,15,229,19,8675,0.842536023054755,0,0,647,811,53,3929,24,1123,15,24
"1279","2020-05-12",8,15,208,16,8675,0.842536023054755,0,0,647,811,38,3967,31,1154,9,31
"1280","2020-05-13",7,15,184,14,8675,0.842536023054755,0,0,647,811,40,4007,30,1184,13,30
"1281","2020-05-14",5,15,168,14,8675,0.842536023054755,0,0,647,811,37,4044,32,1216,5,32
"1282","2020-05-15",6,15,176,16,8675,0.842536023054755,0,0,647,811,41,4085,24,1240,11,24
"1283","2020-05-16",7,15,205,16,8675,0.842536023054755,0,0,647,811,46,4131,16,1256,8,16
"1284","2020-05-17",7,15,213,17,8675,0.842536023054755,0,0,647,811,31,4162,21,1277,4,21
"1285","2020-05-18",5,15,175,17,8675,0.842536023054755,0,0,647,811,26,4188,19,1296,9,19
"1286","2020-05-19",4,15,180,20,8675,0.842536023054755,0,0,647,811,38,4226,15,1311,9,15
"1287","2020-05-20",4,15,205,19,8675,0.842536023054755,0,0,647,811,30,4256,14,1325,8,14
"1288","2020-05-21",4,15,247,19,8675,0.842536023054755,0,0,647,811,37,4293,5,1330,9,5
"1289","2020-05-22",2,15,266,22,8675,0.842536023054755,0,0,647,811,19,4312,9,1339,5,9
"1290","2020-05-23",2,15,279,22,8675,0.842536023054755,0,0,647,811,23,4335,8,1347,7,8
"1291","2020-05-24",5,15,281,23,8675,0.842536023054755,0,0,647,811,27,4362,25,1372,6,25
"1292","2020-05-25",4,15,234,23,8675,0.842536023054755,0,0,647,811,21,4383,24,1396,11,24
"1293","2020-05-26",4,15,210,24,8675,0.842536023054755,0,0,647,811,26,4409,39,1435,7,39
"1294","2020-05-27",6,15,210,23,8675,0.842536023054755,0,0,647,811,28,4437,19,1454,10,19
"1295","2020-05-28",9,15,201,25,8675,0.842536023054755,0,0,647,811,26,4463,23,1477,3,23
"1296","2020-05-29",10,15,184,23,8675,0.842536023054755,0,0,647,811,26,4489,11,1488,6,11
"1297","2020-05-30",10,15,160,24,8675,0.842536023054755,0,0,647,811,21,4510,26,1514,4,26
"1298","2020-05-31",8,15,144,20,8675,0.842536023054755,0,0,647,811,15,4525,11,1525,2,11
"1299","2020-06-01",8,15,124,20,8675,0.842536023054755,0,0,647,811,14,4539,19,1544,1,19
"1300","2020-06-02",8,15,126,16,8675,0.842536023054755,0,0,647,811,23,4562,23,1567,4,23
"1301","2020-06-03",6,15,117,19,8675,0.842536023054755,0,0,647,811,22,4584,21,1588,3,21
"1302","2020-06-04",4,15,160,19,8675,0.842536023054755,0,0,647,811,20,4604,22,1610,3,22
"1303","2020-06-05",4,15,171,16,8675,0.842536023054755,0,0,647,811,18,4622,18,1628,8,18
"1304","2020-06-06",3,15,195,13,8675,0.842536023054755,0,0,647,811,19,4641,19,1647,7,19
"1305","2020-06-07",2,15,212,12,8675,0.842536023054755,0,0,647,811,13,4654,19,1666,3,19
"1306","2020-03-12",1,16,65,36,2900,0.570344827586207,0,0,248,815,31,69,13,26,3,13
"1307","2020-03-13",2,16,69,49,2900,0.570344827586207,0,0,248,815,35,104,12,38,8,12
"1308","2020-03-14",4,16,96,72,2900,0.570344827586207,0,0,248,815,33,137,33,71,10,33
"1309","2020-03-15",8,16,102,87,2900,0.570344827586207,0,0,248,815,59,196,40,111,21,40
"1310","2020-03-16",9,16,125,104,2900,0.570344827586207,0,0,248,815,44,240,30,141,21,30
"1311","2020-03-17",11,16,129,131,2900,0.570344827586207,0,0,248,815,62,302,34,175,19,34
"1312","2020-03-18",18,16,132,158,2900,0.570344827586207,0,0,248,815,42,344,25,200,21,25
"1313","2020-03-19",24,16,136,184,2900,0.570344827586207,0,0,248,815,52,396,21,221,26,21
"1314","2020-03-20",33,16,133,200,2900,0.570344827586207,0,0,248,815,58,454,16,237,33,16
"1315","2020-03-21",40,16,128,216,2900,0.570344827586207,0,0,248,815,65,519,37,274,35,37
"1316","2020-03-22",42,16,141,234,2900,0.570344827586207,0,0,248,815,62,581,25,299,26,25
"1317","2020-03-23",50,16,152,253,2900,0.570344827586207,0,0,248,815,62,643,62,361,32,62
"1318","2020-03-24",57,16,138,261,2900,0.570344827586207,0,0,248,815,55,698,74,435,33,74
"1319","2020-03-25",64,16,167,286,2900,0.570344827586207,0,0,248,815,81,779,38,473,43,38
"1320","2020-03-26",71,16,158,304,2900,0.570344827586207,0,0,248,815,52,831,49,522,21,49
"1321","2020-03-27",77,16,150,317,2900,0.570344827586207,0,0,248,815,70,901,49,571,40,49
"1322","2020-03-28",83,16,153,331,2900,0.570344827586207,0,0,248,815,77,978,40,611,42,40
"1323","2020-03-29",89,16,149,342,2900,0.570344827586207,0,0,248,815,78,1056,40,651,35,40
"1324","2020-03-30",92,16,182,354,2900,0.570344827586207,0,0,248,815,56,1112,62,713,31,62
"1325","2020-03-31",103,16,208,363,2900,0.570344827586207,0,0,248,815,75,1187,64,777,44,64
"1326","2020-04-01",104,16,249,370,2900,0.570344827586207,0,0,248,815,64,1251,46,823,35,46
"1327","2020-04-02",106,16,238,376,2900,0.570344827586207,0,0,248,815,58,1309,34,857,22,34
"1328","2020-04-03",102,16,218,388,2900,0.570344827586207,0,0,248,815,51,1360,41,898,22,41
"1329","2020-04-04",109,16,225,399,2900,0.570344827586207,0,0,248,815,76,1436,31,929,36,31
"1330","2020-04-05",108,16,246,409,2900,0.570344827586207,0,0,248,815,69,1505,49,978,29,49
"1331","2020-04-06",118,16,265,424,2900,0.570344827586207,0,0,248,815,71,1576,39,1017,36,39
"1332","2020-04-07",119,16,242,425,2900,0.570344827586207,0,0,248,815,60,1636,48,1065,24,48
"1333","2020-04-08",117,16,227,422,2900,0.570344827586207,0,0,248,815,66,1702,46,1111,29,46
"1334","2020-04-09",110,16,207,430,2900,0.570344827586207,0,0,248,815,88,1790,36,1147,38,36
"1335","2020-04-10",114,16,203,437,2900,0.570344827586207,0,0,248,815,49,1839,29,1176,15,29
"1336","2020-04-11",111,16,178,446,2900,0.570344827586207,0,0,248,815,65,1904,26,1202,33,26
"1337","2020-04-12",119,16,191,450,2900,0.570344827586207,0,0,248,815,72,1976,25,1227,39,25
"1338","2020-04-13",113,16,167,448,2900,0.570344827586207,0,0,248,815,83,2059,38,1265,32,38
"1339","2020-04-14",113,16,172,449,2900,0.570344827586207,0,0,248,815,67,2126,64,1329,30,64
"1340","2020-04-15",118,16,186,458,2900,0.570344827586207,0,0,248,815,70,2196,66,1395,33,66
"1341","2020-04-16",126,16,170,443,2900,0.570344827586207,0,0,248,815,44,2240,42,1437,12,42
"1342","2020-04-17",125,16,163,445,2900,0.570344827586207,0,0,248,815,47,2287,58,1495,24,58
"1343","2020-04-18",125,16,161,447,2900,0.570344827586207,0,0,248,815,57,2344,48,1543,24,48
"1344","2020-04-19",123,16,191,458,2900,0.570344827586207,0,0,248,815,63,2407,34,1577,26,34
"1345","2020-04-20",127,16,200,451,2900,0.570344827586207,0,0,248,815,60,2467,51,1628,25,51
"1346","2020-04-21",118,16,225,457,2900,0.570344827586207,0,0,248,815,44,2511,60,1688,16,60
"1347","2020-04-22",109,16,230,468,2900,0.570344827586207,0,0,248,815,61,2572,69,1757,25,69
"1348","2020-04-23",102,16,223,480,2900,0.570344827586207,0,0,248,815,61,2633,72,1829,17,72
"1349","2020-04-24",107,16,209,456,2900,0.570344827586207,0,0,248,815,64,2697,48,1877,23,48
"1350","2020-04-25",108,16,211,476,2900,0.570344827586207,0,0,248,815,64,2761,41,1918,26,41
"1351","2020-04-26",115,16,239,473,2900,0.570344827586207,0,0,248,815,52,2813,57,1975,14,57
"1352","2020-04-27",118,16,253,471,2900,0.570344827586207,0,0,248,815,49,2862,45,2020,19,45
"1353","2020-04-28",119,16,264,476,2900,0.570344827586207,0,0,248,815,60,2922,65,2085,33,65
"1354","2020-04-29",134,16,273,479,2900,0.570344827586207,0,0,248,815,58,2980,56,2141,25,56
"1355","2020-04-30",142,16,264,473,2900,0.570344827586207,0,0,248,815,49,3029,56,2197,20,56
"1356","2020-05-01",147,16,244,470,2900,0.570344827586207,0,0,248,815,55,3084,40,2237,21,40
"1357","2020-05-02",144,16,237,456,2900,0.570344827586207,0,0,248,815,55,3139,45,2282,24,45
"1358","2020-05-03",137,16,239,445,2900,0.570344827586207,0,0,248,815,40,3179,32,2314,15,32
"1359","2020-05-04",129,16,256,455,2900,0.570344827586207,0,0,248,815,43,3222,49,2363,12,49
"1360","2020-05-05",130,16,235,456,2900,0.570344827586207,0,0,248,815,49,3271,55,2418,23,55
"1361","2020-05-06",127,16,215,435,2900,0.570344827586207,0,0,248,815,51,3322,40,2458,20,40
"1362","2020-05-07",129,16,246,432,2900,0.570344827586207,0,0,248,815,39,3361,36,2494,12,36
"1363","2020-05-08",115,16,252,430,2900,0.570344827586207,0,0,248,815,50,3411,36,2530,22,36
"1364","2020-05-09",114,16,233,415,2900,0.570344827586207,0,0,248,815,45,3456,29,2559,13,29
"1365","2020-05-10",120,16,239,396,2900,0.570344827586207,0,0,248,815,49,3505,36,2595,18,36
"1366","2020-05-11",115,16,229,378,2900,0.570344827586207,0,0,248,815,33,3538,56,2651,13,56
"1367","2020-05-12",114,16,223,374,2900,0.570344827586207,0,0,248,815,41,3579,51,2702,15,51
"1368","2020-05-13",103,16,245,372,2900,0.570344827586207,0,0,248,815,44,3623,59,2761,23,59
"1369","2020-05-14",100,16,261,378,2900,0.570344827586207,0,0,248,815,36,3659,36,2797,14,36
"1370","2020-05-15",95,16,263,375,2900,0.570344827586207,0,0,248,815,35,3694,46,2843,16,46
"1371","2020-05-16",94,16,248,359,2900,0.570344827586207,0,0,248,815,26,3720,68,2911,10,68
"1372","2020-05-17",89,16,227,350,2900,0.570344827586207,0,0,248,815,26,3746,35,2946,10,35
"1373","2020-05-18",90,16,226,337,2900,0.570344827586207,0,0,248,815,29,3775,40,2986,15,40
"1374","2020-05-19",87,16,235,333,2900,0.570344827586207,0,0,248,815,36,3811,25,3011,14,25
"1375","2020-05-20",91,16,251,322,2900,0.570344827586207,0,0,248,815,35,3846,39,3050,12,39
"1376","2020-05-21",89,16,236,314,2900,0.570344827586207,0,0,248,815,25,3871,35,3085,9,35
"1377","2020-05-22",94,16,216,302,2900,0.570344827586207,0,0,248,815,26,3897,38,3123,10,38
"1378","2020-05-23",86,16,190,293,2900,0.570344827586207,0,0,248,815,31,3928,26,3149,15,26
"1379","2020-05-24",81,16,189,285,2900,0.570344827586207,0,0,248,815,28,3956,60,3209,10,61
"1380","2020-05-25",82,16,211,274,2900,0.570344827586207,0,0,248,815,20,3976,45,3254,7,45
"1381","2020-05-26",83,16,225,257,2900,0.570344827586207,0,0,248,815,19,3995,34,3288,7,34
"1382","2020-05-27",74,16,223,240,2900,0.570344827586207,0,0,248,815,19,4014,55,3343,8,55
"1383","2020-05-28",69,16,218,229,2900,0.570344827586207,0,0,248,815,24,4038,55,3398,4,55
"1384","2020-05-29",67,16,207,225,2900,0.570344827586207,0,0,248,815,25,4063,43,3441,7,43
"1385","2020-05-30",73,16,208,229,2900,0.570344827586207,0,0,248,815,23,4086,51,3492,15,51
"1386","2020-05-31",73,16,207,222,2900,0.570344827586207,0,0,248,815,14,4100,46,3538,3,46
"1387","2020-06-01",70,16,212,218,2900,0.570344827586207,0,0,248,815,16,4116,61,3599,2,61
"1388","2020-06-02",70,16,210,216,2900,0.570344827586207,0,0,248,815,28,4144,36,3635,8,36
"1389","2020-06-03",75,16,210,218,2900,0.570344827586207,0,0,248,815,14,4158,52,3687,NA,52
"1390","2020-06-04",76,16,233,216,2900,0.570344827586207,0,0,248,815,21,4179,51,3738,9,51
"1391","2020-06-05",75,16,222,197,2900,0.570344827586207,0,0,248,815,16,4195,46,3784,9,46
"1392","2020-06-06",70,16,220,190,2900,0.570344827586207,0,0,248,815,18,4213,37,3821,5,37
"1393","2020-06-07",70,16,203,179,2900,0.570344827586207,0,0,248,815,13,4226,51,3872,5,51
"1394","2020-03-13",1,17,44,75,3562,0.326501965188097,0,0,306,775,5,22,7,28,3,7
"1395","2020-03-14",4,17,38,105,3562,0.326501965188097,0,0,306,775,16,38,11,39,8,11
"1396","2020-03-15",7,17,40,136,3562,0.326501965188097,0,0,306,775,12,50,18,57,7,18
"1397","2020-03-16",11,17,44,177,3562,0.326501965188097,0,0,306,775,38,88,22,79,29,22
"1398","2020-03-17",18,17,45,219,3562,0.326501965188097,0,0,306,775,25,113,5,84,20,5
"1399","2020-03-18",28,17,53,265,3562,0.326501965188097,0,0,306,775,33,146,6,90,28,6
"1400","2020-03-19",36,17,67,309,3562,0.326501965188097,0,0,306,775,45,191,12,102,37,12
"1401","2020-03-20",48,17,77,350,3562,0.326501965188097,0,0,306,775,48,239,28,130,41,28
"1402","2020-03-21",63,17,111,394,3562,0.326501965188097,0,0,306,775,55,294,41,171,47,41
"1403","2020-03-22",72,17,111,418,3562,0.326501965188097,0,0,306,775,73,367,24,195,69,24
"1404","2020-03-23",81,17,97,453,3562,0.326501965188097,0,0,306,775,114,481,12,207,111,12
"1405","2020-03-24",99,17,98,487,3562,0.326501965188097,0,0,306,775,125,606,44,251,117,44
"1406","2020-03-25",114,17,101,527,3562,0.326501965188097,0,0,306,775,143,749,49,300,142,49
"1407","2020-03-26",128,17,119,556,3562,0.326501965188097,0,0,306,775,141,890,51,351,136,51
"1408","2020-03-27",140,17,118,582,3562,0.326501965188097,0,0,306,775,195,1085,61,412,191,61
"1409","2020-03-28",145,17,152,605,3562,0.326501965188097,0,0,306,775,217,1302,55,467,212,55
"1410","2020-03-29",157,17,147,609,3562,0.326501965188097,0,0,306,775,253,1555,41,508,243,41
"1411","2020-03-30",176,17,170,614,3562,0.326501965188097,0,0,306,775,275,1830,50,558,270,50
"1412","2020-03-31",174,17,160,616,3562,0.326501965188097,0,0,306,775,316,2146,49,607,309,49
"1413","2020-04-01",171,17,153,632,3562,0.326501965188097,0,0,306,775,332,2478,54,661,327,54
"1414","2020-04-02",167,17,188,604,3562,0.326501965188097,0,0,306,775,330,2808,46,707,326,46
"1415","2020-04-03",170,17,211,585,3562,0.326501965188097,0,0,306,775,322,3130,27,734,318,27
"1416","2020-04-04",166,17,232,580,3562,0.326501965188097,0,0,306,775,368,3498,65,799,367,65
"1417","2020-04-05",162,17,207,568,3562,0.326501965188097,0,0,306,775,381,3879,37,836,380,37
"1418","2020-04-06",151,17,200,560,3562,0.326501965188097,0,0,306,775,383,4262,27,863,380,27
"1419","2020-04-07",147,17,201,578,3562,0.326501965188097,0,0,306,775,439,4701,20,883,433,20
"1420","2020-04-08",147,17,194,575,3562,0.326501965188097,0,0,306,775,272,4973,39,922,272,39
"1421","2020-04-09",152,17,184,557,3562,0.326501965188097,0,0,306,775,348,5321,43,965,344,43
"1422","2020-04-10",148,17,149,551,3562,0.326501965188097,0,0,306,775,323,5644,30,995,321,30
"1423","2020-04-11",154,17,149,552,3562,0.326501965188097,0,0,306,775,257,5901,17,1012,250,17
"1424","2020-04-12",156,17,131,560,3562,0.326501965188097,0,0,306,775,207,6108,30,1042,203,30
"1425","2020-04-13",156,17,133,532,3562,0.326501965188097,0,0,306,775,216,6324,22,1064,216,22
"1426","2020-04-14",159,17,173,521,3562,0.326501965188097,0,0,306,775,194,6518,9,1073,193,9
"1427","2020-04-15",161,17,177,522,3562,0.326501965188097,0,0,306,775,134,6652,40,1113,134,40
"1428","2020-04-16",162,17,174,525,3562,0.326501965188097,0,0,306,775,153,6805,21,1134,150,21
"1429","2020-04-17",160,17,170,530,3562,0.326501965188097,0,0,306,775,80,6885,25,1159,79,25
"1430","2020-04-18",158,17,192,531,3562,0.326501965188097,0,0,306,775,84,6969,10,1169,80,10
"1431","2020-04-19",149,17,199,525,3562,0.326501965188097,0,0,306,775,72,7041,44,1213,72,44
"1432","2020-04-20",155,17,222,507,3562,0.326501965188097,0,0,306,775,54,7095,14,1227,53,14
"1433","2020-04-21",143,17,200,497,3562,0.326501965188097,0,0,306,775,35,7130,16,1243,32,16
"1434","2020-04-22",134,17,199,479,3562,0.326501965188097,0,0,306,775,36,7166,15,1258,34,15
"1435","2020-04-23",127,17,192,475,3562,0.326501965188097,0,0,306,775,27,7193,53,1311,25,53
"1436","2020-04-24",129,17,209,478,3562,0.326501965188097,0,0,306,775,17,7210,39,1350,16,39
"1437","2020-04-25",128,17,200,475,3562,0.326501965188097,0,0,306,775,19,7229,27,1377,17,27
"1438","2020-04-26",131,17,183,471,3562,0.326501965188097,0,0,306,775,19,7248,22,1399,18,22
"1439","2020-04-27",128,17,159,494,3562,0.326501965188097,0,0,306,775,9,7257,16,1415,9,16
"1440","2020-04-28",135,17,192,486,3562,0.326501965188097,0,0,306,775,23,7280,8,1423,21,8
"1441","2020-04-29",136,17,195,471,3562,0.326501965188097,0,0,306,775,7,7287,16,1439,6,16
"1442","2020-04-30",137,17,177,468,3562,0.326501965188097,0,0,306,775,9,7296,43,1482,8,43
"1443","2020-05-01",132,17,159,465,3562,0.326501965188097,0,0,306,775,9,7305,33,1515,7,33
"1444","2020-05-02",132,17,155,457,3562,0.326501965188097,0,0,306,775,8,7313,57,1572,8,57
"1445","2020-05-03",129,17,169,458,3562,0.326501965188097,0,0,306,775,7,7320,60,1632,6,60
"1446","2020-05-04",123,17,180,436,3562,0.326501965188097,0,0,306,775,4,7324,28,1660,3,28
"1447","2020-05-05",121,17,224,439,3562,0.326501965188097,0,0,306,775,5,7329,18,1678,5,18
"1448","2020-05-06",124,17,253,433,3562,0.326501965188097,0,0,306,775,4,7333,14,1692,4,14
"1449","2020-05-07",125,17,251,439,3562,0.326501965188097,0,0,306,775,7,7340,25,1717,6,25
"1450","2020-05-08",126,17,266,442,3562,0.326501965188097,0,0,306,775,3,7343,41,1758,3,41
"1451","2020-05-09",115,17,252,441,3562,0.326501965188097,0,0,306,775,5,7348,22,1780,5,22
"1452","2020-05-10",121,17,214,432,3562,0.326501965188097,0,0,306,775,1,7349,37,1817,NA,37
"1453","2020-05-11",124,17,189,426,3562,0.326501965188097,0,0,306,775,2,7351,19,1836,2,19
"1454","2020-05-12",130,17,195,426,3562,0.326501965188097,0,0,306,775,2,7353,10,1846,1,10
"1455","2020-05-13",129,17,213,420,3562,0.326501965188097,0,0,306,775,2,7355,43,1889,2,43
"1456","2020-05-14",132,17,220,425,3562,0.326501965188097,0,0,306,775,1,7356,24,1913,NA,24
"1457","2020-05-15",120,17,239,412,3562,0.326501965188097,0,0,306,775,1,7357,17,1930,1,17
"1458","2020-05-16",120,17,241,396,3562,0.326501965188097,0,0,306,775,1,7358,9,1939,1,9
"1459","2020-05-17",125,17,211,386,3562,0.326501965188097,0,0,306,775,1,7359,8,1947,NA,8
"1460","2020-05-18",119,17,184,388,3562,0.326501965188097,0,0,306,775,NA,NA,6,1953,NA,6
"1461","2020-05-19",111,17,168,378,3562,0.326501965188097,0,0,306,775,NA,NA,9,1962,NA,9
"1462","2020-05-20",103,17,154,374,3562,0.326501965188097,0,0,306,775,NA,NA,17,1979,NA,17
"1463","2020-05-21",102,17,167,349,3562,0.326501965188097,0,0,306,775,1,7360,35,2014,1,35
"1464","2020-05-22",111,17,181,345,3562,0.326501965188097,0,0,306,775,1,7361,47,2061,1,47
"1465","2020-05-23",120,17,181,332,3562,0.326501965188097,0,0,306,775,4,7365,39,2100,4,39
"1466","2020-05-24",114,17,154,316,3562,0.326501965188097,0,0,306,775,2,7367,22,2122,2,22
"1467","2020-05-25",112,17,141,307,3562,0.326501965188097,0,0,306,775,2,7369,42,2164,2,42
"1468","2020-05-26",109,17,162,299,3562,0.326501965188097,0,0,306,775,4,7373,45,2209,3,45
"1469","2020-05-27",111,17,158,288,3562,0.326501965188097,0,0,306,775,NA,NA,16,2225,NA,16
"1470","2020-05-28",106,17,178,274,3562,0.326501965188097,0,0,306,775,4,7377,17,2242,2,17
"1471","2020-05-29",97,17,165,268,3562,0.326501965188097,0,0,306,775,3,7380,14,2256,2,14
"1472","2020-05-30",91,17,148,248,3562,0.326501965188097,0,0,306,775,2,7382,38,2294,2,38
"1473","2020-05-31",80,17,132,232,3562,0.326501965188097,0,0,306,775,3,7385,32,2326,2,32
"1474","2020-06-01",73,17,128,231,3562,0.326501965188097,0,0,306,775,2,7387,22,2348,1,22
"1475","2020-06-02",77,17,148,221,3562,0.326501965188097,0,0,306,775,2,7389,45,2393,2,45
"1476","2020-06-03",77,17,142,218,3562,0.326501965188097,0,0,306,775,4,7393,38,2431,4,38
"1477","2020-06-04",69,17,153,214,3562,0.326501965188097,0,0,306,775,2,7395,26,2457,2,26
"1478","2020-06-05",68,17,143,200,3562,0.326501965188097,0,0,306,775,NA,NA,37,2494,NA,37
"1479","2020-06-06",63,17,156,196,3562,0.326501965188097,0,0,306,775,1,7396,18,2512,1,18
"1480","2020-06-07",63,17,148,192,3562,0.326501965188097,0,0,306,775,2,7398,32,2544,2,32
"1481","2020-03-13",3,18,80,43,3150,0.607301587301587,0,0,312,1035,7,23,18,68,3,18
"1482","2020-03-14",4,18,86,52,3150,0.607301587301587,0,0,312,1035,12,35,29,97,5,29
"1483","2020-03-15",4,18,110,68,3150,0.607301587301587,0,0,312,1035,12,47,31,128,5,31
"1484","2020-03-16",6,18,104,90,3150,0.607301587301587,0,0,312,1035,16,63,27,155,6,27
"1485","2020-03-17",9,18,136,110,3150,0.607301587301587,0,0,312,1035,12,75,30,185,6,30
"1486","2020-03-18",15,18,184,135,3150,0.607301587301587,0,0,312,1035,16,91,27,212,6,27
"1487","2020-03-19",23,18,179,157,3150,0.607301587301587,0,0,312,1035,14,105,22,234,6,22
"1488","2020-03-20",24,18,209,183,3150,0.607301587301587,0,0,312,1035,13,118,6,240,6,6
"1489","2020-03-21",28,18,227,214,3150,0.607301587301587,0,0,312,1035,19,137,38,278,9,38
"1490","2020-03-22",32,18,196,234,3150,0.607301587301587,0,0,312,1035,16,153,20,298,9,20
"1491","2020-03-23",37,18,180,254,3150,0.607301587301587,0,0,312,1035,12,165,13,311,7,13
"1492","2020-03-24",44,18,160,276,3150,0.607301587301587,0,0,312,1035,16,181,6,317,10,6
"1493","2020-03-25",48,18,169,300,3150,0.607301587301587,0,0,312,1035,14,195,5,322,8,5
"1494","2020-03-26",51,18,185,309,3150,0.607301587301587,0,0,312,1035,15,210,11,333,7,11
"1495","2020-03-27",61,18,171,333,3150,0.607301587301587,0,0,312,1035,19,229,27,360,14,27
"1496","2020-03-28",71,18,220,357,3150,0.607301587301587,0,0,312,1035,21,250,25,385,12,25
"1497","2020-03-29",78,18,250,363,3150,0.607301587301587,0,0,312,1035,11,261,27,412,4,27
"1498","2020-03-30",91,18,252,383,3150,0.607301587301587,0,0,312,1035,22,283,28,440,13,28
"1499","2020-03-31",98,18,251,410,3150,0.607301587301587,0,0,312,1035,19,302,21,461,11,21
"1500","2020-04-01",103,18,267,416,3150,0.607301587301587,0,0,312,1035,17,319,21,482,8,21
"1501","2020-04-02",109,18,236,434,3150,0.607301587301587,0,0,312,1035,27,346,35,517,16,35
"1502","2020-04-03",117,18,214,423,3150,0.607301587301587,0,0,312,1035,21,367,20,537,11,20
"1503","2020-04-04",120,18,187,429,3150,0.607301587301587,0,0,312,1035,17,384,20,557,10,20
"1504","2020-04-05",125,18,163,442,3150,0.607301587301587,0,0,312,1035,23,407,38,595,10,38
"1505","2020-04-06",125,18,178,441,3150,0.607301587301587,0,0,312,1035,28,435,23,618,11,23
"1506","2020-04-07",127,18,191,436,3150,0.607301587301587,0,0,312,1035,29,464,56,674,14,56
"1507","2020-04-08",127,18,175,427,3150,0.607301587301587,0,0,312,1035,25,489,54,728,17,54
"1508","2020-04-09",126,18,205,448,3150,0.607301587301587,0,0,312,1035,35,524,26,754,22,26
"1509","2020-04-10",118,18,209,459,3150,0.607301587301587,0,0,312,1035,28,552,31,785,14,31
"1510","2020-04-11",116,18,240,460,3150,0.607301587301587,0,0,312,1035,29,581,21,806,15,21
"1511","2020-04-12",114,18,229,464,3150,0.607301587301587,0,0,312,1035,19,600,16,822,10,16
"1512","2020-04-13",104,18,210,457,3150,0.607301587301587,0,0,312,1035,26,626,12,834,15,12
"1513","2020-04-14",114,18,181,459,3150,0.607301587301587,0,0,312,1035,36,662,24,858,27,24
"1514","2020-04-15",118,18,186,482,3150,0.607301587301587,0,0,312,1035,32,694,18,876,21,18
"1515","2020-04-16",120,18,237,491,3150,0.607301587301587,0,0,312,1035,30,724,42,918,21,42
"1516","2020-04-17",128,18,246,508,3150,0.607301587301587,0,0,312,1035,27,751,53,971,12,53
"1517","2020-04-18",133,18,249,512,3150,0.607301587301587,0,0,312,1035,23,774,43,1014,9,43
"1518","2020-04-19",142,18,213,513,3150,0.607301587301587,0,0,312,1035,20,794,51,1065,15,51
"1519","2020-04-20",158,18,197,539,3150,0.607301587301587,0,0,312,1035,27,821,59,1124,13,59
"1520","2020-04-21",147,18,212,550,3150,0.607301587301587,0,0,312,1035,30,851,55,1179,19,55
"1521","2020-04-22",150,18,208,537,3150,0.607301587301587,0,0,312,1035,27,878,55,1234,16,55
"1522","2020-04-23",154,18,238,535,3150,0.607301587301587,0,0,312,1035,23,901,45,1279,11,45
"1523","2020-04-24",161,18,235,528,3150,0.607301587301587,0,0,312,1035,22,923,27,1306,11,27
"1524","2020-04-25",161,18,200,529,3150,0.607301587301587,0,0,312,1035,21,944,19,1325,9,19
"1525","2020-04-26",154,18,178,535,3150,0.607301587301587,0,0,312,1035,24,968,14,1339,12,14
"1526","2020-04-27",149,18,158,533,3150,0.607301587301587,0,0,312,1035,28,996,4,1343,17,4
"1527","2020-04-28",150,18,139,522,3150,0.607301587301587,0,0,312,1035,33,1029,8,1351,16,8
"1528","2020-04-29",146,18,128,513,3150,0.607301587301587,0,0,312,1035,27,1056,43,1394,14,43
"1529","2020-04-30",142,18,127,495,3150,0.607301587301587,0,0,312,1035,24,1080,54,1448,16,54
"1530","2020-05-01",132,18,143,494,3150,0.607301587301587,0,0,312,1035,30,1110,30,1478,22,30
"1531","2020-05-02",131,18,144,496,3150,0.607301587301587,0,0,312,1035,34,1144,18,1496,20,18
"1532","2020-05-03",136,18,126,523,3150,0.607301587301587,0,0,312,1035,28,1172,46,1542,19,46
"1533","2020-05-04",138,18,137,507,3150,0.607301587301587,0,0,312,1035,28,1200,52,1594,18,52
"1534","2020-05-05",140,18,133,515,3150,0.607301587301587,0,0,312,1035,29,1229,64,1658,21,64
"1535","2020-05-06",140,18,196,513,3150,0.607301587301587,0,0,312,1035,28,1257,32,1690,11,32
"1536","2020-05-07",144,18,234,507,3150,0.607301587301587,0,0,312,1035,32,1289,21,1711,19,21
"1537","2020-05-08",145,18,259,508,3150,0.607301587301587,0,0,312,1035,24,1313,21,1732,15,21
"1538","2020-05-09",146,18,279,485,3150,0.607301587301587,0,0,312,1035,27,1340,39,1771,14,39
"1539","2020-05-10",154,18,292,484,3150,0.607301587301587,0,0,312,1035,22,1362,29,1800,12,29
"1540","2020-05-11",152,18,293,471,3150,0.607301587301587,0,0,312,1035,27,1389,25,1825,12,25
"1541","2020-05-12",155,18,257,457,3150,0.607301587301587,0,0,312,1035,24,1413,29,1854,13,29
"1542","2020-05-13",154,18,221,440,3150,0.607301587301587,0,0,312,1035,23,1436,19,1873,17,19
"1543","2020-05-14",147,18,222,427,3150,0.607301587301587,0,0,312,1035,25,1461,12,1885,19,12
"1544","2020-05-15",146,18,227,414,3150,0.607301587301587,0,0,312,1035,28,1489,40,1925,22,40
"1545","2020-05-16",146,18,234,400,3150,0.607301587301587,0,0,312,1035,22,1511,18,1943,14,18
"1546","2020-05-17",137,18,236,378,3150,0.607301587301587,0,0,312,1035,23,1534,17,1960,15,17
"1547","2020-05-18",130,18,259,355,3150,0.607301587301587,0,0,312,1035,30,1564,11,1971,22,11
"1548","2020-05-19",115,18,232,337,3150,0.607301587301587,0,0,312,1035,21,1585,33,2004,14,33
"1549","2020-05-20",115,18,216,319,3150,0.607301587301587,0,0,312,1035,16,1601,54,2058,12,54
"1550","2020-05-21",113,18,194,299,3150,0.607301587301587,0,0,312,1035,12,1613,43,2101,8,43
"1551","2020-05-22",104,18,173,281,3150,0.607301587301587,0,0,312,1035,17,1630,24,2125,11,24
"1552","2020-05-23",98,18,146,278,3150,0.607301587301587,0,0,312,1035,17,1647,20,2145,12,20
"1553","2020-05-24",92,18,129,275,3150,0.607301587301587,0,0,312,1035,11,1658,14,2159,7,14
"1554","2020-05-25",90,18,126,274,3150,0.607301587301587,0,0,312,1035,18,1676,28,2187,16,28
"1555","2020-05-26",92,18,115,273,3150,0.607301587301587,0,0,312,1035,13,1689,35,2222,10,35
"1556","2020-05-27",84,18,100,263,3150,0.607301587301587,0,0,312,1035,6,1695,28,2250,2,28
"1557","2020-05-28",78,18,108,255,3150,0.607301587301587,0,0,312,1035,17,1712,37,2287,8,37
"1558","2020-05-29",75,18,126,241,3150,0.607301587301587,0,0,312,1035,12,1724,40,2327,5,40
"1559","2020-05-30",70,18,132,229,3150,0.607301587301587,0,0,312,1035,7,1731,25,2352,2,25
"1560","2020-05-31",66,18,117,219,3150,0.607301587301587,0,0,312,1035,11,1742,19,2371,6,19
"1561","2020-06-01",62,18,105,211,3150,0.607301587301587,0,0,312,1035,6,1748,23,2394,6,23
"1562","2020-06-02",55,18,85,208,3150,0.607301587301587,0,0,312,1035,14,1762,16,2410,8,16
"1563","2020-06-03",52,18,81,212,3150,0.607301587301587,0,0,312,1035,13,1775,16,2426,8,16
"1564","2020-06-04",51,18,82,206,3150,0.607301587301587,0,0,312,1035,13,1788,9,2435,11,9
"1565","2020-06-05",51,18,92,208,3150,0.607301587301587,0,0,312,1035,8,1796,13,2448,5,13
"1566","2020-06-06",52,18,92,205,3150,0.607301587301587,0,0,312,1035,15,1811,24,2472,10,24
"1567","2020-06-07",54,18,94,208,3150,0.607301587301587,0,0,312,1035,12,1823,7,2479,8,7
"1568","2020-03-13",2,19,76,89,3183,0.24473766886585,0,0,286,407,27,79,8,59,5,8
"1569","2020-03-14",6,19,83,117,3183,0.24473766886585,0,0,286,407,29,108,6,65,10,6
"1570","2020-03-15",13,19,87,151,3183,0.24473766886585,0,0,286,407,52,160,9,74,18,9
"1571","2020-03-16",18,19,79,176,3183,0.24473766886585,0,0,286,407,42,202,3,77,13,3
"1572","2020-03-17",25,19,83,210,3183,0.24473766886585,0,0,286,407,47,249,5,82,21,5
"1573","2020-03-18",31,19,86,241,3183,0.24473766886585,0,0,286,407,51,300,5,87,26,5
"1574","2020-03-19",39,19,97,270,3183,0.24473766886585,0,0,286,407,45,345,9,96,23,9
"1575","2020-03-20",42,19,113,294,3183,0.24473766886585,0,0,286,407,65,410,33,129,28,33
"1576","2020-03-21",55,19,108,317,3183,0.24473766886585,0,0,286,407,52,462,49,178,23,49
"1577","2020-03-22",61,19,116,348,3183,0.24473766886585,0,0,286,407,51,513,47,225,34,47
"1578","2020-03-23",77,19,129,364,3183,0.24473766886585,0,0,286,407,43,556,38,263,25,38
"1579","2020-03-24",90,19,144,366,3183,0.24473766886585,0,0,286,407,46,602,24,287,21,24
"1580","2020-03-25",104,19,147,365,3183,0.24473766886585,0,0,286,407,75,677,17,304,37,17
"1581","2020-03-26",117,19,147,362,3183,0.24473766886585,0,0,286,407,75,752,10,314,31,10
"1582","2020-03-27",129,19,127,360,3183,0.24473766886585,0,0,286,407,62,814,11,325,33,11
"1583","2020-03-28",122,19,113,364,3183,0.24473766886585,0,0,286,407,75,889,11,336,45,11
"1584","2020-03-29",126,19,107,368,3183,0.24473766886585,0,0,286,407,62,951,8,344,40,8
"1585","2020-03-30",120,19,96,370,3183,0.24473766886585,0,0,286,407,60,1011,10,354,33,10
"1586","2020-03-31",120,19,85,386,3183,0.24473766886585,0,0,286,407,68,1079,15,369,40,15
"1587","2020-04-01",115,19,72,382,3183,0.24473766886585,0,0,286,407,63,1142,19,388,31,19
"1588","2020-04-02",103,19,72,394,3183,0.24473766886585,0,0,286,407,72,1214,45,433,34,45
"1589","2020-04-03",96,19,76,422,3183,0.24473766886585,0,0,286,407,67,1281,50,483,38,50
"1590","2020-04-04",104,19,85,430,3183,0.24473766886585,0,0,286,407,56,1337,47,530,28,47
"1591","2020-04-05",101,19,80,439,3183,0.24473766886585,0,0,286,407,71,1408,52,582,45,52
"1592","2020-04-06",105,19,83,468,3183,0.24473766886585,0,0,286,407,49,1457,40,622,26,40
"1593","2020-04-07",101,19,104,477,3183,0.24473766886585,0,0,286,407,53,1510,53,675,17,53
"1594","2020-04-08",109,19,126,498,3183,0.24473766886585,0,0,286,407,47,1557,61,736,23,61
"1595","2020-04-09",128,19,125,506,3183,0.24473766886585,0,0,286,407,54,1611,63,799,19,63
"1596","2020-04-10",139,19,122,510,3183,0.24473766886585,0,0,286,407,56,1667,23,822,17,23
"1597","2020-04-11",145,19,125,523,3183,0.24473766886585,0,0,286,407,50,1717,47,869,15,47
"1598","2020-04-12",156,19,152,526,3183,0.24473766886585,0,0,286,407,45,1762,30,899,11,30
"1599","2020-04-13",162,19,152,527,3183,0.24473766886585,0,0,286,407,60,1822,47,946,24,47
"1600","2020-04-14",164,19,157,514,3183,0.24473766886585,0,0,286,407,51,1873,58,1004,25,58
"1601","2020-04-15",156,19,196,506,3183,0.24473766886585,0,0,286,407,38,1911,22,1026,10,22
"1602","2020-04-16",149,19,204,514,3183,0.24473766886585,0,0,286,407,49,1960,13,1039,18,13
"1603","2020-04-17",141,19,224,502,3183,0.24473766886585,0,0,286,407,55,2015,18,1057,20,18
"1604","2020-04-18",124,19,241,487,3183,0.24473766886585,0,0,286,407,53,2068,56,1113,20,56
"1605","2020-04-19",118,19,237,472,3183,0.24473766886585,0,0,286,407,48,2116,35,1148,16,35
"1606","2020-04-20",105,19,201,453,3183,0.24473766886585,0,0,286,407,61,2177,54,1202,21,54
"1607","2020-04-21",108,19,191,453,3183,0.24473766886585,0,0,286,407,47,2224,25,1227,11,25
"1608","2020-04-22",113,19,187,446,3183,0.24473766886585,0,0,286,407,40,2264,15,1242,15,15
"1609","2020-04-23",119,19,177,442,3183,0.24473766886585,0,0,286,407,52,2316,32,1274,17,32
"1610","2020-04-24",127,19,144,448,3183,0.24473766886585,0,0,286,407,51,2367,50,1324,19,50
"1611","2020-04-25",148,19,175,460,3183,0.24473766886585,0,0,286,407,59,2426,61,1385,24,61
"1612","2020-04-26",148,19,202,465,3183,0.24473766886585,0,0,286,407,46,2472,65,1450,19,65
"1613","2020-04-27",148,19,226,472,3183,0.24473766886585,0,0,286,407,48,2520,29,1479,12,29
"1614","2020-04-28",139,19,225,444,3183,0.24473766886585,0,0,286,407,50,2570,32,1511,20,32
"1615","2020-04-29",137,19,221,441,3183,0.24473766886585,0,0,286,407,43,2613,45,1556,14,45
"1616","2020-04-30",139,19,184,445,3183,0.24473766886585,0,0,286,407,35,2648,24,1580,12,24
"1617","2020-05-01",128,19,179,419,3183,0.24473766886585,0,0,286,407,33,2681,24,1604,9,24
"1618","2020-05-02",124,19,193,407,3183,0.24473766886585,0,0,286,407,45,2726,29,1633,13,29
"1619","2020-05-03",118,19,221,401,3183,0.24473766886585,0,0,286,407,44,2770,18,1651,12,18
"1620","2020-05-04",120,19,229,405,3183,0.24473766886585,0,0,286,407,39,2809,17,1668,12,17
"1621","2020-05-05",122,19,198,401,3183,0.24473766886585,0,0,286,407,53,2862,42,1710,13,42
"1622","2020-05-06",115,19,184,388,3183,0.24473766886585,0,0,286,407,39,2901,20,1730,14,20
"1623","2020-05-07",101,19,184,396,3183,0.24473766886585,0,0,286,407,41,2942,40,1770,11,40
"1624","2020-05-08",111,19,180,390,3183,0.24473766886585,0,0,286,407,41,2983,17,1787,14,17
"1625","2020-05-09",96,19,219,388,3183,0.24473766886585,0,0,286,407,52,3035,13,1800,20,13
"1626","2020-05-10",98,19,218,409,3183,0.24473766886585,0,0,286,407,41,3076,7,1807,15,7
"1627","2020-05-11",96,19,197,412,3183,0.24473766886585,0,0,286,407,39,3115,55,1862,14,55
"1628","2020-05-12",101,19,217,421,3183,0.24473766886585,0,0,286,407,36,3151,32,1894,10,32
"1629","2020-05-13",108,19,215,417,3183,0.24473766886585,0,0,286,407,47,3198,19,1913,17,19
"1630","2020-05-14",101,19,239,406,3183,0.24473766886585,0,0,286,407,44,3242,6,1919,31,6
"1631","2020-05-15",102,19,254,404,3183,0.24473766886585,0,0,286,407,38,3280,14,1933,16,14
"1632","2020-05-16",109,19,246,411,3183,0.24473766886585,0,0,286,407,28,3308,39,1972,15,39
"1633","2020-05-17",121,19,246,405,3183,0.24473766886585,0,0,286,407,27,3335,27,1999,15,27
"1634","2020-05-18",130,19,247,380,3183,0.24473766886585,0,0,286,407,29,3364,49,2048,11,49
"1635","2020-05-19",129,19,249,380,3183,0.24473766886585,0,0,286,407,24,3388,45,2093,10,45
"1636","2020-05-20",125,19,244,366,3183,0.24473766886585,0,0,286,407,39,3427,25,2118,13,25
"1637","2020-05-21",131,19,221,351,3183,0.24473766886585,0,0,286,407,37,3464,31,2149,10,31
"1638","2020-05-22",125,19,204,338,3183,0.24473766886585,0,0,286,407,26,3490,39,2188,9,39
"1639","2020-05-23",127,19,184,311,3183,0.24473766886585,0,0,286,407,22,3512,58,2246,5,58
"1640","2020-05-24",111,19,171,302,3183,0.24473766886585,0,0,286,407,23,3535,29,2275,11,29
"1641","2020-05-25",100,19,141,292,3183,0.24473766886585,0,0,286,407,31,3566,18,2293,9,18
"1642","2020-05-26",90,19,131,282,3183,0.24473766886585,0,0,286,407,22,3588,22,2315,8,22
"1643","2020-05-27",88,19,139,266,3183,0.24473766886585,0,0,286,407,30,3618,12,2327,10,12
"1644","2020-05-28",87,19,143,266,3183,0.24473766886585,0,0,286,407,28,3646,15,2342,10,15
"1645","2020-05-29",79,19,155,250,3183,0.24473766886585,0,0,286,407,19,3665,11,2353,9,11
"1646","2020-05-30",76,19,171,254,3183,0.24473766886585,0,0,286,407,29,3694,13,2366,11,13
"1647","2020-05-31",76,19,168,259,3183,0.24473766886585,0,0,286,407,27,3721,16,2382,17,16
"1648","2020-06-01",76,19,159,266,3183,0.24473766886585,0,0,286,407,16,3737,7,2389,5,7
"1649","2020-06-02",77,19,152,246,3183,0.24473766886585,0,0,286,407,26,3763,7,2396,10,7
"1650","2020-06-03",75,19,130,230,3183,0.24473766886585,0,0,286,407,18,3781,34,2430,7,34
"1651","2020-06-04",72,19,129,222,3183,0.24473766886585,0,0,286,407,10,3791,19,2449,8,19
"1652","2020-06-05",77,19,132,216,3183,0.24473766886585,0,0,286,407,20,3811,17,2466,12,17
"1653","2020-06-06",70,19,124,209,3183,0.24473766886585,0,0,286,407,19,3830,30,2496,10,30
"1654","2020-06-07",69,19,116,197,3183,0.24473766886585,0,0,286,407,22,3852,25,2521,12,25
"1655","2020-03-15",1,20,138,70,4540,0.895814977973568,0,0,381,643,20,70,13,50,8,13
"1656","2020-03-16",3,20,158,91,4540,0.895814977973568,0,0,381,643,20,90,15,65,10,15
"1657","2020-03-17",10,20,155,111,4540,0.895814977973568,0,0,381,643,19,109,27,92,8,27
"1658","2020-03-18",11,20,156,136,4540,0.895814977973568,0,0,381,643,23,132,27,119,10,27
"1659","2020-03-19",17,20,150,161,4540,0.895814977973568,0,0,381,643,21,153,31,150,13,31
"1660","2020-03-20",21,20,150,198,4540,0.895814977973568,0,0,381,643,24,177,30,180,10,30
"1661","2020-03-21",26,20,149,227,4540,0.895814977973568,0,0,381,643,17,194,41,221,13,41
"1662","2020-03-22",32,20,180,256,4540,0.895814977973568,0,0,381,643,24,218,29,250,17,29
"1663","2020-03-23",36,20,221,312,4540,0.895814977973568,0,0,381,643,19,237,35,285,9,35
"1664","2020-03-24",41,20,243,341,4540,0.895814977973568,0,0,381,643,17,254,23,308,7,23
"1665","2020-03-25",63,20,252,381,4540,0.895814977973568,0,0,381,643,19,273,24,332,7,24
"1666","2020-03-26",69,20,246,400,4540,0.895814977973568,0,0,381,643,27,300,31,363,13,31
"1667","2020-03-27",80,20,214,460,4540,0.895814977973568,0,0,381,643,25,325,33,396,9,33
"1668","2020-03-28",103,20,192,509,4540,0.895814977973568,0,0,381,643,33,358,27,423,17,27
"1669","2020-03-29",116,20,210,539,4540,0.895814977973568,0,0,381,643,28,386,31,454,16,31
"1670","2020-03-30",127,20,244,592,4540,0.895814977973568,0,0,381,643,36,422,20,474,22,20
"1671","2020-03-31",133,20,266,622,4540,0.895814977973568,0,0,381,643,35,457,37,511,18,37
"1672","2020-04-01",140,20,273,657,4540,0.895814977973568,0,0,381,643,34,491,35,546,21,35
"1673","2020-04-02",154,20,253,708,4540,0.895814977973568,0,0,381,643,23,514,33,579,13,33
"1674","2020-04-03",161,20,261,742,4540,0.895814977973568,0,0,381,643,26,540,25,604,11,25
"1675","2020-04-04",160,20,236,768,4540,0.895814977973568,0,0,381,643,21,561,22,626,12,22
"1676","2020-04-05",173,20,210,791,4540,0.895814977973568,0,0,381,643,27,588,29,655,16,29
"1677","2020-04-06",175,20,212,819,4540,0.895814977973568,0,0,381,643,34,622,28,683,19,28
"1678","2020-04-07",183,20,209,862,4540,0.895814977973568,0,0,381,643,31,653,47,730,15,47
"1679","2020-04-08",187,20,192,891,4540,0.895814977973568,0,0,381,643,36,689,54,784,23,54
"1680","2020-04-09",193,20,186,910,4540,0.895814977973568,0,0,381,643,26,715,39,823,14,39
"1681","2020-04-10",211,20,168,962,4540,0.895814977973568,0,0,381,643,27,742,29,852,12,29
"1682","2020-04-11",221,20,149,964,4540,0.895814977973568,0,0,381,643,35,777,32,884,24,32
"1683","2020-04-12",221,20,134,998,4540,0.895814977973568,0,0,381,643,26,803,26,910,20,26
"1684","2020-04-13",240,20,122,1005,4540,0.895814977973568,0,0,381,643,27,830,21,931,15,21
"1685","2020-04-14",254,20,119,1008,4540,0.895814977973568,0,0,381,643,39,869,20,951,22,20
"1686","2020-04-15",266,20,103,1038,4540,0.895814977973568,0,0,381,643,25,894,22,973,12,22
"1687","2020-04-16",276,20,98,1018,4540,0.895814977973568,0,0,381,643,37,931,32,1005,12,32
"1688","2020-04-17",273,20,134,1019,4540,0.895814977973568,0,0,381,643,36,967,23,1028,18,23
"1689","2020-04-18",277,20,191,1025,4540,0.895814977973568,0,0,381,643,40,1007,32,1060,20,32
"1690","2020-04-19",279,20,225,1012,4540,0.895814977973568,0,0,381,643,50,1057,26,1086,30,26
"1691","2020-04-20",283,20,237,1016,4540,0.895814977973568,0,0,381,643,27,1084,35,1121,16,35
"1692","2020-04-21",287,20,233,1020,4540,0.895814977973568,0,0,381,643,45,1129,44,1165,29,44
"1693","2020-04-22",285,20,215,1013,4540,0.895814977973568,0,0,381,643,40,1169,38,1203,26,38
"1694","2020-04-23",278,20,203,999,4540,0.895814977973568,0,0,381,643,35,1204,33,1236,23,33
"1695","2020-04-24",285,20,216,983,4540,0.895814977973568,0,0,381,643,38,1242,29,1265,32,29
"1696","2020-04-25",273,20,199,935,4540,0.895814977973568,0,0,381,643,41,1283,25,1290,29,25
"1697","2020-04-26",279,20,202,941,4540,0.895814977973568,0,0,381,643,40,1323,47,1337,28,47
"1698","2020-04-27",280,20,229,904,4540,0.895814977973568,0,0,381,643,55,1378,33,1370,26,33
"1699","2020-04-28",269,20,263,889,4540,0.895814977973568,0,0,381,643,40,1418,31,1401,29,31
"1700","2020-04-29",273,20,265,849,4540,0.895814977973568,0,0,381,643,33,1451,30,1431,16,30
"1701","2020-04-30",274,20,266,829,4540,0.895814977973568,0,0,381,643,44,1495,27,1458,24,27
"1702","2020-05-01",267,20,286,796,4540,0.895814977973568,0,0,381,643,37,1532,31,1489,19,31
"1703","2020-05-02",270,20,322,761,4540,0.895814977973568,0,0,381,643,34,1566,33,1522,19,33
"1704","2020-05-03",261,20,300,719,4540,0.895814977973568,0,0,381,643,44,1610,47,1569,29,47
"1705","2020-05-04",249,20,268,679,4540,0.895814977973568,0,0,381,643,29,1639,39,1608,15,39
"1706","2020-05-05",245,20,280,636,4540,0.895814977973568,0,0,381,643,24,1663,49,1657,15,49
"1707","2020-05-06",222,20,262,614,4540,0.895814977973568,0,0,381,643,31,1694,53,1710,22,53
"1708","2020-05-07",207,20,234,592,4540,0.895814977973568,0,0,381,643,29,1723,48,1758,17,48
"1709","2020-05-08",186,20,197,556,4540,0.895814977973568,0,0,381,643,26,1749,43,1801,11,43
"1710","2020-05-09",177,20,222,524,4540,0.895814977973568,0,0,381,643,26,1775,58,1859,15,58
"1711","2020-05-10",169,20,222,488,4540,0.895814977973568,0,0,381,643,28,1803,50,1909,17,50
"1712","2020-05-11",155,20,213,458,4540,0.895814977973568,0,0,381,643,25,1828,37,1946,15,37
"1713","2020-05-12",153,20,201,449,4540,0.895814977973568,0,0,381,643,19,1847,40,1986,9,40
"1714","2020-05-13",146,20,185,414,4540,0.895814977973568,0,0,381,643,14,1861,42,2028,9,42
"1715","2020-05-14",147,20,187,404,4540,0.895814977973568,0,0,381,643,20,1881,37,2065,9,37
"1716","2020-05-15",146,20,186,392,4540,0.895814977973568,0,0,381,643,26,1907,41,2106,12,41
"1717","2020-05-16",140,20,165,377,4540,0.895814977973568,0,0,381,643,24,1931,45,2151,11,45
"1718","2020-05-17",130,20,146,362,4540,0.895814977973568,0,0,381,643,20,1951,45,2196,8,45
"1719","2020-05-18",126,20,135,345,4540,0.895814977973568,0,0,381,643,18,1969,62,2258,9,62
"1720","2020-05-19",117,20,120,333,4540,0.895814977973568,0,0,381,643,24,1993,40,2298,16,40
"1721","2020-05-20",111,20,113,307,4540,0.895814977973568,0,0,381,643,26,2019,46,2344,17,46
"1722","2020-05-21",98,20,104,292,4540,0.895814977973568,0,0,381,643,20,2039,43,2387,13,43
"1723","2020-05-22",93,20,130,289,4540,0.895814977973568,0,0,381,643,16,2055,37,2424,11,37
"1724","2020-05-23",83,20,139,271,4540,0.895814977973568,0,0,381,643,17,2072,35,2459,9,35
"1725","2020-05-24",78,20,157,271,4540,0.895814977973568,0,0,381,643,7,2079,19,2478,4,19
"1726","2020-05-25",72,20,163,269,4540,0.895814977973568,0,0,381,643,15,2094,41,2519,8,41
"1727","2020-05-26",66,20,195,261,4540,0.895814977973568,0,0,381,643,10,2104,41,2560,8,41
"1728","2020-05-27",74,20,207,251,4540,0.895814977973568,0,0,381,643,15,2119,46,2606,10,46
"1729","2020-05-28",82,20,207,237,4540,0.895814977973568,0,0,381,643,11,2130,32,2638,5,32
"1730","2020-05-29",78,20,190,221,4540,0.895814977973568,0,0,381,643,17,2147,39,2677,9,39
"1731","2020-05-30",76,20,160,213,4540,0.895814977973568,0,0,381,643,21,2168,30,2707,14,30
"1732","2020-05-31",78,20,155,209,4540,0.895814977973568,0,0,381,643,20,2188,30,2737,11,30
"1733","2020-06-01",81,20,165,203,4540,0.895814977973568,0,0,381,643,16,2204,37,2774,10,37
"1734","2020-06-02",77,20,198,199,4540,0.895814977973568,0,0,381,643,17,2221,33,2807,11,33
"1735","2020-06-03",67,20,189,191,4540,0.895814977973568,0,0,381,643,12,2233,28,2835,6,28
"1736","2020-06-04",61,20,168,170,4540,0.895814977973568,0,0,381,643,14,2247,34,2869,7,34
"1737","2020-06-05",58,20,167,163,4540,0.895814977973568,0,0,381,643,7,2254,47,2916,6,47
"1738","2020-06-06",56,20,144,160,4540,0.895814977973568,0,0,381,643,10,2264,50,2966,6,50
"1739","2020-06-07",49,20,139,149,4540,0.895814977973568,0,0,381,643,12,2276,47,3013,5,47
