"","Date","Absents","Paramset","Infections_or_Exposed_per_day_Patient","Infections_or_Exposed_per_day_HCW","total_infections","nosocomial_proportion","PCR_pooled","LFD_pooled","HCW_symp_test","patient_symp_test","new_hcw_infs","cumulative_hcw_infs","new_pat_infs","cumulative_pats_infs","new_nosocomial_hcw_infs","new_nosocomial_pat_infs"
"1","2020-03-12",1,1,21,46,3712,0.451778017241379,2025,6444,408,459,28,46,8,12,1,8
"2","2020-03-13",5,1,26,71,3712,0.451778017241379,2025,6444,408,459,25,71,8,20,2,8
"3","2020-03-14",5,1,22,103,3712,0.451778017241379,2025,6444,408,459,32,103,3,23,12,3
"4","2020-03-15",19,1,39,135,3712,0.451778017241379,2025,6444,408,459,33,136,19,42,3,19
"5","2020-03-16",22,1,47,168,3712,0.451778017241379,2025,6444,408,459,33,169,8,50,8,8
"6","2020-03-17",23,1,50,202,3712,0.451778017241379,2025,6444,408,459,35,204,9,59,9,9
"7","2020-03-18",32,1,52,214,3712,0.451778017241379,2025,6444,408,459,16,220,11,70,8,11
"8","2020-03-19",38,1,52,243,3712,0.451778017241379,2025,6444,408,459,35,255,7,77,10,7
"9","2020-03-20",56,1,58,259,3712,0.451778017241379,2025,6444,408,459,32,287,9,86,10,9
"10","2020-03-21",80,1,69,283,3712,0.451778017241379,2025,6444,408,459,34,321,14,100,15,14
"11","2020-03-22",78,1,79,309,3712,0.451778017241379,2025,6444,408,459,40,361,21,121,15,21
"12","2020-03-23",91,1,76,343,3712,0.451778017241379,2025,6444,408,459,47,408,12,133,27,12
"13","2020-03-24",95,1,64,363,3712,0.451778017241379,2025,6444,408,459,43,451,8,141,20,8
"14","2020-03-25",97,1,65,379,3712,0.451778017241379,2025,6444,408,459,41,492,9,150,24,9
"15","2020-03-26",112,1,61,391,3712,0.451778017241379,2025,6444,408,459,39,531,6,156,25,6
"16","2020-03-27",126,1,56,410,3712,0.451778017241379,2025,6444,408,459,45,576,6,162,21,6
"17","2020-03-28",140,1,58,417,3712,0.451778017241379,2025,6444,408,459,48,624,12,174,24,12
"18","2020-03-29",143,1,62,430,3712,0.451778017241379,2025,6444,408,459,41,665,9,183,23,9
"19","2020-03-30",129,1,67,438,3712,0.451778017241379,2025,6444,408,459,39,704,11,194,22,11
"20","2020-03-31",132,1,75,437,3712,0.451778017241379,2025,6444,408,459,35,739,23,217,14,23
"21","2020-04-01",137,1,63,440,3712,0.451778017241379,2025,6444,408,459,33,772,7,224,15,7
"22","2020-04-02",132,1,59,440,3712,0.451778017241379,2025,6444,408,459,39,811,7,231,12,7
"23","2020-04-03",147,1,47,441,3712,0.451778017241379,2025,6444,408,459,37,848,6,237,18,6
"24","2020-04-04",147,1,52,444,3712,0.451778017241379,2025,6444,408,459,54,902,11,248,28,11
"25","2020-04-05",149,1,62,451,3712,0.451778017241379,2025,6444,408,459,54,956,13,261,21,13
"26","2020-04-06",141,1,60,446,3712,0.451778017241379,2025,6444,408,459,44,1000,8,269,16,8
"27","2020-04-07",140,1,77,463,3712,0.451778017241379,2025,6444,408,459,47,1047,19,288,28,19
"28","2020-04-08",149,1,74,493,3712,0.451778017241379,2025,6444,408,459,60,1107,14,302,29,14
"29","2020-04-09",155,1,70,504,3712,0.451778017241379,2025,6444,408,459,48,1155,15,317,18,15
"30","2020-04-10",158,1,88,508,3712,0.451778017241379,2025,6444,408,459,40,1195,18,335,20,18
"31","2020-04-11",148,1,84,524,3712,0.451778017241379,2025,6444,408,459,51,1246,14,349,27,14
"32","2020-04-12",158,1,93,533,3712,0.451778017241379,2025,6444,408,459,54,1300,24,373,30,24
"33","2020-04-13",173,1,100,548,3712,0.451778017241379,2025,6444,408,459,58,1358,16,389,29,16
"34","2020-04-14",172,1,96,555,3712,0.451778017241379,2025,6444,408,459,49,1407,15,404,20,15
"35","2020-04-15",156,1,85,571,3712,0.451778017241379,2025,6444,408,459,72,1479,8,412,33,8
"36","2020-04-16",151,1,89,566,3712,0.451778017241379,2025,6444,408,459,50,1529,18,430,18,18
"37","2020-04-17",176,1,94,578,3712,0.451778017241379,2025,6444,408,459,47,1576,24,454,29,24
"38","2020-04-18",191,1,90,581,3712,0.451778017241379,2025,6444,408,459,58,1634,18,472,30,18
"39","2020-04-19",171,1,101,591,3712,0.451778017241379,2025,6444,408,459,60,1694,14,486,31,14
"40","2020-04-20",175,1,102,593,3712,0.451778017241379,2025,6444,408,459,53,1747,18,504,32,18
"41","2020-04-21",177,1,94,606,3712,0.451778017241379,2025,6444,408,459,60,1807,12,516,32,12
"42","2020-04-22",199,1,90,617,3712,0.451778017241379,2025,6444,408,459,55,1862,17,533,24,17
"43","2020-04-23",211,1,95,621,3712,0.451778017241379,2025,6444,408,459,52,1914,18,551,28,18
"44","2020-04-24",211,1,116,613,3712,0.451778017241379,2025,6444,408,459,51,1965,36,587,27,36
"45","2020-04-25",204,1,119,625,3712,0.451778017241379,2025,6444,408,459,59,2024,28,615,29,28
"46","2020-04-26",213,1,125,633,3712,0.451778017241379,2025,6444,408,459,59,2083,20,635,20,20
"47","2020-04-27",209,1,130,632,3712,0.451778017241379,2025,6444,408,459,55,2138,21,656,25,21
"48","2020-04-28",200,1,130,618,3712,0.451778017241379,2025,6444,408,459,42,2180,25,681,21,25
"49","2020-04-29",200,1,126,610,3712,0.451778017241379,2025,6444,408,459,53,2233,13,694,33,13
"50","2020-04-30",198,1,138,610,3712,0.451778017241379,2025,6444,408,459,45,2278,32,726,27,32
"51","2020-05-01",201,1,136,586,3712,0.451778017241379,2025,6444,408,459,50,2328,18,744,27,18
"52","2020-05-02",237,1,133,594,3712,0.451778017241379,2025,6444,408,459,57,2385,16,760,24,16
"53","2020-05-03",221,1,117,590,3712,0.451778017241379,2025,6444,408,459,58,2443,9,769,34,9
"54","2020-05-04",195,1,118,575,3712,0.451778017241379,2025,6444,408,459,42,2485,16,785,17,16
"55","2020-05-05",198,1,100,576,3712,0.451778017241379,2025,6444,408,459,59,2544,14,799,29,14
"56","2020-05-06",188,1,124,572,3712,0.451778017241379,2025,6444,408,459,51,2595,33,832,18,33
"57","2020-05-07",180,1,134,576,3712,0.451778017241379,2025,6444,408,459,56,2651,36,868,24,36
"58","2020-05-08",202,1,136,578,3712,0.451778017241379,2025,6444,408,459,45,2696,27,895,27,27
"59","2020-05-09",191,1,127,579,3712,0.451778017241379,2025,6444,408,459,51,2747,14,909,27,14
"60","2020-05-10",173,1,127,580,3712,0.451778017241379,2025,6444,408,459,54,2801,20,929,24,20
"61","2020-05-11",181,1,126,570,3712,0.451778017241379,2025,6444,408,459,45,2846,22,951,21,22
"62","2020-05-12",172,1,130,541,3712,0.451778017241379,2025,6444,408,459,34,2880,24,975,22,24
"63","2020-05-13",169,1,124,533,3712,0.451778017241379,2025,6444,408,459,40,2920,24,999,16,24
"64","2020-05-14",167,1,114,526,3712,0.451778017241379,2025,6444,408,459,37,2957,11,1010,17,11
"65","2020-05-15",161,1,95,498,3712,0.451778017241379,2025,6444,408,459,34,2991,8,1018,21,8
"66","2020-05-16",152,1,93,478,3712,0.451778017241379,2025,6444,408,459,39,3030,14,1032,18,14
"67","2020-05-17",161,1,107,462,3712,0.451778017241379,2025,6444,408,459,37,3067,29,1061,13,29
"68","2020-05-18",148,1,121,444,3712,0.451778017241379,2025,6444,408,459,26,3093,25,1086,16,25
"69","2020-05-19",147,1,113,436,3712,0.451778017241379,2025,6444,408,459,33,3126,14,1100,18,14
"70","2020-05-20",151,1,109,428,3712,0.451778017241379,2025,6444,408,459,26,3152,14,1114,16,14
"71","2020-05-21",143,1,114,410,3712,0.451778017241379,2025,6444,408,459,35,3187,22,1136,12,22
"72","2020-05-22",154,1,115,391,3712,0.451778017241379,2025,6444,408,459,29,3216,18,1154,16,18
"73","2020-05-23",152,1,133,365,3712,0.451778017241379,2025,6444,408,459,25,3241,36,1190,9,36
"74","2020-05-24",133,1,127,340,3712,0.451778017241379,2025,6444,408,459,20,3261,16,1206,8,16
"75","2020-05-25",135,1,119,329,3712,0.451778017241379,2025,6444,408,459,27,3288,20,1226,16,20
"76","2020-05-26",127,1,111,309,3712,0.451778017241379,2025,6444,408,459,15,3303,17,1243,6,17
"77","2020-05-27",116,1,93,289,3712,0.451778017241379,2025,6444,408,459,24,3327,14,1257,12,14
"78","2020-05-28",114,1,104,288,3712,0.451778017241379,2025,6444,408,459,24,3351,25,1282,19,25
"79","2020-05-29",99,1,94,281,3712,0.451778017241379,2025,6444,408,459,23,3374,11,1293,8,11
"80","2020-05-30",95,1,86,271,3712,0.451778017241379,2025,6444,408,459,27,3401,15,1308,9,15
"81","2020-05-31",89,1,78,262,3712,0.451778017241379,2025,6444,408,459,17,3418,11,1319,8,11
"82","2020-06-01",81,1,83,252,3712,0.451778017241379,2025,6444,408,459,23,3441,14,1333,15,14
"83","2020-06-02",72,1,80,252,3712,0.451778017241379,2025,6444,408,459,18,3459,12,1345,12,12
"84","2020-06-03",73,1,91,237,3712,0.451778017241379,2025,6444,408,459,16,3475,23,1368,7,23
"85","2020-06-04",73,1,95,223,3712,0.451778017241379,2025,6444,408,459,15,3490,18,1386,10,18
"86","2020-06-05",73,1,99,209,3712,0.451778017241379,2025,6444,408,459,17,3507,24,1410,9,24
"87","2020-06-06",74,1,100,197,3712,0.451778017241379,2025,6444,408,459,17,3524,12,1422,11,12
"88","2020-06-07",72,1,94,199,3712,0.451778017241379,2025,6444,408,459,20,3544,15,1437,12,15
"89","2020-03-08",1,2,0,0,4680,0.79551282051282,2010,7026,382,199,NA,NA,NA,NA,NA,NA
"90","2020-03-09",1,2,0,0,4680,0.79551282051282,2010,7026,382,199,NA,NA,NA,NA,NA,NA
"91","2020-03-10",0,2,0,0,4680,0.79551282051282,2010,7026,382,199,NA,NA,NA,NA,NA,NA
"92","2020-03-11",0,2,0,0,4680,0.79551282051282,2010,7026,382,199,15,15,7,7,NA,7
"93","2020-03-12",0,2,0,0,4680,0.79551282051282,2010,7026,382,199,30,45,8,15,3,8
"94","2020-03-13",1,2,15,42,4680,0.79551282051282,2010,7026,382,199,26,71,10,25,3,10
"95","2020-03-14",3,2,16,55,4680,0.79551282051282,2010,7026,382,199,24,95,12,37,10,12
"96","2020-03-15",8,2,19,77,4680,0.79551282051282,2010,7026,382,199,28,123,7,44,6,7
"97","2020-03-16",9,2,29,111,4680,0.79551282051282,2010,7026,382,199,31,154,7,51,11,7
"98","2020-03-17",12,2,36,141,4680,0.79551282051282,2010,7026,382,199,25,179,9,60,7,9
"99","2020-03-18",14,2,36,163,4680,0.79551282051282,2010,7026,382,199,39,218,13,73,20,13
"100","2020-03-19",20,2,49,192,4680,0.79551282051282,2010,7026,382,199,40,258,10,83,23,10
"101","2020-03-20",31,2,60,230,4680,0.79551282051282,2010,7026,382,199,37,295,8,91,13,8
"102","2020-03-21",42,2,59,252,4680,0.79551282051282,2010,7026,382,199,40,335,16,107,20,16
"103","2020-03-22",58,2,57,296,4680,0.79551282051282,2010,7026,382,199,37,372,11,118,21,11
"104","2020-03-23",64,2,56,328,4680,0.79551282051282,2010,7026,382,199,41,413,23,141,23,23
"105","2020-03-24",79,2,53,362,4680,0.79551282051282,2010,7026,382,199,49,462,5,146,24,5
"106","2020-03-25",92,2,55,390,4680,0.79551282051282,2010,7026,382,199,45,507,16,162,28,16
"107","2020-03-26",98,2,70,424,4680,0.79551282051282,2010,7026,382,199,46,553,25,187,27,25
"108","2020-03-27",122,2,87,455,4680,0.79551282051282,2010,7026,382,199,41,594,25,212,34,25
"109","2020-03-28",142,2,87,490,4680,0.79551282051282,2010,7026,382,199,58,652,29,241,37,29
"110","2020-03-29",141,2,71,533,4680,0.79551282051282,2010,7026,382,199,49,701,28,269,30,28
"111","2020-03-30",139,2,69,557,4680,0.79551282051282,2010,7026,382,199,51,752,24,293,35,24
"112","2020-03-31",137,2,69,612,4680,0.79551282051282,2010,7026,382,199,58,810,20,313,35,20
"113","2020-04-01",148,2,69,662,4680,0.79551282051282,2010,7026,382,199,49,859,12,325,27,12
"114","2020-04-02",159,2,63,708,4680,0.79551282051282,2010,7026,382,199,52,911,16,341,34,16
"115","2020-04-03",202,2,61,725,4680,0.79551282051282,2010,7026,382,199,61,972,17,358,39,17
"116","2020-04-04",225,2,59,773,4680,0.79551282051282,2010,7026,382,199,78,1050,9,367,57,9
"117","2020-04-05",256,2,78,803,4680,0.79551282051282,2010,7026,382,199,68,1118,11,378,48,11
"118","2020-04-06",262,2,83,816,4680,0.79551282051282,2010,7026,382,199,55,1173,11,389,30,11
"119","2020-04-07",264,2,103,839,4680,0.79551282051282,2010,7026,382,199,63,1236,16,405,35,16
"120","2020-04-08",264,2,92,826,4680,0.79551282051282,2010,7026,382,199,47,1283,24,429,32,24
"121","2020-04-09",267,2,99,853,4680,0.79551282051282,2010,7026,382,199,67,1350,26,455,44,26
"122","2020-04-10",305,2,115,883,4680,0.79551282051282,2010,7026,382,199,64,1414,14,469,39,14
"123","2020-04-11",317,2,108,877,4680,0.79551282051282,2010,7026,382,199,67,1481,20,489,40,20
"124","2020-04-12",270,2,106,872,4680,0.79551282051282,2010,7026,382,199,48,1529,20,509,34,20
"125","2020-04-13",258,2,104,893,4680,0.79551282051282,2010,7026,382,199,55,1584,13,522,37,13
"126","2020-04-14",261,2,94,914,4680,0.79551282051282,2010,7026,382,199,79,1663,23,545,55,23
"127","2020-04-15",268,2,86,916,4680,0.79551282051282,2010,7026,382,199,70,1733,22,567,44,22
"128","2020-04-16",275,2,83,909,4680,0.79551282051282,2010,7026,382,199,63,1796,26,593,41,26
"129","2020-04-17",311,2,99,909,4680,0.79551282051282,2010,7026,382,199,80,1876,25,618,49,25
"130","2020-04-18",319,2,107,931,4680,0.79551282051282,2010,7026,382,199,62,1938,20,638,39,20
"131","2020-04-19",303,2,103,932,4680,0.79551282051282,2010,7026,382,199,52,1990,33,671,37,33
"132","2020-04-20",309,2,101,935,4680,0.79551282051282,2010,7026,382,199,72,2062,24,695,54,24
"133","2020-04-21",301,2,101,949,4680,0.79551282051282,2010,7026,382,199,60,2122,15,710,36,15
"134","2020-04-22",307,2,113,949,4680,0.79551282051282,2010,7026,382,199,59,2181,13,723,43,13
"135","2020-04-23",313,2,109,963,4680,0.79551282051282,2010,7026,382,199,71,2252,18,741,49,18
"136","2020-04-24",321,2,97,954,4680,0.79551282051282,2010,7026,382,199,46,2298,16,757,28,16
"137","2020-04-25",323,2,99,968,4680,0.79551282051282,2010,7026,382,199,55,2353,19,776,29,19
"138","2020-04-26",335,2,110,952,4680,0.79551282051282,2010,7026,382,199,60,2413,34,810,41,34
"139","2020-04-27",332,2,128,941,4680,0.79551282051282,2010,7026,382,199,46,2459,21,831,30,21
"140","2020-04-28",328,2,127,945,4680,0.79551282051282,2010,7026,382,199,47,2506,25,856,32,25
"141","2020-04-29",324,2,122,913,4680,0.79551282051282,2010,7026,382,199,47,2553,18,874,26,18
"142","2020-04-30",321,2,115,903,4680,0.79551282051282,2010,7026,382,199,45,2598,33,907,23,33
"143","2020-05-01",332,2,112,868,4680,0.79551282051282,2010,7026,382,199,47,2645,28,935,27,28
"144","2020-05-02",340,2,114,842,4680,0.79551282051282,2010,7026,382,199,35,2680,24,959,22,24
"145","2020-05-03",308,2,106,833,4680,0.79551282051282,2010,7026,382,199,33,2713,21,980,19,21
"146","2020-05-04",309,2,99,806,4680,0.79551282051282,2010,7026,382,199,47,2760,19,999,25,19
"147","2020-05-05",295,2,83,775,4680,0.79551282051282,2010,7026,382,199,45,2805,8,1007,23,8
"148","2020-05-06",285,2,88,749,4680,0.79551282051282,2010,7026,382,199,37,2842,23,1030,17,23
"149","2020-05-07",275,2,98,708,4680,0.79551282051282,2010,7026,382,199,43,2885,22,1052,25,22
"150","2020-05-08",269,2,95,697,4680,0.79551282051282,2010,7026,382,199,38,2923,10,1062,24,10
"151","2020-05-09",245,2,92,656,4680,0.79551282051282,2010,7026,382,199,45,2968,26,1088,22,26
"152","2020-05-10",243,2,85,633,4680,0.79551282051282,2010,7026,382,199,35,3003,24,1112,20,24
"153","2020-05-11",222,2,79,595,4680,0.79551282051282,2010,7026,382,199,34,3037,25,1137,16,25
"154","2020-05-12",207,2,80,544,4680,0.79551282051282,2010,7026,382,199,38,3075,24,1161,22,24
"155","2020-05-13",205,2,97,531,4680,0.79551282051282,2010,7026,382,199,36,3111,22,1183,16,22
"156","2020-05-14",196,2,105,520,4680,0.79551282051282,2010,7026,382,199,36,3147,24,1207,20,24
"157","2020-05-15",174,2,110,491,4680,0.79551282051282,2010,7026,382,199,35,3182,34,1241,22,34
"158","2020-05-16",180,2,107,468,4680,0.79551282051282,2010,7026,382,199,33,3215,26,1267,15,26
"159","2020-05-17",152,2,96,440,4680,0.79551282051282,2010,7026,382,199,20,3235,28,1295,12,28
"160","2020-05-18",143,2,89,421,4680,0.79551282051282,2010,7026,382,199,34,3269,26,1321,19,26
"161","2020-05-19",145,2,77,387,4680,0.79551282051282,2010,7026,382,199,32,3301,20,1341,25,20
"162","2020-05-20",135,2,72,363,4680,0.79551282051282,2010,7026,382,199,23,3324,20,1361,16,20
"163","2020-05-21",133,2,67,352,4680,0.79551282051282,2010,7026,382,199,30,3354,13,1374,19,13
"164","2020-05-22",123,2,67,344,4680,0.79551282051282,2010,7026,382,199,24,3378,21,1395,15,21
"165","2020-05-23",111,2,69,324,4680,0.79551282051282,2010,7026,382,199,28,3406,24,1419,19,24
"166","2020-05-24",115,2,72,310,4680,0.79551282051282,2010,7026,382,199,19,3425,27,1446,10,27
"167","2020-05-25",119,2,70,287,4680,0.79551282051282,2010,7026,382,199,36,3461,15,1461,25,15
"168","2020-05-26",112,2,72,287,4680,0.79551282051282,2010,7026,382,199,19,3480,22,1483,14,22
"169","2020-05-27",114,2,65,268,4680,0.79551282051282,2010,7026,382,199,17,3497,21,1504,11,21
"170","2020-05-28",110,2,59,263,4680,0.79551282051282,2010,7026,382,199,16,3513,22,1526,8,22
"171","2020-05-29",111,2,48,256,4680,0.79551282051282,2010,7026,382,199,23,3536,14,1540,11,14
"172","2020-05-30",118,2,44,254,4680,0.79551282051282,2010,7026,382,199,24,3560,14,1554,17,14
"173","2020-05-31",103,2,42,248,4680,0.79551282051282,2010,7026,382,199,20,3580,13,1567,13,13
"174","2020-06-01",89,2,46,230,4680,0.79551282051282,2010,7026,382,199,16,3596,15,1582,6,15
"175","2020-06-02",88,2,55,211,4680,0.79551282051282,2010,7026,382,199,15,3611,13,1595,9,13
"176","2020-06-03",80,2,53,198,4680,0.79551282051282,2010,7026,382,199,14,3625,22,1617,9,22
"177","2020-06-04",72,2,54,180,4680,0.79551282051282,2010,7026,382,199,11,3636,13,1630,4,13
"178","2020-06-05",70,2,57,175,4680,0.79551282051282,2010,7026,382,199,13,3649,21,1651,8,21
"179","2020-06-06",58,2,50,157,4680,0.79551282051282,2010,7026,382,199,10,3659,24,1675,5,24
"180","2020-06-07",54,2,50,157,4680,0.79551282051282,2010,7026,382,199,15,3674,23,1698,8,23
"181","2020-03-14",4,3,76,86,4874,0.653467377923677,2040,7040,453,908,15,44,8,39,10,8
"182","2020-03-15",4,3,87,115,4874,0.653467377923677,2040,7040,453,908,15,59,13,52,7,13
"183","2020-03-16",6,3,89,149,4874,0.653467377923677,2040,7040,453,908,18,77,26,78,16,26
"184","2020-03-17",9,3,96,192,4874,0.653467377923677,2040,7040,453,908,18,95,13,91,10,13
"185","2020-03-18",17,3,101,244,4874,0.653467377923677,2040,7040,453,908,26,121,21,112,24,21
"186","2020-03-19",25,3,104,282,4874,0.653467377923677,2040,7040,453,908,25,146,19,131,21,19
"187","2020-03-20",42,3,119,346,4874,0.653467377923677,2040,7040,453,908,32,178,23,154,22,23
"188","2020-03-21",68,3,124,388,4874,0.653467377923677,2040,7040,453,908,35,213,17,171,24,17
"189","2020-03-22",89,3,135,433,4874,0.653467377923677,2040,7040,453,908,38,251,20,191,32,20
"190","2020-03-23",98,3,145,489,4874,0.653467377923677,2040,7040,453,908,33,284,16,207,27,16
"191","2020-03-24",105,3,152,521,4874,0.653467377923677,2040,7040,453,908,43,327,21,228,38,21
"192","2020-03-25",115,3,157,564,4874,0.653467377923677,2040,7040,453,908,54,381,25,253,51,25
"193","2020-03-26",128,3,173,602,4874,0.653467377923677,2040,7040,453,908,63,444,12,265,54,12
"194","2020-03-27",181,3,183,656,4874,0.653467377923677,2040,7040,453,908,62,506,21,286,55,21
"195","2020-03-28",198,3,188,703,4874,0.653467377923677,2040,7040,453,908,81,587,21,307,71,21
"196","2020-03-29",219,3,183,745,4874,0.653467377923677,2040,7040,453,908,67,654,21,328,60,21
"197","2020-03-30",222,3,188,759,4874,0.653467377923677,2040,7040,453,908,85,739,16,344,78,16
"198","2020-03-31",219,3,207,766,4874,0.653467377923677,2040,7040,453,908,61,800,26,370,56,26
"199","2020-04-01",238,3,210,785,4874,0.653467377923677,2040,7040,453,908,102,902,14,384,92,14
"200","2020-04-02",255,3,207,802,4874,0.653467377923677,2040,7040,453,908,92,994,22,406,80,22
"201","2020-04-03",298,3,207,837,4874,0.653467377923677,2040,7040,453,908,86,1080,26,432,79,26
"202","2020-04-04",306,3,214,868,4874,0.653467377923677,2040,7040,453,908,127,1207,21,453,119,21
"203","2020-04-05",283,3,239,876,4874,0.653467377923677,2040,7040,453,908,87,1294,31,484,78,31
"204","2020-04-06",294,3,233,902,4874,0.653467377923677,2040,7040,453,908,129,1423,33,517,118,33
"205","2020-04-07",301,3,227,932,4874,0.653467377923677,2040,7040,453,908,105,1528,22,539,100,22
"206","2020-04-08",290,3,200,946,4874,0.653467377923677,2040,7040,453,908,99,1627,27,566,90,27
"207","2020-04-09",290,3,201,940,4874,0.653467377923677,2040,7040,453,908,116,1743,35,601,109,36
"208","2020-04-10",294,3,221,928,4874,0.653467377923677,2040,7040,453,908,123,1866,29,630,120,29
"209","2020-04-11",316,3,210,934,4874,0.653467377923677,2040,7040,453,908,116,1982,19,649,113,19
"210","2020-04-12",290,3,205,906,4874,0.653467377923677,2040,7040,453,908,130,2112,19,668,118,19
"211","2020-04-13",278,3,224,894,4874,0.653467377923677,2040,7040,453,908,134,2246,31,699,124,31
"212","2020-04-14",278,3,219,872,4874,0.653467377923677,2040,7040,453,908,127,2373,32,731,119,32
"213","2020-04-15",291,3,229,854,4874,0.653467377923677,2040,7040,453,908,144,2517,39,770,139,39
"214","2020-04-16",285,3,239,828,4874,0.653467377923677,2040,7040,453,908,133,2650,41,811,130,41
"215","2020-04-17",321,3,226,818,4874,0.653467377923677,2040,7040,453,908,136,2786,39,850,130,39
"216","2020-04-18",314,3,212,833,4874,0.653467377923677,2040,7040,453,908,134,2920,23,873,122,23
"217","2020-04-19",291,3,189,800,4874,0.653467377923677,2040,7040,453,908,105,3025,51,924,101,51
"218","2020-04-20",283,3,191,816,4874,0.653467377923677,2040,7040,453,908,133,3158,35,959,124,35
"219","2020-04-21",285,3,174,802,4874,0.653467377923677,2040,7040,453,908,118,3276,24,983,110,24
"220","2020-04-22",273,3,186,808,4874,0.653467377923677,2040,7040,453,908,102,3378,34,1017,97,34
"221","2020-04-23",268,3,208,801,4874,0.653467377923677,2040,7040,453,908,76,3454,18,1035,71,18
"222","2020-04-24",257,3,249,788,4874,0.653467377923677,2040,7040,453,908,114,3568,15,1050,112,15
"223","2020-04-25",264,3,240,750,4874,0.653467377923677,2040,7040,453,908,100,3668,14,1064,96,14
"224","2020-04-26",264,3,236,737,4874,0.653467377923677,2040,7040,453,908,86,3754,26,1090,81,26
"225","2020-04-27",257,3,219,715,4874,0.653467377923677,2040,7040,453,908,91,3845,30,1120,84,30
"226","2020-04-28",244,3,210,700,4874,0.653467377923677,2040,7040,453,908,75,3920,26,1146,73,26
"227","2020-04-29",237,3,227,670,4874,0.653467377923677,2040,7040,453,908,85,4005,26,1172,81,26
"228","2020-04-30",230,3,255,663,4874,0.653467377923677,2040,7040,453,908,70,4075,22,1194,67,22
"229","2020-05-01",238,3,264,676,4874,0.653467377923677,2040,7040,453,908,62,4137,23,1217,58,23
"230","2020-05-02",234,3,277,655,4874,0.653467377923677,2040,7040,453,908,65,4202,43,1260,61,43
"231","2020-05-03",203,3,259,651,4874,0.653467377923677,2040,7040,453,908,56,4258,21,1281,52,21
"232","2020-05-04",194,3,237,648,4874,0.653467377923677,2040,7040,453,908,58,4316,24,1305,55,24
"233","2020-05-05",190,3,249,645,4874,0.653467377923677,2040,7040,453,908,60,4376,20,1325,58,20
"234","2020-05-06",202,3,253,631,4874,0.653467377923677,2040,7040,453,908,58,4434,17,1342,52,17
"235","2020-05-07",213,3,262,618,4874,0.653467377923677,2040,7040,453,908,43,4477,15,1357,38,15
"236","2020-05-08",213,3,286,617,4874,0.653467377923677,2040,7040,453,908,54,4531,18,1375,52,18
"237","2020-05-09",211,3,263,594,4874,0.653467377923677,2040,7040,453,908,54,4585,26,1401,49,26
"238","2020-05-10",210,3,258,602,4874,0.653467377923677,2040,7040,453,908,35,4620,15,1416,32,15
"239","2020-05-11",207,3,249,599,4874,0.653467377923677,2040,7040,453,908,36,4656,21,1437,31,21
"240","2020-05-12",208,3,254,578,4874,0.653467377923677,2040,7040,453,908,33,4689,20,1457,30,20
"241","2020-05-13",193,3,258,564,4874,0.653467377923677,2040,7040,453,908,38,4727,17,1474,34,17
"242","2020-05-14",187,3,264,558,4874,0.653467377923677,2040,7040,453,908,35,4762,22,1496,32,22
"243","2020-05-15",201,3,263,541,4874,0.653467377923677,2040,7040,453,908,30,4792,27,1523,29,27
"244","2020-05-16",178,3,249,522,4874,0.653467377923677,2040,7040,453,908,28,4820,37,1560,26,37
"245","2020-05-17",174,3,243,516,4874,0.653467377923677,2040,7040,453,908,29,4849,27,1587,24,27
"246","2020-05-18",172,3,251,491,4874,0.653467377923677,2040,7040,453,908,25,4874,23,1610,23,23
"247","2020-05-19",164,3,252,474,4874,0.653467377923677,2040,7040,453,908,28,4902,25,1635,23,25
"248","2020-05-20",163,3,254,464,4874,0.653467377923677,2040,7040,453,908,30,4932,19,1654,28,19
"249","2020-05-21",150,3,247,431,4874,0.653467377923677,2040,7040,453,908,22,4954,22,1676,18,22
"250","2020-05-22",146,3,257,415,4874,0.653467377923677,2040,7040,453,908,25,4979,22,1698,19,22
"251","2020-05-23",150,3,257,411,4874,0.653467377923677,2040,7040,453,908,25,5004,23,1721,22,23
"252","2020-05-24",133,3,245,396,4874,0.653467377923677,2040,7040,453,908,12,5016,22,1743,12,22
"253","2020-05-25",131,3,243,371,4874,0.653467377923677,2040,7040,453,908,16,5032,23,1766,10,23
"254","2020-05-26",122,3,240,366,4874,0.653467377923677,2040,7040,453,908,10,5042,17,1783,6,17
"255","2020-05-27",119,3,246,350,4874,0.653467377923677,2040,7040,453,908,14,5056,21,1804,13,21
"256","2020-05-28",118,3,234,340,4874,0.653467377923677,2040,7040,453,908,13,5069,17,1821,12,17
"257","2020-05-29",114,3,237,311,4874,0.653467377923677,2040,7040,453,908,11,5080,14,1835,10,14
"258","2020-05-30",103,3,237,304,4874,0.653467377923677,2040,7040,453,908,5,5085,17,1852,5,17
"259","2020-05-31",99,3,206,288,4874,0.653467377923677,2040,7040,453,908,12,5097,15,1867,10,15
"260","2020-06-01",90,3,212,273,4874,0.653467377923677,2040,7040,453,908,13,5110,13,1880,12,13
"261","2020-06-02",89,3,222,265,4874,0.653467377923677,2040,7040,453,908,3,5113,9,1889,2,9
"262","2020-06-03",85,3,221,248,4874,0.653467377923677,2040,7040,453,908,4,5117,6,1895,3,6
"263","2020-06-04",83,3,224,236,4874,0.653467377923677,2040,7040,453,908,7,5124,4,1899,7,4
"264","2020-06-05",77,3,226,217,4874,0.653467377923677,2040,7040,453,908,10,5134,6,1905,8,6
"265","2020-06-06",90,3,210,203,4874,0.653467377923677,2040,7040,453,908,9,5143,4,1909,7,4
"266","2020-06-07",71,3,218,194,4874,0.653467377923677,2040,7040,453,908,5,5148,6,1915,5,6
"267","2020-03-13",2,4,31,34,4082,0.80671239588437,2055,6467,445,409,36,82,24,62,15,24
"268","2020-03-14",7,4,32,44,4082,0.80671239588437,2055,6467,445,409,29,111,9,71,14,9
"269","2020-03-15",8,4,35,60,4082,0.80671239588437,2055,6467,445,409,41,152,5,76,14,5
"270","2020-03-16",8,4,34,76,4082,0.80671239588437,2055,6467,445,409,43,195,2,78,18,2
"271","2020-03-17",10,4,40,102,4082,0.80671239588437,2055,6467,445,409,45,240,5,83,17,5
"272","2020-03-18",14,4,34,122,4082,0.80671239588437,2055,6467,445,409,41,281,6,89,16,6
"273","2020-03-19",18,4,32,149,4082,0.80671239588437,2055,6467,445,409,45,326,7,96,33,7
"274","2020-03-20",27,4,54,182,4082,0.80671239588437,2055,6467,445,409,46,372,11,107,28,11
"275","2020-03-21",31,4,59,221,4082,0.80671239588437,2055,6467,445,409,55,427,33,140,33,33
"276","2020-03-22",47,4,52,235,4082,0.80671239588437,2055,6467,445,409,52,479,12,152,32,12
"277","2020-03-23",52,4,64,278,4082,0.80671239588437,2055,6467,445,409,52,531,9,161,34,9
"278","2020-03-24",64,4,71,304,4082,0.80671239588437,2055,6467,445,409,58,589,7,168,37,7
"279","2020-03-25",70,4,74,322,4082,0.80671239588437,2055,6467,445,409,53,642,18,186,34,18
"280","2020-03-26",77,4,69,346,4082,0.80671239588437,2055,6467,445,409,67,709,37,223,47,37
"281","2020-03-27",101,4,67,361,4082,0.80671239588437,2055,6467,445,409,64,773,20,243,39,20
"282","2020-03-28",115,4,72,405,4082,0.80671239588437,2055,6467,445,409,56,829,22,265,38,22
"283","2020-03-29",125,4,70,437,4082,0.80671239588437,2055,6467,445,409,62,891,19,284,34,19
"284","2020-03-30",136,4,78,453,4082,0.80671239588437,2055,6467,445,409,54,945,39,323,34,39
"285","2020-03-31",128,4,65,495,4082,0.80671239588437,2055,6467,445,409,55,1000,34,357,36,34
"286","2020-04-01",134,4,74,521,4082,0.80671239588437,2055,6467,445,409,55,1055,35,392,28,35
"287","2020-04-02",143,4,89,560,4082,0.80671239588437,2055,6467,445,409,52,1107,45,437,34,45
"288","2020-04-03",162,4,74,587,4082,0.80671239588437,2055,6467,445,409,71,1178,56,493,54,56
"289","2020-04-04",164,4,67,644,4082,0.80671239588437,2055,6467,445,409,60,1238,37,530,38,37
"290","2020-04-05",183,4,67,654,4082,0.80671239588437,2055,6467,445,409,74,1312,20,550,47,20
"291","2020-04-06",185,4,61,667,4082,0.80671239588437,2055,6467,445,409,62,1374,12,562,39,12
"292","2020-04-07",175,4,57,700,4082,0.80671239588437,2055,6467,445,409,64,1438,9,571,43,9
"293","2020-04-08",184,4,72,722,4082,0.80671239588437,2055,6467,445,409,76,1514,39,610,43,39
"294","2020-04-09",189,4,86,745,4082,0.80671239588437,2055,6467,445,409,74,1588,22,632,51,22
"295","2020-04-10",231,4,85,745,4082,0.80671239588437,2055,6467,445,409,69,1657,16,648,37,16
"296","2020-04-11",246,4,80,777,4082,0.80671239588437,2055,6467,445,409,67,1724,18,666,45,18
"297","2020-04-12",256,4,96,795,4082,0.80671239588437,2055,6467,445,409,80,1804,17,683,50,17
"298","2020-04-13",257,4,81,801,4082,0.80671239588437,2055,6467,445,409,72,1876,42,725,44,42
"299","2020-04-14",271,4,70,816,4082,0.80671239588437,2055,6467,445,409,68,1944,51,776,45,51
"300","2020-04-15",278,4,86,832,4082,0.80671239588437,2055,6467,445,409,73,2017,69,845,50,69
"301","2020-04-16",285,4,104,853,4082,0.80671239588437,2055,6467,445,409,71,2088,59,904,55,59
"302","2020-04-17",295,4,102,828,4082,0.80671239588437,2055,6467,445,409,75,2163,26,930,44,26
"303","2020-04-18",311,4,107,831,4082,0.80671239588437,2055,6467,445,409,77,2240,20,950,50,20
"304","2020-04-19",269,4,91,836,4082,0.80671239588437,2055,6467,445,409,62,2302,20,970,42,20
"305","2020-04-20",274,4,104,833,4082,0.80671239588437,2055,6467,445,409,65,2367,14,984,41,14
"306","2020-04-21",266,4,111,822,4082,0.80671239588437,2055,6467,445,409,62,2429,11,995,39,11
"307","2020-04-22",270,4,122,804,4082,0.80671239588437,2055,6467,445,409,79,2508,71,1066,58,71
"308","2020-04-23",263,4,114,785,4082,0.80671239588437,2055,6467,445,409,54,2562,70,1136,30,70
"309","2020-04-24",276,4,127,786,4082,0.80671239588437,2055,6467,445,409,70,2632,35,1171,44,35
"310","2020-04-25",250,4,109,785,4082,0.80671239588437,2055,6467,445,409,72,2704,59,1230,47,59
"311","2020-04-26",263,4,101,777,4082,0.80671239588437,2055,6467,445,409,66,2770,26,1256,44,26
"312","2020-04-27",258,4,119,751,4082,0.80671239588437,2055,6467,445,409,55,2825,25,1281,29,25
"313","2020-04-28",251,4,132,725,4082,0.80671239588437,2055,6467,445,409,81,2906,25,1306,55,25
"314","2020-04-29",242,4,155,700,4082,0.80671239588437,2055,6467,445,409,82,2988,55,1361,50,55
"315","2020-04-30",249,4,159,686,4082,0.80671239588437,2055,6467,445,409,63,3051,42,1403,37,42
"316","2020-05-01",254,4,147,661,4082,0.80671239588437,2055,6467,445,409,57,3108,57,1460,35,57
"317","2020-05-02",269,4,132,640,4082,0.80671239588437,2055,6467,445,409,48,3156,34,1494,21,34
"318","2020-05-03",223,4,120,609,4082,0.80671239588437,2055,6467,445,409,61,3217,45,1539,34,45
"319","2020-05-04",215,4,122,608,4082,0.80671239588437,2055,6467,445,409,63,3280,35,1574,40,35
"320","2020-05-05",208,4,129,592,4082,0.80671239588437,2055,6467,445,409,36,3316,15,1589,25,15
"321","2020-05-06",204,4,143,598,4082,0.80671239588437,2055,6467,445,409,49,3365,10,1599,31,10
"322","2020-05-07",196,4,137,581,4082,0.80671239588437,2055,6467,445,409,53,3418,15,1614,33,15
"323","2020-05-08",196,4,141,584,4082,0.80671239588437,2055,6467,445,409,49,3467,11,1625,31,11
"324","2020-05-09",202,4,140,558,4082,0.80671239588437,2055,6467,445,409,49,3516,9,1634,31,9
"325","2020-05-10",200,4,118,547,4082,0.80671239588437,2055,6467,445,409,50,3566,20,1654,30,20
"326","2020-05-11",199,4,100,527,4082,0.80671239588437,2055,6467,445,409,45,3611,43,1697,26,43
"327","2020-05-12",197,4,88,491,4082,0.80671239588437,2055,6467,445,409,46,3657,32,1729,30,32
"328","2020-05-13",194,4,82,474,4082,0.80671239588437,2055,6467,445,409,41,3698,48,1777,25,48
"329","2020-05-14",194,4,103,450,4082,0.80671239588437,2055,6467,445,409,33,3731,62,1839,18,62
"330","2020-05-15",180,4,103,437,4082,0.80671239588437,2055,6467,445,409,38,3769,42,1881,21,42
"331","2020-05-16",180,4,106,431,4082,0.80671239588437,2055,6467,445,409,29,3798,34,1915,17,34
"332","2020-05-17",171,4,125,421,4082,0.80671239588437,2055,6467,445,409,41,3839,39,1954,27,39
"333","2020-05-18",159,4,121,413,4082,0.80671239588437,2055,6467,445,409,39,3878,19,1973,23,19
"334","2020-05-19",149,4,113,410,4082,0.80671239588437,2055,6467,445,409,31,3909,23,1996,19,23
"335","2020-05-20",147,4,127,398,4082,0.80671239588437,2055,6467,445,409,40,3949,21,2017,22,21
"336","2020-05-21",132,4,129,384,4082,0.80671239588437,2055,6467,445,409,30,3979,23,2040,21,23
"337","2020-05-22",149,4,122,364,4082,0.80671239588437,2055,6467,445,409,22,4001,18,2058,13,18
"338","2020-05-23",136,4,109,362,4082,0.80671239588437,2055,6467,445,409,34,4035,13,2071,22,13
"339","2020-05-24",122,4,114,351,4082,0.80671239588437,2055,6467,445,409,28,4063,35,2106,11,35
"340","2020-05-25",117,4,108,326,4082,0.80671239588437,2055,6467,445,409,26,4089,50,2156,15,50
"341","2020-05-26",107,4,109,325,4082,0.80671239588437,2055,6467,445,409,30,4119,34,2190,20,34
"342","2020-05-27",109,4,114,323,4082,0.80671239588437,2055,6467,445,409,33,4152,42,2232,21,42
"343","2020-05-28",106,4,102,314,4082,0.80671239588437,2055,6467,445,409,23,4175,28,2260,13,28
"344","2020-05-29",100,4,102,304,4082,0.80671239588437,2055,6467,445,409,23,4198,15,2275,14,15
"345","2020-05-30",94,4,104,295,4082,0.80671239588437,2055,6467,445,409,26,4224,18,2293,13,18
"346","2020-05-31",89,4,96,277,4082,0.80671239588437,2055,6467,445,409,17,4241,8,2301,9,8
"347","2020-06-01",90,4,90,263,4082,0.80671239588437,2055,6467,445,409,21,4262,14,2315,12,14
"348","2020-06-02",102,4,81,253,4082,0.80671239588437,2055,6467,445,409,16,4278,5,2320,11,5
"349","2020-06-03",92,4,83,248,4082,0.80671239588437,2055,6467,445,409,15,4293,27,2347,11,27
"350","2020-06-04",94,4,94,240,4082,0.80671239588437,2055,6467,445,409,25,4318,25,2372,13,25
"351","2020-06-05",92,4,95,232,4082,0.80671239588437,2055,6467,445,409,19,4337,20,2392,13,20
"352","2020-06-06",79,4,102,215,4082,0.80671239588437,2055,6467,445,409,16,4353,15,2407,9,15
"353","2020-06-07",64,4,88,199,4082,0.80671239588437,2055,6467,445,409,13,4366,7,2414,11,7
"354","2020-03-12",2,5,6,19,4397,0.746190584489425,2040,7038,407,316,6,15,5,13,NA,5
"355","2020-03-13",4,5,16,30,4397,0.746190584489425,2040,7038,407,316,5,20,2,15,1,2
"356","2020-03-14",5,5,17,39,4397,0.746190584489425,2040,7038,407,316,8,28,13,28,3,13
"357","2020-03-15",6,5,34,57,4397,0.746190584489425,2040,7038,407,316,9,37,17,45,6,17
"358","2020-03-16",7,5,32,71,4397,0.746190584489425,2040,7038,407,316,21,58,15,60,12,15
"359","2020-03-17",11,5,35,96,4397,0.746190584489425,2040,7038,407,316,19,77,10,70,10,10
"360","2020-03-18",11,5,31,115,4397,0.746190584489425,2040,7038,407,316,20,97,21,91,8,21
"361","2020-03-19",11,5,27,135,4397,0.746190584489425,2040,7038,407,316,17,114,25,116,12,25
"362","2020-03-20",26,5,33,152,4397,0.746190584489425,2040,7038,407,316,26,140,17,133,17,17
"363","2020-03-21",44,5,33,168,4397,0.746190584489425,2040,7038,407,316,18,158,27,160,13,27
"364","2020-03-22",47,5,27,196,4397,0.746190584489425,2040,7038,407,316,30,188,19,179,24,19
"365","2020-03-23",50,5,24,218,4397,0.746190584489425,2040,7038,407,316,36,224,23,202,27,23
"366","2020-03-24",54,5,20,249,4397,0.746190584489425,2040,7038,407,316,47,271,17,219,36,17
"367","2020-03-25",59,5,22,266,4397,0.746190584489425,2040,7038,407,316,46,317,24,243,41,24
"368","2020-03-26",69,5,24,298,4397,0.746190584489425,2040,7038,407,316,37,354,18,261,33,18
"369","2020-03-27",78,5,26,336,4397,0.746190584489425,2040,7038,407,316,55,409,21,282,43,21
"370","2020-03-28",93,5,16,359,4397,0.746190584489425,2040,7038,407,316,56,465,35,317,46,35
"371","2020-03-29",98,5,24,371,4397,0.746190584489425,2040,7038,407,316,54,519,35,352,50,35
"372","2020-03-30",93,5,30,408,4397,0.746190584489425,2040,7038,407,316,78,597,35,387,66,35
"373","2020-03-31",94,5,36,441,4397,0.746190584489425,2040,7038,407,316,65,662,25,412,57,25
"374","2020-04-01",105,5,37,459,4397,0.746190584489425,2040,7038,407,316,75,737,24,436,65,24
"375","2020-04-02",107,5,40,498,4397,0.746190584489425,2040,7038,407,316,79,816,21,457,69,21
"376","2020-04-03",133,5,43,526,4397,0.746190584489425,2040,7038,407,316,83,899,15,472,75,15
"377","2020-04-04",135,5,50,556,4397,0.746190584489425,2040,7038,407,316,92,991,22,494,86,22
"378","2020-04-05",158,5,56,565,4397,0.746190584489425,2040,7038,407,316,107,1098,32,526,96,32
"379","2020-04-06",172,5,49,584,4397,0.746190584489425,2040,7038,407,316,119,1217,13,539,112,13
"380","2020-04-07",169,5,55,605,4397,0.746190584489425,2040,7038,407,316,115,1332,40,579,109,40
"381","2020-04-08",179,5,58,627,4397,0.746190584489425,2040,7038,407,316,127,1459,27,606,126,27
"382","2020-04-09",187,5,72,640,4397,0.746190584489425,2040,7038,407,316,145,1604,18,624,130,18
"383","2020-04-10",204,5,74,666,4397,0.746190584489425,2040,7038,407,316,130,1734,21,645,125,21
"384","2020-04-11",237,5,71,684,4397,0.746190584489425,2040,7038,407,316,145,1879,21,666,140,21
"385","2020-04-12",220,5,63,714,4397,0.746190584489425,2040,7038,407,316,136,2015,15,681,124,15
"386","2020-04-13",214,5,66,741,4397,0.746190584489425,2040,7038,407,316,132,2147,24,705,128,24
"387","2020-04-14",231,5,70,754,4397,0.746190584489425,2040,7038,407,316,119,2266,36,741,113,36
"388","2020-04-15",240,5,78,747,4397,0.746190584489425,2040,7038,407,316,167,2433,33,774,157,33
"389","2020-04-16",252,5,82,754,4397,0.746190584489425,2040,7038,407,316,141,2574,37,811,135,37
"390","2020-04-17",255,5,78,751,4397,0.746190584489425,2040,7038,407,316,153,2727,49,860,149,49
"391","2020-04-18",266,5,88,773,4397,0.746190584489425,2040,7038,407,316,137,2864,51,911,134,51
"392","2020-04-19",276,5,100,781,4397,0.746190584489425,2040,7038,407,316,124,2988,63,974,117,63
"393","2020-04-20",268,5,98,806,4397,0.746190584489425,2040,7038,407,316,152,3140,49,1023,145,49
"394","2020-04-21",252,5,99,802,4397,0.746190584489425,2040,7038,407,316,140,3280,59,1082,131,59
"395","2020-04-22",241,5,105,823,4397,0.746190584489425,2040,7038,407,316,143,3423,56,1138,137,56
"396","2020-04-23",232,5,101,798,4397,0.746190584489425,2040,7038,407,316,138,3561,44,1182,130,44
"397","2020-04-24",261,5,108,824,4397,0.746190584489425,2040,7038,407,316,118,3679,36,1218,112,36
"398","2020-04-25",262,5,90,821,4397,0.746190584489425,2040,7038,407,316,119,3798,37,1255,114,37
"399","2020-04-26",265,5,96,819,4397,0.746190584489425,2040,7038,407,316,98,3896,28,1283,91,28
"400","2020-04-27",271,5,88,831,4397,0.746190584489425,2040,7038,407,316,136,4032,28,1311,128,28
"401","2020-04-28",271,5,93,852,4397,0.746190584489425,2040,7038,407,316,79,4111,37,1348,75,37
"402","2020-04-29",274,5,100,850,4397,0.746190584489425,2040,7038,407,316,110,4221,37,1385,107,37
"403","2020-04-30",280,5,125,815,4397,0.746190584489425,2040,7038,407,316,92,4313,24,1409,87,24
"404","2020-05-01",287,5,116,815,4397,0.746190584489425,2040,7038,407,316,95,4408,22,1431,92,22
"405","2020-05-02",307,5,102,815,4397,0.746190584489425,2040,7038,407,316,68,4476,22,1453,64,22
"406","2020-05-03",272,5,98,836,4397,0.746190584489425,2040,7038,407,316,79,4555,34,1487,72,34
"407","2020-05-04",252,5,94,814,4397,0.746190584489425,2040,7038,407,316,62,4617,25,1512,60,25
"408","2020-05-05",244,5,73,820,4397,0.746190584489425,2040,7038,407,316,71,4688,18,1530,68,18
"409","2020-05-06",249,5,77,822,4397,0.746190584489425,2040,7038,407,316,46,4734,33,1563,43,33
"410","2020-05-07",248,5,88,789,4397,0.746190584489425,2040,7038,407,316,58,4792,31,1594,55,31
"411","2020-05-08",285,5,86,760,4397,0.746190584489425,2040,7038,407,316,45,4837,19,1613,39,19
"412","2020-05-09",268,5,85,740,4397,0.746190584489425,2040,7038,407,316,50,4887,41,1654,46,41
"413","2020-05-10",263,5,70,717,4397,0.746190584489425,2040,7038,407,316,31,4918,38,1692,25,38
"414","2020-05-11",255,5,70,695,4397,0.746190584489425,2040,7038,407,316,47,4965,25,1717,42,25
"415","2020-05-12",259,5,68,673,4397,0.746190584489425,2040,7038,407,316,37,5002,21,1738,32,21
"416","2020-05-13",255,5,72,664,4397,0.746190584489425,2040,7038,407,316,46,5048,32,1770,45,32
"417","2020-05-14",257,5,75,654,4397,0.746190584489425,2040,7038,407,316,28,5076,22,1792,26,22
"418","2020-05-15",248,5,68,619,4397,0.746190584489425,2040,7038,407,316,21,5097,28,1820,19,28
"419","2020-05-16",232,5,68,600,4397,0.746190584489425,2040,7038,407,316,14,5111,19,1839,12,19
"420","2020-05-17",220,5,59,584,4397,0.746190584489425,2040,7038,407,316,19,5130,26,1865,17,26
"421","2020-05-18",211,5,51,563,4397,0.746190584489425,2040,7038,407,316,17,5147,8,1873,14,8
"422","2020-05-19",199,5,63,528,4397,0.746190584489425,2040,7038,407,316,18,5165,20,1893,17,20
"423","2020-05-20",193,5,66,506,4397,0.746190584489425,2040,7038,407,316,20,5185,16,1909,18,16
"424","2020-05-21",185,5,58,489,4397,0.746190584489425,2040,7038,407,316,26,5211,15,1924,24,15
"425","2020-05-22",161,5,59,477,4397,0.746190584489425,2040,7038,407,316,19,5230,14,1938,16,14
"426","2020-05-23",167,5,66,464,4397,0.746190584489425,2040,7038,407,316,11,5241,21,1959,10,21
"427","2020-05-24",150,5,78,455,4397,0.746190584489425,2040,7038,407,316,15,5256,9,1968,14,9
"428","2020-05-25",151,5,78,423,4397,0.746190584489425,2040,7038,407,316,9,5265,21,1989,7,21
"429","2020-05-26",149,5,87,412,4397,0.746190584489425,2040,7038,407,316,11,5276,25,2014,9,25
"430","2020-05-27",143,5,87,402,4397,0.746190584489425,2040,7038,407,316,7,5283,27,2041,5,27
"431","2020-05-28",134,5,81,384,4397,0.746190584489425,2040,7038,407,316,13,5296,14,2055,11,14
"432","2020-05-29",135,5,78,359,4397,0.746190584489425,2040,7038,407,316,7,5303,17,2072,5,17
"433","2020-05-30",138,5,76,341,4397,0.746190584489425,2040,7038,407,316,7,5310,29,2101,7,29
"434","2020-05-31",137,5,83,321,4397,0.746190584489425,2040,7038,407,316,10,5320,20,2121,6,20
"435","2020-06-01",125,5,88,296,4397,0.746190584489425,2040,7038,407,316,7,5327,15,2136,6,15
"436","2020-06-02",120,5,82,278,4397,0.746190584489425,2040,7038,407,316,7,5334,17,2153,6,17
"437","2020-06-03",114,5,74,266,4397,0.746190584489425,2040,7038,407,316,4,5338,20,2173,4,20
"438","2020-06-04",107,5,82,251,4397,0.746190584489425,2040,7038,407,316,7,5345,9,2182,3,9
"439","2020-06-05",100,5,77,228,4397,0.746190584489425,2040,7038,407,316,3,5348,7,2189,3,7
"440","2020-06-06",81,5,78,209,4397,0.746190584489425,2040,7038,407,316,6,5354,20,2209,5,20
"441","2020-06-07",67,5,65,201,4397,0.746190584489425,2040,7038,407,316,5,5359,20,2229,3,20
"442","2020-03-13",2,6,49,47,4025,0.779130434782609,2040,6521,449,751,15,38,8,13,5,8
"443","2020-03-14",3,6,52,62,4025,0.779130434782609,2040,6521,449,751,17,55,NA,NA,1,NA
"444","2020-03-15",13,6,54,80,4025,0.779130434782609,2040,6521,449,751,21,76,4,17,6,4
"445","2020-03-16",16,6,56,98,4025,0.779130434782609,2040,6521,449,751,24,100,7,24,13,7
"446","2020-03-17",16,6,56,117,4025,0.779130434782609,2040,6521,449,751,30,130,3,27,14,3
"447","2020-03-18",22,6,60,149,4025,0.779130434782609,2040,6521,449,751,26,156,9,36,14,9
"448","2020-03-19",28,6,53,174,4025,0.779130434782609,2040,6521,449,751,33,189,17,53,20,17
"449","2020-03-20",42,6,50,185,4025,0.779130434782609,2040,6521,449,751,43,232,4,57,26,4
"450","2020-03-21",54,6,56,229,4025,0.779130434782609,2040,6521,449,751,41,273,5,62,23,5
"451","2020-03-22",56,6,66,249,4025,0.779130434782609,2040,6521,449,751,46,319,7,69,34,7
"452","2020-03-23",63,6,84,282,4025,0.779130434782609,2040,6521,449,751,62,381,9,78,51,9
"453","2020-03-24",63,6,90,314,4025,0.779130434782609,2040,6521,449,751,52,433,24,102,38,24
"454","2020-03-25",75,6,105,342,4025,0.779130434782609,2040,6521,449,751,67,500,16,118,53,16
"455","2020-03-26",80,6,107,371,4025,0.779130434782609,2040,6521,449,751,65,565,15,133,55,15
"456","2020-03-27",91,6,109,411,4025,0.779130434782609,2040,6521,449,751,70,635,8,141,57,8
"457","2020-03-28",92,6,93,447,4025,0.779130434782609,2040,6521,449,751,60,695,14,155,50,14
"458","2020-03-29",114,6,94,457,4025,0.779130434782609,2040,6521,449,751,76,771,15,170,66,15
"459","2020-03-30",119,6,94,499,4025,0.779130434782609,2040,6521,449,751,70,841,21,191,57,21
"460","2020-03-31",124,6,100,529,4025,0.779130434782609,2040,6521,449,751,65,906,19,210,49,19
"461","2020-04-01",127,6,104,559,4025,0.779130434782609,2040,6521,449,751,92,998,13,223,73,13
"462","2020-04-02",134,6,102,577,4025,0.779130434782609,2040,6521,449,751,68,1066,42,265,57,42
"463","2020-04-03",170,6,87,610,4025,0.779130434782609,2040,6521,449,751,86,1152,47,312,67,47
"464","2020-04-04",186,6,79,632,4025,0.779130434782609,2040,6521,449,751,83,1235,26,338,66,26
"465","2020-04-05",202,6,103,663,4025,0.779130434782609,2040,6521,449,751,89,1324,18,356,68,18
"466","2020-04-06",207,6,97,689,4025,0.779130434782609,2040,6521,449,751,91,1415,35,391,79,35
"467","2020-04-07",213,6,97,699,4025,0.779130434782609,2040,6521,449,751,96,1511,34,425,85,34
"468","2020-04-08",213,6,109,693,4025,0.779130434782609,2040,6521,449,751,72,1583,28,453,65,28
"469","2020-04-09",235,6,112,693,4025,0.779130434782609,2040,6521,449,751,79,1662,15,468,69,15
"470","2020-04-10",257,6,97,720,4025,0.779130434782609,2040,6521,449,751,107,1769,19,487,92,19
"471","2020-04-11",269,6,86,724,4025,0.779130434782609,2040,6521,449,751,62,1831,32,519,53,32
"472","2020-04-12",240,6,70,734,4025,0.779130434782609,2040,6521,449,751,100,1931,33,552,82,33
"473","2020-04-13",233,6,73,751,4025,0.779130434782609,2040,6521,449,751,96,2027,19,571,81,19
"474","2020-04-14",216,6,103,753,4025,0.779130434782609,2040,6521,449,751,84,2111,24,595,69,24
"475","2020-04-15",220,6,119,758,4025,0.779130434782609,2040,6521,449,751,75,2186,20,615,67,20
"476","2020-04-16",217,6,122,775,4025,0.779130434782609,2040,6521,449,751,86,2272,20,635,75,20
"477","2020-04-17",248,6,106,770,4025,0.779130434782609,2040,6521,449,751,62,2334,16,651,51,16
"478","2020-04-18",249,6,99,782,4025,0.779130434782609,2040,6521,449,751,96,2430,28,679,85,28
"479","2020-04-19",266,6,87,775,4025,0.779130434782609,2040,6521,449,751,70,2500,43,722,52,43
"480","2020-04-20",268,6,115,760,4025,0.779130434782609,2040,6521,449,751,67,2567,51,773,58,51
"481","2020-04-21",266,6,138,731,4025,0.779130434782609,2040,6521,449,751,76,2643,44,817,67,44
"482","2020-04-22",275,6,110,712,4025,0.779130434782609,2040,6521,449,751,59,2702,33,850,47,33
"483","2020-04-23",271,6,98,691,4025,0.779130434782609,2040,6521,449,751,67,2769,23,873,53,23
"484","2020-04-24",267,6,95,680,4025,0.779130434782609,2040,6521,449,751,86,2855,52,925,71,52
"485","2020-04-25",258,6,106,654,4025,0.779130434782609,2040,6521,449,751,75,2930,53,978,62,53
"486","2020-04-26",237,6,124,641,4025,0.779130434782609,2040,6521,449,751,77,3007,29,1007,60,29
"487","2020-04-27",240,6,136,643,4025,0.779130434782609,2040,6521,449,751,75,3082,50,1057,65,50
"488","2020-04-28",236,6,114,624,4025,0.779130434782609,2040,6521,449,751,42,3124,32,1089,33,32
"489","2020-04-29",217,6,117,603,4025,0.779130434782609,2040,6521,449,751,84,3208,25,1114,68,25
"490","2020-04-30",207,6,145,599,4025,0.779130434782609,2040,6521,449,751,41,3249,13,1127,33,13
"491","2020-05-01",202,6,150,598,4025,0.779130434782609,2040,6521,449,751,53,3302,10,1137,39,10
"492","2020-05-02",206,6,175,586,4025,0.779130434782609,2040,6521,449,751,57,3359,11,1148,50,11
"493","2020-05-03",189,6,192,581,4025,0.779130434782609,2040,6521,449,751,46,3405,35,1183,35,35
"494","2020-05-04",177,6,206,595,4025,0.779130434782609,2040,6521,449,751,55,3460,23,1206,47,23
"495","2020-05-05",178,6,205,588,4025,0.779130434782609,2040,6521,449,751,44,3504,20,1226,39,20
"496","2020-05-06",182,6,196,574,4025,0.779130434782609,2040,6521,449,751,46,3550,35,1261,35,35
"497","2020-05-07",184,6,183,567,4025,0.779130434782609,2040,6521,449,751,61,3611,41,1302,48,41
"498","2020-05-08",208,6,206,563,4025,0.779130434782609,2040,6521,449,751,56,3667,33,1335,34,33
"499","2020-05-09",218,6,187,538,4025,0.779130434782609,2040,6521,449,751,43,3710,47,1382,29,47
"500","2020-05-10",198,6,155,530,4025,0.779130434782609,2040,6521,449,751,56,3766,21,1403,44,21
"501","2020-05-11",198,6,146,518,4025,0.779130434782609,2040,6521,449,751,40,3806,34,1437,31,34
"502","2020-05-12",187,6,138,513,4025,0.779130434782609,2040,6521,449,751,45,3851,30,1467,35,30
"503","2020-05-13",189,6,140,491,4025,0.779130434782609,2040,6521,449,751,54,3905,11,1478,46,11
"504","2020-05-14",179,6,139,490,4025,0.779130434782609,2040,6521,449,751,47,3952,21,1499,36,21
"505","2020-05-15",165,6,136,471,4025,0.779130434782609,2040,6521,449,751,33,3985,50,1549,28,50
"506","2020-05-16",154,6,133,453,4025,0.779130434782609,2040,6521,449,751,32,4017,27,1576,26,27
"507","2020-05-17",165,6,144,433,4025,0.779130434782609,2040,6521,449,751,37,4054,19,1595,30,19
"508","2020-05-18",157,6,121,443,4025,0.779130434782609,2040,6521,449,751,37,4091,23,1618,30,23
"509","2020-05-19",147,6,109,428,4025,0.779130434782609,2040,6521,449,751,10,4101,10,1628,10,10
"510","2020-05-20",149,6,127,415,4025,0.779130434782609,2040,6521,449,751,33,4134,16,1644,23,16
"511","2020-05-21",151,6,108,412,4025,0.779130434782609,2040,6521,449,751,26,4160,5,1649,21,5
"512","2020-05-22",152,6,91,413,4025,0.779130434782609,2040,6521,449,751,19,4179,6,1655,16,6
"513","2020-05-23",143,6,83,411,4025,0.779130434782609,2040,6521,449,751,16,4195,8,1663,13,8
"514","2020-05-24",132,6,83,399,4025,0.779130434782609,2040,6521,449,751,17,4212,23,1686,12,23
"515","2020-05-25",132,6,68,381,4025,0.779130434782609,2040,6521,449,751,25,4237,11,1697,21,11
"516","2020-05-26",128,6,83,355,4025,0.779130434782609,2040,6521,449,751,24,4261,26,1723,21,26
"517","2020-05-27",117,6,98,336,4025,0.779130434782609,2040,6521,449,751,19,4280,20,1743,9,20
"518","2020-05-28",120,6,127,323,4025,0.779130434782609,2040,6521,449,751,12,4292,8,1751,11,8
"519","2020-05-29",122,6,125,310,4025,0.779130434782609,2040,6521,449,751,14,4306,10,1761,9,10
"520","2020-05-30",133,6,124,292,4025,0.779130434782609,2040,6521,449,751,14,4320,20,1781,11,20
"521","2020-05-31",114,6,114,291,4025,0.779130434782609,2040,6521,449,751,21,4341,11,1792,13,11
"522","2020-06-01",110,6,103,270,4025,0.779130434782609,2040,6521,449,751,10,4351,17,1809,6,17
"523","2020-06-02",111,6,121,263,4025,0.779130434782609,2040,6521,449,751,13,4364,16,1825,7,16
"524","2020-06-03",108,6,105,253,4025,0.779130434782609,2040,6521,449,751,11,4375,17,1842,7,17
"525","2020-06-04",97,6,88,240,4025,0.779130434782609,2040,6521,449,751,9,4384,15,1857,3,15
"526","2020-06-05",92,6,75,217,4025,0.779130434782609,2040,6521,449,751,8,4392,1,1858,4,1
"527","2020-06-06",86,6,58,218,4025,0.779130434782609,2040,6521,449,751,15,4407,7,1865,10,7
"528","2020-06-07",92,6,51,204,4025,0.779130434782609,2040,6521,449,751,8,4415,6,1871,4,6
"529","2020-03-13",1,7,38,65,3966,0.49798285426122,2010,6460,416,343,7,28,7,21,2,7
"530","2020-03-14",5,7,46,94,3966,0.49798285426122,2010,6460,416,343,19,47,6,27,6,6
"531","2020-03-15",9,7,53,123,3966,0.49798285426122,2010,6460,416,343,9,56,20,47,4,20
"532","2020-03-16",15,7,58,160,3966,0.49798285426122,2010,6460,416,343,15,71,11,58,11,11
"533","2020-03-17",22,7,59,186,3966,0.49798285426122,2010,6460,416,343,15,86,5,63,8,5
"534","2020-03-18",31,7,61,221,3966,0.49798285426122,2010,6460,416,343,21,107,18,81,17,18
"535","2020-03-19",39,7,64,251,3966,0.49798285426122,2010,6460,416,343,19,126,24,105,14,24
"536","2020-03-20",50,7,58,276,3966,0.49798285426122,2010,6460,416,343,19,145,9,114,17,9
"537","2020-03-21",60,7,49,301,3966,0.49798285426122,2010,6460,416,343,32,177,11,125,25,11
"538","2020-03-22",69,7,38,326,3966,0.49798285426122,2010,6460,416,343,35,212,1,126,22,1
"539","2020-03-23",75,7,47,365,3966,0.49798285426122,2010,6460,416,343,35,247,9,135,28,9
"540","2020-03-24",84,7,50,387,3966,0.49798285426122,2010,6460,416,343,53,300,29,164,39,29
"541","2020-03-25",92,7,58,425,3966,0.49798285426122,2010,6460,416,343,55,355,12,176,45,12
"542","2020-03-26",102,7,60,449,3966,0.49798285426122,2010,6460,416,343,37,392,24,200,28,24
"543","2020-03-27",123,7,61,469,3966,0.49798285426122,2010,6460,416,343,40,432,12,212,34,12
"544","2020-03-28",143,7,61,484,3966,0.49798285426122,2010,6460,416,343,45,477,6,218,42,6
"545","2020-03-29",140,7,65,499,3966,0.49798285426122,2010,6460,416,343,62,539,8,226,56,8
"546","2020-03-30",134,7,54,520,3966,0.49798285426122,2010,6460,416,343,52,591,3,229,47,3
"547","2020-03-31",132,7,54,526,3966,0.49798285426122,2010,6460,416,343,61,652,4,233,55,4
"548","2020-04-01",137,7,51,530,3966,0.49798285426122,2010,6460,416,343,78,730,4,237,70,4
"549","2020-04-02",134,7,50,533,3966,0.49798285426122,2010,6460,416,343,63,793,29,266,55,29
"550","2020-04-03",160,7,46,558,3966,0.49798285426122,2010,6460,416,343,82,875,15,281,77,15
"551","2020-04-04",161,7,46,579,3966,0.49798285426122,2010,6460,416,343,78,953,47,328,69,47
"552","2020-04-05",187,7,45,597,3966,0.49798285426122,2010,6460,416,343,83,1036,25,353,70,25
"553","2020-04-06",195,7,58,598,3966,0.49798285426122,2010,6460,416,343,91,1127,41,394,85,41
"554","2020-04-07",192,7,57,596,3966,0.49798285426122,2010,6460,416,343,102,1229,25,419,93,25
"555","2020-04-08",189,7,58,600,3966,0.49798285426122,2010,6460,416,343,87,1316,24,443,82,24
"556","2020-04-09",204,7,66,617,3966,0.49798285426122,2010,6460,416,343,113,1429,20,463,107,20
"557","2020-04-10",216,7,69,619,3966,0.49798285426122,2010,6460,416,343,94,1523,15,478,80,15
"558","2020-04-11",222,7,83,630,3966,0.49798285426122,2010,6460,416,343,99,1622,39,517,89,39
"559","2020-04-12",208,7,100,641,3966,0.49798285426122,2010,6460,416,343,132,1754,46,563,126,46
"560","2020-04-13",206,7,112,645,3966,0.49798285426122,2010,6460,416,343,112,1866,25,588,99,25
"561","2020-04-14",205,7,104,652,3966,0.49798285426122,2010,6460,416,343,126,1992,15,603,120,15
"562","2020-04-15",202,7,117,663,3966,0.49798285426122,2010,6460,416,343,120,2112,8,611,109,8
"563","2020-04-16",198,7,124,646,3966,0.49798285426122,2010,6460,416,343,106,2218,35,646,101,35
"564","2020-04-17",217,7,128,640,3966,0.49798285426122,2010,6460,416,343,129,2347,27,673,120,27
"565","2020-04-18",209,7,130,634,3966,0.49798285426122,2010,6460,416,343,110,2457,22,695,99,22
"566","2020-04-19",195,7,125,643,3966,0.49798285426122,2010,6460,416,343,101,2558,15,710,96,15
"567","2020-04-20",194,7,105,644,3966,0.49798285426122,2010,6460,416,343,102,2660,17,727,95,17
"568","2020-04-21",197,7,98,653,3966,0.49798285426122,2010,6460,416,343,108,2768,27,754,102,27
"569","2020-04-22",213,7,89,658,3966,0.49798285426122,2010,6460,416,343,112,2880,21,775,109,21
"570","2020-04-23",208,7,94,632,3966,0.49798285426122,2010,6460,416,343,105,2985,15,790,100,15
"571","2020-04-24",199,7,110,616,3966,0.49798285426122,2010,6460,416,343,112,3097,25,815,103,25
"572","2020-04-25",222,7,107,614,3966,0.49798285426122,2010,6460,416,343,160,3257,17,832,152,17
"573","2020-04-26",221,7,92,599,3966,0.49798285426122,2010,6460,416,343,121,3378,42,874,114,42
"574","2020-04-27",210,7,99,608,3966,0.49798285426122,2010,6460,416,343,83,3461,28,902,81,28
"575","2020-04-28",197,7,102,610,3966,0.49798285426122,2010,6460,416,343,100,3561,13,915,95,13
"576","2020-04-29",188,7,90,604,3966,0.49798285426122,2010,6460,416,343,82,3643,12,927,75,12
"577","2020-04-30",196,7,68,603,3966,0.49798285426122,2010,6460,416,343,108,3751,13,940,102,13
"578","2020-05-01",210,7,65,594,3966,0.49798285426122,2010,6460,416,343,74,3825,17,957,71,17
"579","2020-05-02",215,7,64,578,3966,0.49798285426122,2010,6460,416,343,96,3921,31,988,92,31
"580","2020-05-03",207,7,81,563,3966,0.49798285426122,2010,6460,416,343,60,3981,18,1006,55,18
"581","2020-05-04",200,7,75,546,3966,0.49798285426122,2010,6460,416,343,74,4055,19,1025,67,19
"582","2020-05-05",197,7,70,530,3966,0.49798285426122,2010,6460,416,343,55,4110,33,1058,44,33
"583","2020-05-06",191,7,65,544,3966,0.49798285426122,2010,6460,416,343,82,4192,20,1078,77,20
"584","2020-05-07",178,7,77,545,3966,0.49798285426122,2010,6460,416,343,63,4255,17,1095,59,17
"585","2020-05-08",183,7,81,529,3966,0.49798285426122,2010,6460,416,343,52,4307,33,1128,48,33
"586","2020-05-09",176,7,86,503,3966,0.49798285426122,2010,6460,416,343,46,4353,37,1165,42,37
"587","2020-05-10",162,7,91,511,3966,0.49798285426122,2010,6460,416,343,46,4399,64,1229,40,64
"588","2020-05-11",155,7,109,492,3966,0.49798285426122,2010,6460,416,343,46,4445,48,1277,38,48
"589","2020-05-12",150,7,120,478,3966,0.49798285426122,2010,6460,416,343,67,4512,38,1315,58,38
"590","2020-05-13",151,7,112,492,3966,0.49798285426122,2010,6460,416,343,37,4549,29,1344,32,29
"591","2020-05-14",155,7,123,493,3966,0.49798285426122,2010,6460,416,343,42,4591,36,1380,35,36
"592","2020-05-15",158,7,131,487,3966,0.49798285426122,2010,6460,416,343,29,4620,22,1402,24,22
"593","2020-05-16",156,7,126,487,3966,0.49798285426122,2010,6460,416,343,40,4660,22,1424,36,22
"594","2020-05-17",153,7,125,464,3966,0.49798285426122,2010,6460,416,343,35,4695,3,1427,29,3
"595","2020-05-18",155,7,121,465,3966,0.49798285426122,2010,6460,416,343,32,4727,8,1435,30,8
"596","2020-05-19",156,7,116,467,3966,0.49798285426122,2010,6460,416,343,32,4759,14,1449,30,14
"597","2020-05-20",154,7,101,455,3966,0.49798285426122,2010,6460,416,343,37,4796,19,1468,34,19
"598","2020-05-21",147,7,99,448,3966,0.49798285426122,2010,6460,416,343,26,4822,20,1488,21,20
"599","2020-05-22",152,7,103,427,3966,0.49798285426122,2010,6460,416,343,33,4855,23,1511,29,23
"600","2020-05-23",152,7,100,422,3966,0.49798285426122,2010,6460,416,343,19,4874,13,1524,16,13
"601","2020-05-24",146,7,102,412,3966,0.49798285426122,2010,6460,416,343,23,4897,19,1543,20,19
"602","2020-05-25",147,7,94,405,3966,0.49798285426122,2010,6460,416,343,18,4915,29,1572,18,29
"603","2020-05-26",150,7,99,393,3966,0.49798285426122,2010,6460,416,343,21,4936,34,1606,20,34
"604","2020-05-27",144,7,87,371,3966,0.49798285426122,2010,6460,416,343,13,4949,31,1637,11,31
"605","2020-05-28",145,7,71,341,3966,0.49798285426122,2010,6460,416,343,14,4963,22,1659,11,22
"606","2020-05-29",138,7,65,327,3966,0.49798285426122,2010,6460,416,343,14,4977,14,1673,14,14
"607","2020-05-30",142,7,76,317,3966,0.49798285426122,2010,6460,416,343,15,4992,5,1678,13,5
"608","2020-05-31",127,7,66,301,3966,0.49798285426122,2010,6460,416,343,8,5000,7,1685,7,7
"609","2020-06-01",117,7,58,282,3966,0.49798285426122,2010,6460,416,343,14,5014,21,1706,14,21
"610","2020-06-02",102,7,60,266,3966,0.49798285426122,2010,6460,416,343,6,5020,18,1724,4,18
"611","2020-06-03",105,7,57,254,3966,0.49798285426122,2010,6460,416,343,8,5028,11,1735,8,11
"612","2020-06-04",97,7,54,244,3966,0.49798285426122,2010,6460,416,343,13,5041,5,1740,9,5
"613","2020-06-05",85,7,54,226,3966,0.49798285426122,2010,6460,416,343,12,5053,19,1759,9,19
"614","2020-06-06",77,7,47,215,3966,0.49798285426122,2010,6460,416,343,7,5060,14,1773,7,14
"615","2020-06-07",73,7,48,213,3966,0.49798285426122,2010,6460,416,343,12,5072,16,1789,8,16
"616","2020-03-13",3,8,71,52,4455,0.686868686868687,2100,6958,473,787,7,22,6,24,NA,6
"617","2020-03-14",12,8,94,77,4455,0.686868686868687,2100,6958,473,787,15,37,6,30,NA,6
"618","2020-03-15",12,8,119,95,4455,0.686868686868687,2100,6958,473,787,15,52,2,32,2,2
"619","2020-03-16",14,8,140,115,4455,0.686868686868687,2100,6958,473,787,12,64,2,34,5,2
"620","2020-03-17",19,8,141,151,4455,0.686868686868687,2100,6958,473,787,14,78,12,46,7,12
"621","2020-03-18",23,8,141,185,4455,0.686868686868687,2100,6958,473,787,16,94,7,53,5,7
"622","2020-03-19",26,8,139,212,4455,0.686868686868687,2100,6958,473,787,21,115,4,57,13,4
"623","2020-03-20",41,8,137,252,4455,0.686868686868687,2100,6958,473,787,18,133,1,58,9,1
"624","2020-03-21",49,8,122,283,4455,0.686868686868687,2100,6958,473,787,23,156,12,70,10,12
"625","2020-03-22",54,8,114,321,4455,0.686868686868687,2100,6958,473,787,22,178,11,81,6,11
"626","2020-03-23",58,8,119,351,4455,0.686868686868687,2100,6958,473,787,21,199,9,90,10,9
"627","2020-03-24",67,8,108,396,4455,0.686868686868687,2100,6958,473,787,29,228,5,95,17,5
"628","2020-03-25",88,8,122,411,4455,0.686868686868687,2100,6958,473,787,27,255,9,104,15,9
"629","2020-03-26",101,8,120,450,4455,0.686868686868687,2100,6958,473,787,32,287,9,113,16,9
"630","2020-03-27",131,8,125,478,4455,0.686868686868687,2100,6958,473,787,35,322,6,119,24,6
"631","2020-03-28",158,8,126,502,4455,0.686868686868687,2100,6958,473,787,40,362,4,123,22,4
"632","2020-03-29",174,8,154,536,4455,0.686868686868687,2100,6958,473,787,39,401,8,131,25,8
"633","2020-03-30",178,8,177,592,4455,0.686868686868687,2100,6958,473,787,41,442,10,141,24,10
"634","2020-03-31",182,8,174,613,4455,0.686868686868687,2100,6958,473,787,49,491,8,149,32,8
"635","2020-04-01",177,8,199,654,4455,0.686868686868687,2100,6958,473,787,42,533,10,159,28,10
"636","2020-04-02",183,8,186,672,4455,0.686868686868687,2100,6958,473,787,49,582,6,165,35,6
"637","2020-04-03",217,8,186,695,4455,0.686868686868687,2100,6958,473,787,46,628,5,170,23,5
"638","2020-04-04",204,8,185,704,4455,0.686868686868687,2100,6958,473,787,42,670,20,190,32,20
"639","2020-04-05",215,8,194,707,4455,0.686868686868687,2100,6958,473,787,46,716,11,201,32,11
"640","2020-04-06",229,8,191,760,4455,0.686868686868687,2100,6958,473,787,48,764,16,217,33,16
"641","2020-04-07",230,8,197,775,4455,0.686868686868687,2100,6958,473,787,49,813,17,234,36,17
"642","2020-04-08",244,8,188,781,4455,0.686868686868687,2100,6958,473,787,58,871,16,250,36,16
"643","2020-04-09",246,8,210,790,4455,0.686868686868687,2100,6958,473,787,51,922,18,268,41,18
"644","2020-04-10",275,8,247,811,4455,0.686868686868687,2100,6958,473,787,41,963,11,279,31,11
"645","2020-04-11",301,8,245,820,4455,0.686868686868687,2100,6958,473,787,51,1014,7,286,27,7
"646","2020-04-12",272,8,240,829,4455,0.686868686868687,2100,6958,473,787,44,1058,17,303,33,17
"647","2020-04-13",267,8,237,839,4455,0.686868686868687,2100,6958,473,787,64,1122,22,325,41,22
"648","2020-04-14",262,8,210,858,4455,0.686868686868687,2100,6958,473,787,63,1185,11,336,50,11
"649","2020-04-15",256,8,206,852,4455,0.686868686868687,2100,6958,473,787,67,1252,34,370,47,34
"650","2020-04-16",272,8,193,857,4455,0.686868686868687,2100,6958,473,787,63,1315,25,395,40,25
"651","2020-04-17",313,8,203,829,4455,0.686868686868687,2100,6958,473,787,42,1357,16,411,31,16
"652","2020-04-18",307,8,207,847,4455,0.686868686868687,2100,6958,473,787,59,1416,10,421,52,10
"653","2020-04-19",318,8,229,815,4455,0.686868686868687,2100,6958,473,787,70,1486,14,435,55,14
"654","2020-04-20",308,8,200,786,4455,0.686868686868687,2100,6958,473,787,55,1541,16,451,37,16
"655","2020-04-21",298,8,202,784,4455,0.686868686868687,2100,6958,473,787,59,1600,20,471,44,20
"656","2020-04-22",302,8,190,786,4455,0.686868686868687,2100,6958,473,787,58,1658,29,500,42,29
"657","2020-04-23",287,8,221,800,4455,0.686868686868687,2100,6958,473,787,51,1709,29,529,35,29
"658","2020-04-24",276,8,232,800,4455,0.686868686868687,2100,6958,473,787,41,1750,34,563,30,34
"659","2020-04-25",301,8,219,809,4455,0.686868686868687,2100,6958,473,787,51,1801,16,579,34,16
"660","2020-04-26",263,8,231,775,4455,0.686868686868687,2100,6958,473,787,59,1860,15,594,39,15
"661","2020-04-27",259,8,232,768,4455,0.686868686868687,2100,6958,473,787,50,1910,27,621,34,27
"662","2020-04-28",255,8,229,756,4455,0.686868686868687,2100,6958,473,787,42,1952,21,642,32,21
"663","2020-04-29",251,8,219,730,4455,0.686868686868687,2100,6958,473,787,40,1992,22,664,29,22
"664","2020-04-30",251,8,228,724,4455,0.686868686868687,2100,6958,473,787,56,2048,24,688,38,24
"665","2020-05-01",265,8,221,707,4455,0.686868686868687,2100,6958,473,787,55,2103,22,710,33,22
"666","2020-05-02",252,8,223,703,4455,0.686868686868687,2100,6958,473,787,44,2147,15,725,24,15
"667","2020-05-03",248,8,229,693,4455,0.686868686868687,2100,6958,473,787,49,2196,22,747,35,22
"668","2020-05-04",246,8,243,690,4455,0.686868686868687,2100,6958,473,787,30,2226,22,769,20,22
"669","2020-05-05",244,8,222,653,4455,0.686868686868687,2100,6958,473,787,55,2281,27,796,36,27
"670","2020-05-06",243,8,216,634,4455,0.686868686868687,2100,6958,473,787,43,2324,17,813,25,17
"671","2020-05-07",250,8,217,625,4455,0.686868686868687,2100,6958,473,787,41,2365,21,834,26,21
"672","2020-05-08",235,8,206,608,4455,0.686868686868687,2100,6958,473,787,49,2414,9,843,34,9
"673","2020-05-09",228,8,184,604,4455,0.686868686868687,2100,6958,473,787,39,2453,7,850,30,7
"674","2020-05-10",224,8,187,581,4455,0.686868686868687,2100,6958,473,787,44,2497,7,857,33,7
"675","2020-05-11",213,8,215,572,4455,0.686868686868687,2100,6958,473,787,39,2536,11,868,26,11
"676","2020-05-12",206,8,212,550,4455,0.686868686868687,2100,6958,473,787,40,2576,7,875,29,7
"677","2020-05-13",196,8,221,528,4455,0.686868686868687,2100,6958,473,787,34,2610,9,884,22,9
"678","2020-05-14",177,8,242,511,4455,0.686868686868687,2100,6958,473,787,36,2646,12,896,24,12
"679","2020-05-15",171,8,247,506,4455,0.686868686868687,2100,6958,473,787,48,2694,8,904,34,8
"680","2020-05-16",166,8,240,469,4455,0.686868686868687,2100,6958,473,787,29,2723,26,930,20,26
"681","2020-05-17",153,8,259,459,4455,0.686868686868687,2100,6958,473,787,33,2756,18,948,24,18
"682","2020-05-18",151,8,247,435,4455,0.686868686868687,2100,6958,473,787,41,2797,20,968,29,20
"683","2020-05-19",143,8,237,419,4455,0.686868686868687,2100,6958,473,787,36,2833,23,991,29,23
"684","2020-05-20",145,8,243,406,4455,0.686868686868687,2100,6958,473,787,41,2874,13,1004,33,13
"685","2020-05-21",148,8,267,390,4455,0.686868686868687,2100,6958,473,787,26,2900,12,1016,17,12
"686","2020-05-22",147,8,255,367,4455,0.686868686868687,2100,6958,473,787,31,2931,13,1029,22,13
"687","2020-05-23",150,8,243,357,4455,0.686868686868687,2100,6958,473,787,30,2961,18,1047,16,18
"688","2020-05-24",128,8,234,354,4455,0.686868686868687,2100,6958,473,787,23,2984,25,1072,15,25
"689","2020-05-25",116,8,226,347,4455,0.686868686868687,2100,6958,473,787,18,3002,21,1093,11,21
"690","2020-05-26",116,8,222,355,4455,0.686868686868687,2100,6958,473,787,24,3026,14,1107,18,14
"691","2020-05-27",109,8,207,342,4455,0.686868686868687,2100,6958,473,787,25,3051,29,1136,20,29
"692","2020-05-28",104,8,212,326,4455,0.686868686868687,2100,6958,473,787,23,3074,12,1148,17,12
"693","2020-05-29",117,8,230,317,4455,0.686868686868687,2100,6958,473,787,32,3106,12,1160,18,12
"694","2020-05-30",103,8,223,298,4455,0.686868686868687,2100,6958,473,787,14,3120,14,1174,10,14
"695","2020-05-31",98,8,225,299,4455,0.686868686868687,2100,6958,473,787,16,3136,14,1188,12,14
"696","2020-06-01",100,8,237,289,4455,0.686868686868687,2100,6958,473,787,22,3158,21,1209,14,21
"697","2020-06-02",92,8,233,271,4455,0.686868686868687,2100,6958,473,787,23,3181,18,1227,18,18
"698","2020-06-03",93,8,235,251,4455,0.686868686868687,2100,6958,473,787,10,3191,25,1252,6,25
"699","2020-06-04",96,8,239,231,4455,0.686868686868687,2100,6958,473,787,10,3201,13,1265,5,13
"700","2020-06-05",80,8,241,227,4455,0.686868686868687,2100,6958,473,787,16,3217,9,1274,7,9
"701","2020-06-06",81,8,230,212,4455,0.686868686868687,2100,6958,473,787,17,3234,14,1288,11,14
"702","2020-06-07",75,8,235,202,4455,0.686868686868687,2100,6958,473,787,16,3250,10,1298,10,10
"703","2020-03-07",1,9,0,0,5570,0.961938958707361,2070,7149,568,451,NA,NA,NA,NA,NA,NA
"704","2020-03-08",1,9,0,0,5570,0.961938958707361,2070,7149,568,451,NA,NA,NA,NA,NA,NA
"705","2020-03-09",0,9,0,0,5570,0.961938958707361,2070,7149,568,451,NA,NA,NA,NA,NA,NA
"706","2020-03-10",0,9,0,0,5570,0.961938958707361,2070,7149,568,451,NA,NA,2,2,NA,2
"707","2020-03-11",0,9,0,0,5570,0.961938958707361,2070,7149,568,451,3,3,12,14,2,12
"708","2020-03-12",0,9,0,0,5570,0.961938958707361,2070,7149,568,451,5,8,10,24,NA,10
"709","2020-03-13",2,9,17,14,5570,0.961938958707361,2070,7149,568,451,5,13,3,27,3,3
"710","2020-03-14",2,9,25,24,5570,0.961938958707361,2070,7149,568,451,4,17,2,29,2,2
"711","2020-03-15",4,9,32,27,5570,0.961938958707361,2070,7149,568,451,7,24,13,42,4,13
"712","2020-03-16",7,9,30,40,5570,0.961938958707361,2070,7149,568,451,6,30,5,47,4,5
"713","2020-03-17",6,9,39,52,5570,0.961938958707361,2070,7149,568,451,9,39,21,68,8,21
"714","2020-03-18",11,9,39,62,5570,0.961938958707361,2070,7149,568,451,10,49,28,96,7,28
"715","2020-03-19",12,9,56,71,5570,0.961938958707361,2070,7149,568,451,15,64,15,111,11,15
"716","2020-03-20",19,9,51,85,5570,0.961938958707361,2070,7149,568,451,9,73,18,129,7,18
"717","2020-03-21",25,9,46,102,5570,0.961938958707361,2070,7149,568,451,25,98,15,144,21,15
"718","2020-03-22",33,9,40,119,5570,0.961938958707361,2070,7149,568,451,15,113,8,152,14,8
"719","2020-03-23",34,9,53,143,5570,0.961938958707361,2070,7149,568,451,11,124,11,163,9,11
"720","2020-03-24",35,9,57,167,5570,0.961938958707361,2070,7149,568,451,23,147,6,169,21,6
"721","2020-03-25",32,9,67,209,5570,0.961938958707361,2070,7149,568,451,23,170,21,190,22,21
"722","2020-03-26",37,9,83,241,5570,0.961938958707361,2070,7149,568,451,29,199,29,219,24,29
"723","2020-03-27",45,9,101,285,5570,0.961938958707361,2070,7149,568,451,27,226,13,232,24,13
"724","2020-03-28",82,9,110,332,5570,0.961938958707361,2070,7149,568,451,28,254,26,258,23,26
"725","2020-03-29",91,9,108,374,5570,0.961938958707361,2070,7149,568,451,31,285,27,285,26,27
"726","2020-03-30",92,9,113,433,5570,0.961938958707361,2070,7149,568,451,48,333,23,308,44,23
"727","2020-03-31",103,9,115,485,5570,0.961938958707361,2070,7149,568,451,39,372,35,343,34,35
"728","2020-04-01",119,9,108,563,5570,0.961938958707361,2070,7149,568,451,40,412,18,361,39,18
"729","2020-04-02",137,9,108,620,5570,0.961938958707361,2070,7149,568,451,65,477,19,380,62,19
"730","2020-04-03",187,9,100,673,5570,0.961938958707361,2070,7149,568,451,58,535,30,410,51,30
"731","2020-04-04",181,9,116,744,5570,0.961938958707361,2070,7149,568,451,52,587,15,425,50,15
"732","2020-04-05",206,9,122,828,5570,0.961938958707361,2070,7149,568,451,70,657,11,436,64,11
"733","2020-04-06",216,9,127,871,5570,0.961938958707361,2070,7149,568,451,88,745,21,457,85,21
"734","2020-04-07",228,9,115,918,5570,0.961938958707361,2070,7149,568,451,92,837,14,471,89,14
"735","2020-04-08",244,9,118,992,5570,0.961938958707361,2070,7149,568,451,80,917,9,480,79,9
"736","2020-04-09",255,9,93,1057,5570,0.961938958707361,2070,7149,568,451,117,1034,6,486,115,6
"737","2020-04-10",318,9,109,1119,5570,0.961938958707361,2070,7149,568,451,93,1127,9,495,85,9
"738","2020-04-11",388,9,105,1172,5570,0.961938958707361,2070,7149,568,451,116,1243,16,511,111,16
"739","2020-04-12",371,9,114,1227,5570,0.961938958707361,2070,7149,568,451,107,1350,31,542,102,31
"740","2020-04-13",373,9,115,1309,5570,0.961938958707361,2070,7149,568,451,133,1483,42,584,129,42
"741","2020-04-14",372,9,126,1412,5570,0.961938958707361,2070,7149,568,451,123,1606,19,603,121,19
"742","2020-04-15",384,9,126,1459,5570,0.961938958707361,2070,7149,568,451,132,1738,18,621,130,18
"743","2020-04-16",400,9,124,1505,5570,0.961938958707361,2070,7149,568,451,149,1887,39,660,144,39
"744","2020-04-17",492,9,124,1518,5570,0.961938958707361,2070,7149,568,451,131,2018,39,699,129,39
"745","2020-04-18",487,9,123,1552,5570,0.961938958707361,2070,7149,568,451,135,2153,28,727,132,28
"746","2020-04-19",496,9,115,1557,5570,0.961938958707361,2070,7149,568,451,110,2263,17,744,108,17
"747","2020-04-20",490,9,104,1595,5570,0.961938958707361,2070,7149,568,451,169,2432,25,769,167,25
"748","2020-04-21",493,9,90,1557,5570,0.961938958707361,2070,7149,568,451,143,2575,6,775,141,6
"749","2020-04-22",502,9,72,1567,5570,0.961938958707361,2070,7149,568,451,129,2704,13,788,127,13
"750","2020-04-23",513,9,73,1559,5570,0.961938958707361,2070,7149,568,451,145,2849,7,795,143,7
"751","2020-04-24",550,9,95,1558,5570,0.961938958707361,2070,7149,568,451,164,3013,2,797,163,2
"752","2020-04-25",555,9,114,1531,5570,0.961938958707361,2070,7149,568,451,131,3144,11,808,128,11
"753","2020-04-26",491,9,110,1489,5570,0.961938958707361,2070,7149,568,451,137,3281,29,837,134,29
"754","2020-04-27",494,9,102,1490,5570,0.961938958707361,2070,7149,568,451,139,3420,20,857,139,20
"755","2020-04-28",492,9,100,1428,5570,0.961938958707361,2070,7149,568,451,140,3560,35,892,137,35
"756","2020-04-29",494,9,118,1359,5570,0.961938958707361,2070,7149,568,451,106,3666,46,938,106,46
"757","2020-04-30",485,9,111,1310,5570,0.961938958707361,2070,7149,568,451,137,3803,21,959,137,21
"758","2020-05-01",479,9,118,1266,5570,0.961938958707361,2070,7149,568,451,105,3908,13,972,105,13
"759","2020-05-02",470,9,147,1221,5570,0.961938958707361,2070,7149,568,451,98,4006,37,1009,94,37
"760","2020-05-03",444,9,166,1154,5570,0.961938958707361,2070,7149,568,451,89,4095,37,1046,87,37
"761","2020-05-04",427,9,182,1090,5570,0.961938958707361,2070,7149,568,451,88,4183,42,1088,88,42
"762","2020-05-05",404,9,210,1077,5570,0.961938958707361,2070,7149,568,451,88,4271,17,1105,87,17
"763","2020-05-06",383,9,200,1037,5570,0.961938958707361,2070,7149,568,451,68,4339,51,1156,65,51
"764","2020-05-07",361,9,183,959,5570,0.961938958707361,2070,7149,568,451,82,4421,26,1182,81,26
"765","2020-05-08",353,9,165,885,5570,0.961938958707361,2070,7149,568,451,87,4508,14,1196,86,14
"766","2020-05-09",343,9,157,837,5570,0.961938958707361,2070,7149,568,451,72,4580,13,1209,68,13
"767","2020-05-10",313,9,135,752,5570,0.961938958707361,2070,7149,568,451,75,4655,13,1222,74,13
"768","2020-05-11",297,9,112,712,5570,0.961938958707361,2070,7149,568,451,54,4709,15,1237,53,15
"769","2020-05-12",284,9,101,647,5570,0.961938958707361,2070,7149,568,451,67,4776,2,1239,64,2
"770","2020-05-13",272,9,104,593,5570,0.961938958707361,2070,7149,568,451,48,4824,13,1252,48,13
"771","2020-05-14",263,9,106,561,5570,0.961938958707361,2070,7149,568,451,54,4878,31,1283,52,31
"772","2020-05-15",236,9,111,532,5570,0.961938958707361,2070,7149,568,451,46,4924,22,1305,43,22
"773","2020-05-16",217,9,94,493,5570,0.961938958707361,2070,7149,568,451,29,4953,37,1342,28,37
"774","2020-05-17",189,9,80,449,5570,0.961938958707361,2070,7149,568,451,29,4982,37,1379,28,37
"775","2020-05-18",169,9,79,402,5570,0.961938958707361,2070,7149,568,451,28,5010,24,1403,28,24
"776","2020-05-19",159,9,67,349,5570,0.961938958707361,2070,7149,568,451,16,5026,38,1441,16,38
"777","2020-05-20",146,9,66,314,5570,0.961938958707361,2070,7149,568,451,25,5051,42,1483,24,42
"778","2020-05-21",136,9,77,294,5570,0.961938958707361,2070,7149,568,451,19,5070,50,1533,19,50
"779","2020-05-22",113,9,87,271,5570,0.961938958707361,2070,7149,568,451,18,5088,30,1563,18,30
"780","2020-05-23",97,9,87,255,5570,0.961938958707361,2070,7149,568,451,23,5111,18,1581,21,18
"781","2020-05-24",86,9,91,238,5570,0.961938958707361,2070,7149,568,451,14,5125,23,1604,14,23
"782","2020-05-25",90,9,84,225,5570,0.961938958707361,2070,7149,568,451,14,5139,28,1632,13,28
"783","2020-05-26",82,9,86,210,5570,0.961938958707361,2070,7149,568,451,11,5150,42,1674,9,42
"784","2020-05-27",80,9,74,207,5570,0.961938958707361,2070,7149,568,451,15,5165,10,1684,13,10
"785","2020-05-28",72,9,57,194,5570,0.961938958707361,2070,7149,568,451,12,5177,31,1715,10,31
"786","2020-05-29",65,9,53,170,5570,0.961938958707361,2070,7149,568,451,14,5191,20,1735,14,20
"787","2020-05-30",69,9,43,154,5570,0.961938958707361,2070,7149,568,451,14,5205,26,1761,11,26
"788","2020-05-31",65,9,39,136,5570,0.961938958707361,2070,7149,568,451,10,5215,12,1773,9,12
"789","2020-06-01",62,9,40,136,5570,0.961938958707361,2070,7149,568,451,10,5225,11,1784,8,11
"790","2020-06-02",56,9,35,131,5570,0.961938958707361,2070,7149,568,451,9,5234,22,1806,9,22
"791","2020-06-03",52,9,50,122,5570,0.961938958707361,2070,7149,568,451,10,5244,27,1833,10,27
"792","2020-06-04",52,9,60,110,5570,0.961938958707361,2070,7149,568,451,6,5250,17,1850,6,17
"793","2020-06-05",47,9,52,101,5570,0.961938958707361,2070,7149,568,451,5,5255,16,1866,4,16
"794","2020-06-06",41,9,54,95,5570,0.961938958707361,2070,7149,568,451,6,5261,16,1882,6,16
"795","2020-06-07",38,9,41,88,5570,0.961938958707361,2070,7149,568,451,5,5266,7,1889,4,7
"796","2020-03-14",1,10,35,18,5677,0.946979038224414,2055,7178,665,639,13,56,3,17,2,3
"797","2020-03-15",2,10,35,22,5677,0.946979038224414,2055,7178,665,639,22,78,4,21,6,4
"798","2020-03-16",2,10,38,32,5677,0.946979038224414,2055,7178,665,639,34,112,9,30,15,9
"799","2020-03-17",3,10,37,39,5677,0.946979038224414,2055,7178,665,639,31,143,9,39,15,9
"800","2020-03-18",5,10,37,49,5677,0.946979038224414,2055,7178,665,639,22,165,8,47,12,8
"801","2020-03-19",11,10,32,60,5677,0.946979038224414,2055,7178,665,639,34,199,15,62,21,15
"802","2020-03-20",13,10,45,74,5677,0.946979038224414,2055,7178,665,639,43,242,12,74,35,12
"803","2020-03-21",16,10,52,85,5677,0.946979038224414,2055,7178,665,639,29,271,10,84,23,10
"804","2020-03-22",21,10,55,103,5677,0.946979038224414,2055,7178,665,639,49,320,9,93,35,9
"805","2020-03-23",23,10,50,120,5677,0.946979038224414,2055,7178,665,639,44,364,9,102,36,9
"806","2020-03-24",25,10,48,137,5677,0.946979038224414,2055,7178,665,639,54,418,15,117,44,15
"807","2020-03-25",28,10,63,143,5677,0.946979038224414,2055,7178,665,639,52,470,14,131,40,14
"808","2020-03-26",27,10,64,167,5677,0.946979038224414,2055,7178,665,639,55,525,16,147,47,16
"809","2020-03-27",38,10,63,190,5677,0.946979038224414,2055,7178,665,639,59,584,28,175,44,28
"810","2020-03-28",57,10,68,208,5677,0.946979038224414,2055,7178,665,639,63,647,14,189,56,14
"811","2020-03-29",59,10,63,238,5677,0.946979038224414,2055,7178,665,639,68,715,3,192,58,3
"812","2020-03-30",60,10,56,270,5677,0.946979038224414,2055,7178,665,639,68,783,10,202,63,10
"813","2020-03-31",65,10,65,307,5677,0.946979038224414,2055,7178,665,639,88,871,14,216,78,14
"814","2020-04-01",69,10,59,334,5677,0.946979038224414,2055,7178,665,639,85,956,13,229,74,13
"815","2020-04-02",74,10,68,361,5677,0.946979038224414,2055,7178,665,639,88,1044,11,240,77,11
"816","2020-04-03",91,10,66,394,5677,0.946979038224414,2055,7178,665,639,64,1108,7,247,52,7
"817","2020-04-04",114,10,72,434,5677,0.946979038224414,2055,7178,665,639,92,1200,12,259,79,12
"818","2020-04-05",118,10,72,486,5677,0.946979038224414,2055,7178,665,639,80,1280,29,288,67,29
"819","2020-04-06",113,10,83,541,5677,0.946979038224414,2055,7178,665,639,62,1342,22,310,52,22
"820","2020-04-07",119,10,95,592,5677,0.946979038224414,2055,7178,665,639,97,1439,28,338,90,28
"821","2020-04-08",132,10,95,646,5677,0.946979038224414,2055,7178,665,639,57,1496,16,354,46,16
"822","2020-04-09",139,10,108,690,5677,0.946979038224414,2055,7178,665,639,93,1589,20,374,82,20
"823","2020-04-10",178,10,112,769,5677,0.946979038224414,2055,7178,665,639,112,1701,29,403,100,29
"824","2020-04-11",195,10,111,851,5677,0.946979038224414,2055,7178,665,639,70,1771,14,417,57,14
"825","2020-04-12",253,10,108,921,5677,0.946979038224414,2055,7178,665,639,72,1843,20,437,56,20
"826","2020-04-13",276,10,117,983,5677,0.946979038224414,2055,7178,665,639,92,1935,22,459,80,22
"827","2020-04-14",265,10,146,1031,5677,0.946979038224414,2055,7178,665,639,93,2028,11,470,81,11
"828","2020-04-15",277,10,133,1100,5677,0.946979038224414,2055,7178,665,639,102,2130,8,478,85,8
"829","2020-04-16",307,10,133,1192,5677,0.946979038224414,2055,7178,665,639,75,2205,16,494,60,16
"830","2020-04-17",383,10,157,1229,5677,0.946979038224414,2055,7178,665,639,83,2288,28,522,71,28
"831","2020-04-18",394,10,167,1313,5677,0.946979038224414,2055,7178,665,639,94,2382,25,547,77,25
"832","2020-04-19",374,10,153,1369,5677,0.946979038224414,2055,7178,665,639,87,2469,18,565,75,18
"833","2020-04-20",383,10,137,1447,5677,0.946979038224414,2055,7178,665,639,80,2549,19,584,66,19
"834","2020-04-21",404,10,139,1478,5677,0.946979038224414,2055,7178,665,639,93,2642,19,603,75,19
"835","2020-04-22",429,10,126,1563,5677,0.946979038224414,2055,7178,665,639,87,2729,23,626,81,23
"836","2020-04-23",440,10,142,1598,5677,0.946979038224414,2055,7178,665,639,87,2816,17,643,71,17
"837","2020-04-24",525,10,156,1633,5677,0.946979038224414,2055,7178,665,639,71,2887,21,664,62,21
"838","2020-04-25",553,10,147,1660,5677,0.946979038224414,2055,7178,665,639,107,2994,17,681,95,17
"839","2020-04-26",524,10,140,1648,5677,0.946979038224414,2055,7178,665,639,70,3064,31,712,62,31
"840","2020-04-27",519,10,152,1659,5677,0.946979038224414,2055,7178,665,639,92,3156,35,747,80,35
"841","2020-04-28",529,10,144,1650,5677,0.946979038224414,2055,7178,665,639,85,3241,21,768,73,21
"842","2020-04-29",533,10,127,1661,5677,0.946979038224414,2055,7178,665,639,62,3303,16,784,55,16
"843","2020-04-30",526,10,142,1604,5677,0.946979038224414,2055,7178,665,639,74,3377,22,806,60,22
"844","2020-05-01",580,10,151,1584,5677,0.946979038224414,2055,7178,665,639,51,3428,16,822,43,16
"845","2020-05-02",595,10,149,1540,5677,0.946979038224414,2055,7178,665,639,57,3485,18,840,49,18
"846","2020-05-03",546,10,162,1503,5677,0.946979038224414,2055,7178,665,639,76,3561,15,855,65,15
"847","2020-05-04",527,10,161,1454,5677,0.946979038224414,2055,7178,665,639,63,3624,14,869,51,14
"848","2020-05-05",509,10,173,1409,5677,0.946979038224414,2055,7178,665,639,59,3683,10,879,50,10
"849","2020-05-06",503,10,169,1355,5677,0.946979038224414,2055,7178,665,639,51,3734,13,892,40,13
"850","2020-05-07",496,10,156,1304,5677,0.946979038224414,2055,7178,665,639,49,3783,28,920,41,28
"851","2020-05-08",506,10,152,1246,5677,0.946979038224414,2055,7178,665,639,56,3839,17,937,45,17
"852","2020-05-09",464,10,152,1165,5677,0.946979038224414,2055,7178,665,639,38,3877,9,946,29,9
"853","2020-05-10",409,10,151,1072,5677,0.946979038224414,2055,7178,665,639,44,3921,10,956,35,10
"854","2020-05-11",412,10,152,982,5677,0.946979038224414,2055,7178,665,639,40,3961,12,968,36,12
"855","2020-05-12",389,10,148,916,5677,0.946979038224414,2055,7178,665,639,26,3987,17,985,19,17
"856","2020-05-13",367,10,143,853,5677,0.946979038224414,2055,7178,665,639,35,4022,24,1009,27,24
"857","2020-05-14",364,10,121,787,5677,0.946979038224414,2055,7178,665,639,46,4068,25,1034,36,25
"858","2020-05-15",308,10,136,740,5677,0.946979038224414,2055,7178,665,639,39,4107,22,1056,30,22
"859","2020-05-16",292,10,132,680,5677,0.946979038224414,2055,7178,665,639,27,4134,14,1070,16,14
"860","2020-05-17",263,10,139,613,5677,0.946979038224414,2055,7178,665,639,25,4159,11,1081,16,11
"861","2020-05-18",240,10,144,573,5677,0.946979038224414,2055,7178,665,639,36,4195,13,1094,26,13
"862","2020-05-19",234,10,144,528,5677,0.946979038224414,2055,7178,665,639,16,4211,6,1100,10,6
"863","2020-05-20",217,10,144,468,5677,0.946979038224414,2055,7178,665,639,27,4238,9,1109,22,9
"864","2020-05-21",190,10,148,424,5677,0.946979038224414,2055,7178,665,639,28,4266,9,1118,20,9
"865","2020-05-22",158,10,156,388,5677,0.946979038224414,2055,7178,665,639,33,4299,16,1134,25,16
"866","2020-05-23",143,10,147,339,5677,0.946979038224414,2055,7178,665,639,25,4324,14,1148,21,14
"867","2020-05-24",125,10,134,309,5677,0.946979038224414,2055,7178,665,639,17,4341,10,1158,12,10
"868","2020-05-25",113,10,124,285,5677,0.946979038224414,2055,7178,665,639,16,4357,12,1170,11,12
"869","2020-05-26",103,10,108,273,5677,0.946979038224414,2055,7178,665,639,32,4389,12,1182,24,12
"870","2020-05-27",98,10,102,251,5677,0.946979038224414,2055,7178,665,639,12,4401,5,1187,8,5
"871","2020-05-28",95,10,100,238,5677,0.946979038224414,2055,7178,665,639,25,4426,4,1191,21,4
"872","2020-05-29",92,10,91,215,5677,0.946979038224414,2055,7178,665,639,16,4442,4,1195,13,4
"873","2020-05-30",100,10,100,200,5677,0.946979038224414,2055,7178,665,639,18,4460,2,1197,12,2
"874","2020-05-31",88,10,100,180,5677,0.946979038224414,2055,7178,665,639,19,4479,2,1199,16,2
"875","2020-06-01",84,10,91,175,5677,0.946979038224414,2055,7178,665,639,12,4491,11,1210,9,11
"876","2020-06-02",80,10,91,165,5677,0.946979038224414,2055,7178,665,639,14,4505,12,1222,9,12
"877","2020-06-03",72,10,99,159,5677,0.946979038224414,2055,7178,665,639,16,4521,7,1229,11,7
"878","2020-06-04",67,10,99,141,5677,0.946979038224414,2055,7178,665,639,11,4532,7,1236,7,7
"879","2020-06-05",57,10,98,125,5677,0.946979038224414,2055,7178,665,639,11,4543,10,1246,11,10
"880","2020-06-06",49,10,87,125,5677,0.946979038224414,2055,7178,665,639,12,4555,2,1248,10,2
"881","2020-06-07",46,10,77,120,5677,0.946979038224414,2055,7178,665,639,15,4570,4,1252,11,4
"882","2020-03-12",1,11,24,36,5793,0.800103573278094,2115,7478,584,512,23,37,9,23,5,9
"883","2020-03-13",5,11,30,56,5793,0.800103573278094,2115,7478,584,512,19,56,18,41,3,18
"884","2020-03-14",10,11,24,70,5793,0.800103573278094,2115,7478,584,512,30,86,21,62,11,21
"885","2020-03-15",8,11,43,86,5793,0.800103573278094,2115,7478,584,512,30,116,24,86,12,24
"886","2020-03-16",10,11,62,114,5793,0.800103573278094,2115,7478,584,512,34,150,13,99,15,13
"887","2020-03-17",16,11,51,144,5793,0.800103573278094,2115,7478,584,512,43,193,12,111,22,12
"888","2020-03-18",20,11,51,173,5793,0.800103573278094,2115,7478,584,512,56,249,22,133,25,22
"889","2020-03-19",23,11,50,200,5793,0.800103573278094,2115,7478,584,512,42,291,22,155,28,22
"890","2020-03-20",34,11,58,243,5793,0.800103573278094,2115,7478,584,512,69,360,30,185,47,30
"891","2020-03-21",48,11,66,270,5793,0.800103573278094,2115,7478,584,512,56,416,21,206,41,21
"892","2020-03-22",63,11,65,323,5793,0.800103573278094,2115,7478,584,512,55,471,25,231,39,25
"893","2020-03-23",63,11,78,368,5793,0.800103573278094,2115,7478,584,512,76,547,30,261,60,30
"894","2020-03-24",70,11,83,433,5793,0.800103573278094,2115,7478,584,512,58,605,30,291,39,30
"895","2020-03-25",96,11,86,468,5793,0.800103573278094,2115,7478,584,512,71,676,32,323,48,32
"896","2020-03-26",110,11,95,512,5793,0.800103573278094,2115,7478,584,512,73,749,44,367,52,44
"897","2020-03-27",147,11,109,555,5793,0.800103573278094,2115,7478,584,512,84,833,45,412,64,45
"898","2020-03-28",191,11,111,634,5793,0.800103573278094,2115,7478,584,512,84,917,40,452,55,40
"899","2020-03-29",195,11,127,675,5793,0.800103573278094,2115,7478,584,512,82,999,30,482,62,30
"900","2020-03-30",193,11,126,714,5793,0.800103573278094,2115,7478,584,512,81,1080,33,515,61,33
"901","2020-03-31",204,11,116,773,5793,0.800103573278094,2115,7478,584,512,71,1151,47,562,52,47
"902","2020-04-01",200,11,133,801,5793,0.800103573278094,2115,7478,584,512,79,1230,44,606,61,44
"903","2020-04-02",214,11,137,844,5793,0.800103573278094,2115,7478,584,512,91,1321,33,639,63,33
"904","2020-04-03",259,11,135,887,5793,0.800103573278094,2115,7478,584,512,89,1410,40,679,59,40
"905","2020-04-04",269,11,113,946,5793,0.800103573278094,2115,7478,584,512,95,1505,44,723,72,44
"906","2020-04-05",261,11,93,1006,5793,0.800103573278094,2115,7478,584,512,77,1582,55,778,54,55
"907","2020-04-06",271,11,85,1030,5793,0.800103573278094,2115,7478,584,512,86,1668,47,825,63,47
"908","2020-04-07",267,11,87,1087,5793,0.800103573278094,2115,7478,584,512,94,1762,35,860,70,35
"909","2020-04-08",286,11,111,1139,5793,0.800103573278094,2115,7478,584,512,72,1834,23,883,54,23
"910","2020-04-09",295,11,131,1182,5793,0.800103573278094,2115,7478,584,512,80,1914,25,908,57,25
"911","2020-04-10",355,11,126,1213,5793,0.800103573278094,2115,7478,584,512,80,1994,47,955,65,47
"912","2020-04-11",397,11,111,1257,5793,0.800103573278094,2115,7478,584,512,77,2071,35,990,56,35
"913","2020-04-12",415,11,109,1306,5793,0.800103573278094,2115,7478,584,512,80,2151,28,1018,56,28
"914","2020-04-13",418,11,110,1356,5793,0.800103573278094,2115,7478,584,512,84,2235,47,1065,62,47
"915","2020-04-14",431,11,115,1382,5793,0.800103573278094,2115,7478,584,512,62,2297,46,1111,44,46
"916","2020-04-15",434,11,118,1418,5793,0.800103573278094,2115,7478,584,512,71,2368,53,1164,54,53
"917","2020-04-16",443,11,117,1438,5793,0.800103573278094,2115,7478,584,512,57,2425,43,1207,41,43
"918","2020-04-17",519,11,128,1442,5793,0.800103573278094,2115,7478,584,512,69,2494,28,1235,52,28
"919","2020-04-18",496,11,130,1481,5793,0.800103573278094,2115,7478,584,512,87,2581,29,1264,67,29
"920","2020-04-19",514,11,145,1441,5793,0.800103573278094,2115,7478,584,512,60,2641,24,1288,37,24
"921","2020-04-20",500,11,148,1454,5793,0.800103573278094,2115,7478,584,512,79,2720,28,1316,54,28
"922","2020-04-21",492,11,160,1427,5793,0.800103573278094,2115,7478,584,512,58,2778,28,1344,47,28
"923","2020-04-22",492,11,157,1398,5793,0.800103573278094,2115,7478,584,512,75,2853,32,1376,54,32
"924","2020-04-23",491,11,163,1361,5793,0.800103573278094,2115,7478,584,512,68,2921,53,1429,46,53
"925","2020-04-24",511,11,154,1355,5793,0.800103573278094,2115,7478,584,512,60,2981,57,1486,38,57
"926","2020-04-25",505,11,150,1317,5793,0.800103573278094,2115,7478,584,512,56,3037,45,1531,38,45
"927","2020-04-26",435,11,147,1281,5793,0.800103573278094,2115,7478,584,512,52,3089,30,1561,31,30
"928","2020-04-27",446,11,136,1241,5793,0.800103573278094,2115,7478,584,512,57,3146,36,1597,34,36
"929","2020-04-28",440,11,119,1205,5793,0.800103573278094,2115,7478,584,512,61,3207,26,1623,42,26
"930","2020-04-29",422,11,145,1169,5793,0.800103573278094,2115,7478,584,512,37,3244,49,1672,28,49
"931","2020-04-30",408,11,168,1098,5793,0.800103573278094,2115,7478,584,512,57,3301,56,1728,34,56
"932","2020-05-01",373,11,172,1046,5793,0.800103573278094,2115,7478,584,512,63,3364,51,1779,46,51
"933","2020-05-02",379,11,170,956,5793,0.800103573278094,2115,7478,584,512,62,3426,47,1826,35,47
"934","2020-05-03",348,11,179,921,5793,0.800103573278094,2115,7478,584,512,64,3490,40,1866,42,40
"935","2020-05-04",330,11,179,856,5793,0.800103573278094,2115,7478,584,512,68,3558,28,1894,48,28
"936","2020-05-05",303,11,180,820,5793,0.800103573278094,2115,7478,584,512,52,3610,45,1939,35,45
"937","2020-05-06",291,11,169,782,5793,0.800103573278094,2115,7478,584,512,44,3654,40,1979,26,40
"938","2020-05-07",275,11,172,731,5793,0.800103573278094,2115,7478,584,512,47,3701,52,2031,33,52
"939","2020-05-08",274,11,162,677,5793,0.800103573278094,2115,7478,584,512,59,3760,45,2076,38,45
"940","2020-05-09",250,11,153,655,5793,0.800103573278094,2115,7478,584,512,43,3803,45,2121,34,45
"941","2020-05-10",224,11,141,613,5793,0.800103573278094,2115,7478,584,512,53,3856,37,2158,39,37
"942","2020-05-11",224,11,136,594,5793,0.800103573278094,2115,7478,584,512,48,3904,34,2192,30,34
"943","2020-05-12",208,11,144,557,5793,0.800103573278094,2115,7478,584,512,40,3944,48,2240,26,48
"944","2020-05-13",208,11,138,528,5793,0.800103573278094,2115,7478,584,512,54,3998,53,2293,33,53
"945","2020-05-14",207,11,153,501,5793,0.800103573278094,2115,7478,584,512,45,4043,50,2343,26,50
"946","2020-05-15",182,11,159,458,5793,0.800103573278094,2115,7478,584,512,33,4076,47,2390,24,47
"947","2020-05-16",179,11,160,428,5793,0.800103573278094,2115,7478,584,512,43,4119,24,2414,30,24
"948","2020-05-17",155,11,147,406,5793,0.800103573278094,2115,7478,584,512,52,4171,47,2461,33,47
"949","2020-05-18",136,11,147,373,5793,0.800103573278094,2115,7478,584,512,32,4203,46,2507,18,46
"950","2020-05-19",131,11,158,344,5793,0.800103573278094,2115,7478,584,512,33,4236,42,2549,15,42
"951","2020-05-20",127,11,139,330,5793,0.800103573278094,2115,7478,584,512,36,4272,45,2594,20,45
"952","2020-05-21",119,11,129,327,5793,0.800103573278094,2115,7478,584,512,14,4286,32,2626,6,32
"953","2020-05-22",115,11,131,305,5793,0.800103573278094,2115,7478,584,512,40,4326,52,2678,23,52
"954","2020-05-23",108,11,124,288,5793,0.800103573278094,2115,7478,584,512,45,4371,38,2716,33,38
"955","2020-05-24",104,11,135,269,5793,0.800103573278094,2115,7478,584,512,24,4395,32,2748,14,32
"956","2020-05-25",99,11,134,252,5793,0.800103573278094,2115,7478,584,512,26,4421,52,2800,16,52
"957","2020-05-26",96,11,125,244,5793,0.800103573278094,2115,7478,584,512,35,4456,40,2840,23,40
"958","2020-05-27",86,11,133,237,5793,0.800103573278094,2115,7478,584,512,22,4478,42,2882,15,42
"959","2020-05-28",83,11,122,226,5793,0.800103573278094,2115,7478,584,512,18,4496,39,2921,11,39
"960","2020-05-29",79,11,112,208,5793,0.800103573278094,2115,7478,584,512,17,4513,43,2964,10,43
"961","2020-05-30",70,11,89,197,5793,0.800103573278094,2115,7478,584,512,22,4535,23,2987,15,23
"962","2020-05-31",65,11,95,189,5793,0.800103573278094,2115,7478,584,512,22,4557,25,3012,11,25
"963","2020-06-01",64,11,89,180,5793,0.800103573278094,2115,7478,584,512,20,4577,35,3047,12,35
"964","2020-06-02",64,11,79,168,5793,0.800103573278094,2115,7478,584,512,25,4602,39,3086,23,39
"965","2020-06-03",66,11,78,169,5793,0.800103573278094,2115,7478,584,512,9,4611,37,3123,6,37
"966","2020-06-04",65,11,72,152,5793,0.800103573278094,2115,7478,584,512,21,4632,41,3164,12,41
"967","2020-06-05",67,11,84,146,5793,0.800103573278094,2115,7478,584,512,13,4645,33,3197,9,33
"968","2020-06-06",67,11,77,140,5793,0.800103573278094,2115,7478,584,512,13,4658,32,3229,8,32
"969","2020-06-07",59,11,75,136,5793,0.800103573278094,2115,7478,584,512,13,4671,45,3274,7,45
"970","2020-03-07",1,12,0,0,3813,0.572252819302387,2100,6614,421,502,NA,NA,NA,NA,NA,NA
"971","2020-03-08",1,12,0,0,3813,0.572252819302387,2100,6614,421,502,NA,NA,NA,NA,NA,NA
"972","2020-03-09",0,12,0,0,3813,0.572252819302387,2100,6614,421,502,NA,NA,NA,NA,NA,NA
"973","2020-03-10",0,12,0,0,3813,0.572252819302387,2100,6614,421,502,NA,NA,NA,NA,NA,NA
"974","2020-03-11",0,12,0,0,3813,0.572252819302387,2100,6614,421,502,12,12,14,14,NA,14
"975","2020-03-12",0,12,0,0,3813,0.572252819302387,2100,6614,421,502,9,21,8,22,3,8
"976","2020-03-13",0,12,0,0,3813,0.572252819302387,2100,6614,421,502,13,34,8,30,2,8
"977","2020-03-14",2,12,40,95,3813,0.572252819302387,2100,6614,421,502,11,45,5,35,3,5
"978","2020-03-15",12,12,44,123,3813,0.572252819302387,2100,6614,421,502,16,61,5,40,10,5
"979","2020-03-16",19,12,48,154,3813,0.572252819302387,2100,6614,421,502,16,77,8,48,8,8
"980","2020-03-17",16,12,51,177,3813,0.572252819302387,2100,6614,421,502,26,103,5,53,13,5
"981","2020-03-18",21,12,54,215,3813,0.572252819302387,2100,6614,421,502,22,125,5,58,13,5
"982","2020-03-19",27,12,52,243,3813,0.572252819302387,2100,6614,421,502,31,156,4,62,21,4
"983","2020-03-20",46,12,55,269,3813,0.572252819302387,2100,6614,421,502,36,192,21,83,24,21
"984","2020-03-21",57,12,62,302,3813,0.572252819302387,2100,6614,421,502,41,233,14,97,34,14
"985","2020-03-22",67,12,66,325,3813,0.572252819302387,2100,6614,421,502,19,252,6,103,14,6
"986","2020-03-23",71,12,74,356,3813,0.572252819302387,2100,6614,421,502,48,300,17,120,41,17
"987","2020-03-24",82,12,63,387,3813,0.572252819302387,2100,6614,421,502,36,336,16,136,21,16
"988","2020-03-25",92,12,82,403,3813,0.572252819302387,2100,6614,421,502,36,372,12,148,28,12
"989","2020-03-26",106,12,91,412,3813,0.572252819302387,2100,6614,421,502,41,413,12,160,38,12
"990","2020-03-27",132,12,103,423,3813,0.572252819302387,2100,6614,421,502,40,453,11,171,33,11
"991","2020-03-28",156,12,115,447,3813,0.572252819302387,2100,6614,421,502,64,517,12,183,58,12
"992","2020-03-29",168,12,115,471,3813,0.572252819302387,2100,6614,421,502,57,574,7,190,44,7
"993","2020-03-30",159,12,111,490,3813,0.572252819302387,2100,6614,421,502,45,619,17,207,34,17
"994","2020-03-31",147,12,105,506,3813,0.572252819302387,2100,6614,421,502,65,684,10,217,53,10
"995","2020-04-01",155,12,105,518,3813,0.572252819302387,2100,6614,421,502,53,737,20,237,40,20
"996","2020-04-02",149,12,94,542,3813,0.572252819302387,2100,6614,421,502,77,814,26,263,57,26
"997","2020-04-03",161,12,102,562,3813,0.572252819302387,2100,6614,421,502,76,890,5,268,62,5
"998","2020-04-04",165,12,92,600,3813,0.572252819302387,2100,6614,421,502,98,988,8,276,78,8
"999","2020-04-05",174,12,83,623,3813,0.572252819302387,2100,6614,421,502,58,1046,15,291,49,15
"1000","2020-04-06",177,12,73,612,3813,0.572252819302387,2100,6614,421,502,60,1106,5,296,47,5
"1001","2020-04-07",176,12,74,616,3813,0.572252819302387,2100,6614,421,502,88,1194,6,302,72,6
"1002","2020-04-08",176,12,91,617,3813,0.572252819302387,2100,6614,421,502,78,1272,20,322,65,20
"1003","2020-04-09",183,12,106,635,3813,0.572252819302387,2100,6614,421,502,72,1344,23,345,63,23
"1004","2020-04-10",205,12,98,658,3813,0.572252819302387,2100,6614,421,502,68,1412,14,359,58,14
"1005","2020-04-11",224,12,102,661,3813,0.572252819302387,2100,6614,421,502,82,1494,14,373,75,14
"1006","2020-04-12",208,12,105,650,3813,0.572252819302387,2100,6614,421,502,74,1568,27,400,64,27
"1007","2020-04-13",206,12,104,647,3813,0.572252819302387,2100,6614,421,502,77,1645,8,408,70,8
"1008","2020-04-14",210,12,105,668,3813,0.572252819302387,2100,6614,421,502,70,1715,7,415,65,7
"1009","2020-04-15",212,12,108,676,3813,0.572252819302387,2100,6614,421,502,83,1798,29,444,72,29
"1010","2020-04-16",218,12,105,684,3813,0.572252819302387,2100,6614,421,502,93,1891,26,470,81,26
"1011","2020-04-17",224,12,113,695,3813,0.572252819302387,2100,6614,421,502,55,1946,15,485,46,15
"1012","2020-04-18",244,12,120,699,3813,0.572252819302387,2100,6614,421,502,71,2017,21,506,64,21
"1013","2020-04-19",248,12,141,671,3813,0.572252819302387,2100,6614,421,502,82,2099,11,517,71,11
"1014","2020-04-20",241,12,138,694,3813,0.572252819302387,2100,6614,421,502,82,2181,26,543,70,26
"1015","2020-04-21",241,12,131,703,3813,0.572252819302387,2100,6614,421,502,65,2246,30,573,59,30
"1016","2020-04-22",243,12,114,701,3813,0.572252819302387,2100,6614,421,502,57,2303,27,600,51,27
"1017","2020-04-23",243,12,107,706,3813,0.572252819302387,2100,6614,421,502,66,2369,13,613,53,13
"1018","2020-04-24",253,12,110,691,3813,0.572252819302387,2100,6614,421,502,69,2438,28,641,59,28
"1019","2020-04-25",245,12,111,675,3813,0.572252819302387,2100,6614,421,502,73,2511,20,661,60,20
"1020","2020-04-26",227,12,126,678,3813,0.572252819302387,2100,6614,421,502,67,2578,8,669,56,8
"1021","2020-04-27",218,12,131,652,3813,0.572252819302387,2100,6614,421,502,56,2634,28,697,52,28
"1022","2020-04-28",225,12,125,635,3813,0.572252819302387,2100,6614,421,502,50,2684,30,727,41,30
"1023","2020-04-29",223,12,123,614,3813,0.572252819302387,2100,6614,421,502,51,2735,45,772,46,45
"1024","2020-04-30",210,12,141,591,3813,0.572252819302387,2100,6614,421,502,59,2794,30,802,51,30
"1025","2020-05-01",198,12,140,572,3813,0.572252819302387,2100,6614,421,502,48,2842,20,822,42,20
"1026","2020-05-02",192,12,142,559,3813,0.572252819302387,2100,6614,421,502,42,2884,17,839,35,17
"1027","2020-05-03",191,12,138,541,3813,0.572252819302387,2100,6614,421,502,53,2937,11,850,42,11
"1028","2020-05-04",188,12,131,530,3813,0.572252819302387,2100,6614,421,502,55,2992,15,865,48,15
"1029","2020-05-05",180,12,114,509,3813,0.572252819302387,2100,6614,421,502,43,3035,27,892,38,27
"1030","2020-05-06",173,12,116,492,3813,0.572252819302387,2100,6614,421,502,63,3098,28,920,53,28
"1031","2020-05-07",183,12,117,491,3813,0.572252819302387,2100,6614,421,502,42,3140,24,944,38,24
"1032","2020-05-08",179,12,102,483,3813,0.572252819302387,2100,6614,421,502,55,3195,35,979,45,35
"1033","2020-05-09",178,12,111,465,3813,0.572252819302387,2100,6614,421,502,35,3230,20,999,29,20
"1034","2020-05-10",159,12,128,450,3813,0.572252819302387,2100,6614,421,502,40,3270,6,1005,33,6
"1035","2020-05-11",149,12,122,458,3813,0.572252819302387,2100,6614,421,502,50,3320,8,1013,39,8
"1036","2020-05-12",142,12,128,450,3813,0.572252819302387,2100,6614,421,502,29,3349,5,1018,25,5
"1037","2020-05-13",135,12,135,435,3813,0.572252819302387,2100,6614,421,502,36,3385,4,1022,32,4
"1038","2020-05-14",137,12,140,423,3813,0.572252819302387,2100,6614,421,502,34,3419,30,1052,29,30
"1039","2020-05-15",131,12,150,420,3813,0.572252819302387,2100,6614,421,502,32,3451,10,1062,29,10
"1040","2020-05-16",146,12,166,405,3813,0.572252819302387,2100,6614,421,502,29,3480,30,1092,25,30
"1041","2020-05-17",145,12,170,387,3813,0.572252819302387,2100,6614,421,502,36,3516,32,1124,30,32
"1042","2020-05-18",136,12,167,378,3813,0.572252819302387,2100,6614,421,502,35,3551,22,1146,25,22
"1043","2020-05-19",135,12,150,375,3813,0.572252819302387,2100,6614,421,502,37,3588,14,1160,31,14
"1044","2020-05-20",135,12,140,363,3813,0.572252819302387,2100,6614,421,502,28,3616,26,1186,20,26
"1045","2020-05-21",126,12,137,351,3813,0.572252819302387,2100,6614,421,502,28,3644,20,1206,24,20
"1046","2020-05-22",133,12,131,337,3813,0.572252819302387,2100,6614,421,502,23,3667,22,1228,17,22
"1047","2020-05-23",121,12,130,321,3813,0.572252819302387,2100,6614,421,502,34,3701,9,1237,30,9
"1048","2020-05-24",107,12,143,305,3813,0.572252819302387,2100,6614,421,502,27,3728,19,1256,19,19
"1049","2020-05-25",103,12,132,316,3813,0.572252819302387,2100,6614,421,502,23,3751,19,1275,20,19
"1050","2020-05-26",96,12,134,309,3813,0.572252819302387,2100,6614,421,502,24,3775,20,1295,18,20
"1051","2020-05-27",96,12,130,296,3813,0.572252819302387,2100,6614,421,502,31,3806,14,1309,28,14
"1052","2020-05-28",86,12,133,281,3813,0.572252819302387,2100,6614,421,502,23,3829,14,1323,15,14
"1053","2020-05-29",93,12,121,270,3813,0.572252819302387,2100,6614,421,502,23,3852,15,1338,20,15
"1054","2020-05-30",94,12,116,262,3813,0.572252819302387,2100,6614,421,502,23,3875,25,1363,15,25
"1055","2020-05-31",99,12,106,253,3813,0.572252819302387,2100,6614,421,502,23,3898,11,1374,20,11
"1056","2020-06-01",91,12,106,243,3813,0.572252819302387,2100,6614,421,502,14,3912,9,1383,10,9
"1057","2020-06-02",90,12,99,234,3813,0.572252819302387,2100,6614,421,502,16,3928,12,1395,11,12
"1058","2020-06-03",85,12,104,214,3813,0.572252819302387,2100,6614,421,502,14,3942,14,1409,11,14
"1059","2020-06-04",87,12,103,204,3813,0.572252819302387,2100,6614,421,502,24,3966,19,1428,19,19
"1060","2020-06-05",80,12,109,193,3813,0.572252819302387,2100,6614,421,502,11,3977,16,1444,8,16
"1061","2020-06-06",82,12,118,189,3813,0.572252819302387,2100,6614,421,502,10,3987,25,1469,7,25
"1062","2020-06-07",69,12,118,180,3813,0.572252819302387,2100,6614,421,502,11,3998,11,1480,10,11
"1063","2020-03-13",2,13,15,15,5665,0.91721094439541,2010,6884,698,450,11,30,5,8,2,5
"1064","2020-03-14",2,13,19,25,5665,0.91721094439541,2010,6884,698,450,10,40,4,12,2,4
"1065","2020-03-15",5,13,27,39,5665,0.91721094439541,2010,6884,698,450,18,58,16,28,4,16
"1066","2020-03-16",6,13,29,46,5665,0.91721094439541,2010,6884,698,450,14,72,5,33,3,5
"1067","2020-03-17",6,13,30,57,5665,0.91721094439541,2010,6884,698,450,25,97,6,39,14,6
"1068","2020-03-18",7,13,47,80,5665,0.91721094439541,2010,6884,698,450,21,118,1,40,9,1
"1069","2020-03-19",10,13,58,103,5665,0.91721094439541,2010,6884,698,450,23,141,9,49,13,9
"1070","2020-03-20",15,13,61,132,5665,0.91721094439541,2010,6884,698,450,20,161,5,54,12,5
"1071","2020-03-21",22,13,58,153,5665,0.91721094439541,2010,6884,698,450,21,182,3,57,13,3
"1072","2020-03-22",32,13,68,176,5665,0.91721094439541,2010,6884,698,450,32,214,1,58,27,1
"1073","2020-03-23",36,13,78,189,5665,0.91721094439541,2010,6884,698,450,33,247,NA,NA,17,NA
"1074","2020-03-24",48,13,88,217,5665,0.91721094439541,2010,6884,698,450,40,287,2,60,20,2
"1075","2020-03-25",57,13,94,249,5665,0.91721094439541,2010,6884,698,450,32,319,1,61,17,1
"1076","2020-03-26",65,13,100,272,5665,0.91721094439541,2010,6884,698,450,44,363,4,65,24,4
"1077","2020-03-27",76,13,105,292,5665,0.91721094439541,2010,6884,698,450,51,414,7,72,31,7
"1078","2020-03-28",82,13,109,346,5665,0.91721094439541,2010,6884,698,450,44,458,1,73,27,1
"1079","2020-03-29",93,13,102,386,5665,0.91721094439541,2010,6884,698,450,33,491,6,79,23,6
"1080","2020-03-30",96,13,100,409,5665,0.91721094439541,2010,6884,698,450,52,543,9,88,42,9
"1081","2020-03-31",89,13,89,441,5665,0.91721094439541,2010,6884,698,450,57,600,7,95,46,7
"1082","2020-04-01",95,13,89,496,5665,0.91721094439541,2010,6884,698,450,48,648,5,100,39,5
"1083","2020-04-02",103,13,106,529,5665,0.91721094439541,2010,6884,698,450,75,723,4,104,56,4
"1084","2020-04-03",126,13,98,570,5665,0.91721094439541,2010,6884,698,450,62,785,9,113,42,9
"1085","2020-04-04",142,13,100,625,5665,0.91721094439541,2010,6884,698,450,65,850,11,124,56,11
"1086","2020-04-05",160,13,90,686,5665,0.91721094439541,2010,6884,698,450,48,898,15,139,31,15
"1087","2020-04-06",179,13,84,728,5665,0.91721094439541,2010,6884,698,450,60,958,6,145,43,6
"1088","2020-04-07",179,13,83,786,5665,0.91721094439541,2010,6884,698,450,68,1026,14,159,60,14
"1089","2020-04-08",196,13,75,862,5665,0.91721094439541,2010,6884,698,450,66,1092,8,167,53,8
"1090","2020-04-09",211,13,89,920,5665,0.91721094439541,2010,6884,698,450,65,1157,18,185,46,18
"1091","2020-04-10",261,13,94,1032,5665,0.91721094439541,2010,6884,698,450,79,1236,15,200,57,15
"1092","2020-04-11",328,13,103,1107,5665,0.91721094439541,2010,6884,698,450,68,1304,11,211,58,11
"1093","2020-04-12",337,13,116,1167,5665,0.91721094439541,2010,6884,698,450,87,1391,6,217,72,6
"1094","2020-04-13",344,13,120,1247,5665,0.91721094439541,2010,6884,698,450,86,1477,11,228,68,11
"1095","2020-04-14",358,13,126,1292,5665,0.91721094439541,2010,6884,698,450,67,1544,12,240,55,12
"1096","2020-04-15",383,13,136,1342,5665,0.91721094439541,2010,6884,698,450,67,1611,17,257,55,17
"1097","2020-04-16",408,13,138,1398,5665,0.91721094439541,2010,6884,698,450,66,1677,22,279,51,22
"1098","2020-04-17",522,13,141,1464,5665,0.91721094439541,2010,6884,698,450,62,1739,12,291,49,12
"1099","2020-04-18",513,13,140,1476,5665,0.91721094439541,2010,6884,698,450,78,1817,27,318,58,27
"1100","2020-04-19",493,13,135,1508,5665,0.91721094439541,2010,6884,698,450,79,1896,22,340,66,22
"1101","2020-04-20",494,13,129,1529,5665,0.91721094439541,2010,6884,698,450,88,1984,16,356,70,16
"1102","2020-04-21",487,13,126,1561,5665,0.91721094439541,2010,6884,698,450,74,2058,13,369,61,13
"1103","2020-04-22",490,13,136,1565,5665,0.91721094439541,2010,6884,698,450,84,2142,24,393,63,24
"1104","2020-04-23",488,13,146,1543,5665,0.91721094439541,2010,6884,698,450,60,2202,12,405,47,12
"1105","2020-04-24",523,13,154,1556,5665,0.91721094439541,2010,6884,698,450,97,2299,15,420,81,15
"1106","2020-04-25",525,13,151,1556,5665,0.91721094439541,2010,6884,698,450,69,2368,6,426,60,6
"1107","2020-04-26",496,13,154,1503,5665,0.91721094439541,2010,6884,698,450,77,2445,24,450,67,24
"1108","2020-04-27",509,13,156,1531,5665,0.91721094439541,2010,6884,698,450,87,2532,9,459,70,9
"1109","2020-04-28",523,13,144,1493,5665,0.91721094439541,2010,6884,698,450,89,2621,19,478,74,19
"1110","2020-04-29",513,13,123,1466,5665,0.91721094439541,2010,6884,698,450,68,2689,21,499,52,21
"1111","2020-04-30",511,13,134,1435,5665,0.91721094439541,2010,6884,698,450,52,2741,31,530,40,31
"1112","2020-05-01",507,13,137,1387,5665,0.91721094439541,2010,6884,698,450,83,2824,19,549,65,19
"1113","2020-05-02",500,13,149,1360,5665,0.91721094439541,2010,6884,698,450,76,2900,13,562,67,13
"1114","2020-05-03",473,13,139,1289,5665,0.91721094439541,2010,6884,698,450,82,2982,16,578,66,16
"1115","2020-05-04",444,13,135,1246,5665,0.91721094439541,2010,6884,698,450,64,3046,13,591,50,13
"1116","2020-05-05",417,13,131,1182,5665,0.91721094439541,2010,6884,698,450,77,3123,6,597,65,6
"1117","2020-05-06",409,13,142,1106,5665,0.91721094439541,2010,6884,698,450,64,3187,18,615,51,18
"1118","2020-05-07",391,13,159,1045,5665,0.91721094439541,2010,6884,698,450,54,3241,22,637,47,22
"1119","2020-05-08",401,13,168,987,5665,0.91721094439541,2010,6884,698,450,57,3298,17,654,42,17
"1120","2020-05-09",392,13,163,909,5665,0.91721094439541,2010,6884,698,450,51,3349,13,667,40,13
"1121","2020-05-10",365,13,156,855,5665,0.91721094439541,2010,6884,698,450,56,3405,2,669,49,2
"1122","2020-05-11",347,13,149,791,5665,0.91721094439541,2010,6884,698,450,57,3462,7,676,41,7
"1123","2020-05-12",346,13,153,743,5665,0.91721094439541,2010,6884,698,450,44,3506,8,684,32,8
"1124","2020-05-13",326,13,152,690,5665,0.91721094439541,2010,6884,698,450,45,3551,12,696,38,12
"1125","2020-05-14",310,13,156,641,5665,0.91721094439541,2010,6884,698,450,44,3595,14,710,35,14
"1126","2020-05-15",264,13,153,593,5665,0.91721094439541,2010,6884,698,450,39,3634,6,716,28,6
"1127","2020-05-16",247,13,141,564,5665,0.91721094439541,2010,6884,698,450,47,3681,10,726,40,10
"1128","2020-05-17",216,13,135,518,5665,0.91721094439541,2010,6884,698,450,56,3737,9,735,45,9
"1129","2020-05-18",206,13,138,474,5665,0.91721094439541,2010,6884,698,450,39,3776,6,741,31,6
"1130","2020-05-19",192,13,125,444,5665,0.91721094439541,2010,6884,698,450,37,3813,13,754,26,13
"1131","2020-05-20",189,13,113,411,5665,0.91721094439541,2010,6884,698,450,49,3862,12,766,37,12
"1132","2020-05-21",179,13,107,379,5665,0.91721094439541,2010,6884,698,450,29,3891,8,774,24,8
"1133","2020-05-22",143,13,97,333,5665,0.91721094439541,2010,6884,698,450,34,3925,6,780,30,6
"1134","2020-05-23",134,13,115,293,5665,0.91721094439541,2010,6884,698,450,32,3957,14,794,25,14
"1135","2020-05-24",126,13,113,269,5665,0.91721094439541,2010,6884,698,450,47,4004,18,812,38,18
"1136","2020-05-25",113,13,123,247,5665,0.91721094439541,2010,6884,698,450,17,4021,15,827,13,15
"1137","2020-05-26",96,13,127,222,5665,0.91721094439541,2010,6884,698,450,29,4050,22,849,27,22
"1138","2020-05-27",86,13,127,201,5665,0.91721094439541,2010,6884,698,450,26,4076,18,867,20,18
"1139","2020-05-28",80,13,121,183,5665,0.91721094439541,2010,6884,698,450,36,4112,8,875,28,8
"1140","2020-05-29",72,13,125,166,5665,0.91721094439541,2010,6884,698,450,21,4133,10,885,15,10
"1141","2020-05-30",59,13,132,154,5665,0.91721094439541,2010,6884,698,450,21,4154,12,897,16,12
"1142","2020-05-31",56,13,136,144,5665,0.91721094439541,2010,6884,698,450,27,4181,19,916,25,19
"1143","2020-06-01",56,13,131,140,5665,0.91721094439541,2010,6884,698,450,14,4195,15,931,9,15
"1144","2020-06-02",56,13,132,132,5665,0.91721094439541,2010,6884,698,450,13,4208,11,942,10,11
"1145","2020-06-03",55,13,129,120,5665,0.91721094439541,2010,6884,698,450,16,4224,7,949,14,7
"1146","2020-06-04",55,13,129,116,5665,0.91721094439541,2010,6884,698,450,25,4249,15,964,19,15
"1147","2020-06-05",50,13,131,113,5665,0.91721094439541,2010,6884,698,450,10,4259,13,977,8,13
"1148","2020-06-06",57,13,141,99,5665,0.91721094439541,2010,6884,698,450,11,4270,12,989,9,12
"1149","2020-06-07",44,13,129,95,5665,0.91721094439541,2010,6884,698,450,15,4285,7,996,10,7
"1150","2020-03-13",1,14,39,29,5263,0.90556716701501,2010,7052,657,678,17,47,15,36,7,15
"1151","2020-03-14",1,14,41,44,5263,0.90556716701501,2010,7052,657,678,15,62,9,45,7,9
"1152","2020-03-15",4,14,49,58,5263,0.90556716701501,2010,7052,657,678,18,80,8,53,8,8
"1153","2020-03-16",7,14,72,76,5263,0.90556716701501,2010,7052,657,678,19,99,10,63,12,10
"1154","2020-03-17",5,14,70,94,5263,0.90556716701501,2010,7052,657,678,19,118,7,70,12,7
"1155","2020-03-18",5,14,86,119,5263,0.90556716701501,2010,7052,657,678,32,150,8,78,24,8
"1156","2020-03-19",11,14,78,139,5263,0.90556716701501,2010,7052,657,678,27,177,4,82,19,4
"1157","2020-03-20",19,14,92,167,5263,0.90556716701501,2010,7052,657,678,25,202,6,88,11,6
"1158","2020-03-21",27,14,89,201,5263,0.90556716701501,2010,7052,657,678,48,250,12,100,30,12
"1159","2020-03-22",55,14,105,230,5263,0.90556716701501,2010,7052,657,678,20,270,12,112,10,12
"1160","2020-03-23",62,14,98,250,5263,0.90556716701501,2010,7052,657,678,45,315,27,139,35,27
"1161","2020-03-24",70,14,103,282,5263,0.90556716701501,2010,7052,657,678,47,362,18,157,32,18
"1162","2020-03-25",79,14,117,322,5263,0.90556716701501,2010,7052,657,678,46,408,23,180,38,23
"1163","2020-03-26",86,14,104,366,5263,0.90556716701501,2010,7052,657,678,47,455,25,205,38,25
"1164","2020-03-27",95,14,98,411,5263,0.90556716701501,2010,7052,657,678,62,517,18,223,47,18
"1165","2020-03-28",113,14,96,470,5263,0.90556716701501,2010,7052,657,678,61,578,10,233,43,10
"1166","2020-03-29",132,14,108,511,5263,0.90556716701501,2010,7052,657,678,48,626,12,245,35,12
"1167","2020-03-30",138,14,104,569,5263,0.90556716701501,2010,7052,657,678,69,695,23,268,58,23
"1168","2020-03-31",133,14,116,601,5263,0.90556716701501,2010,7052,657,678,64,759,20,288,53,20
"1169","2020-04-01",142,14,114,671,5263,0.90556716701501,2010,7052,657,678,70,829,21,309,61,21
"1170","2020-04-02",147,14,115,722,5263,0.90556716701501,2010,7052,657,678,58,887,10,319,44,10
"1171","2020-04-03",207,14,123,758,5263,0.90556716701501,2010,7052,657,678,73,960,10,329,63,10
"1172","2020-04-04",215,14,119,835,5263,0.90556716701501,2010,7052,657,678,65,1025,9,338,59,9
"1173","2020-04-05",217,14,131,866,5263,0.90556716701501,2010,7052,657,678,72,1097,34,372,59,34
"1174","2020-04-06",235,14,139,946,5263,0.90556716701501,2010,7052,657,678,72,1169,9,381,62,9
"1175","2020-04-07",252,14,141,984,5263,0.90556716701501,2010,7052,657,678,71,1240,13,394,59,13
"1176","2020-04-08",266,14,134,1017,5263,0.90556716701501,2010,7052,657,678,48,1288,25,419,36,25
"1177","2020-04-09",288,14,149,1064,5263,0.90556716701501,2010,7052,657,678,60,1348,18,437,53,18
"1178","2020-04-10",339,14,139,1117,5263,0.90556716701501,2010,7052,657,678,94,1442,9,446,76,9
"1179","2020-04-11",364,14,132,1148,5263,0.90556716701501,2010,7052,657,678,75,1517,9,455,64,9
"1180","2020-04-12",370,14,134,1203,5263,0.90556716701501,2010,7052,657,678,73,1590,8,463,57,8
"1181","2020-04-13",366,14,145,1244,5263,0.90556716701501,2010,7052,657,678,71,1661,13,476,62,13
"1182","2020-04-14",366,14,158,1264,5263,0.90556716701501,2010,7052,657,678,71,1732,31,507,60,31
"1183","2020-04-15",380,14,163,1309,5263,0.90556716701501,2010,7052,657,678,68,1800,27,534,49,27
"1184","2020-04-16",380,14,188,1336,5263,0.90556716701501,2010,7052,657,678,79,1879,14,548,64,14
"1185","2020-04-17",437,14,197,1339,5263,0.90556716701501,2010,7052,657,678,61,1940,4,552,51,4
"1186","2020-04-18",443,14,182,1351,5263,0.90556716701501,2010,7052,657,678,77,2017,11,563,68,11
"1187","2020-04-19",441,14,207,1333,5263,0.90556716701501,2010,7052,657,678,61,2078,11,574,53,11
"1188","2020-04-20",452,14,213,1350,5263,0.90556716701501,2010,7052,657,678,61,2139,32,606,50,32
"1189","2020-04-21",444,14,186,1357,5263,0.90556716701501,2010,7052,657,678,47,2186,32,638,41,32
"1190","2020-04-22",453,14,197,1345,5263,0.90556716701501,2010,7052,657,678,61,2247,8,646,50,8
"1191","2020-04-23",459,14,173,1324,5263,0.90556716701501,2010,7052,657,678,42,2289,12,658,36,12
"1192","2020-04-24",499,14,146,1309,5263,0.90556716701501,2010,7052,657,678,65,2354,9,667,55,9
"1193","2020-04-25",498,14,134,1277,5263,0.90556716701501,2010,7052,657,678,48,2402,17,684,35,17
"1194","2020-04-26",467,14,142,1227,5263,0.90556716701501,2010,7052,657,678,58,2460,25,709,49,25
"1195","2020-04-27",453,14,150,1182,5263,0.90556716701501,2010,7052,657,678,53,2513,32,741,45,32
"1196","2020-04-28",440,14,152,1141,5263,0.90556716701501,2010,7052,657,678,56,2569,12,753,45,12
"1197","2020-04-29",426,14,147,1104,5263,0.90556716701501,2010,7052,657,678,47,2616,23,776,36,23
"1198","2020-04-30",419,14,147,1048,5263,0.90556716701501,2010,7052,657,678,57,2673,33,809,46,33
"1199","2020-05-01",364,14,140,985,5263,0.90556716701501,2010,7052,657,678,59,2732,27,836,50,27
"1200","2020-05-02",356,14,156,949,5263,0.90556716701501,2010,7052,657,678,49,2781,46,882,36,46
"1201","2020-05-03",309,14,148,891,5263,0.90556716701501,2010,7052,657,678,47,2828,40,922,39,40
"1202","2020-05-04",297,14,141,867,5263,0.90556716701501,2010,7052,657,678,66,2894,41,963,54,41
"1203","2020-05-05",288,14,134,804,5263,0.90556716701501,2010,7052,657,678,42,2936,44,1007,33,44
"1204","2020-05-06",280,14,128,785,5263,0.90556716701501,2010,7052,657,678,47,2983,26,1033,36,26
"1205","2020-05-07",274,14,119,741,5263,0.90556716701501,2010,7052,657,678,39,3022,24,1057,30,24
"1206","2020-05-08",275,14,126,692,5263,0.90556716701501,2010,7052,657,678,50,3072,52,1109,40,52
"1207","2020-05-09",254,14,124,663,5263,0.90556716701501,2010,7052,657,678,27,3099,25,1134,20,25
"1208","2020-05-10",262,14,120,622,5263,0.90556716701501,2010,7052,657,678,38,3137,15,1149,30,15
"1209","2020-05-11",254,14,129,596,5263,0.90556716701501,2010,7052,657,678,38,3175,23,1172,29,23
"1210","2020-05-12",233,14,136,560,5263,0.90556716701501,2010,7052,657,678,44,3219,22,1194,37,22
"1211","2020-05-13",222,14,131,527,5263,0.90556716701501,2010,7052,657,678,38,3257,23,1217,26,23
"1212","2020-05-14",199,14,122,503,5263,0.90556716701501,2010,7052,657,678,47,3304,20,1237,39,20
"1213","2020-05-15",194,14,137,475,5263,0.90556716701501,2010,7052,657,678,39,3343,21,1258,30,21
"1214","2020-05-16",190,14,160,454,5263,0.90556716701501,2010,7052,657,678,32,3375,28,1286,30,28
"1215","2020-05-17",169,14,160,423,5263,0.90556716701501,2010,7052,657,678,33,3408,30,1316,27,30
"1216","2020-05-18",162,14,153,396,5263,0.90556716701501,2010,7052,657,678,46,3454,14,1330,41,14
"1217","2020-05-19",151,14,144,377,5263,0.90556716701501,2010,7052,657,678,31,3485,16,1346,23,16
"1218","2020-05-20",145,14,130,366,5263,0.90556716701501,2010,7052,657,678,36,3521,28,1374,30,28
"1219","2020-05-21",148,14,145,339,5263,0.90556716701501,2010,7052,657,678,35,3556,9,1383,31,9
"1220","2020-05-22",132,14,136,324,5263,0.90556716701501,2010,7052,657,678,34,3590,11,1394,30,11
"1221","2020-05-23",132,14,140,308,5263,0.90556716701501,2010,7052,657,678,32,3622,6,1400,21,6
"1222","2020-05-24",112,14,132,288,5263,0.90556716701501,2010,7052,657,678,26,3648,9,1409,23,9
"1223","2020-05-25",110,14,123,270,5263,0.90556716701501,2010,7052,657,678,28,3676,6,1415,23,6
"1224","2020-05-26",100,14,119,245,5263,0.90556716701501,2010,7052,657,678,17,3693,25,1440,12,25
"1225","2020-05-27",90,14,120,234,5263,0.90556716701501,2010,7052,657,678,26,3719,19,1459,18,19
"1226","2020-05-28",84,14,110,217,5263,0.90556716701501,2010,7052,657,678,23,3742,43,1502,20,43
"1227","2020-05-29",79,14,112,194,5263,0.90556716701501,2010,7052,657,678,20,3762,19,1521,16,19
"1228","2020-05-30",76,14,104,176,5263,0.90556716701501,2010,7052,657,678,13,3775,13,1534,8,13
"1229","2020-05-31",62,14,103,160,5263,0.90556716701501,2010,7052,657,678,26,3801,16,1550,18,16
"1230","2020-06-01",53,14,98,146,5263,0.90556716701501,2010,7052,657,678,19,3820,15,1565,14,15
"1231","2020-06-02",50,14,89,135,5263,0.90556716701501,2010,7052,657,678,20,3840,31,1596,18,31
"1232","2020-06-03",48,14,83,123,5263,0.90556716701501,2010,7052,657,678,16,3856,7,1603,13,7
"1233","2020-06-04",48,14,80,112,5263,0.90556716701501,2010,7052,657,678,20,3876,6,1609,14,6
"1234","2020-06-05",45,14,68,105,5263,0.90556716701501,2010,7052,657,678,11,3887,5,1614,7,5
"1235","2020-06-06",40,14,59,103,5263,0.90556716701501,2010,7052,657,678,16,3903,2,1616,13,2
"1236","2020-06-07",39,14,61,96,5263,0.90556716701501,2010,7052,657,678,11,3914,5,1621,9,5
"1237","2020-03-07",1,15,0,0,4601,0.591827863507933,1980,6893,530,845,NA,NA,NA,NA,NA,NA
"1238","2020-03-08",1,15,0,0,4601,0.591827863507933,1980,6893,530,845,NA,NA,NA,NA,NA,NA
"1239","2020-03-09",0,15,0,0,4601,0.591827863507933,1980,6893,530,845,NA,NA,NA,NA,NA,NA
"1240","2020-03-10",0,15,0,0,4601,0.591827863507933,1980,6893,530,845,NA,NA,NA,NA,NA,NA
"1241","2020-03-11",0,15,0,0,4601,0.591827863507933,1980,6893,530,845,24,24,6,6,NA,6
"1242","2020-03-12",0,15,0,0,4601,0.591827863507933,1980,6893,530,845,19,43,11,17,3,11
"1243","2020-03-13",2,15,79,82,4601,0.591827863507933,1980,6893,530,845,22,65,14,31,4,14
"1244","2020-03-14",11,15,70,111,4601,0.591827863507933,1980,6893,530,845,30,95,14,45,6,14
"1245","2020-03-15",16,15,65,152,4601,0.591827863507933,1980,6893,530,845,29,124,11,56,4,11
"1246","2020-03-16",23,15,55,195,4601,0.591827863507933,1980,6893,530,845,37,161,13,69,8,13
"1247","2020-03-17",32,15,60,240,4601,0.591827863507933,1980,6893,530,845,28,189,11,80,11,11
"1248","2020-03-18",42,15,56,279,4601,0.591827863507933,1980,6893,530,845,37,226,13,93,19,13
"1249","2020-03-19",50,15,62,316,4601,0.591827863507933,1980,6893,530,845,38,264,8,101,14,8
"1250","2020-03-20",68,15,63,353,4601,0.591827863507933,1980,6893,530,845,35,299,11,112,15,11
"1251","2020-03-21",93,15,92,398,4601,0.591827863507933,1980,6893,530,845,37,336,5,117,18,5
"1252","2020-03-22",122,15,93,433,4601,0.591827863507933,1980,6893,530,845,39,375,4,121,22,4
"1253","2020-03-23",127,15,93,468,4601,0.591827863507933,1980,6893,530,845,48,423,10,131,17,10
"1254","2020-03-24",125,15,81,502,4601,0.591827863507933,1980,6893,530,845,47,470,9,140,25,9
"1255","2020-03-25",137,15,91,520,4601,0.591827863507933,1980,6893,530,845,61,531,16,156,33,16
"1256","2020-03-26",145,15,118,550,4601,0.591827863507933,1980,6893,530,845,52,583,19,175,29,19
"1257","2020-03-27",193,15,129,572,4601,0.591827863507933,1980,6893,530,845,55,638,10,185,29,10
"1258","2020-03-28",201,15,133,573,4601,0.591827863507933,1980,6893,530,845,53,691,13,198,24,13
"1259","2020-03-29",187,15,123,590,4601,0.591827863507933,1980,6893,530,845,48,739,12,210,32,12
"1260","2020-03-30",191,15,150,597,4601,0.591827863507933,1980,6893,530,845,57,796,5,215,31,5
"1261","2020-03-31",195,15,143,612,4601,0.591827863507933,1980,6893,530,845,42,838,7,222,24,7
"1262","2020-04-01",193,15,150,619,4601,0.591827863507933,1980,6893,530,845,55,893,8,230,33,8
"1263","2020-04-02",198,15,176,626,4601,0.591827863507933,1980,6893,530,845,44,937,6,236,31,6
"1264","2020-04-03",204,15,200,644,4601,0.591827863507933,1980,6893,530,845,71,1008,3,239,43,3
"1265","2020-04-04",203,15,201,652,4601,0.591827863507933,1980,6893,530,845,63,1071,9,248,31,9
"1266","2020-04-05",210,15,179,675,4601,0.591827863507933,1980,6893,530,845,57,1128,7,255,31,7
"1267","2020-04-06",199,15,140,679,4601,0.591827863507933,1980,6893,530,845,42,1170,14,269,23,14
"1268","2020-04-07",195,15,127,688,4601,0.591827863507933,1980,6893,530,845,64,1234,7,276,50,7
"1269","2020-04-08",205,15,156,693,4601,0.591827863507933,1980,6893,530,845,54,1288,9,285,24,9
"1270","2020-04-09",203,15,152,697,4601,0.591827863507933,1980,6893,530,845,63,1351,15,300,35,15
"1271","2020-04-10",219,15,134,707,4601,0.591827863507933,1980,6893,530,845,66,1417,16,316,38,16
"1272","2020-04-11",252,15,123,706,4601,0.591827863507933,1980,6893,530,845,63,1480,18,334,36,18
"1273","2020-04-12",233,15,116,721,4601,0.591827863507933,1980,6893,530,845,66,1546,26,360,40,26
"1274","2020-04-13",224,15,140,740,4601,0.591827863507933,1980,6893,530,845,56,1602,26,386,29,26
"1275","2020-04-14",223,15,175,747,4601,0.591827863507933,1980,6893,530,845,56,1658,14,400,37,14
"1276","2020-04-15",212,15,218,752,4601,0.591827863507933,1980,6893,530,845,68,1726,25,425,36,25
"1277","2020-04-16",235,15,252,770,4601,0.591827863507933,1980,6893,530,845,52,1778,25,450,25,25
"1278","2020-04-17",254,15,236,777,4601,0.591827863507933,1980,6893,530,845,59,1837,31,481,33,31
"1279","2020-04-18",251,15,206,795,4601,0.591827863507933,1980,6893,530,845,51,1888,32,513,24,32
"1280","2020-04-19",269,15,186,789,4601,0.591827863507933,1980,6893,530,845,59,1947,18,531,35,18
"1281","2020-04-20",263,15,167,785,4601,0.591827863507933,1980,6893,530,845,55,2002,11,542,30,11
"1282","2020-04-21",263,15,153,781,4601,0.591827863507933,1980,6893,530,845,61,2063,18,560,33,18
"1283","2020-04-22",266,15,202,792,4601,0.591827863507933,1980,6893,530,845,58,2121,12,572,26,12
"1284","2020-04-23",255,15,251,757,4601,0.591827863507933,1980,6893,530,845,43,2164,22,594,23,22
"1285","2020-04-24",275,15,233,768,4601,0.591827863507933,1980,6893,530,845,49,2213,27,621,26,27
"1286","2020-04-25",273,15,241,781,4601,0.591827863507933,1980,6893,530,845,56,2269,19,640,33,19
"1287","2020-04-26",244,15,225,756,4601,0.591827863507933,1980,6893,530,845,45,2314,11,651,22,11
"1288","2020-04-27",242,15,206,742,4601,0.591827863507933,1980,6893,530,845,60,2374,22,673,31,22
"1289","2020-04-28",236,15,210,736,4601,0.591827863507933,1980,6893,530,845,58,2432,15,688,34,15
"1290","2020-04-29",248,15,223,758,4601,0.591827863507933,1980,6893,530,845,52,2484,9,697,32,9
"1291","2020-04-30",248,15,231,743,4601,0.591827863507933,1980,6893,530,845,55,2539,7,704,33,7
"1292","2020-05-01",255,15,256,738,4601,0.591827863507933,1980,6893,530,845,45,2584,8,712,27,8
"1293","2020-05-02",255,15,242,727,4601,0.591827863507933,1980,6893,530,845,45,2629,9,721,23,9
"1294","2020-05-03",233,15,237,716,4601,0.591827863507933,1980,6893,530,845,45,2674,26,747,25,26
"1295","2020-05-04",232,15,235,713,4601,0.591827863507933,1980,6893,530,845,37,2711,8,755,17,8
"1296","2020-05-05",227,15,211,668,4601,0.591827863507933,1980,6893,530,845,42,2753,8,763,19,8
"1297","2020-05-06",228,15,173,659,4601,0.591827863507933,1980,6893,530,845,58,2811,8,771,36,8
"1298","2020-05-07",226,15,154,643,4601,0.591827863507933,1980,6893,530,845,57,2868,16,787,31,16
"1299","2020-05-08",216,15,145,620,4601,0.591827863507933,1980,6893,530,845,39,2907,18,805,19,18
"1300","2020-05-09",211,15,129,604,4601,0.591827863507933,1980,6893,530,845,32,2939,16,821,15,16
"1301","2020-05-10",206,15,138,593,4601,0.591827863507933,1980,6893,530,845,46,2985,23,844,28,23
"1302","2020-05-11",199,15,158,571,4601,0.591827863507933,1980,6893,530,845,42,3027,29,873,17,29
"1303","2020-05-12",195,15,167,563,4601,0.591827863507933,1980,6893,530,845,32,3059,28,901,13,28
"1304","2020-05-13",184,15,198,545,4601,0.591827863507933,1980,6893,530,845,47,3106,19,920,18,19
"1305","2020-05-14",182,15,232,524,4601,0.591827863507933,1980,6893,530,845,50,3156,22,942,22,22
"1306","2020-05-15",184,15,241,507,4601,0.591827863507933,1980,6893,530,845,47,3203,26,968,29,26
"1307","2020-05-16",191,15,226,484,4601,0.591827863507933,1980,6893,530,845,49,3252,25,993,25,25
"1308","2020-05-17",175,15,215,478,4601,0.591827863507933,1980,6893,530,845,27,3279,22,1015,15,22
"1309","2020-05-18",158,15,193,474,4601,0.591827863507933,1980,6893,530,845,41,3320,18,1033,23,18
"1310","2020-05-19",155,15,182,456,4601,0.591827863507933,1980,6893,530,845,39,3359,22,1055,18,22
"1311","2020-05-20",154,15,171,443,4601,0.591827863507933,1980,6893,530,845,32,3391,14,1069,15,14
"1312","2020-05-21",140,15,173,424,4601,0.591827863507933,1980,6893,530,845,28,3419,17,1086,19,17
"1313","2020-05-22",141,15,171,400,4601,0.591827863507933,1980,6893,530,845,27,3446,22,1108,13,22
"1314","2020-05-23",141,15,153,402,4601,0.591827863507933,1980,6893,530,845,31,3477,8,1116,16,8
"1315","2020-05-24",146,15,153,391,4601,0.591827863507933,1980,6893,530,845,25,3502,20,1136,14,20
"1316","2020-05-25",144,15,184,374,4601,0.591827863507933,1980,6893,530,845,34,3536,17,1153,17,17
"1317","2020-05-26",146,15,193,365,4601,0.591827863507933,1980,6893,530,845,29,3565,18,1171,14,18
"1318","2020-05-27",134,15,206,356,4601,0.591827863507933,1980,6893,530,845,28,3593,7,1178,11,7
"1319","2020-05-28",134,15,195,343,4601,0.591827863507933,1980,6893,530,845,20,3613,6,1184,12,6
"1320","2020-05-29",125,15,158,325,4601,0.591827863507933,1980,6893,530,845,19,3632,8,1192,15,8
"1321","2020-05-30",116,15,143,311,4601,0.591827863507933,1980,6893,530,845,27,3659,13,1205,11,13
"1322","2020-05-31",112,15,122,296,4601,0.591827863507933,1980,6893,530,845,19,3678,7,1212,12,7
"1323","2020-06-01",111,15,119,286,4601,0.591827863507933,1980,6893,530,845,15,3693,3,1215,7,3
"1324","2020-06-02",108,15,108,273,4601,0.591827863507933,1980,6893,530,845,18,3711,13,1228,9,13
"1325","2020-06-03",102,15,117,265,4601,0.591827863507933,1980,6893,530,845,17,3728,13,1241,11,13
"1326","2020-06-04",93,15,112,261,4601,0.591827863507933,1980,6893,530,845,19,3747,8,1249,12,8
"1327","2020-06-05",97,15,118,251,4601,0.591827863507933,1980,6893,530,845,15,3762,7,1256,10,7
"1328","2020-06-06",95,15,105,236,4601,0.591827863507933,1980,6893,530,845,17,3779,4,1260,6,4
"1329","2020-06-07",76,15,79,227,4601,0.591827863507933,1980,6893,530,845,14,3793,7,1267,6,7
"1330","2020-03-13",1,16,26,20,5429,0.903849696076626,2070,7176,556,603,20,52,27,59,7,27
"1331","2020-03-14",2,16,38,28,5429,0.903849696076626,2070,7176,556,603,25,77,32,91,6,32
"1332","2020-03-15",3,16,52,37,5429,0.903849696076626,2070,7176,556,603,18,95,33,124,6,33
"1333","2020-03-16",5,16,59,58,5429,0.903849696076626,2070,7176,556,603,20,115,38,162,7,38
"1334","2020-03-17",6,16,58,77,5429,0.903849696076626,2070,7176,556,603,36,151,31,193,27,31
"1335","2020-03-18",8,16,72,95,5429,0.903849696076626,2070,7176,556,603,36,187,26,219,22,26
"1336","2020-03-19",10,16,89,108,5429,0.903849696076626,2070,7176,556,603,31,218,24,243,16,24
"1337","2020-03-20",11,16,100,131,5429,0.903849696076626,2070,7176,556,603,45,263,30,273,24,30
"1338","2020-03-21",17,16,115,146,5429,0.903849696076626,2070,7176,556,603,42,305,20,293,28,20
"1339","2020-03-22",37,16,113,174,5429,0.903849696076626,2070,7176,556,603,44,349,18,311,29,18
"1340","2020-03-23",39,16,115,204,5429,0.903849696076626,2070,7176,556,603,46,395,29,340,31,29
"1341","2020-03-24",39,16,113,241,5429,0.903849696076626,2070,7176,556,603,61,456,14,354,46,14
"1342","2020-03-25",44,16,125,273,5429,0.903849696076626,2070,7176,556,603,40,496,34,388,25,34
"1343","2020-03-26",49,16,118,301,5429,0.903849696076626,2070,7176,556,603,62,558,19,407,47,19
"1344","2020-03-27",74,16,119,340,5429,0.903849696076626,2070,7176,556,603,52,610,26,433,38,26
"1345","2020-03-28",98,16,132,377,5429,0.903849696076626,2070,7176,556,603,55,665,21,454,39,21
"1346","2020-03-29",96,16,148,412,5429,0.903849696076626,2070,7176,556,603,68,733,48,502,54,48
"1347","2020-03-30",100,16,159,470,5429,0.903849696076626,2070,7176,556,603,83,816,48,550,65,48
"1348","2020-03-31",109,16,155,505,5429,0.903849696076626,2070,7176,556,603,64,880,34,584,46,34
"1349","2020-04-01",125,16,152,559,5429,0.903849696076626,2070,7176,556,603,72,952,49,633,55,49
"1350","2020-04-02",142,16,153,606,5429,0.903849696076626,2070,7176,556,603,66,1018,33,666,51,33
"1351","2020-04-03",181,16,148,644,5429,0.903849696076626,2070,7176,556,603,69,1087,30,696,52,30
"1352","2020-04-04",183,16,138,699,5429,0.903849696076626,2070,7176,556,603,63,1150,35,731,50,35
"1353","2020-04-05",192,16,147,760,5429,0.903849696076626,2070,7176,556,603,75,1225,38,769,60,38
"1354","2020-04-06",209,16,134,820,5429,0.903849696076626,2070,7176,556,603,109,1334,34,803,87,34
"1355","2020-04-07",215,16,149,884,5429,0.903849696076626,2070,7176,556,603,71,1405,41,844,49,41
"1356","2020-04-08",228,16,144,954,5429,0.903849696076626,2070,7176,556,603,68,1473,32,876,53,32
"1357","2020-04-09",249,16,131,1041,5429,0.903849696076626,2070,7176,556,603,76,1549,52,928,59,52
"1358","2020-04-10",318,16,126,1105,5429,0.903849696076626,2070,7176,556,603,82,1631,60,988,64,60
"1359","2020-04-11",347,16,125,1187,5429,0.903849696076626,2070,7176,556,603,79,1710,55,1043,60,55
"1360","2020-04-12",398,16,112,1249,5429,0.903849696076626,2070,7176,556,603,63,1773,36,1079,52,36
"1361","2020-04-13",406,16,122,1299,5429,0.903849696076626,2070,7176,556,603,73,1846,43,1122,50,43
"1362","2020-04-14",406,16,142,1314,5429,0.903849696076626,2070,7176,556,603,93,1939,26,1148,73,26
"1363","2020-04-15",417,16,159,1388,5429,0.903849696076626,2070,7176,556,603,67,2006,31,1179,49,31
"1364","2020-04-16",421,16,170,1440,5429,0.903849696076626,2070,7176,556,603,75,2081,21,1200,58,21
"1365","2020-04-17",528,16,195,1494,5429,0.903849696076626,2070,7176,556,603,70,2151,38,1238,51,38
"1366","2020-04-18",564,16,216,1496,5429,0.903849696076626,2070,7176,556,603,79,2230,47,1285,60,47
"1367","2020-04-19",469,16,248,1491,5429,0.903849696076626,2070,7176,556,603,64,2294,49,1334,39,49
"1368","2020-04-20",466,16,253,1523,5429,0.903849696076626,2070,7176,556,603,62,2356,27,1361,51,27
"1369","2020-04-21",481,16,264,1527,5429,0.903849696076626,2070,7176,556,603,78,2434,35,1396,61,35
"1370","2020-04-22",489,16,267,1516,5429,0.903849696076626,2070,7176,556,603,59,2493,29,1425,44,29
"1371","2020-04-23",497,16,270,1502,5429,0.903849696076626,2070,7176,556,603,95,2588,49,1474,73,49
"1372","2020-04-24",515,16,244,1501,5429,0.903849696076626,2070,7176,556,603,73,2661,48,1522,55,48
"1373","2020-04-25",524,16,228,1504,5429,0.903849696076626,2070,7176,556,603,64,2725,35,1557,44,35
"1374","2020-04-26",516,16,220,1466,5429,0.903849696076626,2070,7176,556,603,59,2784,40,1597,44,40
"1375","2020-04-27",509,16,210,1461,5429,0.903849696076626,2070,7176,556,603,55,2839,36,1633,39,36
"1376","2020-04-28",501,16,213,1398,5429,0.903849696076626,2070,7176,556,603,71,2910,44,1677,55,44
"1377","2020-04-29",490,16,209,1353,5429,0.903849696076626,2070,7176,556,603,56,2966,35,1712,34,35
"1378","2020-04-30",484,16,186,1306,5429,0.903849696076626,2070,7176,556,603,65,3031,42,1754,42,42
"1379","2020-05-01",474,16,171,1246,5429,0.903849696076626,2070,7176,556,603,56,3087,37,1791,37,37
"1380","2020-05-02",443,16,165,1177,5429,0.903849696076626,2070,7176,556,603,61,3148,36,1827,47,36
"1381","2020-05-03",402,16,169,1122,5429,0.903849696076626,2070,7176,556,603,58,3206,48,1875,37,48
"1382","2020-05-04",413,16,173,1053,5429,0.903849696076626,2070,7176,556,603,57,3263,43,1918,39,43
"1383","2020-05-05",388,16,165,1026,5429,0.903849696076626,2070,7176,556,603,36,3299,38,1956,26,38
"1384","2020-05-06",383,16,177,957,5429,0.903849696076626,2070,7176,556,603,62,3361,28,1984,45,28
"1385","2020-05-07",368,16,182,887,5429,0.903849696076626,2070,7176,556,603,53,3414,34,2018,37,34
"1386","2020-05-08",357,16,161,821,5429,0.903849696076626,2070,7176,556,603,40,3454,32,2050,26,32
"1387","2020-05-09",346,16,189,767,5429,0.903849696076626,2070,7176,556,603,45,3499,15,2065,30,15
"1388","2020-05-10",327,16,192,708,5429,0.903849696076626,2070,7176,556,603,39,3538,36,2101,24,36
"1389","2020-05-11",288,16,183,672,5429,0.903849696076626,2070,7176,556,603,37,3575,53,2154,25,53
"1390","2020-05-12",280,16,169,621,5429,0.903849696076626,2070,7176,556,603,43,3618,27,2181,30,27
"1391","2020-05-13",269,16,171,586,5429,0.903849696076626,2070,7176,556,603,33,3651,41,2222,18,41
"1392","2020-05-14",258,16,162,539,5429,0.903849696076626,2070,7176,556,603,43,3694,52,2274,31,52
"1393","2020-05-15",236,16,155,489,5429,0.903849696076626,2070,7176,556,603,46,3740,52,2326,33,52
"1394","2020-05-16",216,16,150,439,5429,0.903849696076626,2070,7176,556,603,21,3761,46,2372,13,46
"1395","2020-05-17",177,16,143,398,5429,0.903849696076626,2070,7176,556,603,35,3796,57,2429,24,57
"1396","2020-05-18",165,16,134,373,5429,0.903849696076626,2070,7176,556,603,27,3823,42,2471,18,42
"1397","2020-05-19",165,16,127,341,5429,0.903849696076626,2070,7176,556,603,28,3851,29,2500,23,29
"1398","2020-05-20",149,16,132,302,5429,0.903849696076626,2070,7176,556,603,36,3887,40,2540,29,40
"1399","2020-05-21",132,16,115,286,5429,0.903849696076626,2070,7176,556,603,33,3920,53,2593,24,53
"1400","2020-05-22",103,16,117,274,5429,0.903849696076626,2070,7176,556,603,23,3943,36,2629,15,36
"1401","2020-05-23",107,16,119,252,5429,0.903849696076626,2070,7176,556,603,30,3973,38,2667,20,38
"1402","2020-05-24",108,16,107,230,5429,0.903849696076626,2070,7176,556,603,31,4004,26,2693,24,26
"1403","2020-05-25",102,16,111,208,5429,0.903849696076626,2070,7176,556,603,31,4035,30,2723,23,30
"1404","2020-05-26",83,16,119,196,5429,0.903849696076626,2070,7176,556,603,37,4072,29,2752,29,29
"1405","2020-05-27",78,16,128,176,5429,0.903849696076626,2070,7176,556,603,28,4100,23,2775,20,23
"1406","2020-05-28",77,16,123,167,5429,0.903849696076626,2070,7176,556,603,22,4122,39,2814,13,39
"1407","2020-05-29",83,16,118,150,5429,0.903849696076626,2070,7176,556,603,22,4144,58,2872,18,58
"1408","2020-05-30",79,16,128,142,5429,0.903849696076626,2070,7176,556,603,13,4157,34,2906,7,34
"1409","2020-05-31",63,16,125,130,5429,0.903849696076626,2070,7176,556,603,25,4182,40,2946,18,40
"1410","2020-06-01",57,16,121,116,5429,0.903849696076626,2070,7176,556,603,17,4199,37,2983,9,37
"1411","2020-06-02",54,16,116,105,5429,0.903849696076626,2070,7176,556,603,13,4212,45,3028,6,45
"1412","2020-06-03",49,16,121,93,5429,0.903849696076626,2070,7176,556,603,22,4234,35,3063,14,35
"1413","2020-06-04",48,16,108,87,5429,0.903849696076626,2070,7176,556,603,11,4245,41,3104,7,41
"1414","2020-06-05",38,16,101,80,5429,0.903849696076626,2070,7176,556,603,17,4262,41,3145,12,41
"1415","2020-06-06",34,16,107,78,5429,0.903849696076626,2070,7176,556,603,13,4275,38,3183,10,38
"1416","2020-06-07",32,16,124,73,5429,0.903849696076626,2070,7176,556,603,17,4292,41,3224,11,41
"1417","2020-03-13",1,17,21,38,4550,0.764615384615385,2085,6933,464,602,4,14,NA,NA,1,NA
"1418","2020-03-14",1,17,21,54,4550,0.764615384615385,2085,6933,464,602,10,24,7,17,8,7
"1419","2020-03-15",3,17,24,75,4550,0.764615384615385,2085,6933,464,602,3,27,8,25,2,8
"1420","2020-03-16",7,17,28,99,4550,0.764615384615385,2085,6933,464,602,13,40,3,28,9,3
"1421","2020-03-17",7,17,28,129,4550,0.764615384615385,2085,6933,464,602,12,52,9,37,10,9
"1422","2020-03-18",9,17,31,151,4550,0.764615384615385,2085,6933,464,602,10,62,8,45,9,8
"1423","2020-03-19",14,17,53,181,4550,0.764615384615385,2085,6933,464,602,10,72,22,67,10,22
"1424","2020-03-20",27,17,52,217,4550,0.764615384615385,2085,6933,464,602,15,87,8,75,15,8
"1425","2020-03-21",36,17,49,250,4550,0.764615384615385,2085,6933,464,602,18,105,3,78,16,3
"1426","2020-03-22",56,17,52,287,4550,0.764615384615385,2085,6933,464,602,23,128,5,83,20,5
"1427","2020-03-23",63,17,54,339,4550,0.764615384615385,2085,6933,464,602,32,160,22,105,29,22
"1428","2020-03-24",72,17,79,377,4550,0.764615384615385,2085,6933,464,602,27,187,10,115,24,10
"1429","2020-03-25",86,17,75,427,4550,0.764615384615385,2085,6933,464,602,49,236,14,129,45,14
"1430","2020-03-26",93,17,83,470,4550,0.764615384615385,2085,6933,464,602,38,274,20,149,36,20
"1431","2020-03-27",113,17,72,518,4550,0.764615384615385,2085,6933,464,602,56,330,29,178,50,29
"1432","2020-03-28",151,17,85,557,4550,0.764615384615385,2085,6933,464,602,56,386,24,202,53,24
"1433","2020-03-29",156,17,93,602,4550,0.764615384615385,2085,6933,464,602,55,441,19,221,53,19
"1434","2020-03-30",160,17,94,629,4550,0.764615384615385,2085,6933,464,602,72,513,20,241,67,20
"1435","2020-03-31",163,17,98,651,4550,0.764615384615385,2085,6933,464,602,77,590,27,268,74,27
"1436","2020-04-01",174,17,94,703,4550,0.764615384615385,2085,6933,464,602,95,685,15,283,92,15
"1437","2020-04-02",190,17,137,715,4550,0.764615384615385,2085,6933,464,602,81,766,17,300,79,17
"1438","2020-04-03",226,17,161,747,4550,0.764615384615385,2085,6933,464,602,89,855,10,310,88,10
"1439","2020-04-04",206,17,159,774,4550,0.764615384615385,2085,6933,464,602,106,961,18,328,102,18
"1440","2020-04-05",220,17,157,804,4550,0.764615384615385,2085,6933,464,602,119,1080,33,361,115,33
"1441","2020-04-06",232,17,152,833,4550,0.764615384615385,2085,6933,464,602,86,1166,19,380,84,19
"1442","2020-04-07",233,17,153,867,4550,0.764615384615385,2085,6933,464,602,100,1266,19,399,97,19
"1443","2020-04-08",233,17,160,861,4550,0.764615384615385,2085,6933,464,602,136,1402,25,424,134,25
"1444","2020-04-09",242,17,159,868,4550,0.764615384615385,2085,6933,464,602,126,1528,9,433,123,9
"1445","2020-04-10",280,17,149,896,4550,0.764615384615385,2085,6933,464,602,128,1656,27,460,127,27
"1446","2020-04-11",315,17,160,890,4550,0.764615384615385,2085,6933,464,602,128,1784,14,474,122,14
"1447","2020-04-12",296,17,167,905,4550,0.764615384615385,2085,6933,464,602,152,1936,26,500,149,26
"1448","2020-04-13",294,17,153,923,4550,0.764615384615385,2085,6933,464,602,162,2098,21,521,159,21
"1449","2020-04-14",298,17,144,932,4550,0.764615384615385,2085,6933,464,602,191,2289,24,545,186,24
"1450","2020-04-15",302,17,138,930,4550,0.764615384615385,2085,6933,464,602,150,2439,24,569,148,24
"1451","2020-04-16",298,17,124,933,4550,0.764615384615385,2085,6933,464,602,162,2601,24,593,157,24
"1452","2020-04-17",325,17,112,924,4550,0.764615384615385,2085,6933,464,602,136,2737,22,615,133,22
"1453","2020-04-18",315,17,129,935,4550,0.764615384615385,2085,6933,464,602,153,2890,13,628,152,13
"1454","2020-04-19",341,17,154,925,4550,0.764615384615385,2085,6933,464,602,126,3016,18,646,123,18
"1455","2020-04-20",336,17,192,903,4550,0.764615384615385,2085,6933,464,602,162,3178,11,657,159,11
"1456","2020-04-21",313,17,205,890,4550,0.764615384615385,2085,6933,464,602,93,3271,10,667,88,10
"1457","2020-04-22",316,17,199,867,4550,0.764615384615385,2085,6933,464,602,151,3422,5,672,148,5
"1458","2020-04-23",322,17,189,860,4550,0.764615384615385,2085,6933,464,602,126,3548,13,685,121,13
"1459","2020-04-24",343,17,212,872,4550,0.764615384615385,2085,6933,464,602,155,3703,23,708,155,23
"1460","2020-04-25",351,17,241,870,4550,0.764615384615385,2085,6933,464,602,139,3842,29,737,139,29
"1461","2020-04-26",302,17,217,844,4550,0.764615384615385,2085,6933,464,602,121,3963,16,753,116,16
"1462","2020-04-27",301,17,220,843,4550,0.764615384615385,2085,6933,464,602,136,4099,15,768,135,15
"1463","2020-04-28",299,17,212,796,4550,0.764615384615385,2085,6933,464,602,93,4192,14,782,92,14
"1464","2020-04-29",292,17,192,808,4550,0.764615384615385,2085,6933,464,602,77,4269,28,810,77,28
"1465","2020-04-30",276,17,165,761,4550,0.764615384615385,2085,6933,464,602,94,4363,16,826,89,16
"1466","2020-05-01",263,17,149,742,4550,0.764615384615385,2085,6933,464,602,101,4464,22,848,100,22
"1467","2020-05-02",240,17,133,735,4550,0.764615384615385,2085,6933,464,602,76,4540,34,882,75,34
"1468","2020-05-03",243,17,151,698,4550,0.764615384615385,2085,6933,464,602,69,4609,40,922,68,40
"1469","2020-05-04",237,17,146,691,4550,0.764615384615385,2085,6933,464,602,70,4679,50,972,69,50
"1470","2020-05-05",230,17,129,660,4550,0.764615384615385,2085,6933,464,602,96,4775,53,1025,95,53
"1471","2020-05-06",232,17,140,636,4550,0.764615384615385,2085,6933,464,602,62,4837,36,1061,61,36
"1472","2020-05-07",238,17,161,625,4550,0.764615384615385,2085,6933,464,602,53,4890,24,1085,53,24
"1473","2020-05-08",230,17,170,613,4550,0.764615384615385,2085,6933,464,602,53,4943,20,1105,51,20
"1474","2020-05-09",248,17,184,588,4550,0.764615384615385,2085,6933,464,602,49,4992,27,1132,47,27
"1475","2020-05-10",231,17,164,587,4550,0.764615384615385,2085,6933,464,602,39,5031,14,1146,38,14
"1476","2020-05-11",226,17,169,566,4550,0.764615384615385,2085,6933,464,602,45,5076,6,1152,44,6
"1477","2020-05-12",218,17,171,563,4550,0.764615384615385,2085,6933,464,602,31,5107,10,1162,31,10
"1478","2020-05-13",205,17,146,548,4550,0.764615384615385,2085,6933,464,602,30,5137,22,1184,29,22
"1479","2020-05-14",201,17,141,546,4550,0.764615384615385,2085,6933,464,602,36,5173,13,1197,35,13
"1480","2020-05-15",219,17,163,531,4550,0.764615384615385,2085,6933,464,602,29,5202,21,1218,28,21
"1481","2020-05-16",213,17,153,497,4550,0.764615384615385,2085,6933,464,602,24,5226,10,1228,23,10
"1482","2020-05-17",188,17,146,492,4550,0.764615384615385,2085,6933,464,602,27,5253,6,1234,25,6
"1483","2020-05-18",176,17,138,481,4550,0.764615384615385,2085,6933,464,602,19,5272,11,1245,18,11
"1484","2020-05-19",173,17,126,442,4550,0.764615384615385,2085,6933,464,602,14,5286,7,1252,13,7
"1485","2020-05-20",175,17,116,422,4550,0.764615384615385,2085,6933,464,602,15,5301,6,1258,13,6
"1486","2020-05-21",163,17,102,399,4550,0.764615384615385,2085,6933,464,602,17,5318,18,1276,15,18
"1487","2020-05-22",142,17,86,374,4550,0.764615384615385,2085,6933,464,602,18,5336,19,1295,18,19
"1488","2020-05-23",143,17,77,336,4550,0.764615384615385,2085,6933,464,602,21,5357,19,1314,19,19
"1489","2020-05-24",151,17,95,316,4550,0.764615384615385,2085,6933,464,602,13,5370,16,1330,10,16
"1490","2020-05-25",142,17,91,303,4550,0.764615384615385,2085,6933,464,602,11,5381,14,1344,10,14
"1491","2020-05-26",124,17,98,280,4550,0.764615384615385,2085,6933,464,602,14,5395,10,1354,13,10
"1492","2020-05-27",114,17,113,271,4550,0.764615384615385,2085,6933,464,602,17,5412,2,1356,17,2
"1493","2020-05-28",113,17,104,250,4550,0.764615384615385,2085,6933,464,602,15,5427,NA,NA,14,NA
"1494","2020-05-29",108,17,101,234,4550,0.764615384615385,2085,6933,464,602,12,5439,4,1360,11,4
"1495","2020-05-30",98,17,109,219,4550,0.764615384615385,2085,6933,464,602,7,5446,5,1365,7,5
"1496","2020-05-31",78,17,104,215,4550,0.764615384615385,2085,6933,464,602,4,5450,3,1368,4,3
"1497","2020-06-01",69,17,102,196,4550,0.764615384615385,2085,6933,464,602,6,5456,3,1371,6,3
"1498","2020-06-02",74,17,99,190,4550,0.764615384615385,2085,6933,464,602,10,5466,4,1375,8,4
"1499","2020-06-03",74,17,101,186,4550,0.764615384615385,2085,6933,464,602,4,5470,17,1392,4,17
"1500","2020-06-04",68,17,99,174,4550,0.764615384615385,2085,6933,464,602,9,5479,11,1403,9,11
"1501","2020-06-05",62,17,77,158,4550,0.764615384615385,2085,6933,464,602,3,5482,6,1409,2,6
"1502","2020-06-06",59,17,69,155,4550,0.764615384615385,2085,6933,464,602,5,5487,2,1411,5,2
"1503","2020-06-07",56,17,66,144,4550,0.764615384615385,2085,6933,464,602,6,5493,1,1412,5,1
"1504","2020-03-08",1,18,0,0,5167,0.883878459454229,2010,6782,681,699,NA,NA,NA,NA,NA,NA
"1505","2020-03-09",1,18,0,0,5167,0.883878459454229,2010,6782,681,699,NA,NA,NA,NA,NA,NA
"1506","2020-03-10",0,18,0,0,5167,0.883878459454229,2010,6782,681,699,1,1,4,4,1,4
"1507","2020-03-11",0,18,0,0,5167,0.883878459454229,2010,6782,681,699,2,3,8,12,1,8
"1508","2020-03-12",0,18,0,0,5167,0.883878459454229,2010,6782,681,699,4,7,5,17,1,5
"1509","2020-03-13",0,18,0,0,5167,0.883878459454229,2010,6782,681,699,4,11,3,20,NA,3
"1510","2020-03-14",1,18,44,46,5167,0.883878459454229,2010,6782,681,699,7,18,12,32,2,12
"1511","2020-03-15",6,18,66,55,5167,0.883878459454229,2010,6782,681,699,4,22,12,44,2,12
"1512","2020-03-16",11,18,59,70,5167,0.883878459454229,2010,6782,681,699,10,32,3,47,6,3
"1513","2020-03-17",12,18,61,85,5167,0.883878459454229,2010,6782,681,699,7,39,1,48,5,1
"1514","2020-03-18",16,18,77,106,5167,0.883878459454229,2010,6782,681,699,11,50,5,53,10,5
"1515","2020-03-19",21,18,95,124,5167,0.883878459454229,2010,6782,681,699,14,64,2,55,9,2
"1516","2020-03-20",25,18,91,139,5167,0.883878459454229,2010,6782,681,699,14,78,15,70,8,15
"1517","2020-03-21",43,18,89,161,5167,0.883878459454229,2010,6782,681,699,14,92,10,80,12,10
"1518","2020-03-22",45,18,73,193,5167,0.883878459454229,2010,6782,681,699,20,112,7,87,18,7
"1519","2020-03-23",39,18,70,217,5167,0.883878459454229,2010,6782,681,699,22,134,6,93,10,6
"1520","2020-03-24",42,18,97,260,5167,0.883878459454229,2010,6782,681,699,19,153,6,99,16,6
"1521","2020-03-25",45,18,97,304,5167,0.883878459454229,2010,6782,681,699,16,169,18,117,13,18
"1522","2020-03-26",46,18,96,326,5167,0.883878459454229,2010,6782,681,699,27,196,12,129,25,12
"1523","2020-03-27",62,18,94,353,5167,0.883878459454229,2010,6782,681,699,31,227,9,138,26,9
"1524","2020-03-28",75,18,76,382,5167,0.883878459454229,2010,6782,681,699,26,253,10,148,23,10
"1525","2020-03-29",97,18,73,422,5167,0.883878459454229,2010,6782,681,699,42,295,6,154,36,6
"1526","2020-03-30",104,18,57,448,5167,0.883878459454229,2010,6782,681,699,43,338,3,157,41,3
"1527","2020-03-31",112,18,56,488,5167,0.883878459454229,2010,6782,681,699,49,387,12,169,45,12
"1528","2020-04-01",125,18,58,523,5167,0.883878459454229,2010,6782,681,699,44,431,10,179,43,10
"1529","2020-04-02",136,18,90,547,5167,0.883878459454229,2010,6782,681,699,43,474,16,195,39,16
"1530","2020-04-03",160,18,104,595,5167,0.883878459454229,2010,6782,681,699,54,528,13,208,52,13
"1531","2020-04-04",178,18,141,642,5167,0.883878459454229,2010,6782,681,699,63,591,11,219,58,11
"1532","2020-04-05",188,18,128,674,5167,0.883878459454229,2010,6782,681,699,80,671,12,231,73,12
"1533","2020-04-06",189,18,164,725,5167,0.883878459454229,2010,6782,681,699,81,752,15,246,80,15
"1534","2020-04-07",197,18,167,775,5167,0.883878459454229,2010,6782,681,699,81,833,18,264,76,18
"1535","2020-04-08",206,18,155,819,5167,0.883878459454229,2010,6782,681,699,96,929,28,292,91,28
"1536","2020-04-09",226,18,139,875,5167,0.883878459454229,2010,6782,681,699,85,1014,21,313,79,21
"1537","2020-04-10",274,18,127,900,5167,0.883878459454229,2010,6782,681,699,114,1128,20,333,109,20
"1538","2020-04-11",297,18,157,939,5167,0.883878459454229,2010,6782,681,699,124,1252,17,350,118,17
"1539","2020-04-12",291,18,187,1012,5167,0.883878459454229,2010,6782,681,699,124,1376,14,364,118,14
"1540","2020-04-13",290,18,158,1055,5167,0.883878459454229,2010,6782,681,699,119,1495,22,386,114,22
"1541","2020-04-14",291,18,147,1091,5167,0.883878459454229,2010,6782,681,699,114,1609,39,425,110,39
"1542","2020-04-15",300,18,137,1119,5167,0.883878459454229,2010,6782,681,699,124,1733,20,445,122,20
"1543","2020-04-16",310,18,156,1144,5167,0.883878459454229,2010,6782,681,699,163,1896,23,468,161,23
"1544","2020-04-17",385,18,150,1187,5167,0.883878459454229,2010,6782,681,699,123,2019,43,511,117,43
"1545","2020-04-18",391,18,141,1187,5167,0.883878459454229,2010,6782,681,699,175,2194,29,540,170,29
"1546","2020-04-19",358,18,136,1184,5167,0.883878459454229,2010,6782,681,699,162,2356,24,564,158,24
"1547","2020-04-20",381,18,117,1181,5167,0.883878459454229,2010,6782,681,699,169,2525,20,584,165,20
"1548","2020-04-21",402,18,120,1202,5167,0.883878459454229,2010,6782,681,699,148,2673,26,610,147,26
"1549","2020-04-22",405,18,121,1209,5167,0.883878459454229,2010,6782,681,699,174,2847,14,624,173,14
"1550","2020-04-23",407,18,123,1205,5167,0.883878459454229,2010,6782,681,699,152,2999,39,663,150,39
"1551","2020-04-24",404,18,135,1220,5167,0.883878459454229,2010,6782,681,699,144,3143,31,694,141,31
"1552","2020-04-25",417,18,130,1275,5167,0.883878459454229,2010,6782,681,699,174,3317,19,713,172,19
"1553","2020-04-26",418,18,149,1283,5167,0.883878459454229,2010,6782,681,699,140,3457,17,730,134,17
"1554","2020-04-27",408,18,150,1250,5167,0.883878459454229,2010,6782,681,699,151,3608,35,765,150,35
"1555","2020-04-28",394,18,146,1226,5167,0.883878459454229,2010,6782,681,699,152,3760,25,790,150,25
"1556","2020-04-29",395,18,133,1199,5167,0.883878459454229,2010,6782,681,699,145,3905,13,803,144,13
"1557","2020-04-30",398,18,124,1211,5167,0.883878459454229,2010,6782,681,699,111,4016,35,838,110,35
"1558","2020-05-01",418,18,126,1162,5167,0.883878459454229,2010,6782,681,699,125,4141,31,869,120,31
"1559","2020-05-02",410,18,138,1144,5167,0.883878459454229,2010,6782,681,699,121,4262,23,892,117,23
"1560","2020-05-03",392,18,132,1104,5167,0.883878459454229,2010,6782,681,699,108,4370,34,926,107,34
"1561","2020-05-04",379,18,139,1065,5167,0.883878459454229,2010,6782,681,699,109,4479,31,957,108,31
"1562","2020-05-05",368,18,154,1000,5167,0.883878459454229,2010,6782,681,699,110,4589,28,985,105,28
"1563","2020-05-06",367,18,149,969,5167,0.883878459454229,2010,6782,681,699,84,4673,30,1015,77,30
"1564","2020-05-07",355,18,140,909,5167,0.883878459454229,2010,6782,681,699,101,4774,14,1029,99,14
"1565","2020-05-08",345,18,147,833,5167,0.883878459454229,2010,6782,681,699,75,4849,21,1050,73,21
"1566","2020-05-09",319,18,170,780,5167,0.883878459454229,2010,6782,681,699,73,4922,24,1074,69,24
"1567","2020-05-10",286,18,220,724,5167,0.883878459454229,2010,6782,681,699,52,4974,27,1101,52,27
"1568","2020-05-11",272,18,216,699,5167,0.883878459454229,2010,6782,681,699,62,5036,26,1127,62,26
"1569","2020-05-12",254,18,219,691,5167,0.883878459454229,2010,6782,681,699,56,5092,20,1147,55,20
"1570","2020-05-13",235,18,212,642,5167,0.883878459454229,2010,6782,681,699,42,5134,27,1174,40,27
"1571","2020-05-14",214,18,202,600,5167,0.883878459454229,2010,6782,681,699,51,5185,14,1188,50,14
"1572","2020-05-15",201,18,190,551,5167,0.883878459454229,2010,6782,681,699,43,5228,26,1214,39,26
"1573","2020-05-16",194,18,179,531,5167,0.883878459454229,2010,6782,681,699,39,5267,30,1244,35,30
"1574","2020-05-17",179,18,147,504,5167,0.883878459454229,2010,6782,681,699,25,5292,27,1271,25,27
"1575","2020-05-18",178,18,123,478,5167,0.883878459454229,2010,6782,681,699,35,5327,27,1298,33,27
"1576","2020-05-19",177,18,125,467,5167,0.883878459454229,2010,6782,681,699,25,5352,19,1317,25,19
"1577","2020-05-20",173,18,125,442,5167,0.883878459454229,2010,6782,681,699,21,5373,28,1345,19,28
"1578","2020-05-21",162,18,122,415,5167,0.883878459454229,2010,6782,681,699,27,5400,25,1370,24,25
"1579","2020-05-22",134,18,121,392,5167,0.883878459454229,2010,6782,681,699,17,5417,34,1404,16,34
"1580","2020-05-23",148,18,113,370,5167,0.883878459454229,2010,6782,681,699,21,5438,17,1421,20,17
"1581","2020-05-24",141,18,116,344,5167,0.883878459454229,2010,6782,681,699,19,5457,23,1444,18,23
"1582","2020-05-25",124,18,120,329,5167,0.883878459454229,2010,6782,681,699,17,5474,12,1456,14,12
"1583","2020-05-26",110,18,140,312,5167,0.883878459454229,2010,6782,681,699,20,5494,17,1473,17,17
"1584","2020-05-27",103,18,152,289,5167,0.883878459454229,2010,6782,681,699,11,5505,8,1481,11,8
"1585","2020-05-28",103,18,144,268,5167,0.883878459454229,2010,6782,681,699,19,5524,16,1497,19,16
"1586","2020-05-29",109,18,125,248,5167,0.883878459454229,2010,6782,681,699,9,5533,19,1516,8,19
"1587","2020-05-30",98,18,104,228,5167,0.883878459454229,2010,6782,681,699,11,5544,21,1537,11,21
"1588","2020-05-31",93,18,75,204,5167,0.883878459454229,2010,6782,681,699,13,5557,18,1555,12,18
"1589","2020-06-01",85,18,84,188,5167,0.883878459454229,2010,6782,681,699,15,5572,11,1566,12,11
"1590","2020-06-02",83,18,90,167,5167,0.883878459454229,2010,6782,681,699,9,5581,14,1580,8,14
"1591","2020-06-03",79,18,87,144,5167,0.883878459454229,2010,6782,681,699,12,5593,23,1603,10,23
"1592","2020-06-04",81,18,81,142,5167,0.883878459454229,2010,6782,681,699,5,5598,18,1621,5,18
"1593","2020-06-05",68,18,84,140,5167,0.883878459454229,2010,6782,681,699,10,5608,12,1633,8,12
"1594","2020-06-06",64,18,80,132,5167,0.883878459454229,2010,6782,681,699,11,5619,8,1641,8,8
"1595","2020-06-07",58,18,85,134,5167,0.883878459454229,2010,6782,681,699,6,5625,12,1653,6,12
"1596","2020-03-07",1,19,0,0,3350,0.642388059701492,2115,5875,349,438,NA,NA,NA,NA,NA,NA
"1597","2020-03-08",3,19,0,0,3350,0.642388059701492,2115,5875,349,438,NA,NA,NA,NA,NA,NA
"1598","2020-03-09",2,19,0,0,3350,0.642388059701492,2115,5875,349,438,NA,NA,NA,NA,NA,NA
"1599","2020-03-10",0,19,0,0,3350,0.642388059701492,2115,5875,349,438,NA,NA,1,1,NA,1
"1600","2020-03-11",0,19,0,0,3350,0.642388059701492,2115,5875,349,438,17,17,8,9,NA,8
"1601","2020-03-12",1,19,25,15,3350,0.642388059701492,2115,5875,349,438,19,36,8,17,NA,8
"1602","2020-03-13",2,19,31,22,3350,0.642388059701492,2115,5875,349,438,20,56,3,20,4,3
"1603","2020-03-14",4,19,30,37,3350,0.642388059701492,2115,5875,349,438,14,70,6,26,4,6
"1604","2020-03-15",4,19,28,52,3350,0.642388059701492,2115,5875,349,438,16,86,15,41,4,15
"1605","2020-03-16",6,19,30,64,3350,0.642388059701492,2115,5875,349,438,28,114,26,67,12,26
"1606","2020-03-17",12,19,35,78,3350,0.642388059701492,2115,5875,349,438,30,144,2,69,17,2
"1607","2020-03-18",14,19,40,94,3350,0.642388059701492,2115,5875,349,438,29,173,9,78,20,9
"1608","2020-03-19",19,19,35,113,3350,0.642388059701492,2115,5875,349,438,29,202,6,84,16,6
"1609","2020-03-20",21,19,35,131,3350,0.642388059701492,2115,5875,349,438,52,254,14,98,33,14
"1610","2020-03-21",33,19,42,151,3350,0.642388059701492,2115,5875,349,438,39,293,12,110,31,12
"1611","2020-03-22",37,19,47,170,3350,0.642388059701492,2115,5875,349,438,64,357,13,123,42,13
"1612","2020-03-23",36,19,52,181,3350,0.642388059701492,2115,5875,349,438,53,410,17,140,39,17
"1613","2020-03-24",36,19,46,202,3350,0.642388059701492,2115,5875,349,438,82,492,17,157,66,17
"1614","2020-03-25",42,19,47,219,3350,0.642388059701492,2115,5875,349,438,61,553,19,176,47,19
"1615","2020-03-26",50,19,46,235,3350,0.642388059701492,2115,5875,349,438,69,622,23,199,55,23
"1616","2020-03-27",69,19,47,251,3350,0.642388059701492,2115,5875,349,438,67,689,25,224,51,25
"1617","2020-03-28",86,19,43,276,3350,0.642388059701492,2115,5875,349,438,100,789,24,248,87,24
"1618","2020-03-29",87,19,39,302,3350,0.642388059701492,2115,5875,349,438,69,858,30,278,61,30
"1619","2020-03-30",91,19,50,326,3350,0.642388059701492,2115,5875,349,438,88,946,18,296,72,18
"1620","2020-03-31",97,19,57,355,3350,0.642388059701492,2115,5875,349,438,96,1042,15,311,77,15
"1621","2020-04-01",102,19,55,367,3350,0.642388059701492,2115,5875,349,438,82,1124,32,343,75,32
"1622","2020-04-02",100,19,52,393,3350,0.642388059701492,2115,5875,349,438,110,1234,28,371,94,28
"1623","2020-04-03",125,19,49,412,3350,0.642388059701492,2115,5875,349,438,97,1331,25,396,82,25
"1624","2020-04-04",132,19,66,434,3350,0.642388059701492,2115,5875,349,438,118,1449,9,405,105,9
"1625","2020-04-05",134,19,71,447,3350,0.642388059701492,2115,5875,349,438,127,1576,8,413,118,8
"1626","2020-04-06",130,19,75,467,3350,0.642388059701492,2115,5875,349,438,99,1675,7,420,88,7
"1627","2020-04-07",131,19,83,476,3350,0.642388059701492,2115,5875,349,438,137,1812,13,433,120,13
"1628","2020-04-08",137,19,95,497,3350,0.642388059701492,2115,5875,349,438,125,1937,31,464,110,31
"1629","2020-04-09",142,19,93,510,3350,0.642388059701492,2115,5875,349,438,129,2066,33,497,116,33
"1630","2020-04-10",141,19,91,511,3350,0.642388059701492,2115,5875,349,438,127,2193,20,517,114,20
"1631","2020-04-11",147,19,81,512,3350,0.642388059701492,2115,5875,349,438,145,2338,8,525,128,8
"1632","2020-04-12",169,19,85,510,3350,0.642388059701492,2115,5875,349,438,141,2479,11,536,132,11
"1633","2020-04-13",171,19,89,538,3350,0.642388059701492,2115,5875,349,438,146,2625,32,568,131,32
"1634","2020-04-14",161,19,87,558,3350,0.642388059701492,2115,5875,349,438,136,2761,15,583,123,15
"1635","2020-04-15",167,19,105,569,3350,0.642388059701492,2115,5875,349,438,152,2913,25,608,134,25
"1636","2020-04-16",166,19,112,581,3350,0.642388059701492,2115,5875,349,438,135,3048,17,625,122,17
"1637","2020-04-17",186,19,113,587,3350,0.642388059701492,2115,5875,349,438,115,3163,27,652,95,27
"1638","2020-04-18",206,19,106,596,3350,0.642388059701492,2115,5875,349,438,159,3322,28,680,138,28
"1639","2020-04-19",185,19,93,617,3350,0.642388059701492,2115,5875,349,438,91,3413,35,715,83,35
"1640","2020-04-20",183,19,92,619,3350,0.642388059701492,2115,5875,349,438,146,3559,19,734,134,19
"1641","2020-04-21",189,19,104,624,3350,0.642388059701492,2115,5875,349,438,103,3662,49,783,91,49
"1642","2020-04-22",188,19,106,631,3350,0.642388059701492,2115,5875,349,438,102,3764,20,803,84,20
"1643","2020-04-23",190,19,119,624,3350,0.642388059701492,2115,5875,349,438,110,3874,39,842,92,39
"1644","2020-04-24",200,19,135,613,3350,0.642388059701492,2115,5875,349,438,111,3985,20,862,93,20
"1645","2020-04-25",205,19,125,605,3350,0.642388059701492,2115,5875,349,438,119,4104,19,881,106,19
"1646","2020-04-26",201,19,109,609,3350,0.642388059701492,2115,5875,349,438,85,4189,36,917,74,36
"1647","2020-04-27",202,19,120,598,3350,0.642388059701492,2115,5875,349,438,85,4274,15,932,77,15
"1648","2020-04-28",214,19,122,586,3350,0.642388059701492,2115,5875,349,438,75,4349,9,941,71,9
"1649","2020-04-29",210,19,134,572,3350,0.642388059701492,2115,5875,349,438,85,4434,36,977,75,36
"1650","2020-04-30",213,19,138,568,3350,0.642388059701492,2115,5875,349,438,51,4485,52,1029,42,52
"1651","2020-05-01",232,19,134,570,3350,0.642388059701492,2115,5875,349,438,68,4553,33,1062,59,33
"1652","2020-05-02",227,19,117,552,3350,0.642388059701492,2115,5875,349,438,58,4611,29,1091,47,29
"1653","2020-05-03",214,19,121,538,3350,0.642388059701492,2115,5875,349,438,61,4672,34,1125,46,34
"1654","2020-05-04",193,19,126,513,3350,0.642388059701492,2115,5875,349,438,56,4728,29,1154,49,29
"1655","2020-05-05",184,19,130,522,3350,0.642388059701492,2115,5875,349,438,58,4786,33,1187,46,33
"1656","2020-05-06",180,19,113,529,3350,0.642388059701492,2115,5875,349,438,54,4840,17,1204,48,17
"1657","2020-05-07",171,19,112,528,3350,0.642388059701492,2115,5875,349,438,49,4889,33,1237,38,33
"1658","2020-05-08",161,19,105,514,3350,0.642388059701492,2115,5875,349,438,44,4933,25,1262,34,25
"1659","2020-05-09",157,19,105,499,3350,0.642388059701492,2115,5875,349,438,53,4986,17,1279,44,17
"1660","2020-05-10",161,19,88,494,3350,0.642388059701492,2115,5875,349,438,33,5019,20,1299,26,20
"1661","2020-05-11",160,19,91,482,3350,0.642388059701492,2115,5875,349,438,46,5065,25,1324,39,25
"1662","2020-05-12",147,19,79,471,3350,0.642388059701492,2115,5875,349,438,32,5097,31,1355,27,31
"1663","2020-05-13",150,19,75,460,3350,0.642388059701492,2115,5875,349,438,26,5123,31,1386,22,31
"1664","2020-05-14",158,19,73,449,3350,0.642388059701492,2115,5875,349,438,34,5157,37,1423,26,37
"1665","2020-05-15",171,19,70,452,3350,0.642388059701492,2115,5875,349,438,24,5181,34,1457,19,34
"1666","2020-05-16",166,19,93,445,3350,0.642388059701492,2115,5875,349,438,23,5204,32,1489,18,32
"1667","2020-05-17",139,19,98,437,3350,0.642388059701492,2115,5875,349,438,31,5235,22,1511,21,22
"1668","2020-05-18",144,19,109,426,3350,0.642388059701492,2115,5875,349,438,21,5256,35,1546,14,35
"1669","2020-05-19",138,19,107,423,3350,0.642388059701492,2115,5875,349,438,30,5286,34,1580,24,34
"1670","2020-05-20",134,19,106,425,3350,0.642388059701492,2115,5875,349,438,22,5308,21,1601,13,21
"1671","2020-05-21",129,19,104,406,3350,0.642388059701492,2115,5875,349,438,33,5341,19,1620,22,19
"1672","2020-05-22",124,19,113,391,3350,0.642388059701492,2115,5875,349,438,21,5362,32,1652,14,32
"1673","2020-05-23",130,19,111,377,3350,0.642388059701492,2115,5875,349,438,21,5383,14,1666,16,14
"1674","2020-05-24",139,19,124,363,3350,0.642388059701492,2115,5875,349,438,17,5400,27,1693,12,27
"1675","2020-05-25",136,19,117,350,3350,0.642388059701492,2115,5875,349,438,15,5415,27,1720,13,27
"1676","2020-05-26",129,19,109,349,3350,0.642388059701492,2115,5875,349,438,20,5435,16,1736,13,16
"1677","2020-05-27",128,19,121,335,3350,0.642388059701492,2115,5875,349,438,19,5454,30,1766,14,30
"1678","2020-05-28",121,19,103,314,3350,0.642388059701492,2115,5875,349,438,14,5468,19,1785,6,19
"1679","2020-05-29",134,19,102,309,3350,0.642388059701492,2115,5875,349,438,14,5482,18,1803,10,18
"1680","2020-05-30",125,19,101,279,3350,0.642388059701492,2115,5875,349,438,10,5492,8,1811,9,8
"1681","2020-05-31",104,19,101,266,3350,0.642388059701492,2115,5875,349,438,13,5505,24,1835,9,24
"1682","2020-06-01",92,19,102,257,3350,0.642388059701492,2115,5875,349,438,8,5513,8,1843,6,8
"1683","2020-06-02",91,19,107,254,3350,0.642388059701492,2115,5875,349,438,9,5522,11,1854,7,11
"1684","2020-06-03",83,19,112,226,3350,0.642388059701492,2115,5875,349,438,21,5543,11,1865,16,11
"1685","2020-06-04",87,19,111,208,3350,0.642388059701492,2115,5875,349,438,6,5549,13,1878,4,13
"1686","2020-06-05",70,19,105,198,3350,0.642388059701492,2115,5875,349,438,8,5557,20,1898,3,20
"1687","2020-06-06",59,19,101,196,3350,0.642388059701492,2115,5875,349,438,12,5569,13,1911,9,13
"1688","2020-06-07",56,19,88,190,3350,0.642388059701492,2115,5875,349,438,7,5576,13,1924,5,13
"1689","2020-03-13",1,20,30,13,5325,0.9581220657277,2025,6986,536,491,8,15,3,11,NA,3
"1690","2020-03-14",1,20,30,17,5325,0.9581220657277,2025,6986,536,491,10,25,4,15,1,4
"1691","2020-03-15",2,20,38,24,5325,0.9581220657277,2025,6986,536,491,14,39,11,26,7,11
"1692","2020-03-16",4,20,41,30,5325,0.9581220657277,2025,6986,536,491,7,46,8,34,4,8
"1693","2020-03-17",4,20,58,39,5325,0.9581220657277,2025,6986,536,491,11,57,9,43,7,9
"1694","2020-03-18",5,20,76,49,5325,0.9581220657277,2025,6986,536,491,23,80,16,59,15,16
"1695","2020-03-19",7,20,79,64,5325,0.9581220657277,2025,6986,536,491,24,104,11,70,18,11
"1696","2020-03-20",9,20,92,71,5325,0.9581220657277,2025,6986,536,491,29,133,13,83,18,13
"1697","2020-03-21",19,20,86,95,5325,0.9581220657277,2025,6986,536,491,24,157,12,95,23,12
"1698","2020-03-22",25,20,74,107,5325,0.9581220657277,2025,6986,536,491,29,186,14,109,22,14
"1699","2020-03-23",24,20,76,111,5325,0.9581220657277,2025,6986,536,491,19,205,24,133,16,24
"1700","2020-03-24",31,20,71,128,5325,0.9581220657277,2025,6986,536,491,37,242,20,153,33,20
"1701","2020-03-25",34,20,75,146,5325,0.9581220657277,2025,6986,536,491,40,282,18,171,33,18
"1702","2020-03-26",36,20,99,171,5325,0.9581220657277,2025,6986,536,491,38,320,16,187,30,16
"1703","2020-03-27",45,20,97,186,5325,0.9581220657277,2025,6986,536,491,40,360,25,212,34,25
"1704","2020-03-28",54,20,99,207,5325,0.9581220657277,2025,6986,536,491,64,424,24,236,58,24
"1705","2020-03-29",61,20,108,225,5325,0.9581220657277,2025,6986,536,491,55,479,14,250,45,14
"1706","2020-03-30",64,20,112,263,5325,0.9581220657277,2025,6986,536,491,43,522,16,266,33,16
"1707","2020-03-31",62,20,130,292,5325,0.9581220657277,2025,6986,536,491,61,583,17,283,55,17
"1708","2020-04-01",66,20,130,315,5325,0.9581220657277,2025,6986,536,491,73,656,18,301,68,18
"1709","2020-04-02",75,20,118,362,5325,0.9581220657277,2025,6986,536,491,63,719,28,329,61,28
"1710","2020-04-03",95,20,126,400,5325,0.9581220657277,2025,6986,536,491,79,798,18,347,71,18
"1711","2020-04-04",99,20,116,428,5325,0.9581220657277,2025,6986,536,491,94,892,20,367,84,20
"1712","2020-04-05",101,20,98,477,5325,0.9581220657277,2025,6986,536,491,96,988,11,378,89,11
"1713","2020-04-06",104,20,100,537,5325,0.9581220657277,2025,6986,536,491,84,1072,12,390,78,12
"1714","2020-04-07",107,20,99,599,5325,0.9581220657277,2025,6986,536,491,103,1175,9,399,94,9
"1715","2020-04-08",125,20,78,638,5325,0.9581220657277,2025,6986,536,491,119,1294,14,413,115,14
"1716","2020-04-09",131,20,68,722,5325,0.9581220657277,2025,6986,536,491,120,1414,18,431,111,18
"1717","2020-04-10",184,20,74,762,5325,0.9581220657277,2025,6986,536,491,174,1588,15,446,165,15
"1718","2020-04-11",209,20,78,841,5325,0.9581220657277,2025,6986,536,491,138,1726,22,468,132,22
"1719","2020-04-12",237,20,102,902,5325,0.9581220657277,2025,6986,536,491,139,1865,27,495,133,27
"1720","2020-04-13",241,20,133,977,5325,0.9581220657277,2025,6986,536,491,155,2020,23,518,145,23
"1721","2020-04-14",253,20,138,1036,5325,0.9581220657277,2025,6986,536,491,111,2131,24,542,104,24
"1722","2020-04-15",272,20,130,1103,5325,0.9581220657277,2025,6986,536,491,137,2268,30,572,132,30
"1723","2020-04-16",296,20,141,1191,5325,0.9581220657277,2025,6986,536,491,142,2410,30,602,134,30
"1724","2020-04-17",351,20,169,1249,5325,0.9581220657277,2025,6986,536,491,168,2578,29,631,161,29
"1725","2020-04-18",366,20,161,1294,5325,0.9581220657277,2025,6986,536,491,127,2705,22,653,121,22
"1726","2020-04-19",394,20,160,1303,5325,0.9581220657277,2025,6986,536,491,145,2850,26,679,136,26
"1727","2020-04-20",408,20,155,1366,5325,0.9581220657277,2025,6986,536,491,149,2999,19,698,144,19
"1728","2020-04-21",403,20,125,1390,5325,0.9581220657277,2025,6986,536,491,158,3157,19,717,149,19
"1729","2020-04-22",414,20,120,1413,5325,0.9581220657277,2025,6986,536,491,140,3297,26,743,133,26
"1730","2020-04-23",434,20,119,1450,5325,0.9581220657277,2025,6986,536,491,136,3433,34,777,132,34
"1731","2020-04-24",510,20,96,1492,5325,0.9581220657277,2025,6986,536,491,153,3586,45,822,149,45
"1732","2020-04-25",533,20,96,1507,5325,0.9581220657277,2025,6986,536,491,143,3729,29,851,135,29
"1733","2020-04-26",488,20,114,1531,5325,0.9581220657277,2025,6986,536,491,108,3837,25,876,103,25
"1734","2020-04-27",489,20,113,1531,5325,0.9581220657277,2025,6986,536,491,137,3974,24,900,135,24
"1735","2020-04-28",496,20,138,1531,5325,0.9581220657277,2025,6986,536,491,112,4086,22,922,108,22
"1736","2020-04-29",494,20,171,1505,5325,0.9581220657277,2025,6986,536,491,114,4200,15,937,110,15
"1737","2020-04-30",482,20,157,1488,5325,0.9581220657277,2025,6986,536,491,115,4315,35,972,113,35
"1738","2020-05-01",537,20,149,1447,5325,0.9581220657277,2025,6986,536,491,102,4417,30,1002,95,30
"1739","2020-05-02",538,20,158,1405,5325,0.9581220657277,2025,6986,536,491,107,4524,28,1030,104,28
"1740","2020-05-03",505,20,177,1360,5325,0.9581220657277,2025,6986,536,491,76,4600,23,1053,74,23
"1741","2020-05-04",516,20,196,1307,5325,0.9581220657277,2025,6986,536,491,88,4688,23,1076,85,23
"1742","2020-05-05",511,20,172,1246,5325,0.9581220657277,2025,6986,536,491,71,4759,19,1095,68,19
"1743","2020-05-06",496,20,189,1178,5325,0.9581220657277,2025,6986,536,491,62,4821,32,1127,60,32
"1744","2020-05-07",480,20,190,1135,5325,0.9581220657277,2025,6986,536,491,68,4889,40,1167,65,40
"1745","2020-05-08",441,20,160,1097,5325,0.9581220657277,2025,6986,536,491,70,4959,31,1198,63,31
"1746","2020-05-09",412,20,143,1055,5325,0.9581220657277,2025,6986,536,491,38,4997,36,1234,35,36
"1747","2020-05-10",377,20,126,1015,5325,0.9581220657277,2025,6986,536,491,58,5055,25,1259,55,25
"1748","2020-05-11",351,20,117,951,5325,0.9581220657277,2025,6986,536,491,42,5097,35,1294,41,35
"1749","2020-05-12",333,20,94,874,5325,0.9581220657277,2025,6986,536,491,48,5145,27,1321,45,27
"1750","2020-05-13",327,20,95,819,5325,0.9581220657277,2025,6986,536,491,45,5190,24,1345,41,24
"1751","2020-05-14",327,20,116,784,5325,0.9581220657277,2025,6986,536,491,36,5226,23,1368,34,23
"1752","2020-05-15",311,20,122,740,5325,0.9581220657277,2025,6986,536,491,34,5260,21,1389,33,21
"1753","2020-05-16",313,20,148,664,5325,0.9581220657277,2025,6986,536,491,43,5303,21,1410,40,21
"1754","2020-05-17",271,20,150,614,5325,0.9581220657277,2025,6986,536,491,21,5324,23,1433,19,23
"1755","2020-05-18",258,20,156,571,5325,0.9581220657277,2025,6986,536,491,34,5358,19,1452,29,19
"1756","2020-05-19",240,20,163,513,5325,0.9581220657277,2025,6986,536,491,23,5381,18,1470,19,18
"1757","2020-05-20",235,20,186,471,5325,0.9581220657277,2025,6986,536,491,19,5400,16,1486,17,16
"1758","2020-05-21",217,20,202,419,5325,0.9581220657277,2025,6986,536,491,17,5417,20,1506,16,20
"1759","2020-05-22",181,20,185,371,5325,0.9581220657277,2025,6986,536,491,19,5436,13,1519,17,13
"1760","2020-05-23",156,20,169,339,5325,0.9581220657277,2025,6986,536,491,8,5444,24,1543,8,24
"1761","2020-05-24",146,20,167,296,5325,0.9581220657277,2025,6986,536,491,20,5464,17,1560,18,17
"1762","2020-05-25",137,20,175,260,5325,0.9581220657277,2025,6986,536,491,12,5476,21,1581,12,21
"1763","2020-05-26",123,20,182,234,5325,0.9581220657277,2025,6986,536,491,12,5488,19,1600,11,19
"1764","2020-05-27",101,20,164,215,5325,0.9581220657277,2025,6986,536,491,10,5498,16,1616,10,16
"1765","2020-05-28",89,20,164,201,5325,0.9581220657277,2025,6986,536,491,11,5509,17,1633,10,17
"1766","2020-05-29",81,20,147,187,5325,0.9581220657277,2025,6986,536,491,11,5520,27,1660,10,27
"1767","2020-05-30",79,20,143,175,5325,0.9581220657277,2025,6986,536,491,10,5530,27,1687,8,27
"1768","2020-05-31",70,20,127,161,5325,0.9581220657277,2025,6986,536,491,7,5537,22,1709,7,22
"1769","2020-06-01",62,20,115,147,5325,0.9581220657277,2025,6986,536,491,15,5552,21,1730,12,21
"1770","2020-06-02",53,20,119,137,5325,0.9581220657277,2025,6986,536,491,5,5557,17,1747,4,17
"1771","2020-06-03",52,20,125,138,5325,0.9581220657277,2025,6986,536,491,4,5561,17,1764,3,17
"1772","2020-06-04",54,20,115,126,5325,0.9581220657277,2025,6986,536,491,11,5572,13,1777,10,13
"1773","2020-06-05",46,20,112,117,5325,0.9581220657277,2025,6986,536,491,8,5580,28,1805,5,28
"1774","2020-06-06",45,20,111,105,5325,0.9581220657277,2025,6986,536,491,8,5588,24,1829,7,24
"1775","2020-06-07",39,20,89,102,5325,0.9581220657277,2025,6986,536,491,8,5596,17,1846,7,17
