"","Date","Absents","Paramset","Infections_or_Exposed_per_day_Patient","Infections_or_Exposed_per_day_HCW","total_infections","nosocomial_proportion","PCR_pooled","LFD_pooled","HCW_symp_test","patient_symp_test","new_hcw_infs","cumulative_hcw_infs","new_pat_infs","cumulative_pats_infs","new_nosocomial_hcw_infs","new_nosocomial_pat_infs"
"1","2020-03-13",4,1,49,137,5794,0.37849499482223,2040,7678,660,832,50,137,12,42,3,12
"2","2020-03-14",21,1,47,195,5794,0.37849499482223,2040,7678,660,832,58,195,6,48,10,6
"3","2020-03-15",35,1,50,257,5794,0.37849499482223,2040,7678,660,832,62,257,16,64,21,16
"4","2020-03-16",35,1,65,306,5794,0.37849499482223,2040,7678,660,832,50,307,10,74,19,10
"5","2020-03-17",45,1,68,359,5794,0.37849499482223,2040,7678,660,832,54,361,12,86,27,12
"6","2020-03-18",58,1,83,412,5794,0.37849499482223,2040,7678,660,832,59,420,25,111,15,25
"7","2020-03-19",69,1,93,467,5794,0.37849499482223,2040,7678,660,832,71,491,19,130,21,19
"8","2020-03-20",97,1,114,530,5794,0.37849499482223,2040,7678,660,832,83,574,28,158,32,28
"9","2020-03-21",114,1,109,586,5794,0.37849499482223,2040,7678,660,832,88,662,17,175,40,17
"10","2020-03-22",153,1,94,616,5794,0.37849499482223,2040,7678,660,832,69,731,9,184,35,9
"11","2020-03-23",169,1,86,659,5794,0.37849499482223,2040,7678,660,832,72,803,5,189,33,5
"12","2020-03-24",180,1,76,703,5794,0.37849499482223,2040,7678,660,832,78,881,5,194,28,5
"13","2020-03-25",186,1,84,742,5794,0.37849499482223,2040,7678,660,832,74,955,19,213,31,19
"14","2020-03-26",208,1,123,773,5794,0.37849499482223,2040,7678,660,832,81,1036,45,258,39,45
"15","2020-03-27",260,1,126,787,5794,0.37849499482223,2040,7678,660,832,69,1105,25,283,35,25
"16","2020-03-28",281,1,137,813,5794,0.37849499482223,2040,7678,660,832,79,1184,31,314,40,31
"17","2020-03-29",241,1,145,857,5794,0.37849499482223,2040,7678,660,832,95,1279,27,341,55,27
"18","2020-03-30",249,1,149,875,5794,0.37849499482223,2040,7678,660,832,79,1358,31,372,40,31
"19","2020-03-31",260,1,165,902,5794,0.37849499482223,2040,7678,660,832,96,1454,29,401,50,29
"20","2020-04-01",278,1,193,911,5794,0.37849499482223,2040,7678,660,832,82,1536,45,446,34,45
"21","2020-04-02",288,1,205,903,5794,0.37849499482223,2040,7678,660,832,75,1611,42,488,33,42
"22","2020-04-03",323,1,205,901,5794,0.37849499482223,2040,7678,660,832,77,1688,43,531,35,43
"23","2020-04-04",347,1,213,920,5794,0.37849499482223,2040,7678,660,832,88,1776,41,572,44,41
"24","2020-04-05",332,1,190,948,5794,0.37849499482223,2040,7678,660,832,91,1867,17,589,37,17
"25","2020-04-06",316,1,187,946,5794,0.37849499482223,2040,7678,660,832,86,1953,35,624,41,35
"26","2020-04-07",314,1,194,968,5794,0.37849499482223,2040,7678,660,832,101,2054,36,660,41,36
"27","2020-04-08",311,1,196,976,5794,0.37849499482223,2040,7678,660,832,87,2141,36,696,41,36
"28","2020-04-09",298,1,177,987,5794,0.37849499482223,2040,7678,660,832,87,2228,22,718,41,22
"29","2020-04-10",327,1,174,1027,5794,0.37849499482223,2040,7678,660,832,108,2336,21,739,58,21
"30","2020-04-11",317,1,193,1020,5794,0.37849499482223,2040,7678,660,832,85,2421,52,791,31,52
"31","2020-04-12",309,1,186,1031,5794,0.37849499482223,2040,7678,660,832,92,2513,27,818,44,27
"32","2020-04-13",318,1,170,1040,5794,0.37849499482223,2040,7678,660,832,96,2609,15,833,53,15
"33","2020-04-14",307,1,156,1017,5794,0.37849499482223,2040,7678,660,832,82,2691,13,846,38,13
"34","2020-04-15",312,1,189,1011,5794,0.37849499482223,2040,7678,660,832,83,2774,56,902,43,56
"35","2020-04-16",324,1,196,1012,5794,0.37849499482223,2040,7678,660,832,82,2856,37,939,28,37
"36","2020-04-17",331,1,217,1003,5794,0.37849499482223,2040,7678,660,832,75,2931,54,993,36,54
"37","2020-04-18",363,1,221,986,5794,0.37849499482223,2040,7678,660,832,79,3010,31,1024,39,31
"38","2020-04-19",360,1,215,965,5794,0.37849499482223,2040,7678,660,832,65,3075,38,1062,25,38
"39","2020-04-20",333,1,207,946,5794,0.37849499482223,2040,7678,660,832,82,3157,21,1083,34,21
"40","2020-04-21",322,1,195,929,5794,0.37849499482223,2040,7678,660,832,57,3214,21,1104,21,21
"41","2020-04-22",307,1,190,929,5794,0.37849499482223,2040,7678,660,832,88,3302,32,1136,33,32
"42","2020-04-23",294,1,186,887,5794,0.37849499482223,2040,7678,660,832,61,3363,31,1167,25,31
"43","2020-04-24",316,1,182,871,5794,0.37849499482223,2040,7678,660,832,72,3435,28,1195,37,28
"44","2020-04-25",300,1,178,863,5794,0.37849499482223,2040,7678,660,832,72,3507,19,1214,35,19
"45","2020-04-26",262,1,158,873,5794,0.37849499482223,2040,7678,660,832,79,3586,19,1233,35,19
"46","2020-04-27",264,1,156,841,5794,0.37849499482223,2040,7678,660,832,57,3643,31,1264,21,31
"47","2020-04-28",261,1,175,844,5794,0.37849499482223,2040,7678,660,832,71,3714,40,1304,30,40
"48","2020-04-29",268,1,165,849,5794,0.37849499482223,2040,7678,660,832,73,3787,23,1327,37,23
"49","2020-04-30",266,1,175,851,5794,0.37849499482223,2040,7678,660,832,71,3858,27,1354,30,27
"50","2020-05-01",282,1,199,822,5794,0.37849499482223,2040,7678,660,832,60,3918,52,1406,17,52
"51","2020-05-02",274,1,191,799,5794,0.37849499482223,2040,7678,660,832,57,3975,25,1431,32,25
"52","2020-05-03",275,1,185,782,5794,0.37849499482223,2040,7678,660,832,61,4036,28,1459,23,28
"53","2020-05-04",270,1,204,790,5794,0.37849499482223,2040,7678,660,832,72,4108,42,1501,25,42
"54","2020-05-05",263,1,201,755,5794,0.37849499482223,2040,7678,660,832,57,4165,35,1536,26,35
"55","2020-05-06",255,1,182,739,5794,0.37849499482223,2040,7678,660,832,58,4223,16,1552,11,16
"56","2020-05-07",255,1,173,731,5794,0.37849499482223,2040,7678,660,832,51,4274,22,1574,22,22
"57","2020-05-08",238,1,164,722,5794,0.37849499482223,2040,7678,660,832,57,4331,20,1594,19,20
"58","2020-05-09",226,1,163,701,5794,0.37849499482223,2040,7678,660,832,50,4381,17,1611,24,17
"59","2020-05-10",235,1,183,675,5794,0.37849499482223,2040,7678,660,832,44,4425,47,1658,15,47
"60","2020-05-11",235,1,211,660,5794,0.37849499482223,2040,7678,660,832,42,4467,59,1717,12,59
"61","2020-05-12",230,1,220,634,5794,0.37849499482223,2040,7678,660,832,47,4514,34,1751,20,34
"62","2020-05-13",222,1,239,609,5794,0.37849499482223,2040,7678,660,832,39,4553,52,1803,14,52
"63","2020-05-14",224,1,247,606,5794,0.37849499482223,2040,7678,660,832,50,4603,47,1850,20,47
"64","2020-05-15",225,1,229,590,5794,0.37849499482223,2040,7678,660,832,51,4654,36,1886,16,36
"65","2020-05-16",213,1,215,568,5794,0.37849499482223,2040,7678,660,832,31,4685,36,1922,10,36
"66","2020-05-17",196,1,220,550,5794,0.37849499482223,2040,7678,660,832,41,4726,41,1963,12,41
"67","2020-05-18",195,1,206,539,5794,0.37849499482223,2040,7678,660,832,42,4768,22,1985,14,22
"68","2020-05-19",184,1,202,515,5794,0.37849499482223,2040,7678,660,832,36,4804,29,2014,14,29
"69","2020-05-20",188,1,188,487,5794,0.37849499482223,2040,7678,660,832,32,4836,22,2036,15,22
"70","2020-05-21",173,1,180,462,5794,0.37849499482223,2040,7678,660,832,31,4867,25,2061,9,25
"71","2020-05-22",160,1,169,436,5794,0.37849499482223,2040,7678,660,832,25,4892,20,2081,12,20
"72","2020-05-23",166,1,150,408,5794,0.37849499482223,2040,7678,660,832,19,4911,21,2102,6,21
"73","2020-05-24",151,1,124,403,5794,0.37849499482223,2040,7678,660,832,24,4935,6,2108,6,6
"74","2020-05-25",142,1,132,380,5794,0.37849499482223,2040,7678,660,832,26,4961,21,2129,11,21
"75","2020-05-26",134,1,133,369,5794,0.37849499482223,2040,7678,660,832,30,4991,29,2158,9,29
"76","2020-05-27",125,1,128,346,5794,0.37849499482223,2040,7678,660,832,24,5015,17,2175,7,17
"77","2020-05-28",121,1,125,319,5794,0.37849499482223,2040,7678,660,832,21,5036,14,2189,6,14
"78","2020-05-29",114,1,115,302,5794,0.37849499482223,2040,7678,660,832,26,5062,15,2204,9,15
"79","2020-05-30",118,1,110,284,5794,0.37849499482223,2040,7678,660,832,15,5077,12,2216,5,12
"80","2020-05-31",102,1,134,282,5794,0.37849499482223,2040,7678,660,832,22,5099,32,2248,12,32
"81","2020-06-01",94,1,144,277,5794,0.37849499482223,2040,7678,660,832,22,5121,28,2276,8,28
"82","2020-06-02",94,1,147,258,5794,0.37849499482223,2040,7678,660,832,15,5136,31,2307,7,31
"83","2020-06-03",92,1,145,251,5794,0.37849499482223,2040,7678,660,832,16,5152,16,2323,6,16
"84","2020-06-04",89,1,125,242,5794,0.37849499482223,2040,7678,660,832,18,5170,16,2339,6,16
"85","2020-06-05",84,1,143,226,5794,0.37849499482223,2040,7678,660,832,12,5182,29,2368,2,29
"86","2020-06-06",73,1,135,236,5794,0.37849499482223,2040,7678,660,832,30,5212,22,2390,13,22
"87","2020-06-07",83,1,136,222,5794,0.37849499482223,2040,7678,660,832,13,5225,24,2414,9,24
"88","2020-03-14",1,2,41,107,5827,0.694525484812082,2085,8196,638,464,43,152,11,25,10,11
"89","2020-03-15",11,2,62,140,5827,0.694525484812082,2085,8196,638,464,42,194,13,38,12,13
"90","2020-03-16",14,2,63,175,5827,0.694525484812082,2085,8196,638,464,42,236,11,49,17,11
"91","2020-03-17",20,2,68,218,5827,0.694525484812082,2085,8196,638,464,51,287,8,57,21,8
"92","2020-03-18",23,2,62,272,5827,0.694525484812082,2085,8196,638,464,58,345,19,76,25,19
"93","2020-03-19",35,2,57,340,5827,0.694525484812082,2085,8196,638,464,43,388,16,92,22,16
"94","2020-03-20",50,2,65,396,5827,0.694525484812082,2085,8196,638,464,66,454,16,108,38,16
"95","2020-03-21",67,2,68,449,5827,0.694525484812082,2085,8196,638,464,55,509,14,122,24,14
"96","2020-03-22",99,2,63,510,5827,0.694525484812082,2085,8196,638,464,72,581,17,139,25,17
"97","2020-03-23",114,2,82,548,5827,0.694525484812082,2085,8196,638,464,73,654,33,172,29,33
"98","2020-03-24",125,2,84,599,5827,0.694525484812082,2085,8196,638,464,76,730,25,197,26,25
"99","2020-03-25",148,2,103,664,5827,0.694525484812082,2085,8196,638,464,67,797,32,229,31,32
"100","2020-03-26",157,2,116,701,5827,0.694525484812082,2085,8196,638,464,100,897,19,248,56,19
"101","2020-03-27",217,2,103,740,5827,0.694525484812082,2085,8196,638,464,90,987,34,282,57,34
"102","2020-03-28",251,2,96,802,5827,0.694525484812082,2085,8196,638,464,89,1076,20,302,57,20
"103","2020-03-29",262,2,101,834,5827,0.694525484812082,2085,8196,638,464,94,1170,16,318,56,16
"104","2020-03-30",264,2,114,877,5827,0.694525484812082,2085,8196,638,464,98,1268,24,342,67,24
"105","2020-03-31",270,2,105,940,5827,0.694525484812082,2085,8196,638,464,90,1358,21,363,61,21
"106","2020-04-01",268,2,90,971,5827,0.694525484812082,2085,8196,638,464,84,1442,20,383,45,20
"107","2020-04-02",285,2,98,1001,5827,0.694525484812082,2085,8196,638,464,87,1529,23,406,53,23
"108","2020-04-03",356,2,98,1045,5827,0.694525484812082,2085,8196,638,464,119,1648,22,428,77,22
"109","2020-04-04",371,2,108,1074,5827,0.694525484812082,2085,8196,638,464,125,1773,20,448,81,20
"110","2020-04-05",333,2,99,1108,5827,0.694525484812082,2085,8196,638,464,113,1886,15,463,66,15
"111","2020-04-06",341,2,102,1124,5827,0.694525484812082,2085,8196,638,464,97,1983,16,479,63,16
"112","2020-04-07",345,2,116,1169,5827,0.694525484812082,2085,8196,638,464,115,2098,21,500,77,21
"113","2020-04-08",359,2,131,1181,5827,0.694525484812082,2085,8196,638,464,99,2197,21,521,64,21
"114","2020-04-09",365,2,124,1243,5827,0.694525484812082,2085,8196,638,464,105,2302,15,536,69,15
"115","2020-04-10",402,2,118,1252,5827,0.694525484812082,2085,8196,638,464,111,2413,32,568,72,32
"116","2020-04-11",393,2,117,1277,5827,0.694525484812082,2085,8196,638,464,100,2513,52,620,55,52
"117","2020-04-12",403,2,136,1304,5827,0.694525484812082,2085,8196,638,464,82,2595,45,665,60,45
"118","2020-04-13",408,2,150,1323,5827,0.694525484812082,2085,8196,638,464,103,2698,36,701,65,36
"119","2020-04-14",412,2,129,1362,5827,0.694525484812082,2085,8196,638,464,93,2791,35,736,62,35
"120","2020-04-15",426,2,135,1339,5827,0.694525484812082,2085,8196,638,464,93,2884,32,768,64,32
"121","2020-04-16",438,2,130,1339,5827,0.694525484812082,2085,8196,638,464,93,2977,46,814,56,46
"122","2020-04-17",473,2,140,1315,5827,0.694525484812082,2085,8196,638,464,86,3063,32,846,56,32
"123","2020-04-18",491,2,165,1333,5827,0.694525484812082,2085,8196,638,464,90,3153,27,873,49,27
"124","2020-04-19",460,2,183,1306,5827,0.694525484812082,2085,8196,638,464,86,3239,47,920,45,47
"125","2020-04-20",447,2,171,1316,5827,0.694525484812082,2085,8196,638,464,72,3311,45,965,44,45
"126","2020-04-21",422,2,150,1281,5827,0.694525484812082,2085,8196,638,464,91,3402,37,1002,54,37
"127","2020-04-22",426,2,147,1239,5827,0.694525484812082,2085,8196,638,464,81,3483,26,1028,49,26
"128","2020-04-23",422,2,134,1194,5827,0.694525484812082,2085,8196,638,464,61,3544,22,1050,36,22
"129","2020-04-24",421,2,123,1152,5827,0.694525484812082,2085,8196,638,464,81,3625,25,1075,39,25
"130","2020-04-25",428,2,149,1098,5827,0.694525484812082,2085,8196,638,464,63,3688,29,1104,37,29
"131","2020-04-26",391,2,166,1072,5827,0.694525484812082,2085,8196,638,464,66,3754,32,1136,38,32
"132","2020-04-27",373,2,172,1023,5827,0.694525484812082,2085,8196,638,464,61,3815,48,1184,29,48
"133","2020-04-28",380,2,180,984,5827,0.694525484812082,2085,8196,638,464,69,3884,27,1211,45,27
"134","2020-04-29",358,2,204,935,5827,0.694525484812082,2085,8196,638,464,60,3944,32,1243,30,32
"135","2020-04-30",340,2,210,897,5827,0.694525484812082,2085,8196,638,464,69,4013,42,1285,39,42
"136","2020-05-01",335,2,224,859,5827,0.694525484812082,2085,8196,638,464,73,4086,27,1312,41,27
"137","2020-05-02",326,2,226,833,5827,0.694525484812082,2085,8196,638,464,52,4138,33,1345,21,33
"138","2020-05-03",310,2,222,800,5827,0.694525484812082,2085,8196,638,464,47,4185,29,1374,26,29
"139","2020-05-04",297,2,209,763,5827,0.694525484812082,2085,8196,638,464,52,4237,18,1392,18,18
"140","2020-05-05",278,2,210,722,5827,0.694525484812082,2085,8196,638,464,59,4296,21,1413,27,21
"141","2020-05-06",277,2,203,688,5827,0.694525484812082,2085,8196,638,464,47,4343,42,1455,22,42
"142","2020-05-07",272,2,183,663,5827,0.694525484812082,2085,8196,638,464,53,4396,31,1486,18,31
"143","2020-05-08",252,2,164,614,5827,0.694525484812082,2085,8196,638,464,62,4458,29,1515,34,29
"144","2020-05-09",228,2,151,576,5827,0.694525484812082,2085,8196,638,464,37,4495,31,1546,16,31
"145","2020-05-10",215,2,132,554,5827,0.694525484812082,2085,8196,638,464,47,4542,39,1585,25,39
"146","2020-05-11",208,2,121,525,5827,0.694525484812082,2085,8196,638,464,50,4592,42,1627,21,42
"147","2020-05-12",193,2,111,505,5827,0.694525484812082,2085,8196,638,464,34,4626,28,1655,16,28
"148","2020-05-13",179,2,104,486,5827,0.694525484812082,2085,8196,638,464,24,4650,34,1689,13,34
"149","2020-05-14",166,2,130,450,5827,0.694525484812082,2085,8196,638,464,41,4691,32,1721,19,32
"150","2020-05-15",157,2,134,438,5827,0.694525484812082,2085,8196,638,464,29,4720,30,1751,17,30
"151","2020-05-16",151,2,151,425,5827,0.694525484812082,2085,8196,638,464,37,4757,40,1791,12,40
"152","2020-05-17",157,2,164,403,5827,0.694525484812082,2085,8196,638,464,26,4783,24,1815,8,24
"153","2020-05-18",159,2,138,396,5827,0.694525484812082,2085,8196,638,464,34,4817,20,1835,18,20
"154","2020-05-19",151,2,135,363,5827,0.694525484812082,2085,8196,638,464,29,4846,20,1855,14,20
"155","2020-05-20",142,2,145,353,5827,0.694525484812082,2085,8196,638,464,33,4879,14,1869,14,14
"156","2020-05-21",140,2,127,339,5827,0.694525484812082,2085,8196,638,464,35,4914,47,1916,11,47
"157","2020-05-22",143,2,113,329,5827,0.694525484812082,2085,8196,638,464,26,4940,36,1952,12,36
"158","2020-05-23",151,2,116,305,5827,0.694525484812082,2085,8196,638,464,25,4965,22,1974,9,22
"159","2020-05-24",115,2,131,296,5827,0.694525484812082,2085,8196,638,464,22,4987,32,2006,9,32
"160","2020-05-25",103,2,129,287,5827,0.694525484812082,2085,8196,638,464,24,5011,31,2037,10,31
"161","2020-05-26",95,2,134,281,5827,0.694525484812082,2085,8196,638,464,13,5024,18,2055,5,18
"162","2020-05-27",92,2,132,273,5827,0.694525484812082,2085,8196,638,464,17,5041,19,2074,8,19
"163","2020-05-28",93,2,137,265,5827,0.694525484812082,2085,8196,638,464,23,5064,13,2087,5,13
"164","2020-05-29",85,2,122,251,5827,0.694525484812082,2085,8196,638,464,33,5097,19,2106,15,19
"165","2020-05-30",83,2,129,240,5827,0.694525484812082,2085,8196,638,464,20,5117,14,2120,9,14
"166","2020-05-31",84,2,138,233,5827,0.694525484812082,2085,8196,638,464,21,5138,17,2137,9,17
"167","2020-06-01",87,2,142,222,5827,0.694525484812082,2085,8196,638,464,18,5156,24,2161,6,24
"168","2020-06-02",85,2,138,215,5827,0.694525484812082,2085,8196,638,464,10,5166,17,2178,6,17
"169","2020-06-03",82,2,131,205,5827,0.694525484812082,2085,8196,638,464,16,5182,23,2201,6,23
"170","2020-06-04",72,2,120,196,5827,0.694525484812082,2085,8196,638,464,16,5198,14,2215,10,14
"171","2020-06-05",69,2,123,188,5827,0.694525484812082,2085,8196,638,464,10,5208,21,2236,7,21
"172","2020-06-06",67,2,120,181,5827,0.694525484812082,2085,8196,638,464,14,5222,16,2252,8,16
"173","2020-06-07",55,2,109,169,5827,0.694525484812082,2085,8196,638,464,9,5231,24,2276,6,24
"174","2020-03-14",20,3,121,172,6376,0.547678795483062,2055,7781,553,1275,25,96,24,97,17,24
"175","2020-03-15",28,3,126,232,6376,0.547678795483062,2055,7781,553,1275,29,125,19,116,21,19
"176","2020-03-16",23,3,147,291,6376,0.547678795483062,2055,7781,553,1275,49,174,19,135,43,19
"177","2020-03-17",33,3,190,355,6376,0.547678795483062,2055,7781,553,1275,55,229,11,146,46,11
"178","2020-03-18",48,3,204,420,6376,0.547678795483062,2055,7781,553,1275,44,273,19,165,36,19
"179","2020-03-19",63,3,204,493,6376,0.547678795483062,2055,7781,553,1275,60,333,20,185,51,20
"180","2020-03-20",99,3,189,553,6376,0.547678795483062,2055,7781,553,1275,78,411,17,202,62,17
"181","2020-03-21",114,3,202,640,6376,0.547678795483062,2055,7781,553,1275,82,493,13,215,70,13
"182","2020-03-22",165,3,231,725,6376,0.547678795483062,2055,7781,553,1275,83,576,17,232,74,17
"183","2020-03-23",180,3,233,793,6376,0.547678795483062,2055,7781,553,1275,88,664,9,241,77,9
"184","2020-03-24",181,3,248,860,6376,0.547678795483062,2055,7781,553,1275,95,759,22,263,79,22
"185","2020-03-25",198,3,244,924,6376,0.547678795483062,2055,7781,553,1275,99,858,17,280,88,17
"186","2020-03-26",228,3,229,993,6376,0.547678795483062,2055,7781,553,1275,151,1009,22,302,138,22
"187","2020-03-27",310,3,201,1061,6376,0.547678795483062,2055,7781,553,1275,138,1147,31,333,120,31
"188","2020-03-28",347,3,213,1097,6376,0.547678795483062,2055,7781,553,1275,115,1262,46,379,105,46
"189","2020-03-29",340,3,206,1139,6376,0.547678795483062,2055,7781,553,1275,137,1399,29,408,126,29
"190","2020-03-30",353,3,233,1190,6376,0.547678795483062,2055,7781,553,1275,143,1542,35,443,135,35
"191","2020-03-31",369,3,247,1208,6376,0.547678795483062,2055,7781,553,1275,156,1698,26,469,146,26
"192","2020-04-01",380,3,247,1238,6376,0.547678795483062,2055,7781,553,1275,154,1852,43,512,146,43
"193","2020-04-02",378,3,263,1277,6376,0.547678795483062,2055,7781,553,1275,145,1997,38,550,133,38
"194","2020-04-03",416,3,286,1300,6376,0.547678795483062,2055,7781,553,1275,157,2154,27,577,143,27
"195","2020-04-04",466,3,295,1305,6376,0.547678795483062,2055,7781,553,1275,157,2311,27,604,151,27
"196","2020-04-05",440,3,304,1299,6376,0.547678795483062,2055,7781,553,1275,154,2465,17,621,142,17
"197","2020-04-06",441,3,312,1338,6376,0.547678795483062,2055,7781,553,1275,160,2625,20,641,151,20
"198","2020-04-07",427,3,328,1346,6376,0.547678795483062,2055,7781,553,1275,167,2792,18,659,157,18
"199","2020-04-08",433,3,305,1355,6376,0.547678795483062,2055,7781,553,1275,131,2923,43,702,123,43
"200","2020-04-09",445,3,307,1365,6376,0.547678795483062,2055,7781,553,1275,134,3057,37,739,125,37
"201","2020-04-10",479,3,329,1368,6376,0.547678795483062,2055,7781,553,1275,152,3209,31,770,138,31
"202","2020-04-11",480,3,327,1381,6376,0.547678795483062,2055,7781,553,1275,132,3341,26,796,122,26
"203","2020-04-12",455,3,312,1379,6376,0.547678795483062,2055,7781,553,1275,129,3470,39,835,118,39
"204","2020-04-13",445,3,309,1369,6376,0.547678795483062,2055,7781,553,1275,132,3602,52,887,116,52
"205","2020-04-14",452,3,289,1360,6376,0.547678795483062,2055,7781,553,1275,119,3721,33,920,112,33
"206","2020-04-15",450,3,275,1334,6376,0.547678795483062,2055,7781,553,1275,129,3850,26,946,119,26
"207","2020-04-16",442,3,294,1323,6376,0.547678795483062,2055,7781,553,1275,113,3963,48,994,102,48
"208","2020-04-17",453,3,275,1308,6376,0.547678795483062,2055,7781,553,1275,106,4069,18,1012,98,18
"209","2020-04-18",430,3,264,1268,6376,0.547678795483062,2055,7781,553,1275,102,4171,30,1042,93,30
"210","2020-04-19",412,3,269,1236,6376,0.547678795483062,2055,7781,553,1275,102,4273,21,1063,94,21
"211","2020-04-20",402,3,266,1207,6376,0.547678795483062,2055,7781,553,1275,84,4357,26,1089,72,26
"212","2020-04-21",401,3,259,1173,6376,0.547678795483062,2055,7781,553,1275,95,4452,24,1113,88,24
"213","2020-04-22",398,3,257,1142,6376,0.547678795483062,2055,7781,553,1275,80,4532,42,1155,75,42
"214","2020-04-23",398,3,275,1116,6376,0.547678795483062,2055,7781,553,1275,92,4624,54,1209,80,54
"215","2020-04-24",384,3,278,1047,6376,0.547678795483062,2055,7781,553,1275,68,4692,50,1259,57,50
"216","2020-04-25",384,3,265,1008,6376,0.547678795483062,2055,7781,553,1275,68,4760,26,1285,60,26
"217","2020-04-26",368,3,281,963,6376,0.547678795483062,2055,7781,553,1275,90,4850,38,1323,82,38
"218","2020-04-27",343,3,299,952,6376,0.547678795483062,2055,7781,553,1275,56,4906,28,1351,54,28
"219","2020-04-28",326,3,301,928,6376,0.547678795483062,2055,7781,553,1275,65,4971,42,1393,58,42
"220","2020-04-29",313,3,341,892,6376,0.547678795483062,2055,7781,553,1275,48,5019,44,1437,43,44
"221","2020-04-30",307,3,374,867,6376,0.547678795483062,2055,7781,553,1275,52,5071,43,1480,43,43
"222","2020-05-01",301,3,360,829,6376,0.547678795483062,2055,7781,553,1275,43,5114,49,1529,39,49
"223","2020-05-02",270,3,355,789,6376,0.547678795483062,2055,7781,553,1275,55,5169,47,1576,52,47
"224","2020-05-03",252,3,337,754,6376,0.547678795483062,2055,7781,553,1275,36,5205,40,1616,29,40
"225","2020-05-04",261,3,308,721,6376,0.547678795483062,2055,7781,553,1275,32,5237,48,1664,28,48
"226","2020-05-05",252,3,315,695,6376,0.547678795483062,2055,7781,553,1275,42,5279,49,1713,38,49
"227","2020-05-06",250,3,328,653,6376,0.547678795483062,2055,7781,553,1275,27,5306,48,1761,22,48
"228","2020-05-07",238,3,308,637,6376,0.547678795483062,2055,7781,553,1275,35,5341,52,1813,29,52
"229","2020-05-08",227,3,312,625,6376,0.547678795483062,2055,7781,553,1275,28,5369,44,1857,23,44
"230","2020-05-09",242,3,306,605,6376,0.547678795483062,2055,7781,553,1275,30,5399,38,1895,21,38
"231","2020-05-10",217,3,269,587,6376,0.547678795483062,2055,7781,553,1275,26,5425,42,1937,19,42
"232","2020-05-11",205,3,260,553,6376,0.547678795483062,2055,7781,553,1275,29,5454,39,1976,21,39
"233","2020-05-12",193,3,253,531,6376,0.547678795483062,2055,7781,553,1275,31,5485,33,2009,28,33
"234","2020-05-13",180,3,269,510,6376,0.547678795483062,2055,7781,553,1275,35,5520,40,2049,32,40
"235","2020-05-14",171,3,260,484,6376,0.547678795483062,2055,7781,553,1275,21,5541,43,2092,13,43
"236","2020-05-15",182,3,259,456,6376,0.547678795483062,2055,7781,553,1275,16,5557,30,2122,15,30
"237","2020-05-16",157,3,267,435,6376,0.547678795483062,2055,7781,553,1275,22,5579,28,2150,16,28
"238","2020-05-17",159,3,290,423,6376,0.547678795483062,2055,7781,553,1275,19,5598,20,2170,12,20
"239","2020-05-18",156,3,276,399,6376,0.547678795483062,2055,7781,553,1275,26,5624,20,2190,20,20
"240","2020-05-19",150,3,282,383,6376,0.547678795483062,2055,7781,553,1275,20,5644,20,2210,16,20
"241","2020-05-20",143,3,271,370,6376,0.547678795483062,2055,7781,553,1275,19,5663,33,2243,14,33
"242","2020-05-21",141,3,279,348,6376,0.547678795483062,2055,7781,553,1275,15,5678,28,2271,12,28
"243","2020-05-22",130,3,295,338,6376,0.547678795483062,2055,7781,553,1275,19,5697,17,2288,10,17
"244","2020-05-23",143,3,324,328,6376,0.547678795483062,2055,7781,553,1275,13,5710,32,2320,11,32
"245","2020-05-24",120,3,313,300,6376,0.547678795483062,2055,7781,553,1275,13,5723,41,2361,10,41
"246","2020-05-25",108,3,312,280,6376,0.547678795483062,2055,7781,553,1275,21,5744,17,2378,14,17
"247","2020-05-26",103,3,287,257,6376,0.547678795483062,2055,7781,553,1275,17,5761,19,2397,14,19
"248","2020-05-27",107,3,303,239,6376,0.547678795483062,2055,7781,553,1275,19,5780,14,2411,14,14
"249","2020-05-28",100,3,295,224,6376,0.547678795483062,2055,7781,553,1275,11,5791,32,2443,10,32
"250","2020-05-29",92,3,293,212,6376,0.547678795483062,2055,7781,553,1275,9,5800,33,2476,7,33
"251","2020-05-30",83,3,277,197,6376,0.547678795483062,2055,7781,553,1275,9,5809,29,2505,6,29
"252","2020-05-31",82,3,309,189,6376,0.547678795483062,2055,7781,553,1275,6,5815,30,2535,5,30
"253","2020-06-01",77,3,300,169,6376,0.547678795483062,2055,7781,553,1275,15,5830,35,2570,11,35
"254","2020-06-02",73,3,297,168,6376,0.547678795483062,2055,7781,553,1275,17,5847,33,2603,13,33
"255","2020-06-03",67,3,276,163,6376,0.547678795483062,2055,7781,553,1275,7,5854,26,2629,6,26
"256","2020-06-04",65,3,260,155,6376,0.547678795483062,2055,7781,553,1275,11,5865,24,2653,6,24
"257","2020-06-05",54,3,277,148,6376,0.547678795483062,2055,7781,553,1275,13,5878,26,2679,10,26
"258","2020-06-06",46,3,259,144,6376,0.547678795483062,2055,7781,553,1275,11,5889,30,2709,10,30
"259","2020-06-07",44,3,262,132,6376,0.547678795483062,2055,7781,553,1275,12,5901,41,2750,7,41
"260","2020-03-12",1,4,55,45,5260,0.731939163498099,2025,7838,661,819,42,78,44,66,6,44
"261","2020-03-13",1,4,80,73,5260,0.731939163498099,2025,7838,661,819,56,134,24,90,16,24
"262","2020-03-14",14,4,93,103,5260,0.731939163498099,2025,7838,661,819,62,196,70,160,22,70
"263","2020-03-15",17,4,85,139,5260,0.731939163498099,2025,7838,661,819,64,260,54,214,29,54
"264","2020-03-16",17,4,104,179,5260,0.731939163498099,2025,7838,661,819,84,344,43,257,39,43
"265","2020-03-17",19,4,105,218,5260,0.731939163498099,2025,7838,661,819,79,423,38,295,48,38
"266","2020-03-18",24,4,105,267,5260,0.731939163498099,2025,7838,661,819,90,513,56,351,45,56
"267","2020-03-19",33,4,117,308,5260,0.731939163498099,2025,7838,661,819,85,598,73,424,53,73
"268","2020-03-20",59,4,117,353,5260,0.731939163498099,2025,7838,661,819,99,697,74,498,62,74
"269","2020-03-21",94,4,127,398,5260,0.731939163498099,2025,7838,661,819,102,799,52,550,61,52
"270","2020-03-22",117,4,130,442,5260,0.731939163498099,2025,7838,661,819,118,917,37,587,77,37
"271","2020-03-23",120,4,130,483,5260,0.731939163498099,2025,7838,661,819,92,1009,34,621,67,34
"272","2020-03-24",126,4,113,524,5260,0.731939163498099,2025,7838,661,819,108,1117,21,642,69,21
"273","2020-03-25",135,4,140,564,5260,0.731939163498099,2025,7838,661,819,84,1201,14,656,56,14
"274","2020-03-26",150,4,165,615,5260,0.731939163498099,2025,7838,661,819,109,1310,16,672,72,16
"275","2020-03-27",191,4,188,659,5260,0.731939163498099,2025,7838,661,819,102,1412,28,700,69,28
"276","2020-03-28",186,4,185,705,5260,0.731939163498099,2025,7838,661,819,118,1530,37,737,69,37
"277","2020-03-29",193,4,182,752,5260,0.731939163498099,2025,7838,661,819,104,1634,42,779,75,42
"278","2020-03-30",200,4,183,799,5260,0.731939163498099,2025,7838,661,819,98,1732,36,815,72,36
"279","2020-03-31",219,4,167,852,5260,0.731939163498099,2025,7838,661,819,115,1847,66,881,75,66
"280","2020-04-01",231,4,170,882,5260,0.731939163498099,2025,7838,661,819,106,1953,33,914,60,33
"281","2020-04-02",236,4,180,914,5260,0.731939163498099,2025,7838,661,819,96,2049,61,975,63,61
"282","2020-04-03",263,4,188,936,5260,0.731939163498099,2025,7838,661,819,90,2139,69,1044,55,69
"283","2020-04-04",282,4,183,994,5260,0.731939163498099,2025,7838,661,819,92,2231,49,1093,55,49
"284","2020-04-05",303,4,171,1007,5260,0.731939163498099,2025,7838,661,819,98,2329,27,1120,55,27
"285","2020-04-06",310,4,153,1045,5260,0.731939163498099,2025,7838,661,819,99,2428,9,1129,68,9
"286","2020-04-07",304,4,146,1052,5260,0.731939163498099,2025,7838,661,819,116,2544,17,1146,70,17
"287","2020-04-08",330,4,132,1070,5260,0.731939163498099,2025,7838,661,819,89,2633,13,1159,51,13
"288","2020-04-09",333,4,128,1074,5260,0.731939163498099,2025,7838,661,819,88,2721,16,1175,49,16
"289","2020-04-10",368,4,120,1075,5260,0.731939163498099,2025,7838,661,819,89,2810,10,1185,44,10
"290","2020-04-11",370,4,150,1104,5260,0.731939163498099,2025,7838,661,819,82,2892,12,1197,42,12
"291","2020-04-12",379,4,175,1106,5260,0.731939163498099,2025,7838,661,819,83,2975,21,1218,49,21
"292","2020-04-13",365,4,175,1097,5260,0.731939163498099,2025,7838,661,819,79,3054,24,1242,43,24
"293","2020-04-14",344,4,201,1077,5260,0.731939163498099,2025,7838,661,819,95,3149,54,1296,53,54
"294","2020-04-15",337,4,228,1052,5260,0.731939163498099,2025,7838,661,819,83,3232,75,1371,46,75
"295","2020-04-16",357,4,244,1057,5260,0.731939163498099,2025,7838,661,819,78,3310,22,1393,45,22
"296","2020-04-17",375,4,249,1044,5260,0.731939163498099,2025,7838,661,819,84,3394,23,1416,51,23
"297","2020-04-18",397,4,232,1039,5260,0.731939163498099,2025,7838,661,819,86,3480,17,1433,44,17
"298","2020-04-19",345,4,209,1045,5260,0.731939163498099,2025,7838,661,819,82,3562,15,1448,47,15
"299","2020-04-20",340,4,189,1049,5260,0.731939163498099,2025,7838,661,819,80,3642,24,1472,34,24
"300","2020-04-21",342,4,218,1062,5260,0.731939163498099,2025,7838,661,819,74,3716,71,1543,40,71
"301","2020-04-22",335,4,246,1042,5260,0.731939163498099,2025,7838,661,819,75,3791,33,1576,39,33
"302","2020-04-23",314,4,238,1023,5260,0.731939163498099,2025,7838,661,819,71,3862,27,1603,39,27
"303","2020-04-24",355,4,208,1004,5260,0.731939163498099,2025,7838,661,819,69,3931,44,1647,32,44
"304","2020-04-25",341,4,183,998,5260,0.731939163498099,2025,7838,661,819,68,3999,56,1703,31,56
"305","2020-04-26",359,4,189,959,5260,0.731939163498099,2025,7838,661,819,74,4073,49,1752,39,49
"306","2020-04-27",361,4,168,930,5260,0.731939163498099,2025,7838,661,819,80,4153,24,1776,43,24
"307","2020-04-28",354,4,193,923,5260,0.731939163498099,2025,7838,661,819,49,4202,13,1789,26,13
"308","2020-04-29",347,4,180,894,5260,0.731939163498099,2025,7838,661,819,63,4265,14,1803,38,14
"309","2020-04-30",349,4,167,878,5260,0.731939163498099,2025,7838,661,819,62,4327,18,1821,33,18
"310","2020-05-01",342,4,166,843,5260,0.731939163498099,2025,7838,661,819,61,4388,14,1835,24,14
"311","2020-05-02",337,4,199,821,5260,0.731939163498099,2025,7838,661,819,61,4449,31,1866,30,31
"312","2020-05-03",285,4,239,786,5260,0.731939163498099,2025,7838,661,819,60,4509,49,1915,39,49
"313","2020-05-04",283,4,215,765,5260,0.731939163498099,2025,7838,661,819,58,4567,34,1949,32,34
"314","2020-05-05",273,4,178,728,5260,0.731939163498099,2025,7838,661,819,51,4618,38,1987,17,38
"315","2020-05-06",264,4,168,695,5260,0.731939163498099,2025,7838,661,819,57,4675,28,2015,27,28
"316","2020-05-07",262,4,197,666,5260,0.731939163498099,2025,7838,661,819,53,4728,31,2046,22,31
"317","2020-05-08",246,4,196,625,5260,0.731939163498099,2025,7838,661,819,53,4781,70,2116,28,70
"318","2020-05-09",246,4,194,595,5260,0.731939163498099,2025,7838,661,819,51,4832,42,2158,28,42
"319","2020-05-10",221,4,169,578,5260,0.731939163498099,2025,7838,661,819,69,4901,29,2187,37,29
"320","2020-05-11",209,4,153,545,5260,0.731939163498099,2025,7838,661,819,45,4946,24,2211,25,24
"321","2020-05-12",200,4,139,516,5260,0.731939163498099,2025,7838,661,819,53,4999,18,2229,22,18
"322","2020-05-13",198,4,126,493,5260,0.731939163498099,2025,7838,661,819,48,5047,15,2244,21,15
"323","2020-05-14",186,4,137,454,5260,0.731939163498099,2025,7838,661,819,29,5076,14,2258,10,14
"324","2020-05-15",170,4,127,423,5260,0.731939163498099,2025,7838,661,819,39,5115,18,2276,18,18
"325","2020-05-16",157,4,125,421,5260,0.731939163498099,2025,7838,661,819,29,5144,22,2298,16,22
"326","2020-05-17",169,4,140,407,5260,0.731939163498099,2025,7838,661,819,45,5189,11,2309,19,11
"327","2020-05-18",165,4,133,392,5260,0.731939163498099,2025,7838,661,819,33,5222,23,2332,15,23
"328","2020-05-19",145,4,120,376,5260,0.731939163498099,2025,7838,661,819,33,5255,64,2396,17,64
"329","2020-05-20",138,4,108,351,5260,0.731939163498099,2025,7838,661,819,39,5294,80,2476,22,80
"330","2020-05-21",131,4,101,342,5260,0.731939163498099,2025,7838,661,819,35,5329,51,2527,15,51
"331","2020-05-22",129,4,131,324,5260,0.731939163498099,2025,7838,661,819,36,5365,72,2599,18,72
"332","2020-05-23",140,4,135,299,5260,0.731939163498099,2025,7838,661,819,28,5393,66,2665,18,66
"333","2020-05-24",113,4,125,288,5260,0.731939163498099,2025,7838,661,819,28,5421,93,2758,17,93
"334","2020-05-25",100,4,104,278,5260,0.731939163498099,2025,7838,661,819,28,5449,61,2819,13,61
"335","2020-05-26",102,4,88,278,5260,0.731939163498099,2025,7838,661,819,31,5480,45,2864,16,45
"336","2020-05-27",98,4,86,254,5260,0.731939163498099,2025,7838,661,819,25,5505,49,2913,13,49
"337","2020-05-28",95,4,91,238,5260,0.731939163498099,2025,7838,661,819,31,5536,60,2973,14,60
"338","2020-05-29",90,4,125,232,5260,0.731939163498099,2025,7838,661,819,25,5561,83,3056,12,83
"339","2020-05-30",75,4,153,217,5260,0.731939163498099,2025,7838,661,819,37,5598,45,3101,23,45
"340","2020-05-31",75,4,169,209,5260,0.731939163498099,2025,7838,661,819,32,5630,28,3129,18,28
"341","2020-06-01",74,4,170,204,5260,0.731939163498099,2025,7838,661,819,34,5664,31,3160,20,31
"342","2020-06-02",72,4,175,201,5260,0.731939163498099,2025,7838,661,819,20,5684,47,3207,13,47
"343","2020-06-03",70,4,175,187,5260,0.731939163498099,2025,7838,661,819,22,5706,28,3235,14,28
"344","2020-06-04",65,4,157,192,5260,0.731939163498099,2025,7838,661,819,29,5735,12,3247,19,12
"345","2020-06-05",72,4,147,179,5260,0.731939163498099,2025,7838,661,819,17,5752,14,3261,7,14
"346","2020-06-06",75,4,147,170,5260,0.731939163498099,2025,7838,661,819,10,5762,11,3272,3,12
"347","2020-06-07",67,4,134,157,5260,0.731939163498099,2025,7838,661,819,19,5781,20,3292,8,20
"348","2020-03-08",1,5,0,0,5609,0.651453021929043,2055,7547,630,591,NA,NA,NA,NA,NA,NA
"349","2020-03-09",1,5,0,0,5609,0.651453021929043,2055,7547,630,591,NA,NA,NA,NA,NA,NA
"350","2020-03-10",0,5,0,0,5609,0.651453021929043,2055,7547,630,591,NA,NA,NA,NA,NA,NA
"351","2020-03-11",0,5,0,0,5609,0.651453021929043,2055,7547,630,591,14,14,4,4,NA,4
"352","2020-03-12",0,5,0,0,5609,0.651453021929043,2055,7547,630,591,15,29,9,13,NA,9
"353","2020-03-13",3,5,42,81,5609,0.651453021929043,2055,7547,630,591,21,50,9,22,5,9
"354","2020-03-14",4,5,40,111,5609,0.651453021929043,2055,7547,630,591,14,64,9,31,3,9
"355","2020-03-15",10,5,51,153,5609,0.651453021929043,2055,7547,630,591,23,87,6,37,13,6
"356","2020-03-16",15,5,42,195,5609,0.651453021929043,2055,7547,630,591,22,109,24,61,14,24
"357","2020-03-17",20,5,54,246,5609,0.651453021929043,2055,7547,630,591,32,141,19,80,21,19
"358","2020-03-18",26,5,53,313,5609,0.651453021929043,2055,7547,630,591,27,168,24,104,16,24
"359","2020-03-19",38,5,52,362,5609,0.651453021929043,2055,7547,630,591,42,210,20,124,34,20
"360","2020-03-20",58,5,60,427,5609,0.651453021929043,2055,7547,630,591,52,262,20,144,42,20
"361","2020-03-21",100,5,85,496,5609,0.651453021929043,2055,7547,630,591,43,305,20,164,29,20
"362","2020-03-22",132,5,88,556,5609,0.651453021929043,2055,7547,630,591,61,366,25,189,48,25
"363","2020-03-23",137,5,91,626,5609,0.651453021929043,2055,7547,630,591,53,419,45,234,38,45
"364","2020-03-24",149,5,96,681,5609,0.651453021929043,2055,7547,630,591,68,487,24,258,60,24
"365","2020-03-25",167,5,95,747,5609,0.651453021929043,2055,7547,630,591,85,572,25,283,65,25
"366","2020-03-26",179,5,87,807,5609,0.651453021929043,2055,7547,630,591,65,637,38,321,52,38
"367","2020-03-27",234,5,77,859,5609,0.651453021929043,2055,7547,630,591,102,739,38,359,84,38
"368","2020-03-28",240,5,74,943,5609,0.651453021929043,2055,7547,630,591,79,818,44,403,62,44
"369","2020-03-29",279,5,68,996,5609,0.651453021929043,2055,7547,630,591,117,935,36,439,105,36
"370","2020-03-30",283,5,70,1035,5609,0.651453021929043,2055,7547,630,591,147,1082,29,468,135,29
"371","2020-03-31",292,5,56,1107,5609,0.651453021929043,2055,7547,630,591,112,1194,49,517,97,49
"372","2020-04-01",313,5,67,1129,5609,0.651453021929043,2055,7547,630,591,118,1312,33,550,102,33
"373","2020-04-02",321,5,71,1158,5609,0.651453021929043,2055,7547,630,591,148,1460,33,583,138,33
"374","2020-04-03",375,5,76,1167,5609,0.651453021929043,2055,7547,630,591,166,1626,40,623,150,40
"375","2020-04-04",398,5,81,1197,5609,0.651453021929043,2055,7547,630,591,178,1804,32,655,161,32
"376","2020-04-05",379,5,75,1220,5609,0.651453021929043,2055,7547,630,591,177,1981,68,723,156,68
"377","2020-04-06",387,5,77,1231,5609,0.651453021929043,2055,7547,630,591,175,2156,58,781,162,58
"378","2020-04-07",368,5,72,1255,5609,0.651453021929043,2055,7547,630,591,139,2295,30,811,131,30
"379","2020-04-08",372,5,91,1270,5609,0.651453021929043,2055,7547,630,591,188,2483,43,854,172,43
"380","2020-04-09",378,5,90,1281,5609,0.651453021929043,2055,7547,630,591,177,2660,27,881,166,27
"381","2020-04-10",421,5,113,1273,5609,0.651453021929043,2055,7547,630,591,176,2836,18,899,163,18
"382","2020-04-11",461,5,144,1293,5609,0.651453021929043,2055,7547,630,591,147,2983,21,920,136,21
"383","2020-04-12",408,5,140,1308,5609,0.651453021929043,2055,7547,630,591,175,3158,55,975,154,55
"384","2020-04-13",407,5,134,1294,5609,0.651453021929043,2055,7547,630,591,180,3338,63,1038,169,63
"385","2020-04-14",421,5,133,1288,5609,0.651453021929043,2055,7547,630,591,174,3512,52,1090,166,52
"386","2020-04-15",416,5,146,1259,5609,0.651453021929043,2055,7547,630,591,157,3669,34,1124,146,34
"387","2020-04-16",415,5,138,1238,5609,0.651453021929043,2055,7547,630,591,165,3834,51,1175,153,51
"388","2020-04-17",471,5,133,1213,5609,0.651453021929043,2055,7547,630,591,146,3980,44,1219,132,44
"389","2020-04-18",413,5,118,1182,5609,0.651453021929043,2055,7547,630,591,143,4123,37,1256,134,37
"390","2020-04-19",406,5,105,1155,5609,0.651453021929043,2055,7547,630,591,153,4276,26,1282,142,26
"391","2020-04-20",397,5,101,1135,5609,0.651453021929043,2055,7547,630,591,137,4413,22,1304,123,22
"392","2020-04-21",386,5,99,1122,5609,0.651453021929043,2055,7547,630,591,115,4528,20,1324,102,20
"393","2020-04-22",376,5,99,1096,5609,0.651453021929043,2055,7547,630,591,121,4649,21,1345,109,21
"394","2020-04-23",379,5,111,1075,5609,0.651453021929043,2055,7547,630,591,105,4754,42,1387,93,42
"395","2020-04-24",343,5,137,1036,5609,0.651453021929043,2055,7547,630,591,94,4848,28,1415,88,28
"396","2020-04-25",380,5,146,980,5609,0.651453021929043,2055,7547,630,591,81,4929,27,1442,68,27
"397","2020-04-26",354,5,143,919,5609,0.651453021929043,2055,7547,630,591,87,5016,41,1483,81,41
"398","2020-04-27",339,5,142,883,5609,0.651453021929043,2055,7547,630,591,88,5104,29,1512,83,29
"399","2020-04-28",324,5,149,851,5609,0.651453021929043,2055,7547,630,591,82,5186,21,1533,77,21
"400","2020-04-29",319,5,140,803,5609,0.651453021929043,2055,7547,630,591,62,5248,43,1576,58,43
"401","2020-04-30",299,5,144,769,5609,0.651453021929043,2055,7547,630,591,59,5307,53,1629,56,53
"402","2020-05-01",293,5,149,726,5609,0.651453021929043,2055,7547,630,591,50,5357,51,1680,45,51
"403","2020-05-02",270,5,159,697,5609,0.651453021929043,2055,7547,630,591,58,5415,30,1710,47,30
"404","2020-05-03",249,5,151,658,5609,0.651453021929043,2055,7547,630,591,48,5463,28,1738,46,28
"405","2020-05-04",251,5,122,638,5609,0.651453021929043,2055,7547,630,591,49,5512,21,1759,45,21
"406","2020-05-05",234,5,122,614,5609,0.651453021929043,2055,7547,630,591,33,5545,52,1811,30,52
"407","2020-05-06",230,5,118,567,5609,0.651453021929043,2055,7547,630,591,32,5577,46,1857,29,46
"408","2020-05-07",242,5,135,539,5609,0.651453021929043,2055,7547,630,591,30,5607,37,1894,26,37
"409","2020-05-08",220,5,129,518,5609,0.651453021929043,2055,7547,630,591,31,5638,27,1921,26,27
"410","2020-05-09",211,5,120,489,5609,0.651453021929043,2055,7547,630,591,32,5670,16,1937,26,16
"411","2020-05-10",191,5,112,458,5609,0.651453021929043,2055,7547,630,591,14,5684,16,1953,12,16
"412","2020-05-11",167,5,130,431,5609,0.651453021929043,2055,7547,630,591,23,5707,28,1981,20,28
"413","2020-05-12",159,5,119,412,5609,0.651453021929043,2055,7547,630,591,20,5727,22,2003,15,22
"414","2020-05-13",144,5,117,387,5609,0.651453021929043,2055,7547,630,591,18,5745,41,2044,14,41
"415","2020-05-14",123,5,128,376,5609,0.651453021929043,2055,7547,630,591,20,5765,47,2091,12,47
"416","2020-05-15",113,5,123,367,5609,0.651453021929043,2055,7547,630,591,21,5786,40,2131,19,40
"417","2020-05-16",122,5,142,342,5609,0.651453021929043,2055,7547,630,591,16,5802,27,2158,10,27
"418","2020-05-17",118,5,141,325,5609,0.651453021929043,2055,7547,630,591,15,5817,26,2184,10,26
"419","2020-05-18",109,5,155,306,5609,0.651453021929043,2055,7547,630,591,20,5837,30,2214,14,30
"420","2020-05-19",108,5,162,294,5609,0.651453021929043,2055,7547,630,591,19,5856,21,2235,16,21
"421","2020-05-20",109,5,172,269,5609,0.651453021929043,2055,7547,630,591,16,5872,38,2273,13,38
"422","2020-05-21",103,5,163,258,5609,0.651453021929043,2055,7547,630,591,13,5885,21,2294,9,21
"423","2020-05-22",92,5,159,248,5609,0.651453021929043,2055,7547,630,591,12,5897,53,2347,7,53
"424","2020-05-23",82,5,145,230,5609,0.651453021929043,2055,7547,630,591,11,5908,36,2383,6,36
"425","2020-05-24",85,5,148,225,5609,0.651453021929043,2055,7547,630,591,9,5917,19,2402,6,19
"426","2020-05-25",87,5,144,205,5609,0.651453021929043,2055,7547,630,591,17,5934,39,2441,12,39
"427","2020-05-26",77,5,130,199,5609,0.651453021929043,2055,7547,630,591,8,5942,31,2472,6,31
"428","2020-05-27",71,5,119,190,5609,0.651453021929043,2055,7547,630,591,6,5948,25,2497,4,25
"429","2020-05-28",72,5,101,178,5609,0.651453021929043,2055,7547,630,591,8,5956,16,2513,7,16
"430","2020-05-29",69,5,106,167,5609,0.651453021929043,2055,7547,630,591,6,5962,31,2544,5,31
"431","2020-05-30",62,5,120,161,5609,0.651453021929043,2055,7547,630,591,6,5968,20,2564,2,20
"432","2020-05-31",50,5,119,154,5609,0.651453021929043,2055,7547,630,591,9,5977,23,2587,8,23
"433","2020-06-01",47,5,103,150,5609,0.651453021929043,2055,7547,630,591,7,5984,24,2611,5,24
"434","2020-06-02",45,5,93,148,5609,0.651453021929043,2055,7547,630,591,3,5987,30,2641,2,30
"435","2020-06-03",45,5,87,159,5609,0.651453021929043,2055,7547,630,591,6,5993,18,2659,2,18
"436","2020-06-04",45,5,94,150,5609,0.651453021929043,2055,7547,630,591,3,5996,23,2682,2,23
"437","2020-06-05",50,5,86,152,5609,0.651453021929043,2055,7547,630,591,3,5999,19,2701,1,19
"438","2020-06-06",47,5,81,153,5609,0.651453021929043,2055,7547,630,591,8,6007,14,2715,4,14
"439","2020-06-07",50,5,83,146,5609,0.651453021929043,2055,7547,630,591,5,6012,33,2748,2,33
"440","2020-03-13",2,6,96,87,5562,0.734448040273283,1995,7381,543,1224,36,75,33,80,2,33
"441","2020-03-14",8,6,99,127,5562,0.734448040273283,1995,7381,543,1224,29,104,21,101,7,21
"442","2020-03-15",16,6,129,165,5562,0.734448040273283,1995,7381,543,1224,41,145,16,117,18,16
"443","2020-03-16",23,6,143,219,5562,0.734448040273283,1995,7381,543,1224,35,180,33,150,13,33
"444","2020-03-17",27,6,151,270,5562,0.734448040273283,1995,7381,543,1224,43,223,18,168,13,18
"445","2020-03-18",34,6,133,318,5562,0.734448040273283,1995,7381,543,1224,49,272,47,215,28,47
"446","2020-03-19",44,6,145,379,5562,0.734448040273283,1995,7381,543,1224,64,336,25,240,35,25
"447","2020-03-20",72,6,164,432,5562,0.734448040273283,1995,7381,543,1224,58,394,24,264,32,24
"448","2020-03-21",103,6,196,478,5562,0.734448040273283,1995,7381,543,1224,59,453,37,301,46,37
"449","2020-03-22",108,6,208,559,5562,0.734448040273283,1995,7381,543,1224,73,526,16,317,41,16
"450","2020-03-23",118,6,210,618,5562,0.734448040273283,1995,7381,543,1224,87,613,21,338,65,21
"451","2020-03-24",131,6,193,678,5562,0.734448040273283,1995,7381,543,1224,84,697,31,369,49,31
"452","2020-03-25",149,6,176,710,5562,0.734448040273283,1995,7381,543,1224,79,776,51,420,58,51
"453","2020-03-26",166,6,192,767,5562,0.734448040273283,1995,7381,543,1224,105,881,27,447,77,27
"454","2020-03-27",209,6,184,812,5562,0.734448040273283,1995,7381,543,1224,86,967,53,500,61,53
"455","2020-03-28",220,6,164,883,5562,0.734448040273283,1995,7381,543,1224,115,1082,58,558,85,58
"456","2020-03-29",276,6,147,918,5562,0.734448040273283,1995,7381,543,1224,98,1180,54,612,75,54
"457","2020-03-30",275,6,137,970,5562,0.734448040273283,1995,7381,543,1224,94,1274,29,641,74,29
"458","2020-03-31",271,6,162,983,5562,0.734448040273283,1995,7381,543,1224,122,1396,28,669,101,28
"459","2020-04-01",280,6,187,1005,5562,0.734448040273283,1995,7381,543,1224,86,1482,40,709,57,40
"460","2020-04-02",298,6,186,1019,5562,0.734448040273283,1995,7381,543,1224,98,1580,20,729,80,20
"461","2020-04-03",358,6,212,1088,5562,0.734448040273283,1995,7381,543,1224,135,1715,40,769,109,40
"462","2020-04-04",371,6,249,1099,5562,0.734448040273283,1995,7381,543,1224,99,1814,35,804,67,35
"463","2020-04-05",328,6,233,1091,5562,0.734448040273283,1995,7381,543,1224,128,1942,54,858,97,54
"464","2020-04-06",340,6,195,1097,5562,0.734448040273283,1995,7381,543,1224,97,2039,54,912,76,54
"465","2020-04-07",347,6,166,1086,5562,0.734448040273283,1995,7381,543,1224,103,2142,42,954,78,42
"466","2020-04-08",355,6,155,1108,5562,0.734448040273283,1995,7381,543,1224,121,2263,38,992,94,38
"467","2020-04-09",354,6,181,1101,5562,0.734448040273283,1995,7381,543,1224,104,2367,33,1025,76,33
"468","2020-04-10",354,6,169,1108,5562,0.734448040273283,1995,7381,543,1224,97,2464,50,1075,75,50
"469","2020-04-11",365,6,168,1095,5562,0.734448040273283,1995,7381,543,1224,123,2587,44,1119,94,44
"470","2020-04-12",369,6,154,1065,5562,0.734448040273283,1995,7381,543,1224,110,2697,33,1152,87,33
"471","2020-04-13",354,6,187,1072,5562,0.734448040273283,1995,7381,543,1224,100,2797,26,1178,71,26
"472","2020-04-14",350,6,240,1087,5562,0.734448040273283,1995,7381,543,1224,92,2889,19,1197,72,19
"473","2020-04-15",330,6,245,1078,5562,0.734448040273283,1995,7381,543,1224,117,3006,20,1217,86,20
"474","2020-04-16",327,6,219,1082,5562,0.734448040273283,1995,7381,543,1224,88,3094,24,1241,64,24
"475","2020-04-17",353,6,226,1061,5562,0.734448040273283,1995,7381,543,1224,101,3195,43,1284,79,43
"476","2020-04-18",364,6,236,1044,5562,0.734448040273283,1995,7381,543,1224,98,3293,64,1348,68,64
"477","2020-04-19",325,6,243,1024,5562,0.734448040273283,1995,7381,543,1224,101,3394,22,1370,81,22
"478","2020-04-20",325,6,206,1015,5562,0.734448040273283,1995,7381,543,1224,69,3463,60,1430,45,60
"479","2020-04-21",330,6,203,1002,5562,0.734448040273283,1995,7381,543,1224,81,3544,58,1488,62,58
"480","2020-04-22",351,6,236,965,5562,0.734448040273283,1995,7381,543,1224,82,3626,72,1560,59,72
"481","2020-04-23",341,6,239,932,5562,0.734448040273283,1995,7381,543,1224,85,3711,67,1627,68,67
"482","2020-04-24",333,6,219,911,5562,0.734448040273283,1995,7381,543,1224,89,3800,40,1667,63,40
"483","2020-04-25",343,6,196,898,5562,0.734448040273283,1995,7381,543,1224,72,3872,36,1703,51,36
"484","2020-04-26",314,6,173,881,5562,0.734448040273283,1995,7381,543,1224,72,3944,54,1757,44,54
"485","2020-04-27",300,6,217,887,5562,0.734448040273283,1995,7381,543,1224,65,4009,31,1788,39,31
"486","2020-04-28",285,6,216,845,5562,0.734448040273283,1995,7381,543,1224,74,4083,16,1804,46,16
"487","2020-04-29",277,6,192,820,5562,0.734448040273283,1995,7381,543,1224,68,4151,17,1821,47,17
"488","2020-04-30",279,6,199,807,5562,0.734448040273283,1995,7381,543,1224,73,4224,17,1838,52,17
"489","2020-05-01",277,6,175,789,5562,0.734448040273283,1995,7381,543,1224,73,4297,24,1862,48,24
"490","2020-05-02",250,6,164,754,5562,0.734448040273283,1995,7381,543,1224,49,4346,58,1920,35,58
"491","2020-05-03",270,6,156,726,5562,0.734448040273283,1995,7381,543,1224,52,4398,49,1969,37,49
"492","2020-05-04",262,6,205,690,5562,0.734448040273283,1995,7381,543,1224,63,4461,27,1996,45,27
"493","2020-05-05",246,6,199,675,5562,0.734448040273283,1995,7381,543,1224,56,4517,34,2030,37,34
"494","2020-05-06",238,6,174,660,5562,0.734448040273283,1995,7381,543,1224,58,4575,28,2058,43,28
"495","2020-05-07",231,6,163,628,5562,0.734448040273283,1995,7381,543,1224,47,4622,46,2104,32,46
"496","2020-05-08",228,6,179,597,5562,0.734448040273283,1995,7381,543,1224,51,4673,31,2135,34,31
"497","2020-05-09",232,6,208,577,5562,0.734448040273283,1995,7381,543,1224,39,4712,21,2156,29,21
"498","2020-05-10",209,6,207,557,5562,0.734448040273283,1995,7381,543,1224,28,4740,15,2171,15,15
"499","2020-05-11",204,6,180,510,5562,0.734448040273283,1995,7381,543,1224,42,4782,18,2189,25,18
"500","2020-05-12",193,6,158,487,5562,0.734448040273283,1995,7381,543,1224,38,4820,16,2205,20,16
"501","2020-05-13",176,6,156,479,5562,0.734448040273283,1995,7381,543,1224,37,4857,20,2225,21,20
"502","2020-05-14",168,6,145,445,5562,0.734448040273283,1995,7381,543,1224,25,4882,42,2267,20,42
"503","2020-05-15",156,6,155,424,5562,0.734448040273283,1995,7381,543,1224,30,4912,51,2318,23,51
"504","2020-05-16",143,6,152,400,5562,0.734448040273283,1995,7381,543,1224,29,4941,35,2353,16,35
"505","2020-05-17",147,6,147,393,5562,0.734448040273283,1995,7381,543,1224,38,4979,45,2398,20,45
"506","2020-05-18",138,6,172,380,5562,0.734448040273283,1995,7381,543,1224,22,5001,59,2457,12,59
"507","2020-05-19",129,6,164,369,5562,0.734448040273283,1995,7381,543,1224,28,5029,53,2510,20,53
"508","2020-05-20",136,6,187,348,5562,0.734448040273283,1995,7381,543,1224,25,5054,37,2547,18,37
"509","2020-05-21",130,6,166,344,5562,0.734448040273283,1995,7381,543,1224,17,5071,35,2582,9,35
"510","2020-05-22",134,6,187,345,5562,0.734448040273283,1995,7381,543,1224,11,5082,36,2618,4,36
"511","2020-05-23",137,6,215,336,5562,0.734448040273283,1995,7381,543,1224,24,5106,36,2654,11,36
"512","2020-05-24",123,6,226,342,5562,0.734448040273283,1995,7381,543,1224,15,5121,15,2669,9,15
"513","2020-05-25",124,6,222,354,5562,0.734448040273283,1995,7381,543,1224,19,5140,48,2717,12,48
"514","2020-05-26",128,6,213,352,5562,0.734448040273283,1995,7381,543,1224,17,5157,29,2746,9,29
"515","2020-05-27",122,6,190,344,5562,0.734448040273283,1995,7381,543,1224,18,5175,39,2785,9,39
"516","2020-05-28",125,6,161,335,5562,0.734448040273283,1995,7381,543,1224,9,5184,32,2817,4,32
"517","2020-05-29",120,6,169,324,5562,0.734448040273283,1995,7381,543,1224,17,5201,30,2847,6,30
"518","2020-05-30",115,6,168,322,5562,0.734448040273283,1995,7381,543,1224,13,5214,40,2887,4,40
"519","2020-05-31",105,6,135,307,5562,0.734448040273283,1995,7381,543,1224,14,5228,20,2907,9,20
"520","2020-06-01",99,6,112,284,5562,0.734448040273283,1995,7381,543,1224,13,5241,20,2927,2,20
"521","2020-06-02",93,6,106,264,5562,0.734448040273283,1995,7381,543,1224,10,5251,12,2939,3,12
"522","2020-06-03",91,6,139,252,5562,0.734448040273283,1995,7381,543,1224,10,5261,30,2969,5,30
"523","2020-06-04",84,6,174,241,5562,0.734448040273283,1995,7381,543,1224,10,5271,27,2996,4,27
"524","2020-06-05",75,6,196,223,5562,0.734448040273283,1995,7381,543,1224,11,5282,21,3017,2,21
"525","2020-06-06",72,6,201,200,5562,0.734448040273283,1995,7381,543,1224,12,5294,26,3043,3,26
"526","2020-06-07",63,6,188,186,5562,0.734448040273283,1995,7381,543,1224,14,5308,15,3058,7,15
"527","2020-03-13",2,7,38,136,5807,0.381952815567419,2100,7927,600,550,12,43,12,56,1,12
"528","2020-03-14",11,7,44,188,5807,0.381952815567419,2100,7927,600,550,19,62,9,65,9,9
"529","2020-03-15",26,7,63,241,5807,0.381952815567419,2100,7927,600,550,25,87,10,75,12,10
"530","2020-03-16",31,7,76,289,5807,0.381952815567419,2100,7927,600,550,30,117,4,79,18,4
"531","2020-03-17",41,7,95,349,5807,0.381952815567419,2100,7927,600,550,34,151,1,80,21,1
"532","2020-03-18",51,7,96,414,5807,0.381952815567419,2100,7927,600,550,33,184,13,93,21,13
"533","2020-03-19",70,7,103,484,5807,0.381952815567419,2100,7927,600,550,31,215,32,125,22,32
"534","2020-03-20",113,7,106,549,5807,0.381952815567419,2100,7927,600,550,36,251,50,175,25,50
"535","2020-03-21",155,7,112,601,5807,0.381952815567419,2100,7927,600,550,45,296,37,212,28,37
"536","2020-03-22",173,7,109,650,5807,0.381952815567419,2100,7927,600,550,51,347,31,243,42,31
"537","2020-03-23",178,7,101,717,5807,0.381952815567419,2100,7927,600,550,55,402,21,264,44,21
"538","2020-03-24",184,7,90,762,5807,0.381952815567419,2100,7927,600,550,66,468,19,283,48,19
"539","2020-03-25",197,7,91,830,5807,0.381952815567419,2100,7927,600,550,55,523,32,315,40,32
"540","2020-03-26",207,7,109,875,5807,0.381952815567419,2100,7927,600,550,58,581,29,344,42,29
"541","2020-03-27",262,7,107,903,5807,0.381952815567419,2100,7927,600,550,89,670,16,360,74,16
"542","2020-03-28",259,7,95,921,5807,0.381952815567419,2100,7927,600,550,65,735,14,374,55,14
"543","2020-03-29",274,7,82,973,5807,0.381952815567419,2100,7927,600,550,88,823,48,422,72,48
"544","2020-03-30",283,7,84,1032,5807,0.381952815567419,2100,7927,600,550,92,915,46,468,83,46
"545","2020-03-31",298,7,93,1040,5807,0.381952815567419,2100,7927,600,550,92,1007,55,523,81,55
"546","2020-04-01",319,7,107,1043,5807,0.381952815567419,2100,7927,600,550,93,1100,25,548,78,25
"547","2020-04-02",334,7,99,1054,5807,0.381952815567419,2100,7927,600,550,109,1209,50,598,97,50
"548","2020-04-03",389,7,118,1068,5807,0.381952815567419,2100,7927,600,550,101,1310,21,619,82,21
"549","2020-04-04",392,7,112,1069,5807,0.381952815567419,2100,7927,600,550,135,1445,26,645,122,26
"550","2020-04-05",386,7,97,1052,5807,0.381952815567419,2100,7927,600,550,103,1548,17,662,82,17
"551","2020-04-06",390,7,95,1052,5807,0.381952815567419,2100,7927,600,550,114,1662,32,694,103,32
"552","2020-04-07",374,7,87,1064,5807,0.381952815567419,2100,7927,600,550,133,1795,15,709,115,15
"553","2020-04-08",367,7,106,1051,5807,0.381952815567419,2100,7927,600,550,115,1910,31,740,105,31
"554","2020-04-09",352,7,104,1044,5807,0.381952815567419,2100,7927,600,550,167,2077,44,784,147,44
"555","2020-04-10",353,7,95,1008,5807,0.381952815567419,2100,7927,600,550,125,2202,63,847,112,63
"556","2020-04-11",378,7,122,1007,5807,0.381952815567419,2100,7927,600,550,122,2324,36,883,105,36
"557","2020-04-12",319,7,136,1008,5807,0.381952815567419,2100,7927,600,550,165,2489,20,903,148,20
"558","2020-04-13",310,7,158,1001,5807,0.381952815567419,2100,7927,600,550,98,2587,16,919,83,16
"559","2020-04-14",310,7,143,1023,5807,0.381952815567419,2100,7927,600,550,133,2720,10,929,117,10
"560","2020-04-15",297,7,131,1008,5807,0.381952815567419,2100,7927,600,550,139,2859,19,948,123,19
"561","2020-04-16",309,7,124,977,5807,0.381952815567419,2100,7927,600,550,128,2987,8,956,106,8
"562","2020-04-17",341,7,101,952,5807,0.381952815567419,2100,7927,600,550,142,3129,6,962,138,6
"563","2020-04-18",338,7,133,946,5807,0.381952815567419,2100,7927,600,550,98,3227,21,983,86,21
"564","2020-04-19",325,7,159,939,5807,0.381952815567419,2100,7927,600,550,138,3365,10,993,126,10
"565","2020-04-20",315,7,158,931,5807,0.381952815567419,2100,7927,600,550,110,3475,15,1008,102,15
"566","2020-04-21",316,7,173,913,5807,0.381952815567419,2100,7927,600,550,109,3584,4,1012,95,4
"567","2020-04-22",325,7,164,895,5807,0.381952815567419,2100,7927,600,550,79,3663,11,1023,68,11
"568","2020-04-23",316,7,163,885,5807,0.381952815567419,2100,7927,600,550,82,3745,37,1060,74,37
"569","2020-04-24",302,7,159,899,5807,0.381952815567419,2100,7927,600,550,87,3832,62,1122,78,62
"570","2020-04-25",301,7,188,886,5807,0.381952815567419,2100,7927,600,550,81,3913,21,1143,68,21
"571","2020-04-26",296,7,212,873,5807,0.381952815567419,2100,7927,600,550,75,3988,45,1188,63,45
"572","2020-04-27",306,7,191,842,5807,0.381952815567419,2100,7927,600,550,81,4069,34,1222,71,34
"573","2020-04-28",291,7,184,839,5807,0.381952815567419,2100,7927,600,550,87,4156,13,1235,75,13
"574","2020-04-29",289,7,165,841,5807,0.381952815567419,2100,7927,600,550,76,4232,7,1242,66,7
"575","2020-04-30",286,7,168,827,5807,0.381952815567419,2100,7927,600,550,64,4296,45,1287,55,45
"576","2020-05-01",315,7,168,811,5807,0.381952815567419,2100,7927,600,550,62,4358,38,1325,50,38
"577","2020-05-02",324,7,171,784,5807,0.381952815567419,2100,7927,600,550,48,4406,15,1340,43,15
"578","2020-05-03",284,7,142,738,5807,0.381952815567419,2100,7927,600,550,60,4466,10,1350,52,10
"579","2020-05-04",262,7,136,731,5807,0.381952815567419,2100,7927,600,550,53,4519,12,1362,42,12
"580","2020-05-05",263,7,134,699,5807,0.381952815567419,2100,7927,600,550,55,4574,34,1396,43,34
"581","2020-05-06",259,7,151,701,5807,0.381952815567419,2100,7927,600,550,54,4628,25,1421,41,25
"582","2020-05-07",252,7,150,691,5807,0.381952815567419,2100,7927,600,550,37,4665,51,1472,34,51
"583","2020-05-08",256,7,138,667,5807,0.381952815567419,2100,7927,600,550,38,4703,44,1516,29,44
"584","2020-05-09",237,7,152,663,5807,0.381952815567419,2100,7927,600,550,44,4747,72,1588,36,72
"585","2020-05-10",215,7,157,654,5807,0.381952815567419,2100,7927,600,550,39,4786,24,1612,32,24
"586","2020-05-11",204,7,157,640,5807,0.381952815567419,2100,7927,600,550,33,4819,19,1631,23,19
"587","2020-05-12",198,7,149,626,5807,0.381952815567419,2100,7927,600,550,30,4849,16,1647,24,16
"588","2020-05-13",192,7,142,599,5807,0.381952815567419,2100,7927,600,550,20,4869,14,1661,16,14
"589","2020-05-14",192,7,137,566,5807,0.381952815567419,2100,7927,600,550,36,4905,18,1679,27,18
"590","2020-05-15",182,7,141,551,5807,0.381952815567419,2100,7927,600,550,29,4934,12,1691,17,12
"591","2020-05-16",183,7,158,529,5807,0.381952815567419,2100,7927,600,550,35,4969,27,1718,27,27
"592","2020-05-17",190,7,171,501,5807,0.381952815567419,2100,7927,600,550,22,4991,29,1747,16,29
"593","2020-05-18",190,7,153,488,5807,0.381952815567419,2100,7927,600,550,23,5014,18,1765,19,18
"594","2020-05-19",176,7,148,479,5807,0.381952815567419,2100,7927,600,550,25,5039,27,1792,16,27
"595","2020-05-20",176,7,159,452,5807,0.381952815567419,2100,7927,600,550,23,5062,17,1809,18,17
"596","2020-05-21",167,7,155,433,5807,0.381952815567419,2100,7927,600,550,24,5086,11,1820,17,11
"597","2020-05-22",160,7,169,407,5807,0.381952815567419,2100,7927,600,550,18,5104,8,1828,16,8
"598","2020-05-23",149,7,174,394,5807,0.381952815567419,2100,7927,600,550,7,5111,11,1839,5,11
"599","2020-05-24",132,7,161,378,5807,0.381952815567419,2100,7927,600,550,22,5133,6,1845,15,6
"600","2020-05-25",132,7,164,374,5807,0.381952815567419,2100,7927,600,550,14,5147,38,1883,11,38
"601","2020-05-26",131,7,154,362,5807,0.381952815567419,2100,7927,600,550,11,5158,54,1937,9,54
"602","2020-05-27",121,7,149,339,5807,0.381952815567419,2100,7927,600,550,16,5174,30,1967,13,30
"603","2020-05-28",126,7,140,332,5807,0.381952815567419,2100,7927,600,550,18,5192,24,1991,12,24
"604","2020-05-29",104,7,139,320,5807,0.381952815567419,2100,7927,600,550,12,5204,36,2027,10,36
"605","2020-05-30",98,7,128,308,5807,0.381952815567419,2100,7927,600,550,16,5220,30,2057,11,30
"606","2020-05-31",91,7,124,292,5807,0.381952815567419,2100,7927,600,550,17,5237,47,2104,11,47
"607","2020-06-01",88,7,115,264,5807,0.381952815567419,2100,7927,600,550,14,5251,47,2151,10,47
"608","2020-06-02",83,7,112,249,5807,0.381952815567419,2100,7927,600,550,10,5261,24,2175,6,24
"609","2020-06-03",77,7,93,233,5807,0.381952815567419,2100,7927,600,550,16,5277,15,2190,13,15
"610","2020-06-04",68,7,85,217,5807,0.381952815567419,2100,7927,600,550,10,5287,21,2211,6,21
"611","2020-06-05",79,7,87,210,5807,0.381952815567419,2100,7927,600,550,8,5295,17,2228,7,17
"612","2020-06-06",76,7,87,205,5807,0.381952815567419,2100,7927,600,550,11,5306,29,2257,6,29
"613","2020-06-07",66,7,85,193,5807,0.381952815567419,2100,7927,600,550,16,5322,43,2300,12,43
"614","2020-03-11",1,8,60,28,6055,0.599174236168456,2025,7771,557,1249,32,32,13,15,NA,13
"615","2020-03-12",3,8,96,76,6055,0.599174236168456,2025,7771,557,1249,25,57,9,24,1,9
"616","2020-03-13",5,8,114,110,6055,0.599174236168456,2025,7771,557,1249,28,85,25,49,6,25
"617","2020-03-14",13,8,137,145,6055,0.599174236168456,2025,7771,557,1249,38,123,18,67,4,18
"618","2020-03-15",19,8,146,198,6055,0.599174236168456,2025,7771,557,1249,37,160,25,92,11,25
"619","2020-03-16",23,8,156,254,6055,0.599174236168456,2025,7771,557,1249,35,195,24,116,13,24
"620","2020-03-17",34,8,185,314,6055,0.599174236168456,2025,7771,557,1249,30,225,19,135,10,19
"621","2020-03-18",45,8,213,365,6055,0.599174236168456,2025,7771,557,1249,45,270,31,166,25,31
"622","2020-03-19",63,8,179,423,6055,0.599174236168456,2025,7771,557,1249,40,310,15,181,20,15
"623","2020-03-20",94,8,185,467,6055,0.599174236168456,2025,7771,557,1249,53,363,32,213,24,33
"624","2020-03-21",114,8,195,522,6055,0.599174236168456,2025,7771,557,1249,41,404,39,252,17,39
"625","2020-03-22",128,8,212,597,6055,0.599174236168456,2025,7771,557,1249,60,464,25,277,32,25
"626","2020-03-23",137,8,236,665,6055,0.599174236168456,2025,7771,557,1249,47,511,36,313,30,36
"627","2020-03-24",140,8,261,713,6055,0.599174236168456,2025,7771,557,1249,60,571,44,357,38,44
"628","2020-03-25",156,8,275,766,6055,0.599174236168456,2025,7771,557,1249,52,623,26,383,27,26
"629","2020-03-26",172,8,274,818,6055,0.599174236168456,2025,7771,557,1249,61,684,41,424,31,41
"630","2020-03-27",229,8,254,889,6055,0.599174236168456,2025,7771,557,1249,53,737,29,453,27,29
"631","2020-03-28",268,8,241,960,6055,0.599174236168456,2025,7771,557,1249,114,851,18,471,73,18
"632","2020-03-29",296,8,220,1011,6055,0.599174236168456,2025,7771,557,1249,68,919,9,480,36,9
"633","2020-03-30",293,8,231,1089,6055,0.599174236168456,2025,7771,557,1249,71,990,41,521,40,41
"634","2020-03-31",306,8,231,1120,6055,0.599174236168456,2025,7771,557,1249,66,1056,21,542,43,21
"635","2020-04-01",315,8,252,1169,6055,0.599174236168456,2025,7771,557,1249,63,1119,15,557,36,15
"636","2020-04-02",315,8,256,1234,6055,0.599174236168456,2025,7771,557,1249,65,1184,31,588,36,31
"637","2020-04-03",381,8,252,1290,6055,0.599174236168456,2025,7771,557,1249,82,1266,27,615,44,27
"638","2020-04-04",434,8,246,1352,6055,0.599174236168456,2025,7771,557,1249,75,1341,34,649,39,34
"639","2020-04-05",391,8,280,1421,6055,0.599174236168456,2025,7771,557,1249,92,1433,27,676,56,27
"640","2020-04-06",416,8,277,1439,6055,0.599174236168456,2025,7771,557,1249,66,1499,8,684,39,8
"641","2020-04-07",431,8,273,1469,6055,0.599174236168456,2025,7771,557,1249,75,1574,14,698,45,14
"642","2020-04-08",441,8,267,1500,6055,0.599174236168456,2025,7771,557,1249,68,1642,11,709,51,11
"643","2020-04-09",453,8,266,1488,6055,0.599174236168456,2025,7771,557,1249,67,1709,15,724,43,15
"644","2020-04-10",543,8,250,1477,6055,0.599174236168456,2025,7771,557,1249,97,1806,20,744,61,20
"645","2020-04-11",563,8,254,1472,6055,0.599174236168456,2025,7771,557,1249,72,1878,35,779,47,35
"646","2020-04-12",524,8,244,1439,6055,0.599174236168456,2025,7771,557,1249,59,1937,42,821,38,42
"647","2020-04-13",503,8,250,1396,6055,0.599174236168456,2025,7771,557,1249,66,2003,18,839,38,18
"648","2020-04-14",501,8,238,1373,6055,0.599174236168456,2025,7771,557,1249,67,2070,17,856,43,17
"649","2020-04-15",488,8,233,1339,6055,0.599174236168456,2025,7771,557,1249,73,2143,16,872,47,16
"650","2020-04-16",494,8,228,1318,6055,0.599174236168456,2025,7771,557,1249,69,2212,13,885,45,13
"651","2020-04-17",487,8,235,1268,6055,0.599174236168456,2025,7771,557,1249,70,2282,40,925,33,40
"652","2020-04-18",429,8,264,1232,6055,0.599174236168456,2025,7771,557,1249,77,2359,30,955,50,30
"653","2020-04-19",431,8,289,1195,6055,0.599174236168456,2025,7771,557,1249,83,2442,10,965,54,10
"654","2020-04-20",413,8,276,1165,6055,0.599174236168456,2025,7771,557,1249,70,2512,21,986,36,21
"655","2020-04-21",402,8,254,1102,6055,0.599174236168456,2025,7771,557,1249,68,2580,20,1006,37,20
"656","2020-04-22",396,8,277,1044,6055,0.599174236168456,2025,7771,557,1249,52,2632,17,1023,30,17
"657","2020-04-23",385,8,274,1005,6055,0.599174236168456,2025,7771,557,1249,66,2698,18,1041,44,18
"658","2020-04-24",368,8,270,985,6055,0.599174236168456,2025,7771,557,1249,88,2786,25,1066,48,25
"659","2020-04-25",375,8,263,949,6055,0.599174236168456,2025,7771,557,1249,43,2829,41,1107,26,41
"660","2020-04-26",321,8,254,924,6055,0.599174236168456,2025,7771,557,1249,67,2896,31,1138,38,31
"661","2020-04-27",320,8,259,886,6055,0.599174236168456,2025,7771,557,1249,70,2966,52,1190,41,52
"662","2020-04-28",313,8,248,857,6055,0.599174236168456,2025,7771,557,1249,52,3018,45,1235,37,45
"663","2020-04-29",319,8,243,823,6055,0.599174236168456,2025,7771,557,1249,46,3064,55,1290,25,55
"664","2020-04-30",299,8,241,761,6055,0.599174236168456,2025,7771,557,1249,60,3124,41,1331,36,41
"665","2020-05-01",287,8,251,742,6055,0.599174236168456,2025,7771,557,1249,64,3188,38,1369,32,38
"666","2020-05-02",270,8,258,713,6055,0.599174236168456,2025,7771,557,1249,55,3243,21,1390,36,21
"667","2020-05-03",268,8,257,695,6055,0.599174236168456,2025,7771,557,1249,43,3286,25,1415,25,25
"668","2020-05-04",250,8,273,666,6055,0.599174236168456,2025,7771,557,1249,57,3343,21,1436,36,21
"669","2020-05-05",229,8,265,647,6055,0.599174236168456,2025,7771,557,1249,56,3399,21,1457,25,21
"670","2020-05-06",214,8,251,628,6055,0.599174236168456,2025,7771,557,1249,51,3450,22,1479,29,22
"671","2020-05-07",211,8,248,593,6055,0.599174236168456,2025,7771,557,1249,53,3503,12,1491,23,12
"672","2020-05-08",209,8,261,567,6055,0.599174236168456,2025,7771,557,1249,47,3550,18,1509,27,18
"673","2020-05-09",213,8,291,533,6055,0.599174236168456,2025,7771,557,1249,36,3586,33,1542,28,33
"674","2020-05-10",192,8,285,499,6055,0.599174236168456,2025,7771,557,1249,43,3629,16,1558,23,16
"675","2020-05-11",193,8,285,470,6055,0.599174236168456,2025,7771,557,1249,36,3665,40,1598,19,40
"676","2020-05-12",194,8,274,436,6055,0.599174236168456,2025,7771,557,1249,51,3716,29,1627,30,29
"677","2020-05-13",191,8,269,422,6055,0.599174236168456,2025,7771,557,1249,46,3762,21,1648,27,21
"678","2020-05-14",179,8,249,400,6055,0.599174236168456,2025,7771,557,1249,40,3802,12,1660,25,12
"679","2020-05-15",171,8,236,387,6055,0.599174236168456,2025,7771,557,1249,58,3860,11,1671,27,11
"680","2020-05-16",155,8,257,358,6055,0.599174236168456,2025,7771,557,1249,49,3909,42,1713,25,42
"681","2020-05-17",138,8,247,344,6055,0.599174236168456,2025,7771,557,1249,38,3947,51,1764,16,51
"682","2020-05-18",126,8,265,332,6055,0.599174236168456,2025,7771,557,1249,38,3985,41,1805,17,41
"683","2020-05-19",110,8,274,325,6055,0.599174236168456,2025,7771,557,1249,31,4016,28,1833,14,28
"684","2020-05-20",105,8,285,315,6055,0.599174236168456,2025,7771,557,1249,26,4042,27,1860,10,27
"685","2020-05-21",109,8,282,305,6055,0.599174236168456,2025,7771,557,1249,40,4082,24,1884,18,24
"686","2020-05-22",100,8,261,288,6055,0.599174236168456,2025,7771,557,1249,23,4105,28,1912,11,28
"687","2020-05-23",108,8,254,276,6055,0.599174236168456,2025,7771,557,1249,33,4138,23,1935,17,23
"688","2020-05-24",93,8,284,266,6055,0.599174236168456,2025,7771,557,1249,22,4160,16,1951,9,16
"689","2020-05-25",89,8,297,268,6055,0.599174236168456,2025,7771,557,1249,26,4186,26,1977,13,26
"690","2020-05-26",93,8,318,268,6055,0.599174236168456,2025,7771,557,1249,18,4204,19,1996,6,19
"691","2020-05-27",88,8,311,256,6055,0.599174236168456,2025,7771,557,1249,20,4224,13,2009,10,13
"692","2020-05-28",82,8,320,249,6055,0.599174236168456,2025,7771,557,1249,26,4250,46,2055,11,46
"693","2020-05-29",85,8,344,244,6055,0.599174236168456,2025,7771,557,1249,14,4264,36,2091,6,36
"694","2020-05-30",77,8,337,226,6055,0.599174236168456,2025,7771,557,1249,29,4293,36,2127,14,36
"695","2020-05-31",70,8,317,221,6055,0.599174236168456,2025,7771,557,1249,19,4312,24,2151,10,24
"696","2020-06-01",67,8,324,224,6055,0.599174236168456,2025,7771,557,1249,11,4323,13,2164,4,13
"697","2020-06-02",59,8,290,215,6055,0.599174236168456,2025,7771,557,1249,16,4339,38,2202,8,38
"698","2020-06-03",67,8,270,201,6055,0.599174236168456,2025,7771,557,1249,11,4350,27,2229,6,27
"699","2020-06-04",76,8,254,195,6055,0.599174236168456,2025,7771,557,1249,13,4363,21,2250,5,21
"700","2020-06-05",75,8,231,190,6055,0.599174236168456,2025,7771,557,1249,10,4373,19,2269,7,19
"701","2020-06-06",82,8,258,186,6055,0.599174236168456,2025,7771,557,1249,9,4382,15,2284,4,15
"702","2020-06-07",80,8,264,176,6055,0.599174236168456,2025,7771,557,1249,14,4396,16,2300,5,16
"703","2020-03-07",1,9,0,0,6015,0.941812136325852,2040,7193,596,776,NA,NA,NA,NA,NA,NA
"704","2020-03-08",1,9,0,0,6015,0.941812136325852,2040,7193,596,776,NA,NA,NA,NA,NA,NA
"705","2020-03-09",0,9,0,0,6015,0.941812136325852,2040,7193,596,776,NA,NA,NA,NA,NA,NA
"706","2020-03-10",0,9,0,0,6015,0.941812136325852,2040,7193,596,776,NA,NA,NA,NA,NA,NA
"707","2020-03-11",0,9,0,0,6015,0.941812136325852,2040,7193,596,776,7,7,8,8,1,8
"708","2020-03-12",0,9,0,0,6015,0.941812136325852,2040,7193,596,776,16,23,19,27,7,19
"709","2020-03-13",2,9,93,43,6015,0.941812136325852,2040,7193,596,776,5,28,26,53,3,26
"710","2020-03-14",3,9,97,67,6015,0.941812136325852,2040,7193,596,776,13,41,14,67,7,14
"711","2020-03-15",7,9,95,98,6015,0.941812136325852,2040,7193,596,776,26,67,23,90,15,23
"712","2020-03-16",9,9,91,125,6015,0.941812136325852,2040,7193,596,776,25,92,50,140,15,50
"713","2020-03-17",14,9,110,159,6015,0.941812136325852,2040,7193,596,776,22,114,19,159,17,19
"714","2020-03-18",20,9,125,198,6015,0.941812136325852,2040,7193,596,776,26,140,43,202,21,43
"715","2020-03-19",29,9,114,238,6015,0.941812136325852,2040,7193,596,776,37,177,25,227,28,25
"716","2020-03-20",43,9,104,287,6015,0.941812136325852,2040,7193,596,776,36,213,40,267,29,40
"717","2020-03-21",67,9,97,327,6015,0.941812136325852,2040,7193,596,776,46,259,21,288,40,21
"718","2020-03-22",80,9,89,371,6015,0.941812136325852,2040,7193,596,776,58,317,24,312,50,24
"719","2020-03-23",89,9,86,432,6015,0.941812136325852,2040,7193,596,776,47,364,13,325,43,13
"720","2020-03-24",95,9,113,473,6015,0.941812136325852,2040,7193,596,776,48,412,11,336,46,11
"721","2020-03-25",106,9,138,532,6015,0.941812136325852,2040,7193,596,776,76,488,28,364,70,28
"722","2020-03-26",116,9,144,613,6015,0.941812136325852,2040,7193,596,776,63,551,18,382,59,18
"723","2020-03-27",154,9,126,688,6015,0.941812136325852,2040,7193,596,776,71,622,9,391,66,9
"724","2020-03-28",190,9,112,767,6015,0.941812136325852,2040,7193,596,776,73,695,14,405,69,14
"725","2020-03-29",191,9,102,841,6015,0.941812136325852,2040,7193,596,776,81,776,12,417,77,12
"726","2020-03-30",187,9,97,944,6015,0.941812136325852,2040,7193,596,776,97,873,5,422,89,5
"727","2020-03-31",205,9,121,1032,6015,0.941812136325852,2040,7193,596,776,101,974,5,427,93,5
"728","2020-04-01",223,9,130,1116,6015,0.941812136325852,2040,7193,596,776,112,1086,1,428,104,1
"729","2020-04-02",260,9,140,1195,6015,0.941812136325852,2040,7193,596,776,114,1200,13,441,105,13
"730","2020-04-03",349,9,157,1274,6015,0.941812136325852,2040,7193,596,776,113,1313,37,478,107,37
"731","2020-04-04",418,9,172,1341,6015,0.941812136325852,2040,7193,596,776,130,1443,30,508,118,30
"732","2020-04-05",428,9,194,1448,6015,0.941812136325852,2040,7193,596,776,152,1595,64,572,143,64
"733","2020-04-06",441,9,188,1509,6015,0.941812136325852,2040,7193,596,776,110,1705,22,594,105,22
"734","2020-04-07",460,9,165,1585,6015,0.941812136325852,2040,7193,596,776,163,1868,13,607,155,13
"735","2020-04-08",481,9,175,1691,6015,0.941812136325852,2040,7193,596,776,143,2011,7,614,140,7
"736","2020-04-09",497,9,172,1735,6015,0.941812136325852,2040,7193,596,776,132,2143,10,624,126,10
"737","2020-04-10",613,9,164,1800,6015,0.941812136325852,2040,7193,596,776,159,2302,8,632,147,8
"738","2020-04-11",599,9,145,1805,6015,0.941812136325852,2040,7193,596,776,171,2473,32,664,165,32
"739","2020-04-12",590,9,132,1836,6015,0.941812136325852,2040,7193,596,776,117,2590,18,682,111,18
"740","2020-04-13",590,9,123,1825,6015,0.941812136325852,2040,7193,596,776,133,2723,38,720,129,38
"741","2020-04-14",598,9,146,1825,6015,0.941812136325852,2040,7193,596,776,176,2899,39,759,173,39
"742","2020-04-15",614,9,151,1817,6015,0.941812136325852,2040,7193,596,776,165,3064,46,805,162,46
"743","2020-04-16",609,9,156,1785,6015,0.941812136325852,2040,7193,596,776,125,3189,69,874,121,69
"744","2020-04-17",663,9,137,1695,6015,0.941812136325852,2040,7193,596,776,178,3367,28,902,171,28
"745","2020-04-18",659,9,173,1618,6015,0.941812136325852,2040,7193,596,776,135,3502,23,925,133,23
"746","2020-04-19",593,9,219,1570,6015,0.941812136325852,2040,7193,596,776,108,3610,44,969,100,44
"747","2020-04-20",581,9,245,1544,6015,0.941812136325852,2040,7193,596,776,128,3738,19,988,125,19
"748","2020-04-21",561,9,254,1462,6015,0.941812136325852,2040,7193,596,776,114,3852,29,1017,105,29
"749","2020-04-22",555,9,262,1377,6015,0.941812136325852,2040,7193,596,776,121,3973,39,1056,112,39
"750","2020-04-23",531,9,280,1292,6015,0.941812136325852,2040,7193,596,776,111,4084,17,1073,104,17
"751","2020-04-24",462,9,287,1202,6015,0.941812136325852,2040,7193,596,776,99,4183,13,1086,91,13
"752","2020-04-25",448,9,271,1156,6015,0.941812136325852,2040,7193,596,776,89,4272,18,1104,86,18
"753","2020-04-26",425,9,270,1093,6015,0.941812136325852,2040,7193,596,776,105,4377,46,1150,102,46
"754","2020-04-27",411,9,257,1006,6015,0.941812136325852,2040,7193,596,776,76,4453,68,1218,74,68
"755","2020-04-28",396,9,260,941,6015,0.941812136325852,2040,7193,596,776,78,4531,66,1284,76,66
"756","2020-04-29",367,9,247,858,6015,0.941812136325852,2040,7193,596,776,85,4616,46,1330,82,46
"757","2020-04-30",355,9,216,822,6015,0.941812136325852,2040,7193,596,776,70,4686,30,1360,66,30
"758","2020-05-01",333,9,197,786,6015,0.941812136325852,2040,7193,596,776,72,4758,13,1373,66,13
"759","2020-05-02",317,9,192,736,6015,0.941812136325852,2040,7193,596,776,57,4815,21,1394,55,22
"760","2020-05-03",267,9,195,687,6015,0.941812136325852,2040,7193,596,776,72,4887,42,1436,67,42
"761","2020-05-04",249,9,179,642,6015,0.941812136325852,2040,7193,596,776,51,4938,23,1459,44,23
"762","2020-05-05",232,9,165,613,6015,0.941812136325852,2040,7193,596,776,60,4998,19,1478,58,19
"763","2020-05-06",217,9,144,576,6015,0.941812136325852,2040,7193,596,776,57,5055,8,1486,53,8
"764","2020-05-07",213,9,147,545,6015,0.941812136325852,2040,7193,596,776,42,5097,59,1545,37,59
"765","2020-05-08",209,9,163,507,6015,0.941812136325852,2040,7193,596,776,46,5143,67,1612,43,67
"766","2020-05-09",195,9,179,474,6015,0.941812136325852,2040,7193,596,776,50,5193,30,1642,45,30
"767","2020-05-10",179,9,214,433,6015,0.941812136325852,2040,7193,596,776,29,5222,19,1661,24,19
"768","2020-05-11",171,9,249,418,6015,0.941812136325852,2040,7193,596,776,41,5263,10,1671,37,10
"769","2020-05-12",154,9,252,396,6015,0.941812136325852,2040,7193,596,776,33,5296,19,1690,32,19
"770","2020-05-13",151,9,241,363,6015,0.941812136325852,2040,7193,596,776,19,5315,10,1700,16,10
"771","2020-05-14",142,9,256,338,6015,0.941812136325852,2040,7193,596,776,21,5336,14,1714,19,14
"772","2020-05-15",120,9,265,321,6015,0.941812136325852,2040,7193,596,776,22,5358,41,1755,19,41
"773","2020-05-16",114,9,238,305,6015,0.941812136325852,2040,7193,596,776,29,5387,18,1773,27,18
"774","2020-05-17",113,9,207,290,6015,0.941812136325852,2040,7193,596,776,21,5408,10,1783,20,10
"775","2020-05-18",105,9,187,277,6015,0.941812136325852,2040,7193,596,776,23,5431,15,1798,20,15
"776","2020-05-19",107,9,213,268,6015,0.941812136325852,2040,7193,596,776,19,5450,15,1813,17,15
"777","2020-05-20",94,9,224,258,6015,0.941812136325852,2040,7193,596,776,11,5461,44,1857,9,44
"778","2020-05-21",88,9,233,254,6015,0.941812136325852,2040,7193,596,776,9,5470,19,1876,8,19
"779","2020-05-22",91,9,220,243,6015,0.941812136325852,2040,7193,596,776,14,5484,39,1915,12,39
"780","2020-05-23",94,9,197,219,6015,0.941812136325852,2040,7193,596,776,17,5501,25,1940,15,25
"781","2020-05-24",81,9,197,202,6015,0.941812136325852,2040,7193,596,776,12,5513,54,1994,11,54
"782","2020-05-25",81,9,175,201,6015,0.941812136325852,2040,7193,596,776,14,5527,55,2049,9,55
"783","2020-05-26",71,9,157,190,6015,0.941812136325852,2040,7193,596,776,9,5536,60,2109,8,60
"784","2020-05-27",73,9,185,188,6015,0.941812136325852,2040,7193,596,776,13,5549,30,2139,12,30
"785","2020-05-28",73,9,203,180,6015,0.941812136325852,2040,7193,596,776,12,5561,22,2161,10,22
"786","2020-05-29",73,9,191,176,6015,0.941812136325852,2040,7193,596,776,12,5573,22,2183,11,22
"787","2020-05-30",61,9,180,171,6015,0.941812136325852,2040,7193,596,776,11,5584,8,2191,9,8
"788","2020-05-31",58,9,183,160,6015,0.941812136325852,2040,7193,596,776,12,5596,39,2230,12,39
"789","2020-06-01",55,9,163,152,6015,0.941812136325852,2040,7193,596,776,9,5605,48,2278,8,48
"790","2020-06-02",58,9,156,141,6015,0.941812136325852,2040,7193,596,776,15,5620,22,2300,14,22
"791","2020-06-03",55,9,140,132,6015,0.941812136325852,2040,7193,596,776,7,5627,22,2322,6,22
"792","2020-06-04",47,9,125,118,6015,0.941812136325852,2040,7193,596,776,4,5631,32,2354,2,32
"793","2020-06-05",38,9,114,103,6015,0.941812136325852,2040,7193,596,776,10,5641,26,2380,9,26
"794","2020-06-06",36,9,105,91,6015,0.941812136325852,2040,7193,596,776,3,5644,14,2394,3,14
"795","2020-06-07",36,9,121,84,6015,0.941812136325852,2040,7193,596,776,10,5654,34,2428,7,34
"796","2020-03-14",3,10,86,31,6026,0.909890474610023,2040,7015,696,722,31,107,11,36,8,11
"797","2020-03-15",3,10,110,42,6026,0.909890474610023,2040,7015,696,722,33,140,23,59,11,23
"798","2020-03-16",4,10,103,59,6026,0.909890474610023,2040,7015,696,722,35,175,12,71,17,12
"799","2020-03-17",5,10,106,69,6026,0.909890474610023,2040,7015,696,722,44,219,15,86,19,15
"800","2020-03-18",6,10,104,99,6026,0.909890474610023,2040,7015,696,722,56,275,5,91,28,5
"801","2020-03-19",10,10,105,123,6026,0.909890474610023,2040,7015,696,722,74,349,5,96,47,5
"802","2020-03-20",14,10,113,143,6026,0.909890474610023,2040,7015,696,722,59,408,17,113,33,17
"803","2020-03-21",26,10,136,173,6026,0.909890474610023,2040,7015,696,722,69,477,14,127,44,14
"804","2020-03-22",34,10,142,198,6026,0.909890474610023,2040,7015,696,722,79,556,8,135,58,8
"805","2020-03-23",35,10,167,226,6026,0.909890474610023,2040,7015,696,722,60,616,21,156,42,21
"806","2020-03-24",39,10,161,267,6026,0.909890474610023,2040,7015,696,722,68,684,15,171,54,15
"807","2020-03-25",47,10,147,312,6026,0.909890474610023,2040,7015,696,722,99,783,25,196,64,25
"808","2020-03-26",52,10,141,353,6026,0.909890474610023,2040,7015,696,722,81,864,28,224,66,28
"809","2020-03-27",84,10,154,389,6026,0.909890474610023,2040,7015,696,722,83,947,10,234,52,10
"810","2020-03-28",108,10,177,439,6026,0.909890474610023,2040,7015,696,722,99,1046,14,248,82,14
"811","2020-03-29",124,10,182,493,6026,0.909890474610023,2040,7015,696,722,100,1146,16,264,81,16
"812","2020-03-30",122,10,186,542,6026,0.909890474610023,2040,7015,696,722,98,1244,35,299,77,35
"813","2020-03-31",130,10,207,611,6026,0.909890474610023,2040,7015,696,722,115,1359,18,317,96,18
"814","2020-04-01",151,10,189,675,6026,0.909890474610023,2040,7015,696,722,98,1457,9,326,70,9
"815","2020-04-02",165,10,157,751,6026,0.909890474610023,2040,7015,696,722,102,1559,17,343,75,17
"816","2020-04-03",223,10,170,827,6026,0.909890474610023,2040,7015,696,722,112,1671,20,363,94,20
"817","2020-04-04",242,10,168,929,6026,0.909890474610023,2040,7015,696,722,106,1777,27,390,85,27
"818","2020-04-05",278,10,175,1000,6026,0.909890474610023,2040,7015,696,722,118,1895,13,403,99,13
"819","2020-04-06",294,10,179,1075,6026,0.909890474610023,2040,7015,696,722,108,2003,13,416,86,13
"820","2020-04-07",301,10,160,1147,6026,0.909890474610023,2040,7015,696,722,120,2123,32,448,100,32
"821","2020-04-08",307,10,154,1245,6026,0.909890474610023,2040,7015,696,722,109,2232,32,480,90,32
"822","2020-04-09",336,10,141,1352,6026,0.909890474610023,2040,7015,696,722,161,2393,12,492,133,12
"823","2020-04-10",440,10,141,1424,6026,0.909890474610023,2040,7015,696,722,112,2505,22,514,83,22
"824","2020-04-11",468,10,134,1516,6026,0.909890474610023,2040,7015,696,722,122,2627,11,525,105,11
"825","2020-04-12",462,10,157,1565,6026,0.909890474610023,2040,7015,696,722,125,2752,33,558,102,33
"826","2020-04-13",481,10,184,1650,6026,0.909890474610023,2040,7015,696,722,137,2889,35,593,116,35
"827","2020-04-14",492,10,166,1684,6026,0.909890474610023,2040,7015,696,722,136,3025,11,604,112,11
"828","2020-04-15",511,10,148,1777,6026,0.909890474610023,2040,7015,696,722,103,3128,27,631,81,27
"829","2020-04-16",536,10,140,1831,6026,0.909890474610023,2040,7015,696,722,108,3236,22,653,84,22
"830","2020-04-17",608,10,175,1848,6026,0.909890474610023,2040,7015,696,722,103,3339,25,678,85,25
"831","2020-04-18",623,10,197,1903,6026,0.909890474610023,2040,7015,696,722,122,3461,41,719,91,41
"832","2020-04-19",625,10,228,1908,6026,0.909890474610023,2040,7015,696,722,98,3559,33,752,74,33
"833","2020-04-20",640,10,212,1911,6026,0.909890474610023,2040,7015,696,722,136,3695,18,770,111,18
"834","2020-04-21",624,10,195,1864,6026,0.909890474610023,2040,7015,696,722,88,3783,15,785,63,15
"835","2020-04-22",624,10,197,1857,6026,0.909890474610023,2040,7015,696,722,76,3859,20,805,53,20
"836","2020-04-23",612,10,218,1848,6026,0.909890474610023,2040,7015,696,722,73,3932,15,820,56,15
"837","2020-04-24",677,10,236,1796,6026,0.909890474610023,2040,7015,696,722,79,4011,15,835,59,15
"838","2020-04-25",674,10,226,1715,6026,0.909890474610023,2040,7015,696,722,74,4085,46,881,45,46
"839","2020-04-26",580,10,247,1661,6026,0.909890474610023,2040,7015,696,722,80,4165,41,922,62,41
"840","2020-04-27",575,10,231,1575,6026,0.909890474610023,2040,7015,696,722,73,4238,39,961,58,39
"841","2020-04-28",572,10,201,1499,6026,0.909890474610023,2040,7015,696,722,85,4323,38,999,72,38
"842","2020-04-29",564,10,213,1417,6026,0.909890474610023,2040,7015,696,722,63,4386,47,1046,46,47
"843","2020-04-30",553,10,235,1343,6026,0.909890474610023,2040,7015,696,722,61,4447,35,1081,48,35
"844","2020-05-01",503,10,239,1252,6026,0.909890474610023,2040,7015,696,722,51,4498,55,1136,36,55
"845","2020-05-02",493,10,252,1192,6026,0.909890474610023,2040,7015,696,722,52,4550,29,1165,35,29
"846","2020-05-03",463,10,254,1124,6026,0.909890474610023,2040,7015,696,722,62,4612,33,1198,49,33
"847","2020-05-04",421,10,232,1052,6026,0.909890474610023,2040,7015,696,722,44,4656,30,1228,31,30
"848","2020-05-05",408,10,236,945,6026,0.909890474610023,2040,7015,696,722,51,4707,38,1266,33,38
"849","2020-05-06",403,10,234,862,6026,0.909890474610023,2040,7015,696,722,47,4754,37,1303,31,37
"850","2020-05-07",371,10,236,811,6026,0.909890474610023,2040,7015,696,722,44,4798,21,1324,33,21
"851","2020-05-08",308,10,200,737,6026,0.909890474610023,2040,7015,696,722,40,4838,14,1338,27,14
"852","2020-05-09",284,10,206,673,6026,0.909890474610023,2040,7015,696,722,34,4872,19,1357,28,19
"853","2020-05-10",262,10,204,636,6026,0.909890474610023,2040,7015,696,722,36,4908,19,1376,25,19
"854","2020-05-11",252,10,222,573,6026,0.909890474610023,2040,7015,696,722,31,4939,9,1385,24,9
"855","2020-05-12",225,10,203,531,6026,0.909890474610023,2040,7015,696,722,44,4983,13,1398,28,13
"856","2020-05-13",205,10,205,472,6026,0.909890474610023,2040,7015,696,722,36,5019,14,1412,25,14
"857","2020-05-14",205,10,198,431,6026,0.909890474610023,2040,7015,696,722,27,5046,41,1453,13,41
"858","2020-05-15",188,10,178,388,6026,0.909890474610023,2040,7015,696,722,36,5082,23,1476,20,23
"859","2020-05-16",173,10,167,350,6026,0.909890474610023,2040,7015,696,722,32,5114,35,1511,24,35
"860","2020-05-17",148,10,147,313,6026,0.909890474610023,2040,7015,696,722,31,5145,36,1547,16,36
"861","2020-05-18",132,10,136,283,6026,0.909890474610023,2040,7015,696,722,34,5179,15,1562,23,15
"862","2020-05-19",122,10,112,255,6026,0.909890474610023,2040,7015,696,722,18,5197,12,1574,10,12
"863","2020-05-20",112,10,106,230,6026,0.909890474610023,2040,7015,696,722,24,5221,26,1600,19,26
"864","2020-05-21",98,10,96,205,6026,0.909890474610023,2040,7015,696,722,30,5251,11,1611,22,11
"865","2020-05-22",86,10,124,182,6026,0.909890474610023,2040,7015,696,722,24,5275,13,1624,16,13
"866","2020-05-23",79,10,151,171,6026,0.909890474610023,2040,7015,696,722,16,5291,15,1639,10,15
"867","2020-05-24",67,10,165,152,6026,0.909890474610023,2040,7015,696,722,22,5313,34,1673,11,34
"868","2020-05-25",66,10,169,132,6026,0.909890474610023,2040,7015,696,722,19,5332,15,1688,12,15
"869","2020-05-26",57,10,166,120,6026,0.909890474610023,2040,7015,696,722,22,5354,28,1716,15,28
"870","2020-05-27",48,10,170,111,6026,0.909890474610023,2040,7015,696,722,22,5376,15,1731,8,15
"871","2020-05-28",40,10,153,106,6026,0.909890474610023,2040,7015,696,722,21,5397,25,1756,10,25
"872","2020-05-29",33,10,146,89,6026,0.909890474610023,2040,7015,696,722,17,5414,15,1771,7,15
"873","2020-05-30",30,10,162,82,6026,0.909890474610023,2040,7015,696,722,14,5428,24,1795,10,24
"874","2020-05-31",31,10,191,78,6026,0.909890474610023,2040,7015,696,722,21,5449,29,1824,12,29
"875","2020-06-01",24,10,221,67,6026,0.909890474610023,2040,7015,696,722,19,5468,30,1854,8,30
"876","2020-06-02",24,10,204,58,6026,0.909890474610023,2040,7015,696,722,13,5481,24,1878,6,24
"877","2020-06-03",25,10,196,63,6026,0.909890474610023,2040,7015,696,722,11,5492,14,1892,9,14
"878","2020-06-04",27,10,189,54,6026,0.909890474610023,2040,7015,696,722,11,5503,18,1910,8,18
"879","2020-06-05",25,10,171,51,6026,0.909890474610023,2040,7015,696,722,8,5511,23,1933,3,23
"880","2020-06-06",21,10,156,50,6026,0.909890474610023,2040,7015,696,722,9,5520,15,1948,3,15
"881","2020-06-07",18,10,144,49,6026,0.909890474610023,2040,7015,696,722,11,5531,11,1959,6,11
"882","2020-03-13",1,11,58,88,6541,0.708760128420731,2085,7942,574,755,70,135,26,92,12,26
"883","2020-03-14",7,11,58,131,6541,0.708760128420731,2085,7942,574,755,37,172,28,120,11,28
"884","2020-03-15",18,11,55,175,6541,0.708760128420731,2085,7942,574,755,60,232,21,141,22,21
"885","2020-03-16",26,11,50,221,6541,0.708760128420731,2085,7942,574,755,60,292,25,166,25,25
"886","2020-03-17",37,11,61,267,6541,0.708760128420731,2085,7942,574,755,66,358,55,221,28,55
"887","2020-03-18",46,11,99,333,6541,0.708760128420731,2085,7942,574,755,67,425,46,267,28,46
"888","2020-03-19",62,11,101,392,6541,0.708760128420731,2085,7942,574,755,81,506,39,306,44,39
"889","2020-03-20",82,11,104,470,6541,0.708760128420731,2085,7942,574,755,73,579,34,340,43,34
"890","2020-03-21",120,11,120,545,6541,0.708760128420731,2085,7942,574,755,111,690,30,370,78,30
"891","2020-03-22",133,11,133,650,6541,0.708760128420731,2085,7942,574,755,107,797,57,427,66,57
"892","2020-03-23",135,11,142,739,6541,0.708760128420731,2085,7942,574,755,97,894,45,472,65,45
"893","2020-03-24",143,11,146,827,6541,0.708760128420731,2085,7942,574,755,102,996,54,526,68,54
"894","2020-03-25",162,11,157,910,6541,0.708760128420731,2085,7942,574,755,114,1110,41,567,75,41
"895","2020-03-26",179,11,161,982,6541,0.708760128420731,2085,7942,574,755,119,1229,37,604,78,37
"896","2020-03-27",253,11,164,1090,6541,0.708760128420731,2085,7942,574,755,137,1366,34,638,88,34
"897","2020-03-28",339,11,167,1170,6541,0.708760128420731,2085,7942,574,755,109,1475,39,677,70,39
"898","2020-03-29",332,11,158,1248,6541,0.708760128420731,2085,7942,574,755,111,1586,32,709,66,32
"899","2020-03-30",316,11,163,1376,6541,0.708760128420731,2085,7942,574,755,133,1719,45,754,103,45
"900","2020-03-31",343,11,174,1452,6541,0.708760128420731,2085,7942,574,755,115,1834,48,802,72,48
"901","2020-04-01",363,11,174,1526,6541,0.708760128420731,2085,7942,574,755,127,1961,48,850,84,48
"902","2020-04-02",396,11,190,1600,6541,0.708760128420731,2085,7942,574,755,134,2095,51,901,88,51
"903","2020-04-03",524,11,178,1664,6541,0.708760128420731,2085,7942,574,755,127,2222,57,958,77,57
"904","2020-04-04",515,11,206,1695,6541,0.708760128420731,2085,7942,574,755,108,2330,51,1009,73,51
"905","2020-04-05",536,11,200,1731,6541,0.708760128420731,2085,7942,574,755,106,2436,62,1071,74,62
"906","2020-04-06",550,11,188,1725,6541,0.708760128420731,2085,7942,574,755,133,2569,60,1131,88,60
"907","2020-04-07",538,11,200,1788,6541,0.708760128420731,2085,7942,574,755,139,2708,56,1187,101,56
"908","2020-04-08",548,11,209,1794,6541,0.708760128420731,2085,7942,574,755,122,2830,37,1224,90,37
"909","2020-04-09",543,11,238,1773,6541,0.708760128420731,2085,7942,574,755,117,2947,54,1278,77,54
"910","2020-04-10",602,11,218,1774,6541,0.708760128420731,2085,7942,574,755,104,3051,62,1340,71,62
"911","2020-04-11",602,11,235,1723,6541,0.708760128420731,2085,7942,574,755,120,3171,49,1389,75,49
"912","2020-04-12",553,11,249,1675,6541,0.708760128420731,2085,7942,574,755,116,3287,48,1437,88,48
"913","2020-04-13",554,11,230,1663,6541,0.708760128420731,2085,7942,574,755,101,3388,42,1479,71,42
"914","2020-04-14",555,11,267,1651,6541,0.708760128420731,2085,7942,574,755,116,3504,38,1517,83,38
"915","2020-04-15",560,11,283,1620,6541,0.708760128420731,2085,7942,574,755,113,3617,32,1549,71,32
"916","2020-04-16",542,11,297,1579,6541,0.708760128420731,2085,7942,574,755,114,3731,41,1590,80,41
"917","2020-04-17",585,11,298,1537,6541,0.708760128420731,2085,7942,574,755,106,3837,30,1620,70,30
"918","2020-04-18",555,11,293,1500,6541,0.708760128420731,2085,7942,574,755,84,3921,35,1655,57,35
"919","2020-04-19",517,11,280,1428,6541,0.708760128420731,2085,7942,574,755,89,4010,47,1702,67,47
"920","2020-04-20",514,11,238,1376,6541,0.708760128420731,2085,7942,574,755,94,4104,37,1739,68,37
"921","2020-04-21",491,11,223,1308,6541,0.708760128420731,2085,7942,574,755,75,4179,35,1774,48,35
"922","2020-04-22",473,11,228,1236,6541,0.708760128420731,2085,7942,574,755,72,4251,31,1805,50,31
"923","2020-04-23",481,11,208,1175,6541,0.708760128420731,2085,7942,574,755,83,4334,54,1859,57,54
"924","2020-04-24",432,11,187,1104,6541,0.708760128420731,2085,7942,574,755,56,4390,44,1903,39,44
"925","2020-04-25",451,11,152,1045,6541,0.708760128420731,2085,7942,574,755,75,4465,37,1940,39,37
"926","2020-04-26",406,11,140,984,6541,0.708760128420731,2085,7942,574,755,62,4527,35,1975,28,35
"927","2020-04-27",380,11,130,920,6541,0.708760128420731,2085,7942,574,755,82,4609,53,2028,47,53
"928","2020-04-28",372,11,121,865,6541,0.708760128420731,2085,7942,574,755,76,4685,52,2080,33,52
"929","2020-04-29",357,11,119,800,6541,0.708760128420731,2085,7942,574,755,54,4739,65,2145,24,65
"930","2020-04-30",338,11,173,748,6541,0.708760128420731,2085,7942,574,755,63,4802,82,2227,31,82
"931","2020-05-01",299,11,218,708,6541,0.708760128420731,2085,7942,574,755,68,4870,49,2276,43,49
"932","2020-05-02",265,11,208,653,6541,0.708760128420731,2085,7942,574,755,54,4924,57,2333,27,57
"933","2020-05-03",254,11,184,605,6541,0.708760128420731,2085,7942,574,755,49,4973,48,2381,26,48
"934","2020-05-04",237,11,202,564,6541,0.708760128420731,2085,7942,574,755,42,5015,47,2428,19,47
"935","2020-05-05",218,11,243,529,6541,0.708760128420731,2085,7942,574,755,55,5070,31,2459,24,31
"936","2020-05-06",202,11,277,503,6541,0.708760128420731,2085,7942,574,755,36,5106,53,2512,16,53
"937","2020-05-07",188,11,245,465,6541,0.708760128420731,2085,7942,574,755,45,5151,43,2555,22,43
"938","2020-05-08",174,11,278,443,6541,0.708760128420731,2085,7942,574,755,44,5195,33,2588,25,33
"939","2020-05-09",186,11,266,408,6541,0.708760128420731,2085,7942,574,755,42,5237,34,2622,15,34
"940","2020-05-10",155,11,215,372,6541,0.708760128420731,2085,7942,574,755,40,5277,23,2645,18,23
"941","2020-05-11",152,11,209,352,6541,0.708760128420731,2085,7942,574,755,40,5317,34,2679,19,34
"942","2020-05-12",139,11,230,335,6541,0.708760128420731,2085,7942,574,755,30,5347,27,2706,12,27
"943","2020-05-13",134,11,207,336,6541,0.708760128420731,2085,7942,574,755,41,5388,38,2744,23,38
"944","2020-05-14",129,11,188,334,6541,0.708760128420731,2085,7942,574,755,31,5419,34,2778,17,34
"945","2020-05-15",114,11,176,310,6541,0.708760128420731,2085,7942,574,755,25,5444,31,2809,8,31
"946","2020-05-16",89,11,210,299,6541,0.708760128420731,2085,7942,574,755,30,5474,39,2848,18,39
"947","2020-05-17",96,11,222,288,6541,0.708760128420731,2085,7942,574,755,31,5505,49,2897,18,49
"948","2020-05-18",89,11,232,260,6541,0.708760128420731,2085,7942,574,755,21,5526,30,2927,9,30
"949","2020-05-19",89,11,245,261,6541,0.708760128420731,2085,7942,574,755,31,5557,38,2965,11,38
"950","2020-05-20",89,11,227,241,6541,0.708760128420731,2085,7942,574,755,25,5582,34,2999,9,34
"951","2020-05-21",86,11,214,228,6541,0.708760128420731,2085,7942,574,755,20,5602,32,3031,7,32
"952","2020-05-22",78,11,177,216,6541,0.708760128420731,2085,7942,574,755,21,5623,44,3075,7,44
"953","2020-05-23",78,11,176,209,6541,0.708760128420731,2085,7942,574,755,20,5643,51,3126,8,51
"954","2020-05-24",65,11,188,212,6541,0.708760128420731,2085,7942,574,755,16,5659,50,3176,5,50
"955","2020-05-25",68,11,186,201,6541,0.708760128420731,2085,7942,574,755,19,5678,44,3220,5,44
"956","2020-05-26",66,11,208,184,6541,0.708760128420731,2085,7942,574,755,16,5694,31,3251,6,31
"957","2020-05-27",61,11,184,177,6541,0.708760128420731,2085,7942,574,755,15,5709,51,3302,7,51
"958","2020-05-28",53,11,160,173,6541,0.708760128420731,2085,7942,574,755,14,5723,41,3343,6,41
"959","2020-05-29",55,11,135,173,6541,0.708760128420731,2085,7942,574,755,11,5734,43,3386,6,43
"960","2020-05-30",60,11,130,163,6541,0.708760128420731,2085,7942,574,755,14,5748,35,3421,8,35
"961","2020-05-31",50,11,127,157,6541,0.708760128420731,2085,7942,574,755,10,5758,59,3480,6,59
"962","2020-06-01",46,11,137,147,6541,0.708760128420731,2085,7942,574,755,10,5768,45,3525,3,45
"963","2020-06-02",43,11,116,136,6541,0.708760128420731,2085,7942,574,755,16,5784,44,3569,6,44
"964","2020-06-03",45,11,96,119,6541,0.708760128420731,2085,7942,574,755,12,5796,44,3613,6,44
"965","2020-06-04",44,11,101,106,6541,0.708760128420731,2085,7942,574,755,8,5804,29,3642,3,29
"966","2020-06-05",42,11,91,100,6541,0.708760128420731,2085,7942,574,755,14,5818,44,3686,5,44
"967","2020-06-06",33,11,79,94,6541,0.708760128420731,2085,7942,574,755,7,5825,30,3716,NA,30
"968","2020-06-07",38,11,89,86,6541,0.708760128420731,2085,7942,574,755,7,5832,33,3749,3,33
"969","2020-03-13",4,12,27,109,5657,0.497083259678275,2040,8028,553,717,28,73,29,68,7,29
"970","2020-03-14",11,12,31,152,5657,0.497083259678275,2040,8028,553,717,30,103,17,85,15,17
"971","2020-03-15",26,12,52,194,5657,0.497083259678275,2040,8028,553,717,36,139,7,92,16,7
"972","2020-03-16",27,12,60,236,5657,0.497083259678275,2040,8028,553,717,40,179,31,123,18,31
"973","2020-03-17",34,12,57,286,5657,0.497083259678275,2040,8028,553,717,40,219,18,141,31,18
"974","2020-03-18",42,12,74,341,5657,0.497083259678275,2040,8028,553,717,52,271,23,164,34,23
"975","2020-03-19",55,12,83,371,5657,0.497083259678275,2040,8028,553,717,50,321,20,184,34,20
"976","2020-03-20",88,12,77,429,5657,0.497083259678275,2040,8028,553,717,55,376,19,203,32,19
"977","2020-03-21",151,12,78,466,5657,0.497083259678275,2040,8028,553,717,58,434,33,236,40,33
"978","2020-03-22",154,12,91,515,5657,0.497083259678275,2040,8028,553,717,60,494,14,250,39,14
"979","2020-03-23",150,12,110,561,5657,0.497083259678275,2040,8028,553,717,60,554,22,272,50,22
"980","2020-03-24",157,12,116,598,5657,0.497083259678275,2040,8028,553,717,75,629,15,287,57,15
"981","2020-03-25",164,12,128,630,5657,0.497083259678275,2040,8028,553,717,67,696,41,328,51,41
"982","2020-03-26",169,12,126,697,5657,0.497083259678275,2040,8028,553,717,78,774,53,381,61,53
"983","2020-03-27",223,12,132,747,5657,0.497083259678275,2040,8028,553,717,86,860,41,422,66,41
"984","2020-03-28",205,12,136,780,5657,0.497083259678275,2040,8028,553,717,85,945,33,455,63,33
"985","2020-03-29",210,12,123,821,5657,0.497083259678275,2040,8028,553,717,97,1042,34,489,76,34
"986","2020-03-30",210,12,130,857,5657,0.497083259678275,2040,8028,553,717,98,1140,30,519,78,30
"987","2020-03-31",213,12,131,898,5657,0.497083259678275,2040,8028,553,717,104,1244,16,535,88,16
"988","2020-04-01",237,12,126,901,5657,0.497083259678275,2040,8028,553,717,84,1328,32,567,72,32
"989","2020-04-02",246,12,134,911,5657,0.497083259678275,2040,8028,553,717,97,1425,42,609,77,42
"990","2020-04-03",277,12,133,955,5657,0.497083259678275,2040,8028,553,717,97,1522,35,644,77,35
"991","2020-04-04",315,12,131,1013,5657,0.497083259678275,2040,8028,553,717,116,1638,27,671,93,27
"992","2020-04-05",284,12,124,1058,5657,0.497083259678275,2040,8028,553,717,88,1726,14,685,73,14
"993","2020-04-06",294,12,119,1072,5657,0.497083259678275,2040,8028,553,717,113,1839,16,701,96,16
"994","2020-04-07",302,12,129,1116,5657,0.497083259678275,2040,8028,553,717,98,1937,19,720,78,19
"995","2020-04-08",308,12,123,1124,5657,0.497083259678275,2040,8028,553,717,100,2037,13,733,86,13
"996","2020-04-09",331,12,120,1136,5657,0.497083259678275,2040,8028,553,717,101,2138,11,744,88,11
"997","2020-04-10",375,12,144,1142,5657,0.497083259678275,2040,8028,553,717,85,2223,16,760,71,16
"998","2020-04-11",381,12,182,1152,5657,0.497083259678275,2040,8028,553,717,116,2339,45,805,98,45
"999","2020-04-12",362,12,192,1139,5657,0.497083259678275,2040,8028,553,717,92,2431,41,846,72,41
"1000","2020-04-13",357,12,193,1141,5657,0.497083259678275,2040,8028,553,717,90,2521,30,876,70,30
"1001","2020-04-14",364,12,193,1134,5657,0.497083259678275,2040,8028,553,717,95,2616,55,931,78,55
"1002","2020-04-15",363,12,200,1140,5657,0.497083259678275,2040,8028,553,717,79,2695,43,974,65,43
"1003","2020-04-16",350,12,202,1140,5657,0.497083259678275,2040,8028,553,717,104,2799,57,1031,88,57
"1004","2020-04-17",393,12,198,1101,5657,0.497083259678275,2040,8028,553,717,89,2888,56,1087,72,56
"1005","2020-04-18",387,12,191,1088,5657,0.497083259678275,2040,8028,553,717,107,2995,29,1116,88,29
"1006","2020-04-19",378,12,207,1077,5657,0.497083259678275,2040,8028,553,717,91,3086,27,1143,67,27
"1007","2020-04-20",387,12,212,1048,5657,0.497083259678275,2040,8028,553,717,105,3191,19,1162,78,19
"1008","2020-04-21",374,12,211,1050,5657,0.497083259678275,2040,8028,553,717,88,3279,63,1225,74,63
"1009","2020-04-22",366,12,191,1030,5657,0.497083259678275,2040,8028,553,717,77,3356,62,1287,70,62
"1010","2020-04-23",356,12,176,989,5657,0.497083259678275,2040,8028,553,717,79,3435,30,1317,59,30
"1011","2020-04-24",340,12,169,967,5657,0.497083259678275,2040,8028,553,717,88,3523,18,1335,74,18
"1012","2020-04-25",338,12,179,931,5657,0.497083259678275,2040,8028,553,717,88,3611,8,1343,75,8
"1013","2020-04-26",322,12,182,917,5657,0.497083259678275,2040,8028,553,717,63,3674,38,1381,49,38
"1014","2020-04-27",293,12,201,892,5657,0.497083259678275,2040,8028,553,717,66,3740,16,1397,51,16
"1015","2020-04-28",292,12,200,854,5657,0.497083259678275,2040,8028,553,717,79,3819,43,1440,63,43
"1016","2020-04-29",285,12,196,831,5657,0.497083259678275,2040,8028,553,717,60,3879,24,1464,47,24
"1017","2020-04-30",291,12,202,819,5657,0.497083259678275,2040,8028,553,717,68,3947,15,1479,51,15
"1018","2020-05-01",305,12,196,803,5657,0.497083259678275,2040,8028,553,717,50,3997,20,1499,33,20
"1019","2020-05-02",312,12,190,777,5657,0.497083259678275,2040,8028,553,717,65,4062,45,1544,45,45
"1020","2020-05-03",286,12,189,752,5657,0.497083259678275,2040,8028,553,717,50,4112,71,1615,38,71
"1021","2020-05-04",277,12,171,739,5657,0.497083259678275,2040,8028,553,717,65,4177,18,1633,53,18
"1022","2020-05-05",268,12,166,715,5657,0.497083259678275,2040,8028,553,717,42,4219,9,1642,30,9
"1023","2020-05-06",252,12,182,686,5657,0.497083259678275,2040,8028,553,717,53,4272,15,1657,40,15
"1024","2020-05-07",247,12,192,681,5657,0.497083259678275,2040,8028,553,717,42,4314,58,1715,27,58
"1025","2020-05-08",243,12,195,686,5657,0.497083259678275,2040,8028,553,717,38,4352,28,1743,26,28
"1026","2020-05-09",245,12,184,646,5657,0.497083259678275,2040,8028,553,717,36,4388,19,1762,27,19
"1027","2020-05-10",205,12,204,618,5657,0.497083259678275,2040,8028,553,717,48,4436,14,1776,34,14
"1028","2020-05-11",199,12,212,603,5657,0.497083259678275,2040,8028,553,717,40,4476,7,1783,24,7
"1029","2020-05-12",202,12,203,576,5657,0.497083259678275,2040,8028,553,717,32,4508,17,1800,23,17
"1030","2020-05-13",206,12,202,542,5657,0.497083259678275,2040,8028,553,717,25,4533,12,1812,21,12
"1031","2020-05-14",205,12,205,531,5657,0.497083259678275,2040,8028,553,717,29,4562,16,1828,17,16
"1032","2020-05-15",204,12,190,502,5657,0.497083259678275,2040,8028,553,717,34,4596,12,1840,28,12
"1033","2020-05-16",178,12,203,494,5657,0.497083259678275,2040,8028,553,717,31,4627,11,1851,18,11
"1034","2020-05-17",185,12,194,469,5657,0.497083259678275,2040,8028,553,717,26,4653,34,1885,17,34
"1035","2020-05-18",180,12,187,450,5657,0.497083259678275,2040,8028,553,717,31,4684,15,1900,20,15
"1036","2020-05-19",148,12,180,430,5657,0.497083259678275,2040,8028,553,717,20,4704,8,1908,17,8
"1037","2020-05-20",141,12,164,412,5657,0.497083259678275,2040,8028,553,717,16,4720,5,1913,11,5
"1038","2020-05-21",128,12,190,412,5657,0.497083259678275,2040,8028,553,717,29,4749,5,1918,19,5
"1039","2020-05-22",130,12,204,395,5657,0.497083259678275,2040,8028,553,717,23,4772,41,1959,19,41
"1040","2020-05-23",138,12,199,385,5657,0.497083259678275,2040,8028,553,717,19,4791,20,1979,11,20
"1041","2020-05-24",121,12,199,361,5657,0.497083259678275,2040,8028,553,717,23,4814,12,1991,15,12
"1042","2020-05-25",113,12,181,350,5657,0.497083259678275,2040,8028,553,717,23,4837,9,2000,13,9
"1043","2020-05-26",121,12,169,323,5657,0.497083259678275,2040,8028,553,717,23,4860,NA,NA,18,NA
"1044","2020-05-27",122,12,161,309,5657,0.497083259678275,2040,8028,553,717,13,4873,11,2011,11,11
"1045","2020-05-28",118,12,147,296,5657,0.497083259678275,2040,8028,553,717,15,4888,15,2026,10,15
"1046","2020-05-29",113,12,138,292,5657,0.497083259678275,2040,8028,553,717,17,4905,34,2060,14,34
"1047","2020-05-30",100,12,143,283,5657,0.497083259678275,2040,8028,553,717,16,4921,41,2101,11,41
"1048","2020-05-31",91,12,146,274,5657,0.497083259678275,2040,8028,553,717,17,4938,34,2135,10,34
"1049","2020-06-01",85,12,151,262,5657,0.497083259678275,2040,8028,553,717,19,4957,21,2156,10,21
"1050","2020-06-02",77,12,149,251,5657,0.497083259678275,2040,8028,553,717,20,4977,26,2182,12,26
"1051","2020-06-03",73,12,151,243,5657,0.497083259678275,2040,8028,553,717,9,4986,25,2207,5,25
"1052","2020-06-04",74,12,143,223,5657,0.497083259678275,2040,8028,553,717,18,5004,17,2224,14,17
"1053","2020-06-05",79,12,139,205,5657,0.497083259678275,2040,8028,553,717,9,5013,17,2241,8,17
"1054","2020-06-06",76,12,138,200,5657,0.497083259678275,2040,8028,553,717,14,5027,13,2254,7,13
"1055","2020-06-07",75,12,151,180,5657,0.497083259678275,2040,8028,553,717,14,5041,10,2264,10,10
"1056","2020-03-08",1,13,0,0,5910,0.863790186125212,2010,7216,569,699,NA,NA,NA,NA,NA,NA
"1057","2020-03-09",1,13,0,0,5910,0.863790186125212,2010,7216,569,699,NA,NA,NA,NA,NA,NA
"1058","2020-03-10",0,13,0,0,5910,0.863790186125212,2010,7216,569,699,NA,NA,3,3,NA,3
"1059","2020-03-11",0,13,0,0,5910,0.863790186125212,2010,7216,569,699,20,20,11,14,NA,11
"1060","2020-03-12",0,13,0,0,5910,0.863790186125212,2010,7216,569,699,31,51,9,23,4,9
"1061","2020-03-13",2,13,55,41,5910,0.863790186125212,2010,7216,569,699,30,81,10,33,8,10
"1062","2020-03-14",6,13,56,54,5910,0.863790186125212,2010,7216,569,699,30,111,5,38,9,5
"1063","2020-03-15",8,13,61,70,5910,0.863790186125212,2010,7216,569,699,42,153,13,51,17,13
"1064","2020-03-16",9,13,84,94,5910,0.863790186125212,2010,7216,569,699,43,196,5,56,22,5
"1065","2020-03-17",14,13,101,126,5910,0.863790186125212,2010,7216,569,699,52,248,14,70,30,14
"1066","2020-03-18",16,13,110,159,5910,0.863790186125212,2010,7216,569,699,74,322,13,83,35,13
"1067","2020-03-19",24,13,98,195,5910,0.863790186125212,2010,7216,569,699,57,379,6,89,37,6
"1068","2020-03-20",36,13,90,222,5910,0.863790186125212,2010,7216,569,699,73,452,18,107,42,18
"1069","2020-03-21",50,13,83,252,5910,0.863790186125212,2010,7216,569,699,79,531,26,133,56,26
"1070","2020-03-22",54,13,96,296,5910,0.863790186125212,2010,7216,569,699,84,615,12,145,54,12
"1071","2020-03-23",56,13,103,330,5910,0.863790186125212,2010,7216,569,699,87,702,13,158,63,13
"1072","2020-03-24",63,13,122,383,5910,0.863790186125212,2010,7216,569,699,82,784,17,175,57,17
"1073","2020-03-25",75,13,132,429,5910,0.863790186125212,2010,7216,569,699,109,893,17,192,77,17
"1074","2020-03-26",84,13,136,468,5910,0.863790186125212,2010,7216,569,699,94,987,9,201,70,9
"1075","2020-03-27",105,13,157,533,5910,0.863790186125212,2010,7216,569,699,110,1097,10,211,89,10
"1076","2020-03-28",165,13,167,585,5910,0.863790186125212,2010,7216,569,699,135,1232,13,224,110,13
"1077","2020-03-29",170,13,172,680,5910,0.863790186125212,2010,7216,569,699,119,1351,6,230,99,6
"1078","2020-03-30",171,13,189,746,5910,0.863790186125212,2010,7216,569,699,103,1454,13,243,70,13
"1079","2020-03-31",183,13,198,842,5910,0.863790186125212,2010,7216,569,699,139,1593,7,250,112,7
"1080","2020-04-01",199,13,206,930,5910,0.863790186125212,2010,7216,569,699,108,1701,13,263,90,13
"1081","2020-04-02",215,13,203,1046,5910,0.863790186125212,2010,7216,569,699,104,1805,13,276,80,13
"1082","2020-04-03",330,13,192,1183,5910,0.863790186125212,2010,7216,569,699,97,1902,21,297,66,21
"1083","2020-04-04",366,13,199,1272,5910,0.863790186125212,2010,7216,569,699,127,2029,14,311,110,14
"1084","2020-04-05",343,13,205,1385,5910,0.863790186125212,2010,7216,569,699,116,2145,15,326,89,15
"1085","2020-04-06",360,13,202,1482,5910,0.863790186125212,2010,7216,569,699,118,2263,10,336,88,10
"1086","2020-04-07",382,13,204,1575,5910,0.863790186125212,2010,7216,569,699,126,2389,7,343,103,7
"1087","2020-04-08",412,13,189,1675,5910,0.863790186125212,2010,7216,569,699,119,2508,23,366,89,23
"1088","2020-04-09",462,13,193,1763,5910,0.863790186125212,2010,7216,569,699,111,2619,19,385,81,19
"1089","2020-04-10",602,13,192,1786,5910,0.863790186125212,2010,7216,569,699,100,2719,25,410,81,25
"1090","2020-04-11",621,13,197,1774,5910,0.863790186125212,2010,7216,569,699,139,2858,38,448,107,38
"1091","2020-04-12",623,13,185,1784,5910,0.863790186125212,2010,7216,569,699,128,2986,21,469,108,21
"1092","2020-04-13",633,13,198,1829,5910,0.863790186125212,2010,7216,569,699,100,3086,25,494,77,25
"1093","2020-04-14",659,13,196,1783,5910,0.863790186125212,2010,7216,569,699,119,3205,22,516,93,22
"1094","2020-04-15",669,13,197,1753,5910,0.863790186125212,2010,7216,569,699,83,3288,30,546,64,30
"1095","2020-04-16",647,13,178,1715,5910,0.863790186125212,2010,7216,569,699,94,3382,20,566,75,20
"1096","2020-04-17",648,13,179,1648,5910,0.863790186125212,2010,7216,569,699,91,3473,17,583,67,17
"1097","2020-04-18",624,13,187,1592,5910,0.863790186125212,2010,7216,569,699,91,3564,10,593,64,10
"1098","2020-04-19",565,13,178,1545,5910,0.863790186125212,2010,7216,569,699,77,3641,13,606,64,13
"1099","2020-04-20",537,13,176,1496,5910,0.863790186125212,2010,7216,569,699,95,3736,14,620,74,14
"1100","2020-04-21",524,13,161,1421,5910,0.863790186125212,2010,7216,569,699,103,3839,11,631,78,11
"1101","2020-04-22",513,13,155,1372,5910,0.863790186125212,2010,7216,569,699,92,3931,18,649,61,18
"1102","2020-04-23",498,13,154,1301,5910,0.863790186125212,2010,7216,569,699,78,4009,24,673,61,24
"1103","2020-04-24",477,13,187,1263,5910,0.863790186125212,2010,7216,569,699,69,4078,39,712,50,39
"1104","2020-04-25",474,13,196,1216,5910,0.863790186125212,2010,7216,569,699,64,4142,20,732,42,20
"1105","2020-04-26",453,13,222,1176,5910,0.863790186125212,2010,7216,569,699,48,4190,24,756,26,24
"1106","2020-04-27",437,13,239,1104,5910,0.863790186125212,2010,7216,569,699,56,4246,26,782,36,26
"1107","2020-04-28",398,13,242,1055,5910,0.863790186125212,2010,7216,569,699,73,4319,24,806,51,24
"1108","2020-04-29",380,13,253,1012,5910,0.863790186125212,2010,7216,569,699,53,4372,10,816,41,10
"1109","2020-04-30",366,13,236,971,5910,0.863790186125212,2010,7216,569,699,46,4418,32,848,33,32
"1110","2020-05-01",354,13,229,915,5910,0.863790186125212,2010,7216,569,699,51,4469,16,864,29,16
"1111","2020-05-02",355,13,234,856,5910,0.863790186125212,2010,7216,569,699,45,4514,38,902,28,38
"1112","2020-05-03",316,13,230,802,5910,0.863790186125212,2010,7216,569,699,34,4548,13,915,19,13
"1113","2020-05-04",309,13,221,761,5910,0.863790186125212,2010,7216,569,699,60,4608,7,922,36,7
"1114","2020-05-05",302,13,228,716,5910,0.863790186125212,2010,7216,569,699,49,4657,16,938,30,16
"1115","2020-05-06",296,13,220,680,5910,0.863790186125212,2010,7216,569,699,29,4686,19,957,19,19
"1116","2020-05-07",286,13,230,636,5910,0.863790186125212,2010,7216,569,699,30,4716,29,986,16,29
"1117","2020-05-08",260,13,240,597,5910,0.863790186125212,2010,7216,569,699,27,4743,18,1004,14,18
"1118","2020-05-09",235,13,237,559,5910,0.863790186125212,2010,7216,569,699,28,4771,11,1015,21,11
"1119","2020-05-10",223,13,248,523,5910,0.863790186125212,2010,7216,569,699,26,4797,15,1030,11,15
"1120","2020-05-11",205,13,238,490,5910,0.863790186125212,2010,7216,569,699,34,4831,31,1061,16,31
"1121","2020-05-12",205,13,239,438,5910,0.863790186125212,2010,7216,569,699,32,4863,11,1072,16,11
"1122","2020-05-13",182,13,249,409,5910,0.863790186125212,2010,7216,569,699,32,4895,10,1082,14,10
"1123","2020-05-14",185,13,219,375,5910,0.863790186125212,2010,7216,569,699,26,4921,29,1111,13,29
"1124","2020-05-15",155,13,212,341,5910,0.863790186125212,2010,7216,569,699,28,4949,16,1127,10,16
"1125","2020-05-16",143,13,201,325,5910,0.863790186125212,2010,7216,569,699,17,4966,28,1155,7,28
"1126","2020-05-17",124,13,211,297,5910,0.863790186125212,2010,7216,569,699,23,4989,21,1176,11,21
"1127","2020-05-18",114,13,207,285,5910,0.863790186125212,2010,7216,569,699,24,5013,40,1216,9,40
"1128","2020-05-19",104,13,189,266,5910,0.863790186125212,2010,7216,569,699,20,5033,31,1247,9,31
"1129","2020-05-20",107,13,184,237,5910,0.863790186125212,2010,7216,569,699,9,5042,32,1279,3,32
"1130","2020-05-21",95,13,186,215,5910,0.863790186125212,2010,7216,569,699,19,5061,20,1299,8,20
"1131","2020-05-22",85,13,220,197,5910,0.863790186125212,2010,7216,569,699,13,5074,22,1321,6,22
"1132","2020-05-23",83,13,222,174,5910,0.863790186125212,2010,7216,569,699,14,5088,17,1338,8,17
"1133","2020-05-24",83,13,219,176,5910,0.863790186125212,2010,7216,569,699,21,5109,25,1363,12,25
"1134","2020-05-25",75,13,210,169,5910,0.863790186125212,2010,7216,569,699,13,5122,26,1389,6,26
"1135","2020-05-26",68,13,200,152,5910,0.863790186125212,2010,7216,569,699,16,5138,15,1404,3,15
"1136","2020-05-27",56,13,195,150,5910,0.863790186125212,2010,7216,569,699,13,5151,10,1414,5,10
"1137","2020-05-28",50,13,214,140,5910,0.863790186125212,2010,7216,569,699,10,5161,14,1428,2,14
"1138","2020-05-29",44,13,216,128,5910,0.863790186125212,2010,7216,569,699,10,5171,11,1439,4,11
"1139","2020-05-30",38,13,219,119,5910,0.863790186125212,2010,7216,569,699,13,5184,23,1462,9,23
"1140","2020-05-31",35,13,222,113,5910,0.863790186125212,2010,7216,569,699,16,5200,13,1475,8,13
"1141","2020-06-01",37,13,214,113,5910,0.863790186125212,2010,7216,569,699,14,5214,10,1485,6,10
"1142","2020-06-02",34,13,215,111,5910,0.863790186125212,2010,7216,569,699,13,5227,8,1493,4,8
"1143","2020-06-03",34,13,203,107,5910,0.863790186125212,2010,7216,569,699,17,5244,8,1501,6,8
"1144","2020-06-04",32,13,189,103,5910,0.863790186125212,2010,7216,569,699,9,5253,14,1515,6,14
"1145","2020-06-05",39,13,188,95,5910,0.863790186125212,2010,7216,569,699,19,5272,10,1525,7,10
"1146","2020-06-06",42,13,179,88,5910,0.863790186125212,2010,7216,569,699,16,5288,9,1534,7,9
"1147","2020-06-07",40,13,179,83,5910,0.863790186125212,2010,7216,569,699,9,5297,16,1550,4,16
"1148","2020-03-13",1,14,93,71,6114,0.866372260385999,1965,7270,571,977,42,87,33,62,22,33
"1149","2020-03-14",3,14,103,96,6114,0.866372260385999,1965,7270,571,977,40,127,20,82,21,20
"1150","2020-03-15",6,14,104,125,6114,0.866372260385999,1965,7270,571,977,38,165,37,119,24,37
"1151","2020-03-16",10,14,106,174,6114,0.866372260385999,1965,7270,571,977,54,219,21,140,37,21
"1152","2020-03-17",18,14,100,229,6114,0.866372260385999,1965,7270,571,977,51,270,37,177,38,37
"1153","2020-03-18",26,14,101,271,6114,0.866372260385999,1965,7270,571,977,49,319,16,193,30,16
"1154","2020-03-19",36,14,107,323,6114,0.866372260385999,1965,7270,571,977,68,387,26,219,48,26
"1155","2020-03-20",43,14,111,394,6114,0.866372260385999,1965,7270,571,977,66,453,23,242,49,23
"1156","2020-03-21",60,14,106,463,6114,0.866372260385999,1965,7270,571,977,60,513,58,300,42,58
"1157","2020-03-22",110,14,100,528,6114,0.866372260385999,1965,7270,571,977,95,608,38,338,75,38
"1158","2020-03-23",122,14,101,597,6114,0.866372260385999,1965,7270,571,977,81,689,32,370,63,32
"1159","2020-03-24",109,14,107,662,6114,0.866372260385999,1965,7270,571,977,93,782,14,384,74,14
"1160","2020-03-25",122,14,109,726,6114,0.866372260385999,1965,7270,571,977,73,855,17,401,63,17
"1161","2020-03-26",141,14,120,836,6114,0.866372260385999,1965,7270,571,977,96,951,45,446,75,45
"1162","2020-03-27",235,14,133,923,6114,0.866372260385999,1965,7270,571,977,98,1049,22,468,82,22
"1163","2020-03-28",275,14,166,975,6114,0.866372260385999,1965,7270,571,977,116,1165,16,484,92,16
"1164","2020-03-29",276,14,169,1061,6114,0.866372260385999,1965,7270,571,977,99,1264,12,496,83,12
"1165","2020-03-30",287,14,176,1148,6114,0.866372260385999,1965,7270,571,977,111,1375,8,504,100,8
"1166","2020-03-31",316,14,168,1245,6114,0.866372260385999,1965,7270,571,977,86,1461,42,546,68,42
"1167","2020-04-01",340,14,196,1334,6114,0.866372260385999,1965,7270,571,977,95,1556,44,590,80,44
"1168","2020-04-02",373,14,197,1394,6114,0.866372260385999,1965,7270,571,977,93,1649,31,621,77,31
"1169","2020-04-03",447,14,196,1459,6114,0.866372260385999,1965,7270,571,977,128,1777,47,668,104,47
"1170","2020-04-04",448,14,181,1497,6114,0.866372260385999,1965,7270,571,977,107,1884,71,739,91,71
"1171","2020-04-05",462,14,161,1530,6114,0.866372260385999,1965,7270,571,977,82,1966,26,765,74,26
"1172","2020-04-06",482,14,136,1569,6114,0.866372260385999,1965,7270,571,977,97,2063,16,781,86,16
"1173","2020-04-07",486,14,142,1587,6114,0.866372260385999,1965,7270,571,977,85,2148,10,791,71,10
"1174","2020-04-08",492,14,173,1595,6114,0.866372260385999,1965,7270,571,977,122,2270,10,801,93,10
"1175","2020-04-09",498,14,179,1583,6114,0.866372260385999,1965,7270,571,977,94,2364,44,845,75,44
"1176","2020-04-10",555,14,174,1634,6114,0.866372260385999,1965,7270,571,977,110,2474,18,863,90,18
"1177","2020-04-11",581,14,171,1646,6114,0.866372260385999,1965,7270,571,977,95,2569,19,882,80,19
"1178","2020-04-12",553,14,193,1612,6114,0.866372260385999,1965,7270,571,977,70,2639,13,895,61,13
"1179","2020-04-13",545,14,212,1594,6114,0.866372260385999,1965,7270,571,977,93,2732,42,937,75,42
"1180","2020-04-14",533,14,210,1563,6114,0.866372260385999,1965,7270,571,977,106,2838,71,1008,87,71
"1181","2020-04-15",537,14,205,1544,6114,0.866372260385999,1965,7270,571,977,97,2935,43,1051,77,43
"1182","2020-04-16",534,14,226,1506,6114,0.866372260385999,1965,7270,571,977,91,3026,23,1074,79,23
"1183","2020-04-17",562,14,191,1459,6114,0.866372260385999,1965,7270,571,977,89,3115,29,1103,72,29
"1184","2020-04-18",564,14,191,1409,6114,0.866372260385999,1965,7270,571,977,88,3203,47,1150,65,47
"1185","2020-04-19",515,14,178,1359,6114,0.866372260385999,1965,7270,571,977,68,3271,45,1195,52,45
"1186","2020-04-20",504,14,174,1282,6114,0.866372260385999,1965,7270,571,977,83,3354,13,1208,66,13
"1187","2020-04-21",492,14,183,1256,6114,0.866372260385999,1965,7270,571,977,88,3442,10,1218,66,10
"1188","2020-04-22",468,14,203,1199,6114,0.866372260385999,1965,7270,571,977,62,3504,57,1275,48,57
"1189","2020-04-23",443,14,228,1145,6114,0.866372260385999,1965,7270,571,977,79,3583,43,1318,63,43
"1190","2020-04-24",411,14,254,1070,6114,0.866372260385999,1965,7270,571,977,83,3666,21,1339,69,21
"1191","2020-04-25",409,14,241,1034,6114,0.866372260385999,1965,7270,571,977,67,3733,22,1361,42,22
"1192","2020-04-26",377,14,234,1008,6114,0.866372260385999,1965,7270,571,977,68,3801,14,1375,53,14
"1193","2020-04-27",349,14,249,966,6114,0.866372260385999,1965,7270,571,977,88,3889,52,1427,63,52
"1194","2020-04-28",348,14,256,937,6114,0.866372260385999,1965,7270,571,977,52,3941,26,1453,38,26
"1195","2020-04-29",347,14,258,869,6114,0.866372260385999,1965,7270,571,977,68,4009,10,1463,43,10
"1196","2020-04-30",336,14,248,828,6114,0.866372260385999,1965,7270,571,977,56,4065,29,1492,44,29
"1197","2020-05-01",300,14,256,764,6114,0.866372260385999,1965,7270,571,977,64,4129,16,1508,45,16
"1198","2020-05-02",285,14,276,722,6114,0.866372260385999,1965,7270,571,977,51,4180,14,1522,34,14
"1199","2020-05-03",258,14,272,664,6114,0.866372260385999,1965,7270,571,977,52,4232,12,1534,35,12
"1200","2020-05-04",252,14,279,616,6114,0.866372260385999,1965,7270,571,977,46,4278,52,1586,31,52
"1201","2020-05-05",224,14,279,576,6114,0.866372260385999,1965,7270,571,977,47,4325,19,1605,31,19
"1202","2020-05-06",210,14,292,526,6114,0.866372260385999,1965,7270,571,977,49,4374,10,1615,27,10
"1203","2020-05-07",202,14,291,503,6114,0.866372260385999,1965,7270,571,977,41,4415,16,1631,28,16
"1204","2020-05-08",187,14,284,478,6114,0.866372260385999,1965,7270,571,977,36,4451,30,1661,26,30
"1205","2020-05-09",168,14,268,452,6114,0.866372260385999,1965,7270,571,977,43,4494,49,1710,32,49
"1206","2020-05-10",170,14,288,421,6114,0.866372260385999,1965,7270,571,977,41,4535,30,1740,29,30
"1207","2020-05-11",157,14,268,408,6114,0.866372260385999,1965,7270,571,977,34,4569,8,1748,24,8
"1208","2020-05-12",146,14,239,389,6114,0.866372260385999,1965,7270,571,977,30,4599,11,1759,22,11
"1209","2020-05-13",137,14,249,372,6114,0.866372260385999,1965,7270,571,977,35,4634,8,1767,26,8
"1210","2020-05-14",129,14,238,353,6114,0.866372260385999,1965,7270,571,977,32,4666,20,1787,21,20
"1211","2020-05-15",123,14,233,328,6114,0.866372260385999,1965,7270,571,977,28,4694,27,1814,23,27
"1212","2020-05-16",121,14,223,310,6114,0.866372260385999,1965,7270,571,977,29,4723,15,1829,22,15
"1213","2020-05-17",118,14,207,300,6114,0.866372260385999,1965,7270,571,977,31,4754,9,1838,16,9
"1214","2020-05-18",109,14,190,293,6114,0.866372260385999,1965,7270,571,977,32,4786,36,1874,16,36
"1215","2020-05-19",100,14,178,280,6114,0.866372260385999,1965,7270,571,977,33,4819,24,1898,20,24
"1216","2020-05-20",104,14,189,266,6114,0.866372260385999,1965,7270,571,977,23,4842,39,1937,17,39
"1217","2020-05-21",99,14,190,252,6114,0.866372260385999,1965,7270,571,977,35,4877,20,1957,24,20
"1218","2020-05-22",99,14,178,247,6114,0.866372260385999,1965,7270,571,977,35,4912,38,1995,25,38
"1219","2020-05-23",100,14,182,233,6114,0.866372260385999,1965,7270,571,977,26,4938,50,2045,15,50
"1220","2020-05-24",87,14,200,225,6114,0.866372260385999,1965,7270,571,977,34,4972,37,2082,24,37
"1221","2020-05-25",81,14,201,215,6114,0.866372260385999,1965,7270,571,977,50,5022,33,2115,37,33
"1222","2020-05-26",81,14,186,202,6114,0.866372260385999,1965,7270,571,977,26,5048,23,2138,21,23
"1223","2020-05-27",75,14,167,196,6114,0.866372260385999,1965,7270,571,977,21,5069,9,2147,18,9
"1224","2020-05-28",77,14,171,187,6114,0.866372260385999,1965,7270,571,977,21,5090,14,2161,14,14
"1225","2020-05-29",71,14,192,180,6114,0.866372260385999,1965,7270,571,977,27,5117,32,2193,16,32
"1226","2020-05-30",69,14,189,175,6114,0.866372260385999,1965,7270,571,977,22,5139,17,2210,15,17
"1227","2020-05-31",63,14,181,155,6114,0.866372260385999,1965,7270,571,977,18,5157,11,2221,14,11
"1228","2020-06-01",67,14,194,155,6114,0.866372260385999,1965,7270,571,977,14,5171,9,2230,12,9
"1229","2020-06-02",63,14,198,158,6114,0.866372260385999,1965,7270,571,977,19,5190,7,2237,12,7
"1230","2020-06-03",61,14,198,142,6114,0.866372260385999,1965,7270,571,977,17,5207,40,2277,10,40
"1231","2020-06-04",55,14,191,128,6114,0.866372260385999,1965,7270,571,977,9,5216,41,2318,6,41
"1232","2020-06-05",52,14,186,128,6114,0.866372260385999,1965,7270,571,977,12,5228,48,2366,6,48
"1233","2020-06-06",50,14,200,128,6114,0.866372260385999,1965,7270,571,977,10,5238,36,2402,6,36
"1234","2020-06-07",44,14,216,126,6114,0.866372260385999,1965,7270,571,977,19,5257,17,2419,16,17
"1235","2020-03-12",1,15,100,78,6423,0.517670870309824,1950,7954,591,1329,45,83,12,19,NA,12
"1236","2020-03-13",3,15,118,134,6423,0.517670870309824,1950,7954,591,1329,53,136,11,30,3,11
"1237","2020-03-14",22,15,178,196,6423,0.517670870309824,1950,7954,591,1329,52,188,11,41,4,11
"1238","2020-03-15",34,15,208,260,6423,0.517670870309824,1950,7954,591,1329,53,241,19,60,12,19
"1239","2020-03-16",33,15,213,343,6423,0.517670870309824,1950,7954,591,1329,49,290,25,85,9,25
"1240","2020-03-17",41,15,210,420,6423,0.517670870309824,1950,7954,591,1329,64,354,21,106,26,21
"1241","2020-03-18",48,15,231,502,6423,0.517670870309824,1950,7954,591,1329,70,424,17,123,27,17
"1242","2020-03-19",61,15,273,575,6423,0.517670870309824,1950,7954,591,1329,88,512,17,140,38,17
"1243","2020-03-20",109,15,314,659,6423,0.517670870309824,1950,7954,591,1329,84,596,18,158,33,18
"1244","2020-03-21",180,15,324,739,6423,0.517670870309824,1950,7954,591,1329,75,671,20,178,37,20
"1245","2020-03-22",196,15,306,819,6423,0.517670870309824,1950,7954,591,1329,76,747,23,201,35,23
"1246","2020-03-23",196,15,274,876,6423,0.517670870309824,1950,7954,591,1329,93,840,13,214,42,13
"1247","2020-03-24",211,15,243,944,6423,0.517670870309824,1950,7954,591,1329,80,920,8,222,32,8
"1248","2020-03-25",236,15,213,968,6423,0.517670870309824,1950,7954,591,1329,108,1028,14,236,61,14
"1249","2020-03-26",257,15,202,1012,6423,0.517670870309824,1950,7954,591,1329,96,1124,29,265,53,29
"1250","2020-03-27",324,15,193,1040,6423,0.517670870309824,1950,7954,591,1329,91,1215,18,283,55,18
"1251","2020-03-28",299,15,207,1085,6423,0.517670870309824,1950,7954,591,1329,92,1307,6,289,51,6
"1252","2020-03-29",297,15,220,1107,6423,0.517670870309824,1950,7954,591,1329,104,1411,7,296,57,7
"1253","2020-03-30",316,15,216,1113,6423,0.517670870309824,1950,7954,591,1329,118,1529,11,307,51,11
"1254","2020-03-31",323,15,246,1129,6423,0.517670870309824,1950,7954,591,1329,95,1624,19,326,45,19
"1255","2020-04-01",337,15,229,1142,6423,0.517670870309824,1950,7954,591,1329,90,1714,24,350,54,24
"1256","2020-04-02",343,15,242,1136,6423,0.517670870309824,1950,7954,591,1329,92,1806,12,362,45,12
"1257","2020-04-03",392,15,280,1138,6423,0.517670870309824,1950,7954,591,1329,93,1899,32,394,49,32
"1258","2020-04-04",419,15,292,1132,6423,0.517670870309824,1950,7954,591,1329,83,1982,12,406,42,12
"1259","2020-04-05",377,15,252,1133,6423,0.517670870309824,1950,7954,591,1329,76,2058,12,418,37,12
"1260","2020-04-06",367,15,221,1140,6423,0.517670870309824,1950,7954,591,1329,92,2150,7,425,48,7
"1261","2020-04-07",380,15,193,1132,6423,0.517670870309824,1950,7954,591,1329,105,2255,8,433,49,8
"1262","2020-04-08",379,15,191,1115,6423,0.517670870309824,1950,7954,591,1329,96,2351,22,455,42,22
"1263","2020-04-09",388,15,155,1114,6423,0.517670870309824,1950,7954,591,1329,88,2439,15,470,41,15
"1264","2020-04-10",395,15,147,1094,6423,0.517670870309824,1950,7954,591,1329,79,2518,16,486,42,16
"1265","2020-04-11",396,15,136,1083,6423,0.517670870309824,1950,7954,591,1329,92,2610,34,520,42,34
"1266","2020-04-12",401,15,143,1074,6423,0.517670870309824,1950,7954,591,1329,80,2690,30,550,36,30
"1267","2020-04-13",394,15,160,1048,6423,0.517670870309824,1950,7954,591,1329,78,2768,39,589,32,39
"1268","2020-04-14",374,15,203,1036,6423,0.517670870309824,1950,7954,591,1329,102,2870,25,614,43,25
"1269","2020-04-15",362,15,254,1024,6423,0.517670870309824,1950,7954,591,1329,67,2937,12,626,34,12
"1270","2020-04-16",351,15,237,1016,6423,0.517670870309824,1950,7954,591,1329,76,3013,11,637,30,11
"1271","2020-04-17",368,15,222,1007,6423,0.517670870309824,1950,7954,591,1329,68,3081,10,647,37,10
"1272","2020-04-18",346,15,199,984,6423,0.517670870309824,1950,7954,591,1329,82,3163,43,690,38,43
"1273","2020-04-19",323,15,175,984,6423,0.517670870309824,1950,7954,591,1329,68,3231,38,728,27,38
"1274","2020-04-20",319,15,189,981,6423,0.517670870309824,1950,7954,591,1329,88,3319,22,750,33,22
"1275","2020-04-21",310,15,250,969,6423,0.517670870309824,1950,7954,591,1329,57,3376,32,782,19,32
"1276","2020-04-22",312,15,229,946,6423,0.517670870309824,1950,7954,591,1329,75,3451,20,802,29,20
"1277","2020-04-23",304,15,213,935,6423,0.517670870309824,1950,7954,591,1329,78,3529,30,832,38,30
"1278","2020-04-24",304,15,226,911,6423,0.517670870309824,1950,7954,591,1329,80,3609,31,863,36,31
"1279","2020-04-25",310,15,273,893,6423,0.517670870309824,1950,7954,591,1329,60,3669,43,906,19,43
"1280","2020-04-26",310,15,280,878,6423,0.517670870309824,1950,7954,591,1329,82,3751,45,951,40,45
"1281","2020-04-27",303,15,262,863,6423,0.517670870309824,1950,7954,591,1329,66,3817,26,977,28,26
"1282","2020-04-28",293,15,225,840,6423,0.517670870309824,1950,7954,591,1329,66,3883,26,1003,25,26
"1283","2020-04-29",294,15,192,814,6423,0.517670870309824,1950,7954,591,1329,68,3951,18,1021,23,18
"1284","2020-04-30",287,15,181,803,6423,0.517670870309824,1950,7954,591,1329,47,3998,25,1046,20,25
"1285","2020-05-01",288,15,168,790,6423,0.517670870309824,1950,7954,591,1329,69,4067,28,1074,30,28
"1286","2020-05-02",291,15,183,778,6423,0.517670870309824,1950,7954,591,1329,48,4115,33,1107,18,33
"1287","2020-05-03",269,15,224,763,6423,0.517670870309824,1950,7954,591,1329,53,4168,11,1118,25,11
"1288","2020-05-04",252,15,206,752,6423,0.517670870309824,1950,7954,591,1329,62,4230,19,1137,19,19
"1289","2020-05-05",241,15,215,730,6423,0.517670870309824,1950,7954,591,1329,49,4279,16,1153,19,16
"1290","2020-05-06",230,15,217,716,6423,0.517670870309824,1950,7954,591,1329,56,4335,33,1186,23,33
"1291","2020-05-07",231,15,227,696,6423,0.517670870309824,1950,7954,591,1329,54,4389,19,1205,25,19
"1292","2020-05-08",247,15,270,680,6423,0.517670870309824,1950,7954,591,1329,43,4432,15,1220,14,15
"1293","2020-05-09",241,15,275,655,6423,0.517670870309824,1950,7954,591,1329,57,4489,31,1251,21,31
"1294","2020-05-10",213,15,268,668,6423,0.517670870309824,1950,7954,591,1329,51,4540,22,1273,24,22
"1295","2020-05-11",215,15,245,647,6423,0.517670870309824,1950,7954,591,1329,46,4586,28,1301,20,28
"1296","2020-05-12",212,15,221,635,6423,0.517670870309824,1950,7954,591,1329,52,4638,20,1321,17,20
"1297","2020-05-13",211,15,201,622,6423,0.517670870309824,1950,7954,591,1329,41,4679,13,1334,14,13
"1298","2020-05-14",207,15,172,588,6423,0.517670870309824,1950,7954,591,1329,35,4714,15,1349,15,15
"1299","2020-05-15",201,15,180,582,6423,0.517670870309824,1950,7954,591,1329,36,4750,27,1376,12,27
"1300","2020-05-16",202,15,187,558,6423,0.517670870309824,1950,7954,591,1329,30,4780,29,1405,8,29
"1301","2020-05-17",195,15,168,524,6423,0.517670870309824,1950,7954,591,1329,34,4814,43,1448,15,43
"1302","2020-05-18",193,15,170,493,6423,0.517670870309824,1950,7954,591,1329,46,4860,12,1460,13,12
"1303","2020-05-19",187,15,226,478,6423,0.517670870309824,1950,7954,591,1329,38,4898,16,1476,18,16
"1304","2020-05-20",180,15,288,469,6423,0.517670870309824,1950,7954,591,1329,26,4924,31,1507,6,31
"1305","2020-05-21",177,15,291,451,6423,0.517670870309824,1950,7954,591,1329,21,4945,21,1528,6,21
"1306","2020-05-22",164,15,317,432,6423,0.517670870309824,1950,7954,591,1329,25,4970,42,1570,5,42
"1307","2020-05-23",155,15,349,421,6423,0.517670870309824,1950,7954,591,1329,31,5001,34,1604,10,34
"1308","2020-05-24",148,15,380,402,6423,0.517670870309824,1950,7954,591,1329,31,5032,25,1629,9,25
"1309","2020-05-25",138,15,380,387,6423,0.517670870309824,1950,7954,591,1329,37,5069,30,1659,18,30
"1310","2020-05-26",133,15,341,375,6423,0.517670870309824,1950,7954,591,1329,26,5095,20,1679,8,20
"1311","2020-05-27",126,15,342,373,6423,0.517670870309824,1950,7954,591,1329,17,5112,18,1697,3,18
"1312","2020-05-28",126,15,355,370,6423,0.517670870309824,1950,7954,591,1329,21,5133,16,1713,8,16
"1313","2020-05-29",118,15,371,357,6423,0.517670870309824,1950,7954,591,1329,17,5150,19,1732,6,19
"1314","2020-05-30",122,15,339,348,6423,0.517670870309824,1950,7954,591,1329,18,5168,15,1747,5,15
"1315","2020-05-31",113,15,296,346,6423,0.517670870309824,1950,7954,591,1329,18,5186,17,1764,4,17
"1316","2020-06-01",108,15,265,350,6423,0.517670870309824,1950,7954,591,1329,19,5205,12,1776,3,12
"1317","2020-06-02",101,15,258,329,6423,0.517670870309824,1950,7954,591,1329,18,5223,21,1797,4,21
"1318","2020-06-03",103,15,241,314,6423,0.517670870309824,1950,7954,591,1329,14,5237,5,1802,4,5
"1319","2020-06-04",95,15,219,310,6423,0.517670870309824,1950,7954,591,1329,12,5249,14,1816,3,14
"1320","2020-06-05",101,15,189,298,6423,0.517670870309824,1950,7954,591,1329,16,5265,14,1830,7,14
"1321","2020-06-06",103,15,159,280,6423,0.517670870309824,1950,7954,591,1329,16,5281,10,1840,4,10
"1322","2020-06-07",92,15,152,272,6423,0.517670870309824,1950,7954,591,1329,10,5291,6,1846,2,6
"1323","2020-03-08",1,16,0,0,6216,0.848455598455598,1950,7059,722,973,NA,NA,NA,NA,NA,NA
"1324","2020-03-09",1,16,0,0,6216,0.848455598455598,1950,7059,722,973,NA,NA,NA,NA,NA,NA
"1325","2020-03-10",0,16,0,0,6216,0.848455598455598,1950,7059,722,973,NA,NA,5,5,NA,5
"1326","2020-03-11",0,16,0,0,6216,0.848455598455598,1950,7059,722,973,28,28,34,39,NA,34
"1327","2020-03-12",0,16,0,0,6216,0.848455598455598,1950,7059,722,973,48,76,27,66,1,27
"1328","2020-03-13",1,16,43,50,6216,0.848455598455598,1950,7059,722,973,34,110,25,91,9,25
"1329","2020-03-14",7,16,57,64,6216,0.848455598455598,1950,7059,722,973,35,145,37,128,9,37
"1330","2020-03-15",12,16,59,87,6216,0.848455598455598,1950,7059,722,973,53,198,29,157,19,29
"1331","2020-03-16",16,16,86,109,6216,0.848455598455598,1950,7059,722,973,59,257,32,189,17,32
"1332","2020-03-17",20,16,97,141,6216,0.848455598455598,1950,7059,722,973,63,320,48,237,35,48
"1333","2020-03-18",23,16,103,166,6216,0.848455598455598,1950,7059,722,973,55,375,51,288,30,51
"1334","2020-03-19",29,16,109,206,6216,0.848455598455598,1950,7059,722,973,68,443,27,315,34,27
"1335","2020-03-20",36,16,115,247,6216,0.848455598455598,1950,7059,722,973,58,501,33,348,40,33
"1336","2020-03-21",58,16,113,282,6216,0.848455598455598,1950,7059,722,973,73,574,37,385,40,37
"1337","2020-03-22",63,16,130,338,6216,0.848455598455598,1950,7059,722,973,91,665,38,423,63,38
"1338","2020-03-23",62,16,160,383,6216,0.848455598455598,1950,7059,722,973,106,771,61,484,82,61
"1339","2020-03-24",72,16,158,432,6216,0.848455598455598,1950,7059,722,973,85,856,62,546,54,62
"1340","2020-03-25",76,16,159,493,6216,0.848455598455598,1950,7059,722,973,106,962,52,598,79,52
"1341","2020-03-26",92,16,166,538,6216,0.848455598455598,1950,7059,722,973,96,1058,48,646,67,48
"1342","2020-03-27",139,16,177,608,6216,0.848455598455598,1950,7059,722,973,119,1177,54,700,85,54
"1343","2020-03-28",169,16,194,652,6216,0.848455598455598,1950,7059,722,973,120,1297,39,739,81,39
"1344","2020-03-29",172,16,198,733,6216,0.848455598455598,1950,7059,722,973,114,1411,32,771,77,32
"1345","2020-03-30",186,16,193,839,6216,0.848455598455598,1950,7059,722,973,146,1557,40,811,110,40
"1346","2020-03-31",197,16,215,901,6216,0.848455598455598,1950,7059,722,973,106,1663,49,860,77,49
"1347","2020-04-01",223,16,208,970,6216,0.848455598455598,1950,7059,722,973,120,1783,54,914,98,54
"1348","2020-04-02",234,16,207,1054,6216,0.848455598455598,1950,7059,722,973,139,1922,52,966,103,52
"1349","2020-04-03",319,16,209,1163,6216,0.848455598455598,1950,7059,722,973,136,2058,32,998,106,32
"1350","2020-04-04",316,16,208,1268,6216,0.848455598455598,1950,7059,722,973,166,2224,33,1031,132,33
"1351","2020-04-05",362,16,234,1363,6216,0.848455598455598,1950,7059,722,973,155,2379,63,1094,118,63
"1352","2020-04-06",393,16,268,1461,6216,0.848455598455598,1950,7059,722,973,145,2524,50,1144,109,50
"1353","2020-04-07",393,16,252,1508,6216,0.848455598455598,1950,7059,722,973,138,2662,33,1177,115,33
"1354","2020-04-08",411,16,242,1594,6216,0.848455598455598,1950,7059,722,973,124,2786,38,1215,86,38
"1355","2020-04-09",441,16,225,1662,6216,0.848455598455598,1950,7059,722,973,110,2896,55,1270,90,55
"1356","2020-04-10",529,16,199,1713,6216,0.848455598455598,1950,7059,722,973,112,3008,33,1303,79,33
"1357","2020-04-11",575,16,203,1731,6216,0.848455598455598,1950,7059,722,973,119,3127,45,1348,90,45
"1358","2020-04-12",535,16,220,1765,6216,0.848455598455598,1950,7059,722,973,107,3234,37,1385,86,37
"1359","2020-04-13",525,16,252,1776,6216,0.848455598455598,1950,7059,722,973,106,3340,47,1432,78,47
"1360","2020-04-14",546,16,265,1826,6216,0.848455598455598,1950,7059,722,973,109,3449,34,1466,80,34
"1361","2020-04-15",557,16,264,1851,6216,0.848455598455598,1950,7059,722,973,93,3542,36,1502,63,36
"1362","2020-04-16",558,16,270,1843,6216,0.848455598455598,1950,7059,722,973,90,3632,21,1523,65,21
"1363","2020-04-17",592,16,268,1828,6216,0.848455598455598,1950,7059,722,973,82,3714,34,1557,55,34
"1364","2020-04-18",613,16,263,1787,6216,0.848455598455598,1950,7059,722,973,84,3798,47,1604,54,47
"1365","2020-04-19",591,16,241,1762,6216,0.848455598455598,1950,7059,722,973,86,3884,58,1662,48,58
"1366","2020-04-20",583,16,221,1730,6216,0.848455598455598,1950,7059,722,973,96,3980,44,1706,69,44
"1367","2020-04-21",554,16,201,1701,6216,0.848455598455598,1950,7059,722,973,66,4046,26,1732,46,26
"1368","2020-04-22",550,16,207,1640,6216,0.848455598455598,1950,7059,722,973,64,4110,42,1774,41,42
"1369","2020-04-23",551,16,224,1588,6216,0.848455598455598,1950,7059,722,973,72,4182,49,1823,50,49
"1370","2020-04-24",588,16,225,1528,6216,0.848455598455598,1950,7059,722,973,75,4257,36,1859,45,36
"1371","2020-04-25",596,16,204,1443,6216,0.848455598455598,1950,7059,722,973,69,4326,46,1905,39,46
"1372","2020-04-26",543,16,212,1360,6216,0.848455598455598,1950,7059,722,973,77,4403,35,1940,49,35
"1373","2020-04-27",526,16,206,1315,6216,0.848455598455598,1950,7059,722,973,59,4462,35,1975,43,35
"1374","2020-04-28",513,16,196,1252,6216,0.848455598455598,1950,7059,722,973,71,4533,30,2005,45,30
"1375","2020-04-29",496,16,211,1163,6216,0.848455598455598,1950,7059,722,973,47,4580,28,2033,29,28
"1376","2020-04-30",470,16,254,1102,6216,0.848455598455598,1950,7059,722,973,40,4620,29,2062,22,29
"1377","2020-05-01",425,16,267,1010,6216,0.848455598455598,1950,7059,722,973,54,4674,50,2112,28,50
"1378","2020-05-02",375,16,253,929,6216,0.848455598455598,1950,7059,722,973,45,4719,45,2157,28,45
"1379","2020-05-03",370,16,226,866,6216,0.848455598455598,1950,7059,722,973,52,4771,41,2198,30,41
"1380","2020-05-04",342,16,207,807,6216,0.848455598455598,1950,7059,722,973,51,4822,51,2249,26,51
"1381","2020-05-05",333,16,240,746,6216,0.848455598455598,1950,7059,722,973,41,4863,34,2283,21,34
"1382","2020-05-06",318,16,266,681,6216,0.848455598455598,1950,7059,722,973,45,4908,43,2326,23,43
"1383","2020-05-07",305,16,264,627,6216,0.848455598455598,1950,7059,722,973,36,4944,38,2364,17,38
"1384","2020-05-08",267,16,234,571,6216,0.848455598455598,1950,7059,722,973,32,4976,40,2404,18,40
"1385","2020-05-09",250,16,201,533,6216,0.848455598455598,1950,7059,722,973,34,5010,54,2458,17,54
"1386","2020-05-10",219,16,188,463,6216,0.848455598455598,1950,7059,722,973,30,5040,39,2497,14,39
"1387","2020-05-11",204,16,199,422,6216,0.848455598455598,1950,7059,722,973,17,5057,44,2541,10,44
"1388","2020-05-12",183,16,193,378,6216,0.848455598455598,1950,7059,722,973,31,5088,31,2572,17,31
"1389","2020-05-13",173,16,203,338,6216,0.848455598455598,1950,7059,722,973,34,5122,30,2602,15,30
"1390","2020-05-14",160,16,228,304,6216,0.848455598455598,1950,7059,722,973,27,5149,28,2630,10,28
"1391","2020-05-15",122,16,234,282,6216,0.848455598455598,1950,7059,722,973,31,5180,40,2670,11,40
"1392","2020-05-16",106,16,225,257,6216,0.848455598455598,1950,7059,722,973,25,5205,49,2719,13,49
"1393","2020-05-17",85,16,215,241,6216,0.848455598455598,1950,7059,722,973,19,5224,34,2753,6,34
"1394","2020-05-18",87,16,223,227,6216,0.848455598455598,1950,7059,722,973,20,5244,55,2808,6,55
"1395","2020-05-19",77,16,211,220,6216,0.848455598455598,1950,7059,722,973,25,5269,42,2850,9,42
"1396","2020-05-20",69,16,209,214,6216,0.848455598455598,1950,7059,722,973,31,5300,44,2894,14,44
"1397","2020-05-21",62,16,191,198,6216,0.848455598455598,1950,7059,722,973,23,5323,27,2921,13,27
"1398","2020-05-22",61,16,228,188,6216,0.848455598455598,1950,7059,722,973,16,5339,24,2945,3,24
"1399","2020-05-23",68,16,228,179,6216,0.848455598455598,1950,7059,722,973,23,5362,46,2991,16,46
"1400","2020-05-24",69,16,204,174,6216,0.848455598455598,1950,7059,722,973,21,5383,53,3044,13,53
"1401","2020-05-25",60,16,227,171,6216,0.848455598455598,1950,7059,722,973,21,5404,49,3093,8,49
"1402","2020-05-26",57,16,223,161,6216,0.848455598455598,1950,7059,722,973,23,5427,67,3160,8,67
"1403","2020-05-27",53,16,200,149,6216,0.848455598455598,1950,7059,722,973,14,5441,50,3210,7,50
"1404","2020-05-28",53,16,198,139,6216,0.848455598455598,1950,7059,722,973,17,5458,59,3269,7,59
"1405","2020-05-29",53,16,202,133,6216,0.848455598455598,1950,7059,722,973,19,5477,62,3331,7,62
"1406","2020-05-30",45,16,185,116,6216,0.848455598455598,1950,7059,722,973,16,5493,52,3383,7,52
"1407","2020-05-31",38,16,182,104,6216,0.848455598455598,1950,7059,722,973,17,5510,37,3420,4,37
"1408","2020-06-01",37,16,171,95,6216,0.848455598455598,1950,7059,722,973,26,5536,44,3464,10,44
"1409","2020-06-02",39,16,175,89,6216,0.848455598455598,1950,7059,722,973,9,5545,36,3500,7,36
"1410","2020-06-03",39,16,166,83,6216,0.848455598455598,1950,7059,722,973,14,5559,39,3539,6,39
"1411","2020-06-04",35,16,161,78,6216,0.848455598455598,1950,7059,722,973,14,5573,26,3565,5,26
"1412","2020-06-05",30,16,148,74,6216,0.848455598455598,1950,7059,722,973,12,5585,24,3589,6,24
"1413","2020-06-06",30,16,143,72,6216,0.848455598455598,1950,7059,722,973,17,5602,48,3637,9,48
"1414","2020-06-07",25,16,158,65,6216,0.848455598455598,1950,7059,722,973,9,5611,50,3687,6,50
"1415","2020-03-13",2,17,105,75,5627,0.645281677625733,2055,7859,526,933,16,43,28,85,9,28
"1416","2020-03-14",6,17,120,104,5627,0.645281677625733,2055,7859,526,933,24,67,17,102,20,17
"1417","2020-03-15",19,17,119,145,5627,0.645281677625733,2055,7859,526,933,31,98,12,114,30,12
"1418","2020-03-16",20,17,137,180,5627,0.645281677625733,2055,7859,526,933,27,125,8,122,20,8
"1419","2020-03-17",19,17,129,223,5627,0.645281677625733,2055,7859,526,933,36,161,32,154,28,32
"1420","2020-03-18",27,17,162,269,5627,0.645281677625733,2055,7859,526,933,40,201,26,180,36,26
"1421","2020-03-19",40,17,152,326,5627,0.645281677625733,2055,7859,526,933,44,245,12,192,39,12
"1422","2020-03-20",73,17,149,375,5627,0.645281677625733,2055,7859,526,933,55,300,12,204,49,12
"1423","2020-03-21",101,17,163,416,5627,0.645281677625733,2055,7859,526,933,48,348,12,216,42,12
"1424","2020-03-22",113,17,153,476,5627,0.645281677625733,2055,7859,526,933,57,405,8,224,53,8
"1425","2020-03-23",117,17,145,548,5627,0.645281677625733,2055,7859,526,933,73,478,7,231,67,7
"1426","2020-03-24",127,17,144,607,5627,0.645281677625733,2055,7859,526,933,63,541,34,265,58,34
"1427","2020-03-25",146,17,165,655,5627,0.645281677625733,2055,7859,526,933,81,622,37,302,75,37
"1428","2020-03-26",158,17,173,718,5627,0.645281677625733,2055,7859,526,933,105,727,28,330,101,28
"1429","2020-03-27",212,17,210,759,5627,0.645281677625733,2055,7859,526,933,105,832,13,343,102,13
"1430","2020-03-28",246,17,239,823,5627,0.645281677625733,2055,7859,526,933,118,950,10,353,108,10
"1431","2020-03-29",260,17,245,867,5627,0.645281677625733,2055,7859,526,933,117,1067,12,365,113,12
"1432","2020-03-30",267,17,225,912,5627,0.645281677625733,2055,7859,526,933,143,1210,9,374,136,9
"1433","2020-03-31",273,17,223,967,5627,0.645281677625733,2055,7859,526,933,126,1336,30,404,120,30
"1434","2020-04-01",278,17,217,995,5627,0.645281677625733,2055,7859,526,933,150,1486,29,433,149,29
"1435","2020-04-02",287,17,204,1025,5627,0.645281677625733,2055,7859,526,933,141,1627,22,455,136,22
"1436","2020-04-03",370,17,214,1089,5627,0.645281677625733,2055,7859,526,933,162,1789,33,488,159,33
"1437","2020-04-04",376,17,212,1102,5627,0.645281677625733,2055,7859,526,933,151,1940,38,526,146,38
"1438","2020-04-05",358,17,243,1144,5627,0.645281677625733,2055,7859,526,933,184,2124,51,577,179,51
"1439","2020-04-06",351,17,258,1154,5627,0.645281677625733,2055,7859,526,933,165,2289,24,601,160,24
"1440","2020-04-07",349,17,257,1144,5627,0.645281677625733,2055,7859,526,933,178,2467,15,616,174,15
"1441","2020-04-08",373,17,247,1183,5627,0.645281677625733,2055,7859,526,933,216,2683,42,658,208,42
"1442","2020-04-09",381,17,234,1183,5627,0.645281677625733,2055,7859,526,933,173,2856,20,678,169,20
"1443","2020-04-10",410,17,249,1174,5627,0.645281677625733,2055,7859,526,933,183,3039,26,704,179,26
"1444","2020-04-11",407,17,267,1191,5627,0.645281677625733,2055,7859,526,933,147,3186,15,719,143,15
"1445","2020-04-12",397,17,240,1196,5627,0.645281677625733,2055,7859,526,933,185,3371,12,731,181,12
"1446","2020-04-13",410,17,218,1185,5627,0.645281677625733,2055,7859,526,933,145,3516,11,742,145,11
"1447","2020-04-14",403,17,187,1166,5627,0.645281677625733,2055,7859,526,933,160,3676,41,783,156,41
"1448","2020-04-15",384,17,185,1179,5627,0.645281677625733,2055,7859,526,933,142,3818,24,807,138,24
"1449","2020-04-16",381,17,186,1160,5627,0.645281677625733,2055,7859,526,933,133,3951,25,832,129,25
"1450","2020-04-17",419,17,214,1152,5627,0.645281677625733,2055,7859,526,933,113,4064,19,851,110,19
"1451","2020-04-18",442,17,234,1147,5627,0.645281677625733,2055,7859,526,933,86,4150,50,901,82,50
"1452","2020-04-19",379,17,211,1151,5627,0.645281677625733,2055,7859,526,933,111,4261,49,950,108,49
"1453","2020-04-20",367,17,244,1112,5627,0.645281677625733,2055,7859,526,933,125,4386,60,1010,122,60
"1454","2020-04-21",355,17,265,1078,5627,0.645281677625733,2055,7859,526,933,91,4477,46,1056,89,46
"1455","2020-04-22",362,17,302,1055,5627,0.645281677625733,2055,7859,526,933,100,4577,55,1111,94,55
"1456","2020-04-23",356,17,315,1043,5627,0.645281677625733,2055,7859,526,933,80,4657,65,1176,79,65
"1457","2020-04-24",367,17,291,1019,5627,0.645281677625733,2055,7859,526,933,71,4728,58,1234,66,58
"1458","2020-04-25",361,17,289,982,5627,0.645281677625733,2055,7859,526,933,81,4809,32,1266,76,32
"1459","2020-04-26",347,17,289,961,5627,0.645281677625733,2055,7859,526,933,66,4875,45,1311,61,45
"1460","2020-04-27",336,17,265,920,5627,0.645281677625733,2055,7859,526,933,53,4928,38,1349,50,38
"1461","2020-04-28",322,17,242,896,5627,0.645281677625733,2055,7859,526,933,54,4982,42,1391,51,42
"1462","2020-04-29",303,17,207,871,5627,0.645281677625733,2055,7859,526,933,54,5036,33,1424,52,33
"1463","2020-04-30",307,17,184,865,5627,0.645281677625733,2055,7859,526,933,58,5094,21,1445,53,21
"1464","2020-05-01",304,17,178,851,5627,0.645281677625733,2055,7859,526,933,63,5157,5,1450,59,5
"1465","2020-05-02",300,17,224,819,5627,0.645281677625733,2055,7859,526,933,39,5196,31,1481,36,31
"1466","2020-05-03",284,17,231,787,5627,0.645281677625733,2055,7859,526,933,44,5240,35,1516,43,35
"1467","2020-05-04",270,17,240,788,5627,0.645281677625733,2055,7859,526,933,35,5275,23,1539,35,23
"1468","2020-05-05",265,17,232,761,5627,0.645281677625733,2055,7859,526,933,43,5318,18,1557,42,18
"1469","2020-05-06",263,17,216,735,5627,0.645281677625733,2055,7859,526,933,41,5359,8,1565,38,8
"1470","2020-05-07",253,17,229,712,5627,0.645281677625733,2055,7859,526,933,26,5385,18,1583,25,18
"1471","2020-05-08",222,17,220,699,5627,0.645281677625733,2055,7859,526,933,32,5417,42,1625,27,42
"1472","2020-05-09",221,17,205,672,5627,0.645281677625733,2055,7859,526,933,26,5443,27,1652,25,27
"1473","2020-05-10",201,17,184,628,5627,0.645281677625733,2055,7859,526,933,24,5467,55,1707,21,55
"1474","2020-05-11",192,17,172,605,5627,0.645281677625733,2055,7859,526,933,30,5497,67,1774,27,67
"1475","2020-05-12",192,17,167,561,5627,0.645281677625733,2055,7859,526,933,21,5518,49,1823,19,49
"1476","2020-05-13",191,17,172,545,5627,0.645281677625733,2055,7859,526,933,22,5540,37,1860,21,37
"1477","2020-05-14",190,17,207,512,5627,0.645281677625733,2055,7859,526,933,23,5563,51,1911,23,51
"1478","2020-05-15",198,17,219,478,5627,0.645281677625733,2055,7859,526,933,22,5585,58,1969,18,58
"1479","2020-05-16",183,17,225,445,5627,0.645281677625733,2055,7859,526,933,21,5606,32,2001,20,32
"1480","2020-05-17",172,17,247,429,5627,0.645281677625733,2055,7859,526,933,20,5626,18,2019,16,18
"1481","2020-05-18",174,17,265,399,5627,0.645281677625733,2055,7859,526,933,18,5644,20,2039,18,20
"1482","2020-05-19",156,17,273,379,5627,0.645281677625733,2055,7859,526,933,26,5670,40,2079,23,40
"1483","2020-05-20",144,17,255,361,5627,0.645281677625733,2055,7859,526,933,23,5693,46,2125,23,46
"1484","2020-05-21",132,17,235,332,5627,0.645281677625733,2055,7859,526,933,19,5712,46,2171,16,46
"1485","2020-05-22",118,17,221,314,5627,0.645281677625733,2055,7859,526,933,16,5728,32,2203,15,32
"1486","2020-05-23",112,17,209,306,5627,0.645281677625733,2055,7859,526,933,13,5741,18,2221,12,18
"1487","2020-05-24",101,17,188,277,5627,0.645281677625733,2055,7859,526,933,7,5748,34,2255,6,34
"1488","2020-05-25",90,17,212,263,5627,0.645281677625733,2055,7859,526,933,18,5766,23,2278,13,23
"1489","2020-05-26",93,17,215,245,5627,0.645281677625733,2055,7859,526,933,16,5782,15,2293,15,15
"1490","2020-05-27",93,17,216,231,5627,0.645281677625733,2055,7859,526,933,16,5798,32,2325,15,32
"1491","2020-05-28",85,17,226,220,5627,0.645281677625733,2055,7859,526,933,11,5809,47,2372,9,47
"1492","2020-05-29",74,17,205,208,5627,0.645281677625733,2055,7859,526,933,15,5824,28,2400,14,28
"1493","2020-05-30",87,17,211,196,5627,0.645281677625733,2055,7859,526,933,16,5840,18,2418,13,18
"1494","2020-05-31",81,17,202,185,5627,0.645281677625733,2055,7859,526,933,11,5851,34,2452,11,34
"1495","2020-06-01",76,17,186,174,5627,0.645281677625733,2055,7859,526,933,5,5856,19,2471,5,19
"1496","2020-06-02",69,17,169,173,5627,0.645281677625733,2055,7859,526,933,3,5859,18,2489,2,18
"1497","2020-06-03",63,17,164,162,5627,0.645281677625733,2055,7859,526,933,6,5865,9,2498,6,9
"1498","2020-06-04",61,17,168,150,5627,0.645281677625733,2055,7859,526,933,7,5872,16,2514,6,16
"1499","2020-06-05",55,17,162,148,5627,0.645281677625733,2055,7859,526,933,6,5878,9,2523,5,9
"1500","2020-06-06",42,17,159,141,5627,0.645281677625733,2055,7859,526,933,5,5883,9,2532,4,9
"1501","2020-06-07",44,17,138,130,5627,0.645281677625733,2055,7859,526,933,6,5889,23,2555,5,23
"1502","2020-03-13",2,18,84,43,5479,0.810549370323052,2085,7613,542,1120,7,14,24,55,2,24
"1503","2020-03-14",5,18,81,62,5479,0.810549370323052,2085,7613,542,1120,17,31,13,68,7,13
"1504","2020-03-15",9,18,90,86,5479,0.810549370323052,2085,7613,542,1120,11,42,26,94,4,26
"1505","2020-03-16",11,18,81,116,5479,0.810549370323052,2085,7613,542,1120,17,59,20,114,7,20
"1506","2020-03-17",10,18,71,150,5479,0.810549370323052,2085,7613,542,1120,10,69,16,130,7,16
"1507","2020-03-18",16,18,85,183,5479,0.810549370323052,2085,7613,542,1120,31,100,12,142,23,12
"1508","2020-03-19",23,18,115,210,5479,0.810549370323052,2085,7613,542,1120,24,124,18,160,17,18
"1509","2020-03-20",30,18,154,239,5479,0.810549370323052,2085,7613,542,1120,23,147,18,178,20,18
"1510","2020-03-21",52,18,171,271,5479,0.810549370323052,2085,7613,542,1120,34,181,33,211,24,33
"1511","2020-03-22",76,18,174,318,5479,0.810549370323052,2085,7613,542,1120,29,210,31,242,21,31
"1512","2020-03-23",79,18,145,359,5479,0.810549370323052,2085,7613,542,1120,37,247,40,282,27,40
"1513","2020-03-24",87,18,147,407,5479,0.810549370323052,2085,7613,542,1120,48,295,21,303,41,21
"1514","2020-03-25",97,18,166,443,5479,0.810549370323052,2085,7613,542,1120,53,348,13,316,45,13
"1515","2020-03-26",109,18,161,479,5479,0.810549370323052,2085,7613,542,1120,55,403,24,340,48,24
"1516","2020-03-27",146,18,160,539,5479,0.810549370323052,2085,7613,542,1120,51,454,38,378,47,38
"1517","2020-03-28",156,18,160,561,5479,0.810549370323052,2085,7613,542,1120,68,522,38,416,64,38
"1518","2020-03-29",176,18,188,626,5479,0.810549370323052,2085,7613,542,1120,77,599,38,454,63,38
"1519","2020-03-30",186,18,220,675,5479,0.810549370323052,2085,7613,542,1120,80,679,42,496,73,42
"1520","2020-03-31",189,18,238,738,5479,0.810549370323052,2085,7613,542,1120,100,779,40,536,94,40
"1521","2020-04-01",201,18,225,784,5479,0.810549370323052,2085,7613,542,1120,90,869,23,559,79,23
"1522","2020-04-02",216,18,225,833,5479,0.810549370323052,2085,7613,542,1120,102,971,16,575,91,16
"1523","2020-04-03",281,18,218,895,5479,0.810549370323052,2085,7613,542,1120,117,1088,34,609,110,34
"1524","2020-04-04",307,18,208,976,5479,0.810549370323052,2085,7613,542,1120,157,1245,26,635,146,26
"1525","2020-04-05",296,18,195,996,5479,0.810549370323052,2085,7613,542,1120,137,1382,23,658,129,23
"1526","2020-04-06",308,18,201,1037,5479,0.810549370323052,2085,7613,542,1120,127,1509,41,699,116,41
"1527","2020-04-07",302,18,175,1095,5479,0.810549370323052,2085,7613,542,1120,128,1637,18,717,122,18
"1528","2020-04-08",321,18,202,1130,5479,0.810549370323052,2085,7613,542,1120,191,1828,18,735,178,18
"1529","2020-04-09",325,18,215,1217,5479,0.810549370323052,2085,7613,542,1120,177,2005,17,752,173,17
"1530","2020-04-10",353,18,249,1263,5479,0.810549370323052,2085,7613,542,1120,159,2164,14,766,148,14
"1531","2020-04-11",421,18,243,1285,5479,0.810549370323052,2085,7613,542,1120,178,2342,12,778,166,12
"1532","2020-04-12",403,18,223,1352,5479,0.810549370323052,2085,7613,542,1120,147,2489,28,806,141,28
"1533","2020-04-13",393,18,202,1347,5479,0.810549370323052,2085,7613,542,1120,199,2688,46,852,197,46
"1534","2020-04-14",409,18,169,1362,5479,0.810549370323052,2085,7613,542,1120,149,2837,23,875,144,23
"1535","2020-04-15",412,18,172,1397,5479,0.810549370323052,2085,7613,542,1120,220,3057,13,888,213,13
"1536","2020-04-16",419,18,154,1408,5479,0.810549370323052,2085,7613,542,1120,194,3251,8,896,190,8
"1537","2020-04-17",512,18,141,1441,5479,0.810549370323052,2085,7613,542,1120,164,3415,58,954,156,58
"1538","2020-04-18",492,18,142,1409,5479,0.810549370323052,2085,7613,542,1120,198,3613,36,990,197,36
"1539","2020-04-19",478,18,137,1427,5479,0.810549370323052,2085,7613,542,1120,163,3776,52,1042,160,52
"1540","2020-04-20",470,18,130,1418,5479,0.810549370323052,2085,7613,542,1120,149,3925,32,1074,144,32
"1541","2020-04-21",482,18,117,1379,5479,0.810549370323052,2085,7613,542,1120,134,4059,23,1097,123,23
"1542","2020-04-22",481,18,112,1318,5479,0.810549370323052,2085,7613,542,1120,165,4224,28,1125,154,28
"1543","2020-04-23",472,18,147,1277,5479,0.810549370323052,2085,7613,542,1120,165,4389,41,1166,160,41
"1544","2020-04-24",452,18,214,1244,5479,0.810549370323052,2085,7613,542,1120,126,4515,42,1208,123,42
"1545","2020-04-25",435,18,196,1203,5479,0.810549370323052,2085,7613,542,1120,116,4631,28,1236,111,28
"1546","2020-04-26",427,18,210,1145,5479,0.810549370323052,2085,7613,542,1120,130,4761,51,1287,125,51
"1547","2020-04-27",426,18,212,1101,5479,0.810549370323052,2085,7613,542,1120,89,4850,40,1327,76,40
"1548","2020-04-28",402,18,196,1043,5479,0.810549370323052,2085,7613,542,1120,100,4950,21,1348,96,21
"1549","2020-04-29",392,18,163,983,5479,0.810549370323052,2085,7613,542,1120,87,5037,29,1377,85,29
"1550","2020-04-30",397,18,205,951,5479,0.810549370323052,2085,7613,542,1120,91,5128,39,1416,87,39
"1551","2020-05-01",397,18,221,905,5479,0.810549370323052,2085,7613,542,1120,72,5200,48,1464,65,48
"1552","2020-05-02",375,18,195,853,5479,0.810549370323052,2085,7613,542,1120,53,5253,47,1511,47,47
"1553","2020-05-03",323,18,181,824,5479,0.810549370323052,2085,7613,542,1120,74,5327,49,1560,69,49
"1554","2020-05-04",305,18,165,786,5479,0.810549370323052,2085,7613,542,1120,61,5388,29,1589,56,29
"1555","2020-05-05",283,18,183,767,5479,0.810549370323052,2085,7613,542,1120,41,5429,42,1631,37,42
"1556","2020-05-06",277,18,180,710,5479,0.810549370323052,2085,7613,542,1120,55,5484,31,1662,53,31
"1557","2020-05-07",259,18,223,667,5479,0.810549370323052,2085,7613,542,1120,45,5529,38,1700,41,38
"1558","2020-05-08",245,18,237,621,5479,0.810549370323052,2085,7613,542,1120,49,5578,18,1718,45,18
"1559","2020-05-09",259,18,271,588,5479,0.810549370323052,2085,7613,542,1120,26,5604,35,1753,24,35
"1560","2020-05-10",225,18,248,571,5479,0.810549370323052,2085,7613,542,1120,40,5644,28,1781,35,28
"1561","2020-05-11",216,18,225,549,5479,0.810549370323052,2085,7613,542,1120,25,5669,45,1826,22,45
"1562","2020-05-12",214,18,196,491,5479,0.810549370323052,2085,7613,542,1120,28,5697,27,1853,25,27
"1563","2020-05-13",195,18,182,450,5479,0.810549370323052,2085,7613,542,1120,26,5723,27,1880,23,27
"1564","2020-05-14",191,18,177,441,5479,0.810549370323052,2085,7613,542,1120,21,5744,24,1904,19,24
"1565","2020-05-15",201,18,169,425,5479,0.810549370323052,2085,7613,542,1120,14,5758,15,1919,13,15
"1566","2020-05-16",163,18,171,403,5479,0.810549370323052,2085,7613,542,1120,15,5773,12,1931,7,12
"1567","2020-05-17",150,18,176,382,5479,0.810549370323052,2085,7613,542,1120,12,5785,11,1942,11,11
"1568","2020-05-18",145,18,168,363,5479,0.810549370323052,2085,7613,542,1120,12,5797,10,1952,11,10
"1569","2020-05-19",131,18,165,351,5479,0.810549370323052,2085,7613,542,1120,13,5810,2,1954,10,2
"1570","2020-05-20",125,18,157,334,5479,0.810549370323052,2085,7613,542,1120,11,5821,8,1962,7,8
"1571","2020-05-21",117,18,152,309,5479,0.810549370323052,2085,7613,542,1120,9,5830,3,1965,9,3
"1572","2020-05-22",97,18,138,289,5479,0.810549370323052,2085,7613,542,1120,7,5837,24,1989,6,24
"1573","2020-05-23",115,18,127,259,5479,0.810549370323052,2085,7613,542,1120,11,5848,42,2031,8,42
"1574","2020-05-24",98,18,119,241,5479,0.810549370323052,2085,7613,542,1120,11,5859,34,2065,8,34
"1575","2020-05-25",85,18,148,226,5479,0.810549370323052,2085,7613,542,1120,5,5864,32,2097,2,32
"1576","2020-05-26",85,18,190,215,5479,0.810549370323052,2085,7613,542,1120,5,5869,19,2116,4,19
"1577","2020-05-27",85,18,188,199,5479,0.810549370323052,2085,7613,542,1120,6,5875,32,2148,3,32
"1578","2020-05-28",77,18,182,187,5479,0.810549370323052,2085,7613,542,1120,12,5887,14,2162,10,14
"1579","2020-05-29",69,18,183,176,5479,0.810549370323052,2085,7613,542,1120,NA,NA,8,2170,NA,8
"1580","2020-05-30",57,18,192,177,5479,0.810549370323052,2085,7613,542,1120,2,5889,30,2200,2,30
"1581","2020-05-31",59,18,213,176,5479,0.810549370323052,2085,7613,542,1120,7,5896,44,2244,5,44
"1582","2020-06-01",59,18,225,171,5479,0.810549370323052,2085,7613,542,1120,3,5899,48,2292,2,48
"1583","2020-06-02",58,18,206,163,5479,0.810549370323052,2085,7613,542,1120,5,5904,28,2320,4,28
"1584","2020-06-03",54,18,185,161,5479,0.810549370323052,2085,7613,542,1120,10,5914,24,2344,7,24
"1585","2020-06-04",57,18,174,157,5479,0.810549370323052,2085,7613,542,1120,2,5916,27,2371,1,27
"1586","2020-06-05",58,18,168,150,5479,0.810549370323052,2085,7613,542,1120,2,5918,18,2389,2,18
"1587","2020-06-06",60,18,170,145,5479,0.810549370323052,2085,7613,542,1120,2,5920,21,2410,1,21
"1588","2020-06-07",60,18,188,141,5479,0.810549370323052,2085,7613,542,1120,3,5923,18,2428,3,18
"1589","2020-03-07",1,19,0,0,4658,0.517174753112924,2025,7152,504,698,NA,NA,NA,NA,NA,NA
"1590","2020-03-08",1,19,0,0,4658,0.517174753112924,2025,7152,504,698,NA,NA,NA,NA,NA,NA
"1591","2020-03-09",0,19,0,0,4658,0.517174753112924,2025,7152,504,698,NA,NA,NA,NA,NA,NA
"1592","2020-03-10",0,19,0,0,4658,0.517174753112924,2025,7152,504,698,NA,NA,NA,NA,NA,NA
"1593","2020-03-11",0,19,0,0,4658,0.517174753112924,2025,7152,504,698,26,26,9,9,NA,9
"1594","2020-03-12",0,19,0,0,4658,0.517174753112924,2025,7152,504,698,25,51,30,39,1,30
"1595","2020-03-13",3,19,60,85,4658,0.517174753112924,2025,7152,504,698,37,88,7,46,7,7
"1596","2020-03-14",9,19,71,122,4658,0.517174753112924,2025,7152,504,698,43,131,7,53,17,7
"1597","2020-03-15",17,19,92,159,4658,0.517174753112924,2025,7152,504,698,44,175,5,58,18,5
"1598","2020-03-16",16,19,93,192,4658,0.517174753112924,2025,7152,504,698,46,221,6,64,17,6
"1599","2020-03-17",21,19,104,220,4658,0.517174753112924,2025,7152,504,698,46,267,10,74,26,10
"1600","2020-03-18",30,19,126,262,4658,0.517174753112924,2025,7152,504,698,68,335,33,107,39,33
"1601","2020-03-19",39,19,112,296,4658,0.517174753112924,2025,7152,504,698,64,399,18,125,40,18
"1602","2020-03-20",67,19,130,339,4658,0.517174753112924,2025,7152,504,698,89,488,16,141,64,16
"1603","2020-03-21",93,19,153,368,4658,0.517174753112924,2025,7152,504,698,86,574,31,172,58,31
"1604","2020-03-22",102,19,149,413,4658,0.517174753112924,2025,7152,504,698,121,695,23,195,83,23
"1605","2020-03-23",115,19,163,441,4658,0.517174753112924,2025,7152,504,698,116,811,25,220,93,25
"1606","2020-03-24",126,19,176,481,4658,0.517174753112924,2025,7152,504,698,117,928,19,239,88,19
"1607","2020-03-25",129,19,176,502,4658,0.517174753112924,2025,7152,504,698,127,1055,31,270,113,31
"1608","2020-03-26",138,19,170,522,4658,0.517174753112924,2025,7152,504,698,113,1168,27,297,79,27
"1609","2020-03-27",152,19,169,540,4658,0.517174753112924,2025,7152,504,698,154,1322,24,321,128,24
"1610","2020-03-28",141,19,155,609,4658,0.517174753112924,2025,7152,504,698,158,1480,31,352,131,31
"1611","2020-03-29",167,19,145,641,4658,0.517174753112924,2025,7152,504,698,148,1628,26,378,126,26
"1612","2020-03-30",183,19,162,660,4658,0.517174753112924,2025,7152,504,698,194,1822,32,410,170,32
"1613","2020-03-31",183,19,156,671,4658,0.517174753112924,2025,7152,504,698,161,1983,38,448,139,38
"1614","2020-04-01",199,19,139,685,4658,0.517174753112924,2025,7152,504,698,161,2144,33,481,132,33
"1615","2020-04-02",207,19,141,697,4658,0.517174753112924,2025,7152,504,698,176,2320,42,523,149,42
"1616","2020-04-03",223,19,130,721,4658,0.517174753112924,2025,7152,504,698,182,2502,27,550,149,27
"1617","2020-04-04",265,19,146,749,4658,0.517174753112924,2025,7152,504,698,167,2669,40,590,146,40
"1618","2020-04-05",246,19,154,770,4658,0.517174753112924,2025,7152,504,698,156,2825,29,619,130,29
"1619","2020-04-06",229,19,129,770,4658,0.517174753112924,2025,7152,504,698,132,2957,31,650,110,31
"1620","2020-04-07",228,19,117,793,4658,0.517174753112924,2025,7152,504,698,179,3136,39,689,158,39
"1621","2020-04-08",229,19,104,790,4658,0.517174753112924,2025,7152,504,698,146,3282,46,735,136,46
"1622","2020-04-09",223,19,110,798,4658,0.517174753112924,2025,7152,504,698,145,3427,58,793,123,58
"1623","2020-04-10",255,19,116,823,4658,0.517174753112924,2025,7152,504,698,162,3589,38,831,140,38
"1624","2020-04-11",243,19,132,825,4658,0.517174753112924,2025,7152,504,698,127,3716,61,892,108,61
"1625","2020-04-12",258,19,151,812,4658,0.517174753112924,2025,7152,504,698,127,3843,53,945,110,53
"1626","2020-04-13",266,19,147,806,4658,0.517174753112924,2025,7152,504,698,142,3985,31,976,113,31
"1627","2020-04-14",260,19,140,800,4658,0.517174753112924,2025,7152,504,698,150,4135,70,1046,126,70
"1628","2020-04-15",257,19,130,787,4658,0.517174753112924,2025,7152,504,698,130,4265,49,1095,110,49
"1629","2020-04-16",264,19,117,799,4658,0.517174753112924,2025,7152,504,698,111,4376,69,1164,88,69
"1630","2020-04-17",296,19,145,799,4658,0.517174753112924,2025,7152,504,698,116,4492,50,1214,96,50
"1631","2020-04-18",297,19,152,797,4658,0.517174753112924,2025,7152,504,698,101,4593,44,1258,75,44
"1632","2020-04-19",268,19,152,804,4658,0.517174753112924,2025,7152,504,698,97,4690,50,1308,79,50
"1633","2020-04-20",263,19,140,806,4658,0.517174753112924,2025,7152,504,698,76,4766,22,1330,57,22
"1634","2020-04-21",259,19,139,813,4658,0.517174753112924,2025,7152,504,698,90,4856,29,1359,73,29
"1635","2020-04-22",266,19,129,791,4658,0.517174753112924,2025,7152,504,698,80,4936,37,1396,64,37
"1636","2020-04-23",259,19,127,793,4658,0.517174753112924,2025,7152,504,698,75,5011,21,1417,60,21
"1637","2020-04-24",259,19,142,795,4658,0.517174753112924,2025,7152,504,698,73,5084,15,1432,55,15
"1638","2020-04-25",269,19,159,767,4658,0.517174753112924,2025,7152,504,698,69,5153,8,1440,55,8
"1639","2020-04-26",275,19,159,762,4658,0.517174753112924,2025,7152,504,698,63,5216,10,1450,45,10
"1640","2020-04-27",263,19,205,755,4658,0.517174753112924,2025,7152,504,698,43,5259,10,1460,29,10
"1641","2020-04-28",249,19,213,743,4658,0.517174753112924,2025,7152,504,698,63,5322,12,1472,44,12
"1642","2020-04-29",241,19,234,733,4658,0.517174753112924,2025,7152,504,698,47,5369,28,1500,29,28
"1643","2020-04-30",248,19,236,725,4658,0.517174753112924,2025,7152,504,698,37,5406,52,1552,25,52
"1644","2020-05-01",250,19,227,725,4658,0.517174753112924,2025,7152,504,698,43,5449,53,1605,31,53
"1645","2020-05-02",254,19,199,683,4658,0.517174753112924,2025,7152,504,698,40,5489,28,1633,36,28
"1646","2020-05-03",221,19,196,657,4658,0.517174753112924,2025,7152,504,698,40,5529,18,1651,26,18
"1647","2020-05-04",208,19,174,646,4658,0.517174753112924,2025,7152,504,698,26,5555,37,1688,17,37
"1648","2020-05-05",203,19,184,636,4658,0.517174753112924,2025,7152,504,698,30,5585,61,1749,22,61
"1649","2020-05-06",205,19,166,628,4658,0.517174753112924,2025,7152,504,698,34,5619,71,1820,17,71
"1650","2020-05-07",207,19,164,628,4658,0.517174753112924,2025,7152,504,698,32,5651,38,1858,16,38
"1651","2020-05-08",212,19,164,616,4658,0.517174753112924,2025,7152,504,698,36,5687,64,1922,17,64
"1652","2020-05-09",195,19,150,590,4658,0.517174753112924,2025,7152,504,698,16,5703,34,1956,7,34
"1653","2020-05-10",201,19,147,572,4658,0.517174753112924,2025,7152,504,698,19,5722,11,1967,9,11
"1654","2020-05-11",210,19,170,559,4658,0.517174753112924,2025,7152,504,698,28,5750,20,1987,18,20
"1655","2020-05-12",210,19,177,550,4658,0.517174753112924,2025,7152,504,698,27,5777,53,2040,17,53
"1656","2020-05-13",203,19,181,533,4658,0.517174753112924,2025,7152,504,698,27,5804,29,2069,7,29
"1657","2020-05-14",188,19,159,527,4658,0.517174753112924,2025,7152,504,698,28,5832,18,2087,18,18
"1658","2020-05-15",184,19,140,530,4658,0.517174753112924,2025,7152,504,698,14,5846,23,2110,7,23
"1659","2020-05-16",207,19,157,522,4658,0.517174753112924,2025,7152,504,698,16,5862,54,2164,8,54
"1660","2020-05-17",183,19,197,521,4658,0.517174753112924,2025,7152,504,698,20,5882,37,2201,9,37
"1661","2020-05-18",184,19,213,514,4658,0.517174753112924,2025,7152,504,698,10,5892,53,2254,5,53
"1662","2020-05-19",174,19,198,488,4658,0.517174753112924,2025,7152,504,698,23,5915,42,2296,15,42
"1663","2020-05-20",164,19,192,459,4658,0.517174753112924,2025,7152,504,698,20,5935,20,2316,11,20
"1664","2020-05-21",167,19,177,450,4658,0.517174753112924,2025,7152,504,698,15,5950,24,2340,7,24
"1665","2020-05-22",168,19,172,433,4658,0.517174753112924,2025,7152,504,698,16,5966,21,2361,5,21
"1666","2020-05-23",150,19,161,436,4658,0.517174753112924,2025,7152,504,698,17,5983,19,2380,7,19
"1667","2020-05-24",149,19,146,403,4658,0.517174753112924,2025,7152,504,698,11,5994,38,2418,3,38
"1668","2020-05-25",137,19,150,387,4658,0.517174753112924,2025,7152,504,698,13,6007,22,2440,8,22
"1669","2020-05-26",136,19,150,358,4658,0.517174753112924,2025,7152,504,698,11,6018,48,2488,4,48
"1670","2020-05-27",131,19,143,334,4658,0.517174753112924,2025,7152,504,698,10,6028,20,2508,4,20
"1671","2020-05-28",124,19,165,315,4658,0.517174753112924,2025,7152,504,698,16,6044,20,2528,8,20
"1672","2020-05-29",135,19,180,294,4658,0.517174753112924,2025,7152,504,698,14,6058,12,2540,6,12
"1673","2020-05-30",117,19,184,278,4658,0.517174753112924,2025,7152,504,698,10,6068,9,2549,NA,9
"1674","2020-05-31",105,19,178,256,4658,0.517174753112924,2025,7152,504,698,9,6077,22,2571,5,22
"1675","2020-06-01",102,19,154,243,4658,0.517174753112924,2025,7152,504,698,8,6085,15,2586,4,15
"1676","2020-06-02",95,19,172,236,4658,0.517174753112924,2025,7152,504,698,8,6093,11,2597,3,11
"1677","2020-06-03",93,19,171,221,4658,0.517174753112924,2025,7152,504,698,5,6098,2,2599,1,2
"1678","2020-06-04",95,19,147,202,4658,0.517174753112924,2025,7152,504,698,4,6102,19,2618,2,19
"1679","2020-06-05",79,19,142,194,4658,0.517174753112924,2025,7152,504,698,7,6109,10,2628,1,10
"1680","2020-06-06",81,19,127,177,4658,0.517174753112924,2025,7152,504,698,6,6115,3,2631,2,3
"1681","2020-06-07",69,19,115,162,4658,0.517174753112924,2025,7152,504,698,6,6121,24,2655,1,24
"1682","2020-03-08",1,20,0,0,5761,0.918243360527686,1995,7016,650,1090,NA,NA,NA,NA,NA,NA
"1683","2020-03-09",1,20,0,0,5761,0.918243360527686,1995,7016,650,1090,NA,NA,NA,NA,NA,NA
"1684","2020-03-10",0,20,0,0,5761,0.918243360527686,1995,7016,650,1090,NA,NA,2,2,NA,2
"1685","2020-03-11",0,20,0,0,5761,0.918243360527686,1995,7016,650,1090,14,14,6,8,NA,6
"1686","2020-03-12",0,20,0,0,5761,0.918243360527686,1995,7016,650,1090,10,24,26,34,NA,26
"1687","2020-03-13",1,20,66,28,5761,0.918243360527686,1995,7016,650,1090,17,41,12,46,3,12
"1688","2020-03-14",4,20,73,41,5761,0.918243360527686,1995,7016,650,1090,13,54,8,54,5,8
"1689","2020-03-15",3,20,98,67,5761,0.918243360527686,1995,7016,650,1090,16,70,14,68,5,14
"1690","2020-03-16",6,20,129,92,5761,0.918243360527686,1995,7016,650,1090,24,94,23,91,11,23
"1691","2020-03-17",9,20,136,114,5761,0.918243360527686,1995,7016,650,1090,32,126,29,120,17,29
"1692","2020-03-18",11,20,147,139,5761,0.918243360527686,1995,7016,650,1090,34,160,26,146,25,26
"1693","2020-03-19",16,20,165,174,5761,0.918243360527686,1995,7016,650,1090,38,198,16,162,27,16
"1694","2020-03-20",27,20,191,205,5761,0.918243360527686,1995,7016,650,1090,35,233,11,173,21,11
"1695","2020-03-21",44,20,163,249,5761,0.918243360527686,1995,7016,650,1090,33,266,12,185,24,12
"1696","2020-03-22",53,20,155,298,5761,0.918243360527686,1995,7016,650,1090,55,321,15,200,46,15
"1697","2020-03-23",56,20,136,334,5761,0.918243360527686,1995,7016,650,1090,44,365,26,226,34,26
"1698","2020-03-24",61,20,120,368,5761,0.918243360527686,1995,7016,650,1090,66,431,30,256,46,30
"1699","2020-03-25",73,20,131,430,5761,0.918243360527686,1995,7016,650,1090,67,498,32,288,55,32
"1700","2020-03-26",84,20,119,470,5761,0.918243360527686,1995,7016,650,1090,63,561,28,316,57,28
"1701","2020-03-27",104,20,103,518,5761,0.918243360527686,1995,7016,650,1090,86,647,36,352,75,36
"1702","2020-03-28",132,20,104,566,5761,0.918243360527686,1995,7016,650,1090,78,725,36,388,67,36
"1703","2020-03-29",160,20,100,608,5761,0.918243360527686,1995,7016,650,1090,124,849,35,423,111,35
"1704","2020-03-30",160,20,95,668,5761,0.918243360527686,1995,7016,650,1090,105,954,38,461,96,38
"1705","2020-03-31",180,20,93,721,5761,0.918243360527686,1995,7016,650,1090,138,1092,39,500,124,39
"1706","2020-04-01",188,20,78,803,5761,0.918243360527686,1995,7016,650,1090,143,1235,42,542,132,42
"1707","2020-04-02",204,20,95,873,5761,0.918243360527686,1995,7016,650,1090,164,1399,30,572,153,30
"1708","2020-04-03",254,20,119,915,5761,0.918243360527686,1995,7016,650,1090,189,1588,33,605,177,33
"1709","2020-04-04",298,20,139,991,5761,0.918243360527686,1995,7016,650,1090,146,1734,39,644,135,39
"1710","2020-04-05",287,20,183,1086,5761,0.918243360527686,1995,7016,650,1090,184,1918,43,687,173,43
"1711","2020-04-06",295,20,170,1125,5761,0.918243360527686,1995,7016,650,1090,189,2107,37,724,180,37
"1712","2020-04-07",285,20,159,1200,5761,0.918243360527686,1995,7016,650,1090,170,2277,38,762,161,38
"1713","2020-04-08",321,20,149,1280,5761,0.918243360527686,1995,7016,650,1090,201,2478,33,795,193,33
"1714","2020-04-09",335,20,130,1329,5761,0.918243360527686,1995,7016,650,1090,205,2683,32,827,195,32
"1715","2020-04-10",438,20,123,1382,5761,0.918243360527686,1995,7016,650,1090,150,2833,29,856,144,29
"1716","2020-04-11",413,20,149,1467,5761,0.918243360527686,1995,7016,650,1090,129,2962,38,894,123,38
"1717","2020-04-12",450,20,153,1469,5761,0.918243360527686,1995,7016,650,1090,141,3103,27,921,130,27
"1718","2020-04-13",463,20,161,1483,5761,0.918243360527686,1995,7016,650,1090,178,3281,44,965,171,44
"1719","2020-04-14",474,20,178,1542,5761,0.918243360527686,1995,7016,650,1090,122,3403,34,999,110,34
"1720","2020-04-15",481,20,203,1561,5761,0.918243360527686,1995,7016,650,1090,134,3537,26,1025,121,26
"1721","2020-04-16",486,20,249,1556,5761,0.918243360527686,1995,7016,650,1090,134,3671,25,1050,125,25
"1722","2020-04-17",564,20,234,1597,5761,0.918243360527686,1995,7016,650,1090,112,3783,34,1084,100,34
"1723","2020-04-18",593,20,222,1595,5761,0.918243360527686,1995,7016,650,1090,102,3885,38,1122,96,38
"1724","2020-04-19",528,20,222,1570,5761,0.918243360527686,1995,7016,650,1090,131,4016,20,1142,126,20
"1725","2020-04-20",522,20,198,1565,5761,0.918243360527686,1995,7016,650,1090,118,4134,29,1171,110,29
"1726","2020-04-21",519,20,199,1525,5761,0.918243360527686,1995,7016,650,1090,101,4235,18,1189,88,18
"1727","2020-04-22",511,20,205,1495,5761,0.918243360527686,1995,7016,650,1090,114,4349,19,1208,110,19
"1728","2020-04-23",504,20,181,1447,5761,0.918243360527686,1995,7016,650,1090,91,4440,26,1234,79,26
"1729","2020-04-24",522,20,170,1395,5761,0.918243360527686,1995,7016,650,1090,93,4533,47,1281,82,47
"1730","2020-04-25",526,20,163,1356,5761,0.918243360527686,1995,7016,650,1090,94,4627,31,1312,91,31
"1731","2020-04-26",481,20,203,1327,5761,0.918243360527686,1995,7016,650,1090,84,4711,50,1362,74,50
"1732","2020-04-27",475,20,250,1278,5761,0.918243360527686,1995,7016,650,1090,64,4775,58,1420,54,58
"1733","2020-04-28",451,20,278,1202,5761,0.918243360527686,1995,7016,650,1090,66,4841,47,1467,57,47
"1734","2020-04-29",436,20,285,1143,5761,0.918243360527686,1995,7016,650,1090,83,4924,41,1508,77,41
"1735","2020-04-30",442,20,267,1070,5761,0.918243360527686,1995,7016,650,1090,70,4994,31,1539,60,31
"1736","2020-05-01",402,20,216,1020,5761,0.918243360527686,1995,7016,650,1090,55,5049,35,1574,46,35
"1737","2020-05-02",369,20,207,965,5761,0.918243360527686,1995,7016,650,1090,43,5092,36,1610,34,36
"1738","2020-05-03",335,20,219,918,5761,0.918243360527686,1995,7016,650,1090,49,5141,34,1644,41,34
"1739","2020-05-04",327,20,194,871,5761,0.918243360527686,1995,7016,650,1090,51,5192,25,1669,41,25
"1740","2020-05-05",329,20,174,826,5761,0.918243360527686,1995,7016,650,1090,48,5240,44,1713,44,44
"1741","2020-05-06",320,20,148,793,5761,0.918243360527686,1995,7016,650,1090,39,5279,32,1745,34,32
"1742","2020-05-07",294,20,196,738,5761,0.918243360527686,1995,7016,650,1090,36,5315,45,1790,33,45
"1743","2020-05-08",262,20,240,694,5761,0.918243360527686,1995,7016,650,1090,40,5355,50,1840,36,50
"1744","2020-05-09",263,20,222,652,5761,0.918243360527686,1995,7016,650,1090,35,5390,47,1887,28,47
"1745","2020-05-10",252,20,203,602,5761,0.918243360527686,1995,7016,650,1090,35,5425,41,1928,32,41
"1746","2020-05-11",230,20,172,568,5761,0.918243360527686,1995,7016,650,1090,28,5453,29,1957,23,29
"1747","2020-05-12",211,20,168,524,5761,0.918243360527686,1995,7016,650,1090,19,5472,38,1995,17,38
"1748","2020-05-13",196,20,153,486,5761,0.918243360527686,1995,7016,650,1090,23,5495,52,2047,20,52
"1749","2020-05-14",192,20,147,438,5761,0.918243360527686,1995,7016,650,1090,17,5512,24,2071,13,24
"1750","2020-05-15",163,20,172,403,5761,0.918243360527686,1995,7016,650,1090,22,5534,18,2089,17,18
"1751","2020-05-16",147,20,165,381,5761,0.918243360527686,1995,7016,650,1090,20,5554,21,2110,11,21
"1752","2020-05-17",145,20,158,354,5761,0.918243360527686,1995,7016,650,1090,14,5568,40,2150,12,40
"1753","2020-05-18",137,20,141,336,5761,0.918243360527686,1995,7016,650,1090,22,5590,32,2182,16,32
"1754","2020-05-19",132,20,138,313,5761,0.918243360527686,1995,7016,650,1090,14,5604,20,2202,11,20
"1755","2020-05-20",126,20,170,287,5761,0.918243360527686,1995,7016,650,1090,10,5614,23,2225,7,23
"1756","2020-05-21",120,20,165,257,5761,0.918243360527686,1995,7016,650,1090,9,5623,29,2254,8,29
"1757","2020-05-22",111,20,174,241,5761,0.918243360527686,1995,7016,650,1090,11,5634,52,2306,8,52
"1758","2020-05-23",113,20,183,217,5761,0.918243360527686,1995,7016,650,1090,5,5639,29,2335,5,29
"1759","2020-05-24",92,20,214,194,5761,0.918243360527686,1995,7016,650,1090,23,5662,25,2360,17,25
"1760","2020-05-25",84,20,236,185,5761,0.918243360527686,1995,7016,650,1090,9,5671,29,2389,6,29
"1761","2020-05-26",79,20,240,183,5761,0.918243360527686,1995,7016,650,1090,11,5682,30,2419,8,30
"1762","2020-05-27",72,20,230,176,5761,0.918243360527686,1995,7016,650,1090,11,5693,27,2446,8,27
"1763","2020-05-28",65,20,213,168,5761,0.918243360527686,1995,7016,650,1090,9,5702,44,2490,5,44
"1764","2020-05-29",63,20,195,159,5761,0.918243360527686,1995,7016,650,1090,4,5706,33,2523,3,33
"1765","2020-05-30",53,20,180,147,5761,0.918243360527686,1995,7016,650,1090,9,5715,36,2559,7,36
"1766","2020-05-31",49,20,186,137,5761,0.918243360527686,1995,7016,650,1090,8,5723,35,2594,3,35
"1767","2020-06-01",46,20,201,131,5761,0.918243360527686,1995,7016,650,1090,16,5739,24,2618,13,24
"1768","2020-06-02",47,20,179,137,5761,0.918243360527686,1995,7016,650,1090,7,5746,32,2650,5,32
"1769","2020-06-03",46,20,160,135,5761,0.918243360527686,1995,7016,650,1090,7,5753,24,2674,3,24
"1770","2020-06-04",45,20,162,125,5761,0.918243360527686,1995,7016,650,1090,8,5761,26,2700,5,26
"1771","2020-06-05",47,20,161,123,5761,0.918243360527686,1995,7016,650,1090,4,5765,30,2730,2,30
"1772","2020-06-06",56,20,151,116,5761,0.918243360527686,1995,7016,650,1090,6,5771,22,2752,3,22
"1773","2020-06-07",46,20,157,106,5761,0.918243360527686,1995,7016,650,1090,6,5777,25,2777,3,25
