"","Date","Absents","Paramset","Infections_or_Exposed_per_day_Patient","Infections_or_Exposed_per_day_HCW","total_infections","nosocomial_proportion","PCR_pooled","LFD_pooled","HCW_symp_test","patient_symp_test","new_hcw_infs","cumulative_hcw_infs","new_pat_infs","cumulative_pats_infs","new_nosocomial_hcw_infs","new_nosocomial_pat_infs"
"1","2020-03-14",1,1,30,98,6345,0.73317572892041,0,0,605,410,34,98,3,28,7,3
"2","2020-03-15",3,1,39,128,6345,0.73317572892041,0,0,605,410,30,128,10,38,12,10
"3","2020-03-16",10,1,40,168,6345,0.73317572892041,0,0,605,410,40,168,8,46,10,8
"4","2020-03-17",15,1,34,213,6345,0.73317572892041,0,0,605,410,45,213,1,47,18,1
"5","2020-03-18",19,1,36,251,6345,0.73317572892041,0,0,605,410,42,255,7,54,25,7
"6","2020-03-19",28,1,40,287,6345,0.73317572892041,0,0,605,410,40,295,10,64,18,10
"7","2020-03-20",34,1,42,323,6345,0.73317572892041,0,0,605,410,43,338,8,72,26,8
"8","2020-03-21",46,1,37,352,6345,0.73317572892041,0,0,605,410,49,387,4,76,29,4
"9","2020-03-22",56,1,38,397,6345,0.73317572892041,0,0,605,410,55,442,5,81,32,5
"10","2020-03-23",68,1,33,439,6345,0.73317572892041,0,0,605,410,65,507,6,87,38,6
"11","2020-03-24",84,1,35,466,6345,0.73317572892041,0,0,605,410,51,558,7,94,32,7
"12","2020-03-25",98,1,43,492,6345,0.73317572892041,0,0,605,410,57,615,10,104,37,10
"13","2020-03-26",109,1,54,537,6345,0.73317572892041,0,0,605,410,77,692,13,117,55,13
"14","2020-03-27",121,1,71,572,6345,0.73317572892041,0,0,605,410,71,763,21,138,42,21
"15","2020-03-28",129,1,74,619,6345,0.73317572892041,0,0,605,410,78,841,14,152,61,14
"16","2020-03-29",146,1,73,670,6345,0.73317572892041,0,0,605,410,88,929,11,163,54,11
"17","2020-03-30",152,1,72,709,6345,0.73317572892041,0,0,605,410,91,1020,8,171,68,8
"18","2020-03-31",162,1,86,774,6345,0.73317572892041,0,0,605,410,116,1136,16,187,89,16
"19","2020-04-01",169,1,86,851,6345,0.73317572892041,0,0,605,410,124,1260,13,200,105,13
"20","2020-04-02",185,1,77,911,6345,0.73317572892041,0,0,605,410,106,1366,9,209,86,9
"21","2020-04-03",200,1,73,1001,6345,0.73317572892041,0,0,605,410,150,1516,8,217,120,8
"22","2020-04-04",217,1,79,1062,6345,0.73317572892041,0,0,605,410,128,1644,12,229,97,12
"23","2020-04-05",232,1,86,1124,6345,0.73317572892041,0,0,605,410,111,1755,24,253,93,24
"24","2020-04-06",252,1,90,1193,6345,0.73317572892041,0,0,605,410,133,1888,17,270,113,17
"25","2020-04-07",265,1,107,1282,6345,0.73317572892041,0,0,605,410,162,2050,23,293,138,23
"26","2020-04-08",283,1,132,1340,6345,0.73317572892041,0,0,605,410,149,2199,38,331,129,38
"27","2020-04-09",296,1,141,1434,6345,0.73317572892041,0,0,605,410,178,2377,33,364,154,33
"28","2020-04-10",329,1,151,1500,6345,0.73317572892041,0,0,605,410,171,2548,38,402,152,38
"29","2020-04-11",345,1,155,1550,6345,0.73317572892041,0,0,605,410,161,2709,29,431,136,29
"30","2020-04-12",354,1,136,1615,6345,0.73317572892041,0,0,605,410,194,2903,11,442,169,11
"31","2020-04-13",378,1,140,1657,6345,0.73317572892041,0,0,605,410,150,3053,27,469,137,27
"32","2020-04-14",386,1,128,1704,6345,0.73317572892041,0,0,605,410,187,3240,21,490,168,21
"33","2020-04-15",400,1,121,1734,6345,0.73317572892041,0,0,605,410,162,3402,15,505,138,15
"34","2020-04-16",436,1,124,1735,6345,0.73317572892041,0,0,605,410,141,3543,22,527,121,22
"35","2020-04-17",436,1,130,1722,6345,0.73317572892041,0,0,605,410,140,3683,20,547,120,20
"36","2020-04-18",450,1,136,1712,6345,0.73317572892041,0,0,605,410,112,3795,26,573,96,26
"37","2020-04-19",471,1,134,1677,6345,0.73317572892041,0,0,605,410,110,3905,22,595,89,22
"38","2020-04-20",475,1,130,1622,6345,0.73317572892041,0,0,605,410,115,4020,30,625,100,30
"39","2020-04-21",488,1,145,1597,6345,0.73317572892041,0,0,605,410,144,4164,27,652,120,27
"40","2020-04-22",491,1,138,1525,6345,0.73317572892041,0,0,605,410,98,4262,29,681,83,29
"41","2020-04-23",475,1,126,1471,6345,0.73317572892041,0,0,605,410,114,4376,14,695,100,14
"42","2020-04-24",477,1,159,1430,6345,0.73317572892041,0,0,605,410,107,4483,43,738,89,43
"43","2020-04-25",468,1,157,1376,6345,0.73317572892041,0,0,605,410,107,4590,30,768,87,30
"44","2020-04-26",445,1,140,1323,6345,0.73317572892041,0,0,605,410,100,4690,14,782,89,14
"45","2020-04-27",427,1,150,1308,6345,0.73317572892041,0,0,605,410,95,4785,21,803,74,21
"46","2020-04-28",417,1,147,1244,6345,0.73317572892041,0,0,605,410,82,4867,29,832,70,29
"47","2020-04-29",399,1,144,1176,6345,0.73317572892041,0,0,605,410,65,4932,20,852,46,20
"48","2020-04-30",372,1,142,1116,6345,0.73317572892041,0,0,605,410,75,5007,21,873,65,21
"49","2020-05-01",342,1,138,1063,6345,0.73317572892041,0,0,605,410,62,5069,30,903,49,30
"50","2020-05-02",326,1,154,998,6345,0.73317572892041,0,0,605,410,60,5129,35,938,47,35
"51","2020-05-03",322,1,162,963,6345,0.73317572892041,0,0,605,410,67,5196,36,974,52,36
"52","2020-05-04",300,1,146,889,6345,0.73317572892041,0,0,605,410,51,5247,11,985,41,11
"53","2020-05-05",281,1,136,832,6345,0.73317572892041,0,0,605,410,59,5306,17,1002,45,17
"54","2020-05-06",276,1,125,791,6345,0.73317572892041,0,0,605,410,46,5352,22,1024,32,22
"55","2020-05-07",264,1,134,754,6345,0.73317572892041,0,0,605,410,53,5405,34,1058,43,34
"56","2020-05-08",250,1,133,701,6345,0.73317572892041,0,0,605,410,36,5441,13,1071,29,13
"57","2020-05-09",240,1,133,650,6345,0.73317572892041,0,0,605,410,30,5471,22,1093,23,22
"58","2020-05-10",219,1,121,613,6345,0.73317572892041,0,0,605,410,42,5513,14,1107,30,14
"59","2020-05-11",220,1,121,564,6345,0.73317572892041,0,0,605,410,27,5540,25,1132,22,25
"60","2020-05-12",202,1,132,534,6345,0.73317572892041,0,0,605,410,28,5568,20,1152,20,20
"61","2020-05-13",190,1,122,525,6345,0.73317572892041,0,0,605,410,45,5613,22,1174,32,22
"62","2020-05-14",182,1,121,493,6345,0.73317572892041,0,0,605,410,29,5642,11,1185,22,11
"63","2020-05-15",174,1,122,459,6345,0.73317572892041,0,0,605,410,28,5670,20,1205,20,20
"64","2020-05-16",160,1,108,433,6345,0.73317572892041,0,0,605,410,31,5701,10,1215,19,10
"65","2020-05-17",145,1,103,403,6345,0.73317572892041,0,0,605,410,28,5729,11,1226,15,11
"66","2020-05-18",130,1,103,373,6345,0.73317572892041,0,0,605,410,22,5751,12,1238,15,12
"67","2020-05-19",126,1,110,352,6345,0.73317572892041,0,0,605,410,22,5773,19,1257,11,19
"68","2020-05-20",115,1,107,340,6345,0.73317572892041,0,0,605,410,21,5794,15,1272,15,15
"69","2020-05-21",108,1,115,319,6345,0.73317572892041,0,0,605,410,24,5818,30,1302,15,30
"70","2020-05-22",103,1,111,297,6345,0.73317572892041,0,0,605,410,14,5832,14,1316,9,14
"71","2020-05-23",97,1,118,281,6345,0.73317572892041,0,0,605,410,17,5849,25,1341,6,25
"72","2020-05-24",99,1,121,260,6345,0.73317572892041,0,0,605,410,11,5860,16,1357,5,16
"73","2020-05-25",96,1,110,241,6345,0.73317572892041,0,0,605,410,15,5875,11,1368,8,11
"74","2020-05-26",93,1,122,222,6345,0.73317572892041,0,0,605,410,8,5883,29,1397,6,29
"75","2020-05-27",84,1,129,199,6345,0.73317572892041,0,0,605,410,7,5890,19,1416,2,19
"76","2020-05-28",75,1,122,180,6345,0.73317572892041,0,0,605,410,9,5899,15,1431,5,15
"77","2020-05-29",72,1,115,163,6345,0.73317572892041,0,0,605,410,12,5911,16,1447,4,16
"78","2020-05-30",62,1,109,147,6345,0.73317572892041,0,0,605,410,5,5916,14,1461,1,14
"79","2020-05-31",56,1,116,139,6345,0.73317572892041,0,0,605,410,12,5928,19,1480,7,19
"80","2020-06-01",42,1,105,133,6345,0.73317572892041,0,0,605,410,9,5937,12,1492,3,12
"81","2020-06-02",35,1,100,126,6345,0.73317572892041,0,0,605,410,14,5951,11,1503,2,11
"82","2020-06-03",33,1,90,123,6345,0.73317572892041,0,0,605,410,10,5961,10,1513,8,10
"83","2020-06-04",31,1,85,119,6345,0.73317572892041,0,0,605,410,12,5973,12,1525,7,12
"84","2020-06-05",27,1,77,111,6345,0.73317572892041,0,0,605,410,7,5980,6,1531,4,6
"85","2020-06-06",31,1,69,107,6345,0.73317572892041,0,0,605,410,4,5984,8,1539,3,8
"86","2020-06-07",28,1,69,106,6345,0.73317572892041,0,0,605,410,11,5995,13,1552,7,13
"87","2020-03-14",2,2,21,48,4054,0.7501233349778,0,0,342,235,18,63,16,39,3,16
"88","2020-03-15",3,2,19,59,4054,0.7501233349778,0,0,342,235,13,76,20,59,4,20
"89","2020-03-16",4,2,19,71,4054,0.7501233349778,0,0,342,235,24,100,12,71,5,12
"90","2020-03-17",10,2,22,91,4054,0.7501233349778,0,0,342,235,29,129,15,86,4,15
"91","2020-03-18",12,2,28,115,4054,0.7501233349778,0,0,342,235,23,152,15,101,11,15
"92","2020-03-19",15,2,31,128,4054,0.7501233349778,0,0,342,235,24,176,17,118,9,17
"93","2020-03-20",16,2,44,137,4054,0.7501233349778,0,0,342,235,30,206,17,135,7,17
"94","2020-03-21",19,2,41,153,4054,0.7501233349778,0,0,342,235,19,225,9,144,10,9
"95","2020-03-22",23,2,47,174,4054,0.7501233349778,0,0,342,235,32,257,15,159,7,15
"96","2020-03-23",27,2,51,192,4054,0.7501233349778,0,0,342,235,32,289,13,172,16,13
"97","2020-03-24",33,2,45,216,4054,0.7501233349778,0,0,342,235,24,313,18,190,9,18
"98","2020-03-25",40,2,45,240,4054,0.7501233349778,0,0,342,235,30,343,15,205,13,15
"99","2020-03-26",52,2,46,262,4054,0.7501233349778,0,0,342,235,32,375,17,222,10,17
"100","2020-03-27",62,2,40,305,4054,0.7501233349778,0,0,342,235,36,411,18,240,12,18
"101","2020-03-28",69,2,38,322,4054,0.7501233349778,0,0,342,235,42,453,19,259,13,19
"102","2020-03-29",76,2,38,346,4054,0.7501233349778,0,0,342,235,38,491,12,271,19,12
"103","2020-03-30",84,2,40,378,4054,0.7501233349778,0,0,342,235,22,513,23,294,11,23
"104","2020-03-31",87,2,47,398,4054,0.7501233349778,0,0,342,235,37,550,12,306,16,12
"105","2020-04-01",97,2,54,436,4054,0.7501233349778,0,0,342,235,27,577,12,318,10,12
"106","2020-04-02",94,2,58,462,4054,0.7501233349778,0,0,342,235,29,606,20,338,18,20
"107","2020-04-03",102,2,59,486,4054,0.7501233349778,0,0,342,235,31,637,24,362,16,24
"108","2020-04-04",104,2,46,512,4054,0.7501233349778,0,0,342,235,49,686,14,376,23,14
"109","2020-04-05",117,2,53,544,4054,0.7501233349778,0,0,342,235,32,718,22,398,10,22
"110","2020-04-06",130,2,50,574,4054,0.7501233349778,0,0,342,235,54,772,9,407,22,9
"111","2020-04-07",144,2,67,588,4054,0.7501233349778,0,0,342,235,43,815,15,422,17,15
"112","2020-04-08",146,2,73,610,4054,0.7501233349778,0,0,342,235,44,859,22,444,15,22
"113","2020-04-09",159,2,71,640,4054,0.7501233349778,0,0,342,235,38,897,20,464,19,20
"114","2020-04-10",161,2,65,655,4054,0.7501233349778,0,0,342,235,29,926,11,475,15,11
"115","2020-04-11",169,2,60,669,4054,0.7501233349778,0,0,342,235,45,971,29,504,21,29
"116","2020-04-12",168,2,64,678,4054,0.7501233349778,0,0,342,235,49,1020,14,518,24,14
"117","2020-04-13",177,2,58,693,4054,0.7501233349778,0,0,342,235,49,1069,21,539,17,21
"118","2020-04-14",183,2,52,702,4054,0.7501233349778,0,0,342,235,26,1095,24,563,12,24
"119","2020-04-15",188,2,56,716,4054,0.7501233349778,0,0,342,235,52,1147,29,592,21,29
"120","2020-04-16",188,2,67,724,4054,0.7501233349778,0,0,342,235,46,1193,28,620,18,28
"121","2020-04-17",186,2,61,712,4054,0.7501233349778,0,0,342,235,51,1244,25,645,19,25
"122","2020-04-18",188,2,59,731,4054,0.7501233349778,0,0,342,235,41,1285,18,663,24,18
"123","2020-04-19",201,2,56,752,4054,0.7501233349778,0,0,342,235,46,1331,26,689,19,26
"124","2020-04-20",194,2,63,746,4054,0.7501233349778,0,0,342,235,36,1367,17,706,20,17
"125","2020-04-21",188,2,68,717,4054,0.7501233349778,0,0,342,235,41,1408,22,728,18,22
"126","2020-04-22",185,2,57,720,4054,0.7501233349778,0,0,342,235,48,1456,24,752,25,24
"127","2020-04-23",189,2,56,732,4054,0.7501233349778,0,0,342,235,42,1498,25,777,20,25
"128","2020-04-24",206,2,45,738,4054,0.7501233349778,0,0,342,235,52,1550,34,811,20,34
"129","2020-04-25",219,2,60,749,4054,0.7501233349778,0,0,342,235,58,1608,40,851,25,40
"130","2020-04-26",212,2,81,769,4054,0.7501233349778,0,0,342,235,38,1646,29,880,10,29
"131","2020-04-27",209,2,91,756,4054,0.7501233349778,0,0,342,235,25,1671,25,905,13,25
"132","2020-04-28",209,2,103,766,4054,0.7501233349778,0,0,342,235,46,1717,18,923,21,18
"133","2020-04-29",221,2,87,768,4054,0.7501233349778,0,0,342,235,52,1769,22,945,23,22
"134","2020-04-30",223,2,87,771,4054,0.7501233349778,0,0,342,235,50,1819,25,970,18,25
"135","2020-05-01",223,2,78,771,4054,0.7501233349778,0,0,342,235,49,1868,22,992,25,22
"136","2020-05-02",222,2,73,771,4054,0.7501233349778,0,0,342,235,38,1906,25,1017,18,25
"137","2020-05-03",225,2,79,752,4054,0.7501233349778,0,0,342,235,35,1941,20,1037,15,20
"138","2020-05-04",235,2,73,746,4054,0.7501233349778,0,0,342,235,38,1979,16,1053,23,16
"139","2020-05-05",241,2,76,719,4054,0.7501233349778,0,0,342,235,48,2027,19,1072,24,19
"140","2020-05-06",236,2,77,701,4054,0.7501233349778,0,0,342,235,41,2068,20,1092,19,20
"141","2020-05-07",239,2,82,672,4054,0.7501233349778,0,0,342,235,28,2096,18,1110,10,18
"142","2020-05-08",227,2,84,661,4054,0.7501233349778,0,0,342,235,38,2134,17,1127,14,17
"143","2020-05-09",215,2,85,625,4054,0.7501233349778,0,0,342,235,29,2163,17,1144,15,17
"144","2020-05-10",202,2,88,584,4054,0.7501233349778,0,0,342,235,31,2194,33,1177,12,33
"145","2020-05-11",188,2,101,596,4054,0.7501233349778,0,0,342,235,26,2220,22,1199,15,22
"146","2020-05-12",175,2,100,579,4054,0.7501233349778,0,0,342,235,31,2251,27,1226,15,27
"147","2020-05-13",162,2,101,573,4054,0.7501233349778,0,0,342,235,33,2284,30,1256,16,30
"148","2020-05-14",152,2,102,577,4054,0.7501233349778,0,0,342,235,35,2319,26,1282,14,26
"149","2020-05-15",157,2,101,544,4054,0.7501233349778,0,0,342,235,35,2354,27,1309,11,27
"150","2020-05-16",160,2,92,553,4054,0.7501233349778,0,0,342,235,37,2391,21,1330,10,21
"151","2020-05-17",159,2,97,538,4054,0.7501233349778,0,0,342,235,33,2424,20,1350,10,20
"152","2020-05-18",149,2,92,531,4054,0.7501233349778,0,0,342,235,20,2444,21,1371,8,21
"153","2020-05-19",152,2,80,520,4054,0.7501233349778,0,0,342,235,26,2470,34,1405,11,34
"154","2020-05-20",161,2,71,516,4054,0.7501233349778,0,0,342,235,21,2491,22,1427,7,22
"155","2020-05-21",160,2,74,498,4054,0.7501233349778,0,0,342,235,20,2511,28,1455,8,28
"156","2020-05-22",156,2,66,462,4054,0.7501233349778,0,0,342,235,21,2532,25,1480,9,25
"157","2020-05-23",144,2,87,451,4054,0.7501233349778,0,0,342,235,25,2557,36,1516,11,36
"158","2020-05-24",145,2,81,427,4054,0.7501233349778,0,0,342,235,21,2578,24,1540,4,24
"159","2020-05-25",150,2,72,391,4054,0.7501233349778,0,0,342,235,27,2605,14,1554,13,14
"160","2020-05-26",142,2,67,384,4054,0.7501233349778,0,0,342,235,32,2637,25,1579,19,25
"161","2020-05-27",129,2,63,370,4054,0.7501233349778,0,0,342,235,29,2666,22,1601,13,22
"162","2020-05-28",128,2,60,347,4054,0.7501233349778,0,0,342,235,19,2685,24,1625,6,24
"163","2020-05-29",120,2,64,324,4054,0.7501233349778,0,0,342,235,17,2702,15,1640,7,15
"164","2020-05-30",112,2,56,307,4054,0.7501233349778,0,0,342,235,20,2722,14,1654,9,14
"165","2020-05-31",105,2,63,286,4054,0.7501233349778,0,0,342,235,16,2738,18,1672,8,18
"166","2020-06-01",94,2,54,265,4054,0.7501233349778,0,0,342,235,16,2754,14,1686,9,14
"167","2020-06-02",83,2,48,249,4054,0.7501233349778,0,0,342,235,17,2771,13,1699,7,13
"168","2020-06-03",79,2,41,237,4054,0.7501233349778,0,0,342,235,17,2788,21,1720,8,21
"169","2020-06-04",71,2,43,219,4054,0.7501233349778,0,0,342,235,18,2806,15,1735,11,15
"170","2020-06-05",65,2,45,199,4054,0.7501233349778,0,0,342,235,10,2816,23,1758,4,23
"171","2020-06-06",62,2,43,188,4054,0.7501233349778,0,0,342,235,15,2831,17,1775,9,17
"172","2020-06-07",57,2,49,188,4054,0.7501233349778,0,0,342,235,9,2840,14,1789,4,14
"173","2020-03-14",1,3,51,94,3819,0.514532600157109,0,0,334,793,6,27,14,42,3,14
"174","2020-03-15",2,3,55,123,3819,0.514532600157109,0,0,334,793,13,40,13,55,8,13
"175","2020-03-16",6,3,76,153,3819,0.514532600157109,0,0,334,793,18,58,11,66,14,11
"176","2020-03-17",9,3,83,193,3819,0.514532600157109,0,0,334,793,14,72,13,79,9,13
"177","2020-03-18",16,3,91,221,3819,0.514532600157109,0,0,334,793,26,98,11,90,21,11
"178","2020-03-19",25,3,112,252,3819,0.514532600157109,0,0,334,793,29,127,7,97,26,7
"179","2020-03-20",39,3,133,295,3819,0.514532600157109,0,0,334,793,35,162,21,118,30,21
"180","2020-03-21",53,3,143,335,3819,0.514532600157109,0,0,334,793,42,204,15,133,37,15
"181","2020-03-22",62,3,136,375,3819,0.514532600157109,0,0,334,793,41,245,14,147,38,14
"182","2020-03-23",80,3,135,400,3819,0.514532600157109,0,0,334,793,51,296,15,162,46,15
"183","2020-03-24",94,3,136,435,3819,0.514532600157109,0,0,334,793,52,348,17,179,45,17
"184","2020-03-25",105,3,131,452,3819,0.514532600157109,0,0,334,793,53,401,27,206,44,27
"185","2020-03-26",117,3,135,474,3819,0.514532600157109,0,0,334,793,56,457,12,218,54,12
"186","2020-03-27",118,3,137,497,3819,0.514532600157109,0,0,334,793,67,524,22,240,56,22
"187","2020-03-28",123,3,146,513,3819,0.514532600157109,0,0,334,793,59,583,18,258,53,18
"188","2020-03-29",132,3,150,521,3819,0.514532600157109,0,0,334,793,76,659,14,272,71,14
"189","2020-03-30",134,3,155,530,3819,0.514532600157109,0,0,334,793,94,753,21,293,87,21
"190","2020-03-31",142,3,146,545,3819,0.514532600157109,0,0,334,793,95,848,14,307,85,14
"191","2020-04-01",146,3,134,546,3819,0.514532600157109,0,0,334,793,107,955,27,334,103,27
"192","2020-04-02",148,3,134,553,3819,0.514532600157109,0,0,334,793,107,1062,21,355,101,21
"193","2020-04-03",153,3,145,569,3819,0.514532600157109,0,0,334,793,124,1186,26,381,118,26
"194","2020-04-04",159,3,181,572,3819,0.514532600157109,0,0,334,793,122,1308,26,407,112,26
"195","2020-04-05",157,3,205,579,3819,0.514532600157109,0,0,334,793,128,1436,31,438,115,31
"196","2020-04-06",157,3,199,598,3819,0.514532600157109,0,0,334,793,114,1550,40,478,107,40
"197","2020-04-07",161,3,210,612,3819,0.514532600157109,0,0,334,793,120,1670,38,516,117,38
"198","2020-04-08",160,3,196,622,3819,0.514532600157109,0,0,334,793,144,1814,33,549,140,33
"199","2020-04-09",153,3,195,611,3819,0.514532600157109,0,0,334,793,121,1935,26,575,114,26
"200","2020-04-10",155,3,187,611,3819,0.514532600157109,0,0,334,793,135,2070,49,624,129,49
"201","2020-04-11",151,3,185,619,3819,0.514532600157109,0,0,334,793,158,2228,46,670,153,46
"202","2020-04-12",159,3,198,618,3819,0.514532600157109,0,0,334,793,136,2364,29,699,127,29
"203","2020-04-13",161,3,205,620,3819,0.514532600157109,0,0,334,793,166,2530,33,732,160,33
"204","2020-04-14",157,3,195,639,3819,0.514532600157109,0,0,334,793,122,2652,36,768,116,36
"205","2020-04-15",164,3,199,640,3819,0.514532600157109,0,0,334,793,157,2809,33,801,152,33
"206","2020-04-16",176,3,199,654,3819,0.514532600157109,0,0,334,793,151,2960,42,843,145,42
"207","2020-04-17",177,3,188,649,3819,0.514532600157109,0,0,334,793,119,3079,24,867,111,24
"208","2020-04-18",186,3,184,650,3819,0.514532600157109,0,0,334,793,137,3216,26,893,135,26
"209","2020-04-19",188,3,177,661,3819,0.514532600157109,0,0,334,793,125,3341,41,934,115,41
"210","2020-04-20",190,3,178,675,3819,0.514532600157109,0,0,334,793,127,3468,44,978,125,44
"211","2020-04-21",187,3,184,677,3819,0.514532600157109,0,0,334,793,113,3581,37,1015,109,37
"212","2020-04-22",184,3,216,662,3819,0.514532600157109,0,0,334,793,129,3710,44,1059,123,44
"213","2020-04-23",179,3,206,647,3819,0.514532600157109,0,0,334,793,141,3851,38,1097,139,38
"214","2020-04-24",184,3,214,642,3819,0.514532600157109,0,0,334,793,118,3969,40,1137,112,40
"215","2020-04-25",175,3,216,626,3819,0.514532600157109,0,0,334,793,115,4084,39,1176,111,39
"216","2020-04-26",167,3,235,611,3819,0.514532600157109,0,0,334,793,115,4199,27,1203,109,27
"217","2020-04-27",162,3,266,598,3819,0.514532600157109,0,0,334,793,64,4263,25,1228,63,25
"218","2020-04-28",170,3,265,585,3819,0.514532600157109,0,0,334,793,98,4361,25,1253,94,25
"219","2020-04-29",168,3,258,564,3819,0.514532600157109,0,0,334,793,74,4435,25,1278,71,25
"220","2020-04-30",162,3,240,568,3819,0.514532600157109,0,0,334,793,56,4491,21,1299,51,21
"221","2020-05-01",152,3,239,558,3819,0.514532600157109,0,0,334,793,69,4560,21,1320,61,21
"222","2020-05-02",149,3,234,551,3819,0.514532600157109,0,0,334,793,63,4623,16,1336,60,16
"223","2020-05-03",151,3,218,542,3819,0.514532600157109,0,0,334,793,57,4680,20,1356,56,20
"224","2020-05-04",157,3,224,514,3819,0.514532600157109,0,0,334,793,71,4751,23,1379,65,23
"225","2020-05-05",153,3,226,523,3819,0.514532600157109,0,0,334,793,44,4795,23,1402,44,23
"226","2020-05-06",147,3,236,514,3819,0.514532600157109,0,0,334,793,50,4845,27,1429,45,27
"227","2020-05-07",147,3,258,504,3819,0.514532600157109,0,0,334,793,43,4888,23,1452,41,23
"228","2020-05-08",145,3,268,498,3819,0.514532600157109,0,0,334,793,48,4936,25,1477,44,25
"229","2020-05-09",138,3,262,491,3819,0.514532600157109,0,0,334,793,32,4968,28,1505,29,28
"230","2020-05-10",131,3,252,472,3819,0.514532600157109,0,0,334,793,38,5006,29,1534,33,29
"231","2020-05-11",122,3,246,462,3819,0.514532600157109,0,0,334,793,36,5042,27,1561,33,27
"232","2020-05-12",125,3,232,470,3819,0.514532600157109,0,0,334,793,34,5076,33,1594,30,33
"233","2020-05-13",128,3,244,445,3819,0.514532600157109,0,0,334,793,19,5095,30,1624,15,30
"234","2020-05-14",127,3,266,430,3819,0.514532600157109,0,0,334,793,27,5122,12,1636,24,12
"235","2020-05-15",134,3,285,430,3819,0.514532600157109,0,0,334,793,21,5143,40,1676,17,40
"236","2020-05-16",137,3,299,420,3819,0.514532600157109,0,0,334,793,21,5164,31,1707,17,31
"237","2020-05-17",145,3,291,405,3819,0.514532600157109,0,0,334,793,20,5184,15,1722,16,15
"238","2020-05-18",140,3,306,398,3819,0.514532600157109,0,0,334,793,23,5207,19,1741,21,19
"239","2020-05-19",127,3,307,392,3819,0.514532600157109,0,0,334,793,20,5227,19,1760,16,19
"240","2020-05-20",126,3,313,376,3819,0.514532600157109,0,0,334,793,15,5242,12,1772,12,12
"241","2020-05-21",121,3,309,369,3819,0.514532600157109,0,0,334,793,11,5253,12,1784,9,12
"242","2020-05-22",105,3,300,350,3819,0.514532600157109,0,0,334,793,17,5270,11,1795,15,11
"243","2020-05-23",106,3,272,334,3819,0.514532600157109,0,0,334,793,15,5285,6,1801,13,6
"244","2020-05-24",94,3,268,318,3819,0.514532600157109,0,0,334,793,14,5299,11,1812,11,11
"245","2020-05-25",87,3,271,303,3819,0.514532600157109,0,0,334,793,12,5311,10,1822,11,10
"246","2020-05-26",83,3,253,293,3819,0.514532600157109,0,0,334,793,11,5322,19,1841,9,19
"247","2020-05-27",78,3,238,278,3819,0.514532600157109,0,0,334,793,14,5336,15,1856,12,15
"248","2020-05-28",75,3,241,272,3819,0.514532600157109,0,0,334,793,7,5343,18,1874,5,18
"249","2020-05-29",85,3,239,266,3819,0.514532600157109,0,0,334,793,11,5354,12,1886,9,12
"250","2020-05-30",80,3,258,244,3819,0.514532600157109,0,0,334,793,14,5368,15,1901,12,15
"251","2020-05-31",79,3,253,234,3819,0.514532600157109,0,0,334,793,8,5376,12,1913,4,12
"252","2020-06-01",77,3,249,229,3819,0.514532600157109,0,0,334,793,7,5383,20,1933,6,20
"253","2020-06-02",75,3,249,224,3819,0.514532600157109,0,0,334,793,6,5389,17,1950,5,17
"254","2020-06-03",68,3,233,215,3819,0.514532600157109,0,0,334,793,8,5397,10,1960,7,10
"255","2020-06-04",69,3,217,211,3819,0.514532600157109,0,0,334,793,13,5410,13,1973,11,13
"256","2020-06-05",61,3,230,207,3819,0.514532600157109,0,0,334,793,10,5420,15,1988,7,15
"257","2020-06-06",58,3,234,189,3819,0.514532600157109,0,0,334,793,5,5425,19,2007,5,19
"258","2020-06-07",57,3,219,179,3819,0.514532600157109,0,0,334,793,2,5427,8,2015,2,8
"259","2020-03-14",1,4,31,46,3335,0.750824587706147,0,0,292,337,36,116,17,60,15,17
"260","2020-03-15",2,4,29,54,3335,0.750824587706147,0,0,292,337,54,170,11,71,32,11
"261","2020-03-16",4,4,45,66,3335,0.750824587706147,0,0,292,337,61,231,26,97,38,26
"262","2020-03-17",7,4,41,84,3335,0.750824587706147,0,0,292,337,77,308,37,134,55,37
"263","2020-03-18",9,4,48,96,3335,0.750824587706147,0,0,292,337,80,388,36,170,61,36
"264","2020-03-19",13,4,45,122,3335,0.750824587706147,0,0,292,337,125,513,21,191,102,21
"265","2020-03-20",17,4,50,133,3335,0.750824587706147,0,0,292,337,143,656,35,226,122,35
"266","2020-03-21",21,4,45,150,3335,0.750824587706147,0,0,292,337,155,811,48,274,141,48
"267","2020-03-22",25,4,47,162,3335,0.750824587706147,0,0,292,337,228,1039,42,316,215,42
"268","2020-03-23",30,4,47,189,3335,0.750824587706147,0,0,292,337,334,1373,54,370,309,54
"269","2020-03-24",36,4,54,219,3335,0.750824587706147,0,0,292,337,350,1723,20,390,332,20
"270","2020-03-25",39,4,62,236,3335,0.750824587706147,0,0,292,337,392,2115,24,414,372,24
"271","2020-03-26",42,4,59,241,3335,0.750824587706147,0,0,292,337,506,2621,19,433,489,19
"272","2020-03-27",48,4,50,260,3335,0.750824587706147,0,0,292,337,478,3099,17,450,459,17
"273","2020-03-28",54,4,50,285,3335,0.750824587706147,0,0,292,337,480,3579,15,465,461,15
"274","2020-03-29",63,4,51,309,3335,0.750824587706147,0,0,292,337,519,4098,42,507,501,42
"275","2020-03-30",68,4,65,331,3335,0.750824587706147,0,0,292,337,471,4569,27,534,455,27
"276","2020-03-31",74,4,60,355,3335,0.750824587706147,0,0,292,337,492,5061,13,547,476,13
"277","2020-04-01",88,4,53,384,3335,0.750824587706147,0,0,292,337,386,5447,8,555,377,8
"278","2020-04-02",95,4,41,405,3335,0.750824587706147,0,0,292,337,330,5777,11,566,321,11
"279","2020-04-03",101,4,35,420,3335,0.750824587706147,0,0,292,337,315,6092,17,583,305,17
"280","2020-04-04",104,4,32,446,3335,0.750824587706147,0,0,292,337,198,6290,41,624,192,41
"281","2020-04-05",100,4,37,458,3335,0.750824587706147,0,0,292,337,188,6478,31,655,181,31
"282","2020-04-06",106,4,49,467,3335,0.750824587706147,0,0,292,337,192,6670,20,675,190,20
"283","2020-04-07",107,4,57,479,3335,0.750824587706147,0,0,292,337,145,6815,29,704,142,29
"284","2020-04-08",107,4,74,513,3335,0.750824587706147,0,0,292,337,99,6914,44,748,95,44
"285","2020-04-09",114,4,76,532,3335,0.750824587706147,0,0,292,337,80,6994,70,818,77,70
"286","2020-04-10",130,4,76,554,3335,0.750824587706147,0,0,292,337,71,7065,48,866,68,48
"287","2020-04-11",137,4,66,571,3335,0.750824587706147,0,0,292,337,70,7135,38,904,68,38
"288","2020-04-12",146,4,65,568,3335,0.750824587706147,0,0,292,337,46,7181,23,927,43,23
"289","2020-04-13",149,4,73,581,3335,0.750824587706147,0,0,292,337,41,7222,26,953,40,26
"290","2020-04-14",152,4,97,595,3335,0.750824587706147,0,0,292,337,42,7264,13,966,36,13
"291","2020-04-15",157,4,132,615,3335,0.750824587706147,0,0,292,337,31,7295,17,983,27,17
"292","2020-04-16",167,4,158,646,3335,0.750824587706147,0,0,292,337,28,7323,14,997,28,14
"293","2020-04-17",161,4,159,639,3335,0.750824587706147,0,0,292,337,20,7343,4,1001,16,4
"294","2020-04-18",165,4,170,630,3335,0.750824587706147,0,0,292,337,25,7368,8,1009,20,8
"295","2020-04-19",167,4,155,630,3335,0.750824587706147,0,0,292,337,17,7385,40,1049,16,40
"296","2020-04-20",177,4,137,630,3335,0.750824587706147,0,0,292,337,18,7403,24,1073,14,24
"297","2020-04-21",189,4,125,635,3335,0.750824587706147,0,0,292,337,5,7408,6,1079,4,6
"298","2020-04-22",181,4,112,617,3335,0.750824587706147,0,0,292,337,11,7419,9,1088,8,9
"299","2020-04-23",173,4,94,620,3335,0.750824587706147,0,0,292,337,12,7431,36,1124,7,36
"300","2020-04-24",166,4,104,622,3335,0.750824587706147,0,0,292,337,4,7435,72,1196,4,72
"301","2020-04-25",168,4,120,636,3335,0.750824587706147,0,0,292,337,13,7448,47,1243,7,47
"302","2020-04-26",179,4,103,626,3335,0.750824587706147,0,0,292,337,2,7450,21,1264,2,21
"303","2020-04-27",176,4,95,612,3335,0.750824587706147,0,0,292,337,2,7452,25,1289,2,25
"304","2020-04-28",168,4,102,596,3335,0.750824587706147,0,0,292,337,4,7456,48,1337,1,48
"305","2020-04-29",170,4,120,603,3335,0.750824587706147,0,0,292,337,7,7463,79,1416,5,79
"306","2020-04-30",177,4,108,592,3335,0.750824587706147,0,0,292,337,3,7466,34,1450,1,34
"307","2020-05-01",180,4,95,567,3335,0.750824587706147,0,0,292,337,NA,NA,32,1482,NA,32
"308","2020-05-02",175,4,116,562,3335,0.750824587706147,0,0,292,337,8,7474,15,1497,4,15
"309","2020-05-03",167,4,105,560,3335,0.750824587706147,0,0,292,337,7,7481,19,1516,4,19
"310","2020-05-04",166,4,123,533,3335,0.750824587706147,0,0,292,337,3,7484,56,1572,2,56
"311","2020-05-05",164,4,119,505,3335,0.750824587706147,0,0,292,337,4,7488,42,1614,2,42
"312","2020-05-06",168,4,133,496,3335,0.750824587706147,0,0,292,337,1,7489,32,1646,1,32
"313","2020-05-07",158,4,104,497,3335,0.750824587706147,0,0,292,337,5,7494,15,1661,3,15
"314","2020-05-08",162,4,95,486,3335,0.750824587706147,0,0,292,337,1,7495,21,1682,NA,21
"315","2020-05-09",163,4,80,480,3335,0.750824587706147,0,0,292,337,3,7498,51,1733,1,51
"316","2020-05-10",159,4,73,473,3335,0.750824587706147,0,0,292,337,2,7500,60,1793,NA,60
"317","2020-05-11",149,4,65,451,3335,0.750824587706147,0,0,292,337,4,7504,41,1834,4,41
"318","2020-05-12",150,4,84,436,3335,0.750824587706147,0,0,292,337,6,7510,25,1859,3,25
"319","2020-05-13",150,4,105,419,3335,0.750824587706147,0,0,292,337,4,7514,17,1876,NA,17
"320","2020-05-14",146,4,115,406,3335,0.750824587706147,0,0,292,337,2,7516,43,1919,1,43
"321","2020-05-15",133,4,129,410,3335,0.750824587706147,0,0,292,337,2,7518,58,1977,NA,58
"322","2020-05-16",123,4,119,402,3335,0.750824587706147,0,0,292,337,2,7520,51,2028,NA,51
"323","2020-05-17",120,4,110,408,3335,0.750824587706147,0,0,292,337,2,7522,50,2078,1,50
"324","2020-05-18",119,4,110,406,3335,0.750824587706147,0,0,292,337,1,7523,33,2111,1,33
"325","2020-05-19",114,4,128,400,3335,0.750824587706147,0,0,292,337,6,7529,25,2136,5,25
"326","2020-05-20",106,4,140,386,3335,0.750824587706147,0,0,292,337,3,7532,23,2159,2,23
"327","2020-05-21",108,4,143,374,3335,0.750824587706147,0,0,292,337,5,7537,26,2185,4,26
"328","2020-05-22",108,4,135,359,3335,0.750824587706147,0,0,292,337,2,7539,18,2203,2,18
"329","2020-05-23",108,4,126,350,3335,0.750824587706147,0,0,292,337,2,7541,25,2228,NA,25
"330","2020-05-24",104,4,110,353,3335,0.750824587706147,0,0,292,337,2,7543,14,2242,NA,14
"331","2020-05-25",98,4,105,348,3335,0.750824587706147,0,0,292,337,1,7544,7,2249,NA,7
"332","2020-05-26",95,4,96,335,3335,0.750824587706147,0,0,292,337,5,7549,15,2264,1,15
"333","2020-05-27",100,4,88,318,3335,0.750824587706147,0,0,292,337,2,7551,9,2273,1,9
"334","2020-05-28",104,4,72,301,3335,0.750824587706147,0,0,292,337,3,7554,17,2290,1,17
"335","2020-05-29",96,4,67,293,3335,0.750824587706147,0,0,292,337,3,7557,34,2324,2,34
"336","2020-05-30",94,4,63,284,3335,0.750824587706147,0,0,292,337,1,7558,32,2356,NA,32
"337","2020-05-31",98,4,64,260,3335,0.750824587706147,0,0,292,337,3,7561,52,2408,2,52
"338","2020-06-01",98,4,75,249,3335,0.750824587706147,0,0,292,337,3,7564,39,2447,1,39
"339","2020-06-02",95,4,70,244,3335,0.750824587706147,0,0,292,337,1,7565,15,2462,1,15
"340","2020-06-03",89,4,67,240,3335,0.750824587706147,0,0,292,337,1,7566,19,2481,1,19
"341","2020-06-04",74,4,75,217,3335,0.750824587706147,0,0,292,337,1,7567,11,2492,NA,11
"342","2020-06-05",76,4,91,206,3335,0.750824587706147,0,0,292,337,NA,NA,14,2506,NA,14
"343","2020-06-06",75,4,93,186,3335,0.750824587706147,0,0,292,337,1,7568,32,2538,NA,32
"344","2020-06-07",65,4,86,173,3335,0.750824587706147,0,0,292,337,NA,NA,26,2564,NA,26
"345","2020-03-13",1,5,15,34,2887,0.602355386214063,0,0,267,260,9,18,13,26,1,13
"346","2020-03-14",2,5,18,47,2887,0.602355386214063,0,0,267,260,10,28,15,41,NA,15
"347","2020-03-15",3,5,18,59,2887,0.602355386214063,0,0,267,260,12,40,13,54,5,13
"348","2020-03-16",5,5,24,70,2887,0.602355386214063,0,0,267,260,7,47,11,65,6,11
"349","2020-03-17",6,5,34,98,2887,0.602355386214063,0,0,267,260,9,56,14,79,5,14
"350","2020-03-18",9,5,36,127,2887,0.602355386214063,0,0,267,260,13,69,16,95,8,16
"351","2020-03-19",14,5,35,142,2887,0.602355386214063,0,0,267,260,9,78,14,109,3,14
"352","2020-03-20",19,5,40,160,2887,0.602355386214063,0,0,267,260,12,90,11,120,7,11
"353","2020-03-21",26,5,34,182,2887,0.602355386214063,0,0,267,260,18,108,9,129,10,9
"354","2020-03-22",31,5,32,198,2887,0.602355386214063,0,0,267,260,17,125,12,141,10,12
"355","2020-03-23",37,5,30,223,2887,0.602355386214063,0,0,267,260,10,135,13,154,5,13
"356","2020-03-24",45,5,26,254,2887,0.602355386214063,0,0,267,260,21,156,11,165,12,11
"357","2020-03-25",53,5,28,260,2887,0.602355386214063,0,0,267,260,20,176,10,175,12,10
"358","2020-03-26",54,5,23,279,2887,0.602355386214063,0,0,267,260,20,196,14,189,11,14
"359","2020-03-27",57,5,33,308,2887,0.602355386214063,0,0,267,260,17,213,17,206,9,17
"360","2020-03-28",51,5,40,322,2887,0.602355386214063,0,0,267,260,19,232,15,221,8,15
"361","2020-03-29",53,5,54,352,2887,0.602355386214063,0,0,267,260,28,260,18,239,22,18
"362","2020-03-30",57,5,54,370,2887,0.602355386214063,0,0,267,260,24,284,17,256,18,17
"363","2020-03-31",66,5,56,399,2887,0.602355386214063,0,0,267,260,19,303,13,269,9,13
"364","2020-04-01",65,5,63,411,2887,0.602355386214063,0,0,267,260,28,331,11,280,24,11
"365","2020-04-02",68,5,65,416,2887,0.602355386214063,0,0,267,260,32,363,11,291,20,11
"366","2020-04-03",79,5,69,450,2887,0.602355386214063,0,0,267,260,35,398,12,303,25,12
"367","2020-04-04",99,5,61,450,2887,0.602355386214063,0,0,267,260,33,431,9,312,28,9
"368","2020-04-05",107,5,63,464,2887,0.602355386214063,0,0,267,260,23,454,12,324,15,12
"369","2020-04-06",115,5,59,481,2887,0.602355386214063,0,0,267,260,34,488,8,332,23,8
"370","2020-04-07",115,5,66,505,2887,0.602355386214063,0,0,267,260,37,525,12,344,31,12
"371","2020-04-08",119,5,88,515,2887,0.602355386214063,0,0,267,260,37,562,30,374,30,30
"372","2020-04-09",133,5,78,517,2887,0.602355386214063,0,0,267,260,26,588,17,391,20,17
"373","2020-04-10",130,5,76,524,2887,0.602355386214063,0,0,267,260,32,620,29,420,22,29
"374","2020-04-11",136,5,67,517,2887,0.602355386214063,0,0,267,260,32,652,29,449,24,29
"375","2020-04-12",145,5,65,515,2887,0.602355386214063,0,0,267,260,36,688,31,480,31,31
"376","2020-04-13",145,5,65,503,2887,0.602355386214063,0,0,267,260,49,737,18,498,40,18
"377","2020-04-14",149,5,66,499,2887,0.602355386214063,0,0,267,260,28,765,16,514,23,16
"378","2020-04-15",158,5,79,492,2887,0.602355386214063,0,0,267,260,41,806,22,536,30,22
"379","2020-04-16",155,5,72,490,2887,0.602355386214063,0,0,267,260,36,842,9,545,27,9
"380","2020-04-17",159,5,51,494,2887,0.602355386214063,0,0,267,260,46,888,20,565,38,20
"381","2020-04-18",150,5,50,486,2887,0.602355386214063,0,0,267,260,45,933,34,599,38,34
"382","2020-04-19",148,5,64,478,2887,0.602355386214063,0,0,267,260,46,979,29,628,32,29
"383","2020-04-20",143,5,64,459,2887,0.602355386214063,0,0,267,260,37,1016,29,657,29,29
"384","2020-04-21",135,5,64,443,2887,0.602355386214063,0,0,267,260,38,1054,16,673,32,16
"385","2020-04-22",133,5,62,452,2887,0.602355386214063,0,0,267,260,37,1091,17,690,30,17
"386","2020-04-23",134,5,59,446,2887,0.602355386214063,0,0,267,260,18,1109,20,710,15,20
"387","2020-04-24",135,5,58,437,2887,0.602355386214063,0,0,267,260,33,1142,26,736,23,26
"388","2020-04-25",131,5,55,441,2887,0.602355386214063,0,0,267,260,42,1184,36,772,30,36
"389","2020-04-26",125,5,64,443,2887,0.602355386214063,0,0,267,260,27,1211,43,815,19,43
"390","2020-04-27",127,5,63,435,2887,0.602355386214063,0,0,267,260,42,1253,41,856,30,41
"391","2020-04-28",125,5,60,437,2887,0.602355386214063,0,0,267,260,18,1271,32,888,15,32
"392","2020-04-29",120,5,59,443,2887,0.602355386214063,0,0,267,260,36,1307,28,916,25,28
"393","2020-04-30",114,5,51,436,2887,0.602355386214063,0,0,267,260,26,1333,34,950,22,34
"394","2020-05-01",111,5,70,445,2887,0.602355386214063,0,0,267,260,29,1362,44,994,23,44
"395","2020-05-02",115,5,78,440,2887,0.602355386214063,0,0,267,260,31,1393,29,1023,17,29
"396","2020-05-03",119,5,78,431,2887,0.602355386214063,0,0,267,260,26,1419,27,1050,19,27
"397","2020-05-04",125,5,69,421,2887,0.602355386214063,0,0,267,260,20,1439,37,1087,13,37
"398","2020-05-05",131,5,66,432,2887,0.602355386214063,0,0,267,260,44,1483,37,1124,31,37
"399","2020-05-06",134,5,64,424,2887,0.602355386214063,0,0,267,260,26,1509,34,1158,16,34
"400","2020-05-07",132,5,66,400,2887,0.602355386214063,0,0,267,260,22,1531,43,1201,17,43
"401","2020-05-08",121,5,65,392,2887,0.602355386214063,0,0,267,260,15,1546,48,1249,9,48
"402","2020-05-09",115,5,74,379,2887,0.602355386214063,0,0,267,260,23,1569,20,1269,15,20
"403","2020-05-10",110,5,93,395,2887,0.602355386214063,0,0,267,260,33,1602,33,1302,21,33
"404","2020-05-11",102,5,102,398,2887,0.602355386214063,0,0,267,260,15,1617,23,1325,8,23
"405","2020-05-12",99,5,111,373,2887,0.602355386214063,0,0,267,260,24,1641,23,1348,17,23
"406","2020-05-13",94,5,107,358,2887,0.602355386214063,0,0,267,260,23,1664,26,1374,18,26
"407","2020-05-14",102,5,102,324,2887,0.602355386214063,0,0,267,260,24,1688,37,1411,21,37
"408","2020-05-15",104,5,88,319,2887,0.602355386214063,0,0,267,260,23,1711,34,1445,17,34
"409","2020-05-16",108,5,86,307,2887,0.602355386214063,0,0,267,260,26,1737,44,1489,19,44
"410","2020-05-17",104,5,82,304,2887,0.602355386214063,0,0,267,260,20,1757,37,1526,13,37
"411","2020-05-18",103,5,79,297,2887,0.602355386214063,0,0,267,260,15,1772,22,1548,11,22
"412","2020-05-19",99,5,73,288,2887,0.602355386214063,0,0,267,260,27,1799,28,1576,21,28
"413","2020-05-20",91,5,64,297,2887,0.602355386214063,0,0,267,260,25,1824,39,1615,22,39
"414","2020-05-21",82,5,57,293,2887,0.602355386214063,0,0,267,260,20,1844,29,1644,15,29
"415","2020-05-22",81,5,48,282,2887,0.602355386214063,0,0,267,260,20,1864,31,1675,17,31
"416","2020-05-23",70,5,50,249,2887,0.602355386214063,0,0,267,260,20,1884,34,1709,17,34
"417","2020-05-24",65,5,48,247,2887,0.602355386214063,0,0,267,260,18,1902,26,1735,15,26
"418","2020-05-25",58,5,45,240,2887,0.602355386214063,0,0,267,260,15,1917,22,1757,11,22
"419","2020-05-26",55,5,41,242,2887,0.602355386214063,0,0,267,260,17,1934,23,1780,16,23
"420","2020-05-27",57,5,42,245,2887,0.602355386214063,0,0,267,260,20,1954,23,1803,15,23
"421","2020-05-28",60,5,51,240,2887,0.602355386214063,0,0,267,260,10,1964,23,1826,9,23
"422","2020-05-29",61,5,50,245,2887,0.602355386214063,0,0,267,260,12,1976,20,1846,8,20
"423","2020-05-30",68,5,50,245,2887,0.602355386214063,0,0,267,260,18,1994,25,1871,16,25
"424","2020-05-31",67,5,55,240,2887,0.602355386214063,0,0,267,260,15,2009,11,1882,11,12
"425","2020-06-01",76,5,58,234,2887,0.602355386214063,0,0,267,260,14,2023,14,1896,10,14
"426","2020-06-02",82,5,57,221,2887,0.602355386214063,0,0,267,260,18,2041,21,1917,14,21
"427","2020-06-03",81,5,56,223,2887,0.602355386214063,0,0,267,260,11,2052,23,1940,8,23
"428","2020-06-04",69,5,55,217,2887,0.602355386214063,0,0,267,260,14,2066,15,1955,12,15
"429","2020-06-05",69,5,53,205,2887,0.602355386214063,0,0,267,260,11,2077,12,1967,8,12
"430","2020-06-06",64,5,41,202,2887,0.602355386214063,0,0,267,260,7,2084,4,1971,6,4
"431","2020-06-07",70,5,38,197,2887,0.602355386214063,0,0,267,260,16,2100,14,1985,15,14
"432","2020-03-14",2,6,64,57,7487,0.931347669293442,0,0,748,583,20,58,4,43,4,4
"433","2020-03-15",6,6,60,83,7487,0.931347669293442,0,0,748,583,21,79,18,61,6,18
"434","2020-03-16",11,6,57,105,7487,0.931347669293442,0,0,748,583,20,99,16,77,9,16
"435","2020-03-17",14,6,75,132,7487,0.931347669293442,0,0,748,583,23,122,17,94,9,17
"436","2020-03-18",18,6,66,177,7487,0.931347669293442,0,0,748,583,15,137,11,105,5,11
"437","2020-03-19",24,6,66,211,7487,0.931347669293442,0,0,748,583,19,156,15,120,6,15
"438","2020-03-20",28,6,81,279,7487,0.931347669293442,0,0,748,583,16,172,11,131,8,11
"439","2020-03-21",36,6,91,339,7487,0.931347669293442,0,0,748,583,18,190,7,138,8,7
"440","2020-03-22",40,6,83,411,7487,0.931347669293442,0,0,748,583,30,220,25,163,17,25
"441","2020-03-23",44,6,72,473,7487,0.931347669293442,0,0,748,583,28,248,9,172,14,9
"442","2020-03-24",58,6,80,573,7487,0.931347669293442,0,0,748,583,36,284,16,188,16,16
"443","2020-03-25",70,6,88,671,7487,0.931347669293442,0,0,748,583,29,313,20,208,17,20
"444","2020-03-26",89,6,73,791,7487,0.931347669293442,0,0,748,583,24,337,29,237,12,29
"445","2020-03-27",113,6,94,878,7487,0.931347669293442,0,0,748,583,34,371,35,272,19,35
"446","2020-03-28",137,6,111,1061,7487,0.931347669293442,0,0,748,583,27,398,24,296,17,24
"447","2020-03-29",172,6,115,1227,7487,0.931347669293442,0,0,748,583,29,427,17,313,14,17
"448","2020-03-30",205,6,104,1472,7487,0.931347669293442,0,0,748,583,25,452,12,325,10,12
"449","2020-03-31",250,6,90,1679,7487,0.931347669293442,0,0,748,583,40,492,7,332,26,7
"450","2020-04-01",303,6,85,1903,7487,0.931347669293442,0,0,748,583,21,513,11,343,8,11
"451","2020-04-02",330,6,111,2121,7487,0.931347669293442,0,0,748,583,34,547,25,368,14,25
"452","2020-04-03",378,6,108,2397,7487,0.931347669293442,0,0,748,583,38,585,19,387,18,19
"453","2020-04-04",445,6,108,2637,7487,0.931347669293442,0,0,748,583,29,614,9,396,10,9
"454","2020-04-05",506,6,91,2854,7487,0.931347669293442,0,0,748,583,26,640,9,405,11,9
"455","2020-04-06",585,6,92,2996,7487,0.931347669293442,0,0,748,583,38,678,7,412,22,7
"456","2020-04-07",649,6,77,3173,7487,0.931347669293442,0,0,748,583,27,705,10,422,15,10
"457","2020-04-08",697,6,72,3291,7487,0.931347669293442,0,0,748,583,27,732,11,433,13,11
"458","2020-04-09",795,6,78,3317,7487,0.931347669293442,0,0,748,583,35,767,3,436,18,3
"459","2020-04-10",849,6,87,3291,7487,0.931347669293442,0,0,748,583,34,801,6,442,20,6
"460","2020-04-11",888,6,93,3214,7487,0.931347669293442,0,0,748,583,39,840,12,454,18,12
"461","2020-04-12",927,6,126,3100,7487,0.931347669293442,0,0,748,583,49,889,26,480,27,26
"462","2020-04-13",922,6,144,2995,7487,0.931347669293442,0,0,748,583,28,917,14,494,17,14
"463","2020-04-14",909,6,151,2840,7487,0.931347669293442,0,0,748,583,46,963,10,504,29,10
"464","2020-04-15",929,6,177,2697,7487,0.931347669293442,0,0,748,583,38,1001,14,518,20,14
"465","2020-04-16",891,6,175,2492,7487,0.931347669293442,0,0,748,583,48,1049,14,532,17,14
"466","2020-04-17",881,6,168,2346,7487,0.931347669293442,0,0,748,583,52,1101,30,562,32,30
"467","2020-04-18",831,6,157,2178,7487,0.931347669293442,0,0,748,583,57,1158,26,588,37,26
"468","2020-04-19",758,6,161,2018,7487,0.931347669293442,0,0,748,583,44,1202,22,610,26,22
"469","2020-04-20",735,6,180,1811,7487,0.931347669293442,0,0,748,583,40,1242,13,623,28,13
"470","2020-04-21",688,6,166,1640,7487,0.931347669293442,0,0,748,583,48,1290,30,653,28,30
"471","2020-04-22",628,6,143,1472,7487,0.931347669293442,0,0,748,583,35,1325,19,672,16,19
"472","2020-04-23",581,6,180,1347,7487,0.931347669293442,0,0,748,583,28,1353,19,691,11,19
"473","2020-04-24",516,6,187,1206,7487,0.931347669293442,0,0,748,583,44,1397,29,720,22,29
"474","2020-04-25",469,6,186,1079,7487,0.931347669293442,0,0,748,583,37,1434,49,769,20,49
"475","2020-04-26",430,6,188,968,7487,0.931347669293442,0,0,748,583,37,1471,36,805,21,36
"476","2020-04-27",369,6,163,851,7487,0.931347669293442,0,0,748,583,30,1501,28,833,18,28
"477","2020-04-28",342,6,170,733,7487,0.931347669293442,0,0,748,583,24,1525,24,857,13,24
"478","2020-04-29",293,6,174,648,7487,0.931347669293442,0,0,748,583,19,1544,36,893,6,36
"479","2020-04-30",245,6,170,564,7487,0.931347669293442,0,0,748,583,31,1575,35,928,14,35
"480","2020-05-01",218,6,159,486,7487,0.931347669293442,0,0,748,583,31,1606,18,946,10,18
"481","2020-05-02",199,6,141,419,7487,0.931347669293442,0,0,748,583,29,1635,24,970,13,24
"482","2020-05-03",181,6,122,345,7487,0.931347669293442,0,0,748,583,25,1660,40,1010,12,40
"483","2020-05-04",167,6,144,296,7487,0.931347669293442,0,0,748,583,31,1691,10,1020,14,10
"484","2020-05-05",135,6,173,260,7487,0.931347669293442,0,0,748,583,33,1724,12,1032,14,12
"485","2020-05-06",118,6,176,239,7487,0.931347669293442,0,0,748,583,29,1753,13,1045,16,13
"486","2020-05-07",106,6,172,206,7487,0.931347669293442,0,0,748,583,20,1773,12,1057,9,12
"487","2020-05-08",82,6,138,169,7487,0.931347669293442,0,0,748,583,37,1810,10,1067,17,10
"488","2020-05-09",67,6,118,147,7487,0.931347669293442,0,0,748,583,28,1838,30,1097,10,30
"489","2020-05-10",59,6,141,140,7487,0.931347669293442,0,0,748,583,29,1867,35,1132,14,35
"490","2020-05-11",51,6,164,122,7487,0.931347669293442,0,0,748,583,28,1895,7,1139,17,7
"491","2020-05-12",51,6,176,113,7487,0.931347669293442,0,0,748,583,40,1935,14,1153,24,14
"492","2020-05-13",49,6,169,90,7487,0.931347669293442,0,0,748,583,31,1966,15,1168,15,15
"493","2020-05-14",47,6,141,82,7487,0.931347669293442,0,0,748,583,22,1988,34,1202,11,34
"494","2020-05-15",45,6,117,74,7487,0.931347669293442,0,0,748,583,22,2010,14,1216,8,14
"495","2020-05-16",38,6,102,80,7487,0.931347669293442,0,0,748,583,27,2037,15,1231,17,15
"496","2020-05-17",33,6,87,71,7487,0.931347669293442,0,0,748,583,27,2064,34,1265,14,34
"497","2020-05-18",23,6,97,64,7487,0.931347669293442,0,0,748,583,33,2097,19,1284,19,19
"498","2020-05-19",19,6,87,56,7487,0.931347669293442,0,0,748,583,28,2125,18,1302,16,18
"499","2020-05-20",13,6,91,55,7487,0.931347669293442,0,0,748,583,31,2156,7,1309,18,7
"500","2020-05-21",14,6,103,49,7487,0.931347669293442,0,0,748,583,22,2178,9,1318,13,9
"501","2020-05-22",15,6,120,50,7487,0.931347669293442,0,0,748,583,19,2197,17,1335,11,17
"502","2020-05-23",13,6,124,52,7487,0.931347669293442,0,0,748,583,22,2219,19,1354,12,19
"503","2020-05-24",14,6,118,47,7487,0.931347669293442,0,0,748,583,26,2245,11,1365,17,11
"504","2020-05-25",15,6,112,44,7487,0.931347669293442,0,0,748,583,34,2279,29,1394,17,29
"505","2020-05-26",15,6,125,36,7487,0.931347669293442,0,0,748,583,21,2300,27,1421,12,27
"506","2020-05-27",14,6,110,37,7487,0.931347669293442,0,0,748,583,18,2318,22,1443,11,22
"507","2020-05-28",11,6,102,37,7487,0.931347669293442,0,0,748,583,12,2330,31,1474,8,31
"508","2020-05-29",9,6,111,35,7487,0.931347669293442,0,0,748,583,17,2347,18,1492,10,18
"509","2020-05-30",11,6,85,33,7487,0.931347669293442,0,0,748,583,16,2363,20,1512,9,20
"510","2020-05-31",10,6,71,26,7487,0.931347669293442,0,0,748,583,14,2377,15,1527,6,15
"511","2020-06-01",10,6,79,24,7487,0.931347669293442,0,0,748,583,18,2395,17,1544,12,17
"512","2020-06-02",9,6,90,25,7487,0.931347669293442,0,0,748,583,17,2412,17,1561,11,17
"513","2020-06-03",9,6,91,23,7487,0.931347669293442,0,0,748,583,16,2428,18,1579,10,18
"514","2020-06-04",9,6,95,17,7487,0.931347669293442,0,0,748,583,12,2440,4,1583,6,4
"515","2020-06-05",9,6,92,20,7487,0.931347669293442,0,0,748,583,13,2453,9,1592,6,9
"516","2020-06-06",7,6,79,19,7487,0.931347669293442,0,0,748,583,12,2465,6,1598,7,6
"517","2020-06-07",8,6,84,19,7487,0.931347669293442,0,0,748,583,14,2479,12,1610,7,12
"518","2020-03-13",3,7,26,77,3439,0.385577202675196,0,0,340,251,11,17,13,39,NA,13
"519","2020-03-14",5,7,29,103,3439,0.385577202675196,0,0,340,251,4,21,10,49,1,10
"520","2020-03-15",9,7,34,121,3439,0.385577202675196,0,0,340,251,12,33,19,68,2,19
"521","2020-03-16",16,7,42,153,3439,0.385577202675196,0,0,340,251,10,43,17,85,3,17
"522","2020-03-17",23,7,38,184,3439,0.385577202675196,0,0,340,251,12,55,11,96,7,11
"523","2020-03-18",33,7,40,219,3439,0.385577202675196,0,0,340,251,15,70,3,99,6,3
"524","2020-03-19",40,7,46,253,3439,0.385577202675196,0,0,340,251,18,88,4,103,10,4
"525","2020-03-20",50,7,43,270,3439,0.385577202675196,0,0,340,251,17,105,2,105,10,2
"526","2020-03-21",57,7,46,302,3439,0.385577202675196,0,0,340,251,18,123,8,113,8,8
"527","2020-03-22",68,7,41,332,3439,0.385577202675196,0,0,340,251,17,140,14,127,9,14
"528","2020-03-23",71,7,45,356,3439,0.385577202675196,0,0,340,251,17,157,11,138,9,11
"529","2020-03-24",83,7,60,369,3439,0.385577202675196,0,0,340,251,25,182,3,141,17,3
"530","2020-03-25",89,7,55,371,3439,0.385577202675196,0,0,340,251,23,205,7,148,15,7
"531","2020-03-26",99,7,43,386,3439,0.385577202675196,0,0,340,251,39,244,15,163,28,15
"532","2020-03-27",107,7,44,408,3439,0.385577202675196,0,0,340,251,24,268,23,186,12,23
"533","2020-03-28",107,7,55,421,3439,0.385577202675196,0,0,340,251,32,300,28,214,22,28
"534","2020-03-29",103,7,49,425,3439,0.385577202675196,0,0,340,251,34,334,36,250,25,36
"535","2020-03-30",116,7,50,433,3439,0.385577202675196,0,0,340,251,37,371,16,266,27,16
"536","2020-03-31",110,7,59,430,3439,0.385577202675196,0,0,340,251,26,397,6,272,21,6
"537","2020-04-01",115,7,52,444,3439,0.385577202675196,0,0,340,251,33,430,8,280,28,8
"538","2020-04-02",112,7,61,446,3439,0.385577202675196,0,0,340,251,29,459,29,309,22,29
"539","2020-04-03",109,7,62,450,3439,0.385577202675196,0,0,340,251,31,490,29,338,23,29
"540","2020-04-04",115,7,64,468,3439,0.385577202675196,0,0,340,251,39,529,24,362,27,24
"541","2020-04-05",120,7,64,470,3439,0.385577202675196,0,0,340,251,35,564,13,375,27,13
"542","2020-04-06",119,7,69,477,3439,0.385577202675196,0,0,340,251,35,599,10,385,23,10
"543","2020-04-07",126,7,65,484,3439,0.385577202675196,0,0,340,251,37,636,5,390,29,5
"544","2020-04-08",122,7,69,494,3439,0.385577202675196,0,0,340,251,28,664,12,402,20,12
"545","2020-04-09",123,7,66,495,3439,0.385577202675196,0,0,340,251,51,715,27,429,43,27
"546","2020-04-10",122,7,65,501,3439,0.385577202675196,0,0,340,251,36,751,44,473,30,44
"547","2020-04-11",131,7,71,504,3439,0.385577202675196,0,0,340,251,33,784,46,519,25,46
"548","2020-04-12",132,7,70,502,3439,0.385577202675196,0,0,340,251,39,823,41,560,33,41
"549","2020-04-13",136,7,92,501,3439,0.385577202675196,0,0,340,251,29,852,38,598,25,38
"550","2020-04-14",133,7,95,510,3439,0.385577202675196,0,0,340,251,32,884,48,646,24,48
"551","2020-04-15",131,7,90,520,3439,0.385577202675196,0,0,340,251,30,914,38,684,25,38
"552","2020-04-16",135,7,91,524,3439,0.385577202675196,0,0,340,251,46,960,43,727,32,43
"553","2020-04-17",143,7,78,530,3439,0.385577202675196,0,0,340,251,41,1001,23,750,34,23
"554","2020-04-18",142,7,72,530,3439,0.385577202675196,0,0,340,251,32,1033,19,769,19,19
"555","2020-04-19",146,7,78,536,3439,0.385577202675196,0,0,340,251,37,1070,6,775,23,6
"556","2020-04-20",140,7,86,544,3439,0.385577202675196,0,0,340,251,34,1104,42,817,24,42
"557","2020-04-21",144,7,74,546,3439,0.385577202675196,0,0,340,251,30,1134,22,839,21,22
"558","2020-04-22",162,7,65,549,3439,0.385577202675196,0,0,340,251,37,1171,12,851,22,12
"559","2020-04-23",168,7,70,547,3439,0.385577202675196,0,0,340,251,24,1195,19,870,15,19
"560","2020-04-24",162,7,77,539,3439,0.385577202675196,0,0,340,251,28,1223,27,897,24,27
"561","2020-04-25",160,7,86,536,3439,0.385577202675196,0,0,340,251,37,1260,20,917,27,20
"562","2020-04-26",154,7,83,527,3439,0.385577202675196,0,0,340,251,28,1288,38,955,17,38
"563","2020-04-27",151,7,79,526,3439,0.385577202675196,0,0,340,251,44,1332,20,975,33,20
"564","2020-04-28",157,7,79,539,3439,0.385577202675196,0,0,340,251,35,1367,16,991,22,16
"565","2020-04-29",150,7,88,522,3439,0.385577202675196,0,0,340,251,35,1402,38,1029,24,38
"566","2020-04-30",146,7,87,519,3439,0.385577202675196,0,0,340,251,36,1438,14,1043,23,14
"567","2020-05-01",146,7,78,508,3439,0.385577202675196,0,0,340,251,26,1464,24,1067,20,24
"568","2020-05-02",151,7,68,509,3439,0.385577202675196,0,0,340,251,40,1504,27,1094,31,27
"569","2020-05-03",158,7,57,515,3439,0.385577202675196,0,0,340,251,34,1538,7,1101,26,7
"570","2020-05-04",168,7,66,515,3439,0.385577202675196,0,0,340,251,29,1567,9,1110,21,9
"571","2020-05-05",170,7,73,507,3439,0.385577202675196,0,0,340,251,31,1598,19,1129,23,19
"572","2020-05-06",163,7,77,507,3439,0.385577202675196,0,0,340,251,36,1634,36,1165,29,36
"573","2020-05-07",167,7,66,508,3439,0.385577202675196,0,0,340,251,34,1668,40,1205,25,40
"574","2020-05-08",165,7,52,505,3439,0.385577202675196,0,0,340,251,29,1697,25,1230,20,25
"575","2020-05-09",160,7,52,498,3439,0.385577202675196,0,0,340,251,24,1721,15,1245,15,15
"576","2020-05-10",158,7,55,499,3439,0.385577202675196,0,0,340,251,36,1757,4,1249,24,4
"577","2020-05-11",153,7,50,500,3439,0.385577202675196,0,0,340,251,22,1779,9,1258,19,9
"578","2020-05-12",152,7,52,492,3439,0.385577202675196,0,0,340,251,39,1818,32,1290,34,32
"579","2020-05-13",156,7,63,480,3439,0.385577202675196,0,0,340,251,33,1851,42,1332,27,42
"580","2020-05-14",145,7,70,459,3439,0.385577202675196,0,0,340,251,29,1880,21,1353,23,21
"581","2020-05-15",148,7,76,452,3439,0.385577202675196,0,0,340,251,28,1908,12,1365,21,12
"582","2020-05-16",138,7,66,449,3439,0.385577202675196,0,0,340,251,28,1936,8,1373,26,8
"583","2020-05-17",136,7,61,424,3439,0.385577202675196,0,0,340,251,32,1968,14,1387,26,14
"584","2020-05-18",129,7,61,412,3439,0.385577202675196,0,0,340,251,17,1985,28,1415,12,28
"585","2020-05-19",116,7,61,397,3439,0.385577202675196,0,0,340,251,26,2011,45,1460,17,45
"586","2020-05-20",106,7,62,373,3439,0.385577202675196,0,0,340,251,23,2034,42,1502,18,42
"587","2020-05-21",111,7,66,345,3439,0.385577202675196,0,0,340,251,23,2057,38,1540,18,38
"588","2020-05-22",104,7,65,349,3439,0.385577202675196,0,0,340,251,34,2091,46,1586,26,46
"589","2020-05-23",101,7,58,323,3439,0.385577202675196,0,0,340,251,24,2115,18,1604,16,18
"590","2020-05-24",94,7,54,311,3439,0.385577202675196,0,0,340,251,12,2127,21,1625,10,21
"591","2020-05-25",96,7,49,319,3439,0.385577202675196,0,0,340,251,22,2149,35,1660,14,35
"592","2020-05-26",92,7,49,315,3439,0.385577202675196,0,0,340,251,31,2180,29,1689,24,29
"593","2020-05-27",96,7,44,305,3439,0.385577202675196,0,0,340,251,14,2194,13,1702,8,13
"594","2020-05-28",85,7,46,297,3439,0.385577202675196,0,0,340,251,16,2210,32,1734,12,32
"595","2020-05-29",88,7,50,279,3439,0.385577202675196,0,0,340,251,16,2226,19,1753,10,19
"596","2020-05-30",93,7,41,263,3439,0.385577202675196,0,0,340,251,21,2247,18,1771,18,18
"597","2020-05-31",85,7,37,243,3439,0.385577202675196,0,0,340,251,19,2266,15,1786,16,15
"598","2020-06-01",76,7,44,226,3439,0.385577202675196,0,0,340,251,13,2279,15,1801,9,15
"599","2020-06-02",75,7,38,215,3439,0.385577202675196,0,0,340,251,16,2295,17,1818,13,17
"600","2020-06-03",65,7,41,207,3439,0.385577202675196,0,0,340,251,14,2309,10,1828,11,10
"601","2020-06-04",65,7,36,202,3439,0.385577202675196,0,0,340,251,20,2329,21,1849,15,21
"602","2020-06-05",59,7,45,199,3439,0.385577202675196,0,0,340,251,13,2342,20,1869,9,20
"603","2020-06-06",55,7,36,193,3439,0.385577202675196,0,0,340,251,18,2360,13,1882,15,13
"604","2020-06-07",61,7,33,199,3439,0.385577202675196,0,0,340,251,19,2379,9,1891,16,9
"605","2020-03-13",1,8,71,37,3053,0.506714706845726,0,0,293,730,14,36,6,17,1,6
"606","2020-03-14",1,8,79,59,3053,0.506714706845726,0,0,293,730,9,45,9,26,NA,9
"607","2020-03-15",4,8,86,72,3053,0.506714706845726,0,0,293,730,11,56,11,37,1,11
"608","2020-03-16",8,8,105,93,3053,0.506714706845726,0,0,293,730,18,74,4,41,2,4
"609","2020-03-17",10,8,117,114,3053,0.506714706845726,0,0,293,730,14,88,4,45,4,4
"610","2020-03-18",14,8,129,133,3053,0.506714706845726,0,0,293,730,11,99,12,57,4,12
"611","2020-03-19",19,8,138,156,3053,0.506714706845726,0,0,293,730,14,113,3,60,5,3
"612","2020-03-20",24,8,138,182,3053,0.506714706845726,0,0,293,730,13,126,6,66,3,6
"613","2020-03-21",30,8,163,213,3053,0.506714706845726,0,0,293,730,27,153,3,69,6,3
"614","2020-03-22",33,8,173,235,3053,0.506714706845726,0,0,293,730,15,168,8,77,6,8
"615","2020-03-23",36,8,191,247,3053,0.506714706845726,0,0,293,730,20,188,9,86,6,9
"616","2020-03-24",46,8,198,266,3053,0.506714706845726,0,0,293,730,21,209,8,94,9,8
"617","2020-03-25",53,8,208,300,3053,0.506714706845726,0,0,293,730,26,235,4,98,10,4
"618","2020-03-26",67,8,208,310,3053,0.506714706845726,0,0,293,730,24,259,6,104,11,6
"619","2020-03-27",70,8,203,329,3053,0.506714706845726,0,0,293,730,27,286,7,111,10,7
"620","2020-03-28",73,8,194,347,3053,0.506714706845726,0,0,293,730,27,313,10,121,16,10
"621","2020-03-29",79,8,179,368,3053,0.506714706845726,0,0,293,730,29,342,10,131,13,10
"622","2020-03-30",83,8,174,367,3053,0.506714706845726,0,0,293,730,20,362,6,137,12,6
"623","2020-03-31",83,8,182,382,3053,0.506714706845726,0,0,293,730,39,401,3,140,20,3
"624","2020-04-01",88,8,187,413,3053,0.506714706845726,0,0,293,730,31,432,11,151,14,11
"625","2020-04-02",82,8,169,428,3053,0.506714706845726,0,0,293,730,43,475,11,162,21,11
"626","2020-04-03",99,8,161,446,3053,0.506714706845726,0,0,293,730,29,504,23,185,15,23
"627","2020-04-04",111,8,153,444,3053,0.506714706845726,0,0,293,730,38,542,27,212,22,27
"628","2020-04-05",116,8,160,435,3053,0.506714706845726,0,0,293,730,29,571,18,230,12,18
"629","2020-04-06",120,8,170,444,3053,0.506714706845726,0,0,293,730,38,609,26,256,15,26
"630","2020-04-07",132,8,174,441,3053,0.506714706845726,0,0,293,730,30,639,19,275,13,19
"631","2020-04-08",129,8,170,449,3053,0.506714706845726,0,0,293,730,28,667,7,282,12,7
"632","2020-04-09",136,8,172,454,3053,0.506714706845726,0,0,293,730,32,699,13,295,19,13
"633","2020-04-10",127,8,185,467,3053,0.506714706845726,0,0,293,730,41,740,16,311,21,16
"634","2020-04-11",120,8,174,480,3053,0.506714706845726,0,0,293,730,34,774,15,326,11,15
"635","2020-04-12",122,8,166,478,3053,0.506714706845726,0,0,293,730,40,814,17,343,17,17
"636","2020-04-13",126,8,159,483,3053,0.506714706845726,0,0,293,730,26,840,23,366,13,23
"637","2020-04-14",121,8,157,495,3053,0.506714706845726,0,0,293,730,39,879,32,398,19,32
"638","2020-04-15",125,8,166,513,3053,0.506714706845726,0,0,293,730,35,914,15,413,18,15
"639","2020-04-16",133,8,149,518,3053,0.506714706845726,0,0,293,730,29,943,6,419,13,6
"640","2020-04-17",140,8,156,516,3053,0.506714706845726,0,0,293,730,25,968,18,437,15,18
"641","2020-04-18",152,8,178,524,3053,0.506714706845726,0,0,293,730,28,996,19,456,15,19
"642","2020-04-19",161,8,174,517,3053,0.506714706845726,0,0,293,730,29,1025,20,476,12,20
"643","2020-04-20",165,8,218,509,3053,0.506714706845726,0,0,293,730,29,1054,15,491,13,15
"644","2020-04-21",163,8,235,505,3053,0.506714706845726,0,0,293,730,32,1086,18,509,13,18
"645","2020-04-22",161,8,225,475,3053,0.506714706845726,0,0,293,730,29,1115,7,516,9,7
"646","2020-04-23",147,8,209,481,3053,0.506714706845726,0,0,293,730,30,1145,11,527,13,11
"647","2020-04-24",142,8,209,469,3053,0.506714706845726,0,0,293,730,27,1172,14,541,12,14
"648","2020-04-25",147,8,204,461,3053,0.506714706845726,0,0,293,730,30,1202,10,551,16,10
"649","2020-04-26",135,8,199,466,3053,0.506714706845726,0,0,293,730,22,1224,13,564,10,13
"650","2020-04-27",132,8,223,455,3053,0.506714706845726,0,0,293,730,36,1260,12,576,12,12
"651","2020-04-28",138,8,232,435,3053,0.506714706845726,0,0,293,730,38,1298,12,588,22,12
"652","2020-04-29",139,8,240,424,3053,0.506714706845726,0,0,293,730,34,1332,12,600,12,12
"653","2020-04-30",135,8,253,428,3053,0.506714706845726,0,0,293,730,30,1362,13,613,11,13
"654","2020-05-01",140,8,257,422,3053,0.506714706845726,0,0,293,730,37,1399,8,621,18,8
"655","2020-05-02",125,8,245,428,3053,0.506714706845726,0,0,293,730,18,1417,3,624,3,3
"656","2020-05-03",128,8,235,426,3053,0.506714706845726,0,0,293,730,29,1446,7,631,17,7
"657","2020-05-04",116,8,224,410,3053,0.506714706845726,0,0,293,730,32,1478,22,653,12,22
"658","2020-05-05",108,8,210,407,3053,0.506714706845726,0,0,293,730,38,1516,9,662,20,9
"659","2020-05-06",107,8,230,400,3053,0.506714706845726,0,0,293,730,29,1545,7,669,16,7
"660","2020-05-07",111,8,242,396,3053,0.506714706845726,0,0,293,730,32,1577,8,677,16,8
"661","2020-05-08",109,8,244,405,3053,0.506714706845726,0,0,293,730,25,1602,2,679,10,2
"662","2020-05-09",107,8,229,395,3053,0.506714706845726,0,0,293,730,22,1624,12,691,9,12
"663","2020-05-10",102,8,220,387,3053,0.506714706845726,0,0,293,730,36,1660,12,703,23,12
"664","2020-05-11",110,8,218,390,3053,0.506714706845726,0,0,293,730,29,1689,12,715,14,12
"665","2020-05-12",113,8,204,385,3053,0.506714706845726,0,0,293,730,33,1722,6,721,15,6
"666","2020-05-13",121,8,212,378,3053,0.506714706845726,0,0,293,730,27,1749,15,736,7,15
"667","2020-05-14",119,8,227,373,3053,0.506714706845726,0,0,293,730,22,1771,19,755,9,19
"668","2020-05-15",113,8,219,366,3053,0.506714706845726,0,0,293,730,21,1792,29,784,9,29
"669","2020-05-16",111,8,209,352,3053,0.506714706845726,0,0,293,730,26,1818,23,807,12,23
"670","2020-05-17",117,8,216,356,3053,0.506714706845726,0,0,293,730,20,1838,31,838,8,31
"671","2020-05-18",116,8,229,348,3053,0.506714706845726,0,0,293,730,24,1862,17,855,12,17
"672","2020-05-19",107,8,230,332,3053,0.506714706845726,0,0,293,730,21,1883,18,873,6,18
"673","2020-05-20",101,8,224,323,3053,0.506714706845726,0,0,293,730,19,1902,11,884,6,11
"674","2020-05-21",103,8,221,323,3053,0.506714706845726,0,0,293,730,17,1919,7,891,6,7
"675","2020-05-22",104,8,202,323,3053,0.506714706845726,0,0,293,730,11,1930,12,903,5,12
"676","2020-05-23",107,8,200,329,3053,0.506714706845726,0,0,293,730,16,1946,8,911,8,8
"677","2020-05-24",100,8,189,331,3053,0.506714706845726,0,0,293,730,22,1968,5,916,5,5
"678","2020-05-25",98,8,186,325,3053,0.506714706845726,0,0,293,730,12,1980,4,920,8,4
"679","2020-05-26",95,8,179,321,3053,0.506714706845726,0,0,293,730,13,1993,5,925,8,5
"680","2020-05-27",91,8,192,316,3053,0.506714706845726,0,0,293,730,16,2009,12,937,7,12
"681","2020-05-28",93,8,190,298,3053,0.506714706845726,0,0,293,730,13,2022,23,960,5,23
"682","2020-05-29",86,8,181,296,3053,0.506714706845726,0,0,293,730,16,2038,12,972,6,12
"683","2020-05-30",80,8,195,284,3053,0.506714706845726,0,0,293,730,17,2055,11,983,7,11
"684","2020-05-31",78,8,183,272,3053,0.506714706845726,0,0,293,730,9,2064,18,1001,4,18
"685","2020-06-01",78,8,185,275,3053,0.506714706845726,0,0,293,730,10,2074,16,1017,3,16
"686","2020-06-02",90,8,167,258,3053,0.506714706845726,0,0,293,730,18,2092,16,1033,4,16
"687","2020-06-03",90,8,170,248,3053,0.506714706845726,0,0,293,730,16,2108,10,1043,5,10
"688","2020-06-04",81,8,177,249,3053,0.506714706845726,0,0,293,730,13,2121,9,1052,6,9
"689","2020-06-05",85,8,193,244,3053,0.506714706845726,0,0,293,730,11,2132,10,1062,4,10
"690","2020-06-06",87,8,203,232,3053,0.506714706845726,0,0,293,730,12,2144,12,1074,4,12
"691","2020-06-07",83,8,194,227,3053,0.506714706845726,0,0,293,730,20,2164,10,1084,9,10
"692","2020-03-16",1,9,37,24,7231,0.977458166228737,0,0,659,378,11,50,7,61,8,7
"693","2020-03-17",3,9,46,35,7231,0.977458166228737,0,0,659,378,16,66,24,85,9,24
"694","2020-03-18",3,9,50,44,7231,0.977458166228737,0,0,659,378,16,82,21,106,13,21
"695","2020-03-19",5,9,54,54,7231,0.977458166228737,0,0,659,378,18,100,11,117,15,11
"696","2020-03-20",9,9,62,81,7231,0.977458166228737,0,0,659,378,25,125,9,126,24,9
"697","2020-03-21",12,9,68,102,7231,0.977458166228737,0,0,659,378,21,146,5,131,17,5
"698","2020-03-22",20,9,62,134,7231,0.977458166228737,0,0,659,378,30,176,11,142,27,11
"699","2020-03-23",29,9,53,160,7231,0.977458166228737,0,0,659,378,26,202,16,158,26,16
"700","2020-03-24",32,9,41,190,7231,0.977458166228737,0,0,659,378,29,231,35,193,24,35
"701","2020-03-25",36,9,54,214,7231,0.977458166228737,0,0,659,378,30,261,34,227,24,34
"702","2020-03-26",44,9,55,255,7231,0.977458166228737,0,0,659,378,42,303,39,266,40,39
"703","2020-03-27",49,9,73,330,7231,0.977458166228737,0,0,659,378,41,344,29,295,39,29
"704","2020-03-28",49,9,77,391,7231,0.977458166228737,0,0,659,378,42,386,15,310,37,15
"705","2020-03-29",61,9,81,476,7231,0.977458166228737,0,0,659,378,55,441,16,326,53,16
"706","2020-03-30",62,9,93,536,7231,0.977458166228737,0,0,659,378,41,482,19,345,41,19
"707","2020-03-31",74,9,84,654,7231,0.977458166228737,0,0,659,378,36,518,15,360,33,15
"708","2020-04-01",99,9,81,771,7231,0.977458166228737,0,0,659,378,48,566,10,370,45,10
"709","2020-04-02",120,9,70,894,7231,0.977458166228737,0,0,659,378,40,606,9,379,38,9
"710","2020-04-03",137,9,73,1010,7231,0.977458166228737,0,0,659,378,44,650,16,395,38,16
"711","2020-04-04",164,9,62,1140,7231,0.977458166228737,0,0,659,378,60,710,19,414,53,19
"712","2020-04-05",188,9,65,1356,7231,0.977458166228737,0,0,659,378,69,779,8,422,67,8
"713","2020-04-06",242,9,61,1548,7231,0.977458166228737,0,0,659,378,49,828,16,438,44,16
"714","2020-04-07",279,9,60,1743,7231,0.977458166228737,0,0,659,378,68,896,9,447,64,9
"715","2020-04-08",301,9,75,1929,7231,0.977458166228737,0,0,659,378,64,960,25,472,62,25
"716","2020-04-09",361,9,84,2149,7231,0.977458166228737,0,0,659,378,86,1046,11,483,82,11
"717","2020-04-10",421,9,77,2292,7231,0.977458166228737,0,0,659,378,85,1131,17,500,81,17
"718","2020-04-11",489,9,83,2424,7231,0.977458166228737,0,0,659,378,58,1189,18,518,56,18
"719","2020-04-12",537,9,89,2577,7231,0.977458166228737,0,0,659,378,99,1288,33,551,94,33
"720","2020-04-13",580,9,91,2694,7231,0.977458166228737,0,0,659,378,68,1356,40,591,66,40
"721","2020-04-14",632,9,99,2843,7231,0.977458166228737,0,0,659,378,91,1447,29,620,86,29
"722","2020-04-15",689,9,128,2910,7231,0.977458166228737,0,0,659,378,82,1529,28,648,81,28
"723","2020-04-16",707,9,132,3022,7231,0.977458166228737,0,0,659,378,66,1595,38,686,65,38
"724","2020-04-17",730,9,119,3109,7231,0.977458166228737,0,0,659,378,83,1678,49,735,78,49
"725","2020-04-18",766,9,133,3064,7231,0.977458166228737,0,0,659,378,103,1781,55,790,98,55
"726","2020-04-19",787,9,146,3034,7231,0.977458166228737,0,0,659,378,72,1853,29,819,68,29
"727","2020-04-20",803,9,159,2959,7231,0.977458166228737,0,0,659,378,68,1921,27,846,63,27
"728","2020-04-21",833,9,164,2866,7231,0.977458166228737,0,0,659,378,78,1999,26,872,73,26
"729","2020-04-22",854,9,161,2740,7231,0.977458166228737,0,0,659,378,56,2055,17,889,53,17
"730","2020-04-23",859,9,161,2597,7231,0.977458166228737,0,0,659,378,95,2150,42,931,87,42
"731","2020-04-24",861,9,156,2459,7231,0.977458166228737,0,0,659,378,68,2218,14,945,63,14
"732","2020-04-25",830,9,175,2273,7231,0.977458166228737,0,0,659,378,89,2307,12,957,85,12
"733","2020-04-26",808,9,195,2099,7231,0.977458166228737,0,0,659,378,71,2378,13,970,67,13
"734","2020-04-27",771,9,228,1903,7231,0.977458166228737,0,0,659,378,69,2447,9,979,66,9
"735","2020-04-28",706,9,221,1746,7231,0.977458166228737,0,0,659,378,60,2507,16,995,59,16
"736","2020-04-29",652,9,201,1575,7231,0.977458166228737,0,0,659,378,53,2560,15,1010,49,15
"737","2020-04-30",597,9,183,1385,7231,0.977458166228737,0,0,659,378,56,2616,17,1027,52,17
"738","2020-05-01",536,9,178,1206,7231,0.977458166228737,0,0,659,378,63,2679,27,1054,62,27
"739","2020-05-02",485,9,179,1054,7231,0.977458166228737,0,0,659,378,59,2738,12,1066,53,12
"740","2020-05-03",435,9,174,912,7231,0.977458166228737,0,0,659,378,50,2788,18,1084,47,18
"741","2020-05-04",394,9,170,806,7231,0.977458166228737,0,0,659,378,45,2833,46,1130,44,46
"742","2020-05-05",354,9,154,681,7231,0.977458166228737,0,0,659,378,43,2876,33,1163,40,33
"743","2020-05-06",314,9,137,583,7231,0.977458166228737,0,0,659,378,45,2921,13,1176,44,13
"744","2020-05-07",279,9,121,507,7231,0.977458166228737,0,0,659,378,41,2962,35,1211,39,35
"745","2020-05-08",259,9,137,446,7231,0.977458166228737,0,0,659,378,59,3021,26,1237,57,26
"746","2020-05-09",222,9,141,370,7231,0.977458166228737,0,0,659,378,32,3053,19,1256,31,19
"747","2020-05-10",191,9,142,319,7231,0.977458166228737,0,0,659,378,42,3095,19,1275,39,19
"748","2020-05-11",154,9,146,268,7231,0.977458166228737,0,0,659,378,32,3127,10,1285,32,10
"749","2020-05-12",133,9,149,217,7231,0.977458166228737,0,0,659,378,37,3164,6,1291,35,6
"750","2020-05-13",107,9,137,174,7231,0.977458166228737,0,0,659,378,35,3199,14,1305,31,14
"751","2020-05-14",95,9,121,146,7231,0.977458166228737,0,0,659,378,30,3229,14,1319,29,14
"752","2020-05-15",70,9,98,120,7231,0.977458166228737,0,0,659,378,40,3269,34,1353,40,34
"753","2020-05-16",58,9,92,96,7231,0.977458166228737,0,0,659,378,23,3292,13,1366,22,13
"754","2020-05-17",55,9,101,78,7231,0.977458166228737,0,0,659,378,38,3330,9,1375,36,9
"755","2020-05-18",49,9,96,56,7231,0.977458166228737,0,0,659,378,36,3366,11,1386,34,11
"756","2020-05-19",42,9,102,48,7231,0.977458166228737,0,0,659,378,35,3401,12,1398,34,12
"757","2020-05-20",35,9,114,40,7231,0.977458166228737,0,0,659,378,19,3420,21,1419,17,21
"758","2020-05-21",24,9,109,33,7231,0.977458166228737,0,0,659,378,28,3448,19,1438,27,19
"759","2020-05-22",20,9,112,23,7231,0.977458166228737,0,0,659,378,20,3468,15,1453,18,15
"760","2020-05-23",18,9,118,19,7231,0.977458166228737,0,0,659,378,28,3496,21,1474,26,21
"761","2020-05-24",12,9,112,18,7231,0.977458166228737,0,0,659,378,37,3533,27,1501,35,27
"762","2020-05-25",9,9,103,16,7231,0.977458166228737,0,0,659,378,17,3550,18,1519,16,18
"763","2020-05-26",6,9,92,14,7231,0.977458166228737,0,0,659,378,23,3573,25,1544,23,25
"764","2020-05-27",4,9,97,10,7231,0.977458166228737,0,0,659,378,19,3592,21,1565,18,21
"765","2020-05-28",4,9,95,13,7231,0.977458166228737,0,0,659,378,18,3610,26,1591,18,26
"766","2020-05-29",3,9,80,12,7231,0.977458166228737,0,0,659,378,30,3640,19,1610,25,19
"767","2020-05-30",3,9,84,14,7231,0.977458166228737,0,0,659,378,18,3658,13,1623,18,13
"768","2020-05-31",2,9,78,12,7231,0.977458166228737,0,0,659,378,14,3672,23,1646,12,23
"769","2020-06-01",2,9,81,8,7231,0.977458166228737,0,0,659,378,26,3698,26,1672,26,26
"770","2020-06-02",2,9,81,8,7231,0.977458166228737,0,0,659,378,14,3712,13,1685,14,13
"771","2020-06-03",2,9,76,8,7231,0.977458166228737,0,0,659,378,20,3732,8,1693,20,8
"772","2020-06-04",2,9,77,8,7231,0.977458166228737,0,0,659,378,20,3752,10,1703,19,10
"773","2020-06-05",2,9,84,8,7231,0.977458166228737,0,0,659,378,18,3770,7,1710,17,7
"774","2020-06-06",1,9,86,8,7231,0.977458166228737,0,0,659,378,17,3787,4,1714,17,4
"775","2020-06-07",2,9,83,6,7231,0.977458166228737,0,0,659,378,21,3808,3,1717,20,3
"776","2020-03-14",1,10,37,19,1610,0.758385093167702,0,0,158,522,19,48,5,23,1,5
"777","2020-03-15",2,10,45,30,1610,0.758385093167702,0,0,158,522,11,59,2,25,2,2
"778","2020-03-16",3,10,39,34,1610,0.758385093167702,0,0,158,522,12,71,1,26,3,1
"779","2020-03-17",6,10,54,40,1610,0.758385093167702,0,0,158,522,20,91,5,31,10,5
"780","2020-03-18",7,10,55,47,1610,0.758385093167702,0,0,158,522,24,115,4,35,10,4
"781","2020-03-19",8,10,53,59,1610,0.758385093167702,0,0,158,522,17,132,4,39,10,4
"782","2020-03-20",10,10,45,65,1610,0.758385093167702,0,0,158,522,17,149,15,54,8,15
"783","2020-03-21",16,10,51,78,1610,0.758385093167702,0,0,158,522,21,170,5,59,14,5
"784","2020-03-22",18,10,60,81,1610,0.758385093167702,0,0,158,522,29,199,11,70,21,11
"785","2020-03-23",19,10,67,93,1610,0.758385093167702,0,0,158,522,31,230,11,81,22,11
"786","2020-03-24",17,10,62,98,1610,0.758385093167702,0,0,158,522,30,260,9,90,20,9
"787","2020-03-25",19,10,71,101,1610,0.758385093167702,0,0,158,522,38,298,11,101,27,11
"788","2020-03-26",24,10,79,108,1610,0.758385093167702,0,0,158,522,37,335,7,108,21,7
"789","2020-03-27",22,10,77,113,1610,0.758385093167702,0,0,158,522,50,385,5,113,43,5
"790","2020-03-28",18,10,68,114,1610,0.758385093167702,0,0,158,522,32,417,7,120,22,7
"791","2020-03-29",19,10,62,120,1610,0.758385093167702,0,0,158,522,44,461,10,130,30,10
"792","2020-03-30",24,10,78,130,1610,0.758385093167702,0,0,158,522,55,516,4,134,40,4
"793","2020-03-31",29,10,96,130,1610,0.758385093167702,0,0,158,522,43,559,15,149,30,15
"794","2020-04-01",34,10,101,136,1610,0.758385093167702,0,0,158,522,58,617,9,158,41,9
"795","2020-04-02",36,10,108,141,1610,0.758385093167702,0,0,158,522,55,672,16,174,43,16
"796","2020-04-03",43,10,85,144,1610,0.758385093167702,0,0,158,522,60,732,10,184,47,10
"797","2020-04-04",49,10,85,140,1610,0.758385093167702,0,0,158,522,59,791,3,187,45,3
"798","2020-04-05",54,10,80,150,1610,0.758385093167702,0,0,158,522,64,855,14,201,51,14
"799","2020-04-06",53,10,90,162,1610,0.758385093167702,0,0,158,522,66,921,11,212,52,11
"800","2020-04-07",57,10,83,180,1610,0.758385093167702,0,0,158,522,57,978,23,235,46,23
"801","2020-04-08",55,10,102,189,1610,0.758385093167702,0,0,158,522,65,1043,11,246,53,11
"802","2020-04-09",56,10,113,197,1610,0.758385093167702,0,0,158,522,68,1111,11,257,52,11
"803","2020-04-10",55,10,111,207,1610,0.758385093167702,0,0,158,522,63,1174,6,263,53,6
"804","2020-04-11",55,10,97,221,1610,0.758385093167702,0,0,158,522,77,1251,5,268,66,5
"805","2020-04-12",54,10,87,231,1610,0.758385093167702,0,0,158,522,53,1304,17,285,47,17
"806","2020-04-13",54,10,78,250,1610,0.758385093167702,0,0,158,522,76,1380,4,289,60,4
"807","2020-04-14",56,10,65,257,1610,0.758385093167702,0,0,158,522,71,1451,6,295,54,6
"808","2020-04-15",63,10,65,265,1610,0.758385093167702,0,0,158,522,72,1523,5,300,51,5
"809","2020-04-16",62,10,86,274,1610,0.758385093167702,0,0,158,522,63,1586,14,314,46,14
"810","2020-04-17",73,10,83,288,1610,0.758385093167702,0,0,158,522,59,1645,5,319,48,5
"811","2020-04-18",73,10,81,295,1610,0.758385093167702,0,0,158,522,77,1722,9,328,61,9
"812","2020-04-19",79,10,103,308,1610,0.758385093167702,0,0,158,522,78,1800,9,337,60,9
"813","2020-04-20",85,10,115,306,1610,0.758385093167702,0,0,158,522,79,1879,12,349,62,12
"814","2020-04-21",82,10,132,299,1610,0.758385093167702,0,0,158,522,42,1921,12,361,33,12
"815","2020-04-22",80,10,135,297,1610,0.758385093167702,0,0,158,522,64,1985,14,375,54,14
"816","2020-04-23",87,10,117,308,1610,0.758385093167702,0,0,158,522,90,2075,6,381,75,6
"817","2020-04-24",86,10,112,312,1610,0.758385093167702,0,0,158,522,68,2143,7,388,51,7
"818","2020-04-25",87,10,104,303,1610,0.758385093167702,0,0,158,522,67,2210,15,403,55,15
"819","2020-04-26",85,10,99,300,1610,0.758385093167702,0,0,158,522,84,2294,28,431,71,28
"820","2020-04-27",87,10,112,305,1610,0.758385093167702,0,0,158,522,61,2355,21,452,48,21
"821","2020-04-28",89,10,127,308,1610,0.758385093167702,0,0,158,522,71,2426,24,476,55,24
"822","2020-04-29",89,10,134,305,1610,0.758385093167702,0,0,158,522,61,2487,7,483,48,7
"823","2020-04-30",86,10,133,291,1610,0.758385093167702,0,0,158,522,58,2545,14,497,45,14
"824","2020-05-01",80,10,115,283,1610,0.758385093167702,0,0,158,522,73,2618,9,506,63,9
"825","2020-05-02",85,10,104,265,1610,0.758385093167702,0,0,158,522,74,2692,12,518,65,12
"826","2020-05-03",77,10,119,260,1610,0.758385093167702,0,0,158,522,45,2737,12,530,34,12
"827","2020-05-04",76,10,118,253,1610,0.758385093167702,0,0,158,522,67,2804,10,540,55,10
"828","2020-05-05",77,10,128,247,1610,0.758385093167702,0,0,158,522,41,2845,8,548,33,8
"829","2020-05-06",75,10,149,233,1610,0.758385093167702,0,0,158,522,52,2897,13,561,42,13
"830","2020-05-07",73,10,144,230,1610,0.758385093167702,0,0,158,522,48,2945,15,576,42,15
"831","2020-05-08",70,10,149,230,1610,0.758385093167702,0,0,158,522,67,3012,16,592,52,16
"832","2020-05-09",67,10,167,232,1610,0.758385093167702,0,0,158,522,45,3057,11,603,35,11
"833","2020-05-10",77,10,169,228,1610,0.758385093167702,0,0,158,522,36,3093,12,615,29,12
"834","2020-05-11",78,10,181,233,1610,0.758385093167702,0,0,158,522,67,3160,26,641,50,26
"835","2020-05-12",73,10,192,223,1610,0.758385093167702,0,0,158,522,53,3213,18,659,41,18
"836","2020-05-13",70,10,167,218,1610,0.758385093167702,0,0,158,522,52,3265,18,677,44,18
"837","2020-05-14",71,10,160,210,1610,0.758385093167702,0,0,158,522,58,3323,20,697,52,20
"838","2020-05-15",77,10,150,206,1610,0.758385093167702,0,0,158,522,32,3355,19,716,22,19
"839","2020-05-16",74,10,148,187,1610,0.758385093167702,0,0,158,522,60,3415,15,731,49,15
"840","2020-05-17",65,10,134,181,1610,0.758385093167702,0,0,158,522,34,3449,14,745,28,14
"841","2020-05-18",61,10,123,179,1610,0.758385093167702,0,0,158,522,42,3491,10,755,29,10
"842","2020-05-19",56,10,105,178,1610,0.758385093167702,0,0,158,522,34,3525,8,763,27,8
"843","2020-05-20",53,10,96,185,1610,0.758385093167702,0,0,158,522,43,3568,8,771,37,8
"844","2020-05-21",49,10,90,176,1610,0.758385093167702,0,0,158,522,40,3608,10,781,28,10
"845","2020-05-22",40,10,84,178,1610,0.758385093167702,0,0,158,522,22,3630,8,789,16,8
"846","2020-05-23",41,10,87,178,1610,0.758385093167702,0,0,158,522,38,3668,21,810,27,21
"847","2020-05-24",49,10,91,162,1610,0.758385093167702,0,0,158,522,31,3699,10,820,27,10
"848","2020-05-25",48,10,82,156,1610,0.758385093167702,0,0,158,522,22,3721,7,827,20,7
"849","2020-05-26",54,10,72,159,1610,0.758385093167702,0,0,158,522,33,3754,6,833,27,6
"850","2020-05-27",55,10,66,164,1610,0.758385093167702,0,0,158,522,19,3773,4,837,17,4
"851","2020-05-28",52,10,59,167,1610,0.758385093167702,0,0,158,522,22,3795,8,845,17,8
"852","2020-05-29",58,10,78,168,1610,0.758385093167702,0,0,158,522,13,3808,13,858,10,13
"853","2020-05-30",51,10,75,175,1610,0.758385093167702,0,0,158,522,21,3829,3,861,14,3
"854","2020-05-31",40,10,74,173,1610,0.758385093167702,0,0,158,522,17,3846,10,871,15,10
"855","2020-06-01",35,10,77,176,1610,0.758385093167702,0,0,158,522,15,3861,8,879,11,8
"856","2020-06-02",35,10,77,180,1610,0.758385093167702,0,0,158,522,18,3879,3,882,13,3
"857","2020-06-03",40,10,77,180,1610,0.758385093167702,0,0,158,522,21,3900,6,888,16,6
"858","2020-06-04",44,10,72,173,1610,0.758385093167702,0,0,158,522,15,3915,5,893,11,5
"859","2020-06-05",41,10,82,180,1610,0.758385093167702,0,0,158,522,13,3928,5,898,9,5
"860","2020-06-06",47,10,74,185,1610,0.758385093167702,0,0,158,522,9,3937,8,906,7,8
"861","2020-06-07",56,10,70,181,1610,0.758385093167702,0,0,158,522,19,3956,11,917,13,11
"862","2020-03-15",1,11,49,84,3462,0.607163489312536,0,0,339,391,29,123,10,55,8,10
"863","2020-03-16",9,11,55,116,3462,0.607163489312536,0,0,339,391,32,155,18,73,14,18
"864","2020-03-17",13,11,67,150,3462,0.607163489312536,0,0,339,391,41,196,17,90,20,17
"865","2020-03-18",15,11,73,184,3462,0.607163489312536,0,0,339,391,32,228,28,118,15,28
"866","2020-03-19",19,11,72,210,3462,0.607163489312536,0,0,339,391,36,264,28,146,18,28
"867","2020-03-20",24,11,65,243,3462,0.607163489312536,0,0,339,391,48,312,34,180,24,34
"868","2020-03-21",31,11,80,285,3462,0.607163489312536,0,0,339,391,46,358,37,217,28,37
"869","2020-03-22",45,11,85,314,3462,0.607163489312536,0,0,339,391,55,413,32,249,29,32
"870","2020-03-23",53,11,77,350,3462,0.607163489312536,0,0,339,391,43,456,26,275,26,26
"871","2020-03-24",58,11,75,369,3462,0.607163489312536,0,0,339,391,54,510,21,296,28,21
"872","2020-03-25",69,11,77,402,3462,0.607163489312536,0,0,339,391,45,555,23,319,28,23
"873","2020-03-26",82,11,89,417,3462,0.607163489312536,0,0,339,391,53,608,19,338,27,19
"874","2020-03-27",101,11,116,427,3462,0.607163489312536,0,0,339,391,57,665,27,365,32,27
"875","2020-03-28",108,11,128,452,3462,0.607163489312536,0,0,339,391,54,719,34,399,30,34
"876","2020-03-29",114,11,124,481,3462,0.607163489312536,0,0,339,391,46,765,39,438,27,39
"877","2020-03-30",112,11,135,482,3462,0.607163489312536,0,0,339,391,50,815,29,467,29,29
"878","2020-03-31",119,11,133,503,3462,0.607163489312536,0,0,339,391,55,870,24,491,31,24
"879","2020-04-01",133,11,136,506,3462,0.607163489312536,0,0,339,391,47,917,24,515,29,24
"880","2020-04-02",135,11,136,511,3462,0.607163489312536,0,0,339,391,57,974,20,535,30,20
"881","2020-04-03",131,11,123,525,3462,0.607163489312536,0,0,339,391,60,1034,37,572,37,37
"882","2020-04-04",138,11,142,549,3462,0.607163489312536,0,0,339,391,52,1086,45,617,29,45
"883","2020-04-05",140,11,127,557,3462,0.607163489312536,0,0,339,391,51,1137,53,670,36,53
"884","2020-04-06",150,11,123,573,3462,0.607163489312536,0,0,339,391,64,1201,38,708,37,38
"885","2020-04-07",151,11,113,587,3462,0.607163489312536,0,0,339,391,62,1263,50,758,39,50
"886","2020-04-08",158,11,102,588,3462,0.607163489312536,0,0,339,391,57,1320,30,788,26,30
"887","2020-04-09",161,11,127,595,3462,0.607163489312536,0,0,339,391,53,1373,30,818,39,30
"888","2020-04-10",167,11,133,598,3462,0.607163489312536,0,0,339,391,58,1431,37,855,33,37
"889","2020-04-11",171,11,123,616,3462,0.607163489312536,0,0,339,391,67,1498,38,893,40,38
"890","2020-04-12",177,11,134,627,3462,0.607163489312536,0,0,339,391,56,1554,45,938,36,45
"891","2020-04-13",183,11,130,617,3462,0.607163489312536,0,0,339,391,58,1612,43,981,45,43
"892","2020-04-14",195,11,116,629,3462,0.607163489312536,0,0,339,391,71,1683,37,1018,48,37
"893","2020-04-15",184,11,105,643,3462,0.607163489312536,0,0,339,391,54,1737,35,1053,32,35
"894","2020-04-16",191,11,125,628,3462,0.607163489312536,0,0,339,391,73,1810,34,1087,46,34
"895","2020-04-17",189,11,122,617,3462,0.607163489312536,0,0,339,391,51,1861,28,1115,33,28
"896","2020-04-18",192,11,129,606,3462,0.607163489312536,0,0,339,391,56,1917,24,1139,33,24
"897","2020-04-19",189,11,125,591,3462,0.607163489312536,0,0,339,391,64,1981,30,1169,35,30
"898","2020-04-20",187,11,115,586,3462,0.607163489312536,0,0,339,391,70,2051,21,1190,44,21
"899","2020-04-21",183,11,113,562,3462,0.607163489312536,0,0,339,391,58,2109,26,1216,33,26
"900","2020-04-22",177,11,128,564,3462,0.607163489312536,0,0,339,391,41,2150,50,1266,22,50
"901","2020-04-23",176,11,125,547,3462,0.607163489312536,0,0,339,391,50,2200,32,1298,32,32
"902","2020-04-24",175,11,117,543,3462,0.607163489312536,0,0,339,391,48,2248,34,1332,24,34
"903","2020-04-25",170,11,102,527,3462,0.607163489312536,0,0,339,391,47,2295,40,1372,25,40
"904","2020-04-26",161,11,110,509,3462,0.607163489312536,0,0,339,391,56,2351,48,1420,27,48
"905","2020-04-27",151,11,133,513,3462,0.607163489312536,0,0,339,391,44,2395,54,1474,25,54
"906","2020-04-28",144,11,123,496,3462,0.607163489312536,0,0,339,391,50,2445,51,1525,28,51
"907","2020-04-29",152,11,125,484,3462,0.607163489312536,0,0,339,391,45,2490,40,1565,19,40
"908","2020-04-30",140,11,142,483,3462,0.607163489312536,0,0,339,391,44,2534,38,1603,17,38
"909","2020-05-01",131,11,140,488,3462,0.607163489312536,0,0,339,391,46,2580,46,1649,23,46
"910","2020-05-02",136,11,167,465,3462,0.607163489312536,0,0,339,391,52,2632,28,1677,25,28
"911","2020-05-03",134,11,165,464,3462,0.607163489312536,0,0,339,391,47,2679,30,1707,26,30
"912","2020-05-04",138,11,155,467,3462,0.607163489312536,0,0,339,391,30,2709,43,1750,13,43
"913","2020-05-05",138,11,142,452,3462,0.607163489312536,0,0,339,391,54,2763,36,1786,30,36
"914","2020-05-06",126,11,149,440,3462,0.607163489312536,0,0,339,391,39,2802,44,1830,20,44
"915","2020-05-07",126,11,158,427,3462,0.607163489312536,0,0,339,391,48,2850,57,1887,24,57
"916","2020-05-08",125,11,143,414,3462,0.607163489312536,0,0,339,391,44,2894,54,1941,20,54
"917","2020-05-09",112,11,125,401,3462,0.607163489312536,0,0,339,391,43,2937,40,1981,20,40
"918","2020-05-10",115,11,114,402,3462,0.607163489312536,0,0,339,391,32,2969,34,2015,16,34
"919","2020-05-11",108,11,94,390,3462,0.607163489312536,0,0,339,391,33,3002,48,2063,15,48
"920","2020-05-12",110,11,80,363,3462,0.607163489312536,0,0,339,391,45,3047,24,2087,25,24
"921","2020-05-13",111,11,71,346,3462,0.607163489312536,0,0,339,391,30,3077,39,2126,15,39
"922","2020-05-14",111,11,63,345,3462,0.607163489312536,0,0,339,391,32,3109,57,2183,19,57
"923","2020-05-15",110,11,66,350,3462,0.607163489312536,0,0,339,391,42,3151,50,2233,23,50
"924","2020-05-16",107,11,72,356,3462,0.607163489312536,0,0,339,391,25,3176,66,2299,10,66
"925","2020-05-17",104,11,100,352,3462,0.607163489312536,0,0,339,391,30,3206,45,2344,13,45
"926","2020-05-18",101,11,97,347,3462,0.607163489312536,0,0,339,391,30,3236,67,2411,15,67
"927","2020-05-19",91,11,124,345,3462,0.607163489312536,0,0,339,391,23,3259,55,2466,10,55
"928","2020-05-20",97,11,131,349,3462,0.607163489312536,0,0,339,391,29,3288,58,2524,16,58
"929","2020-05-21",94,11,121,357,3462,0.607163489312536,0,0,339,391,34,3322,52,2576,14,52
"930","2020-05-22",100,11,109,350,3462,0.607163489312536,0,0,339,391,19,3341,51,2627,9,51
"931","2020-05-23",96,11,119,350,3462,0.607163489312536,0,0,339,391,23,3364,38,2665,9,38
"932","2020-05-24",93,11,124,332,3462,0.607163489312536,0,0,339,391,31,3395,34,2699,20,34
"933","2020-05-25",95,11,121,323,3462,0.607163489312536,0,0,339,391,17,3412,56,2755,8,56
"934","2020-05-26",97,11,105,315,3462,0.607163489312536,0,0,339,391,27,3439,31,2786,14,31
"935","2020-05-27",99,11,106,328,3462,0.607163489312536,0,0,339,391,17,3456,31,2817,7,31
"936","2020-05-28",100,11,101,319,3462,0.607163489312536,0,0,339,391,20,3476,43,2860,12,43
"937","2020-05-29",94,11,110,305,3462,0.607163489312536,0,0,339,391,24,3500,41,2901,14,41
"938","2020-05-30",92,11,92,281,3462,0.607163489312536,0,0,339,391,13,3513,48,2949,4,48
"939","2020-05-31",93,11,83,280,3462,0.607163489312536,0,0,339,391,14,3527,35,2984,6,35
"940","2020-06-01",91,11,75,272,3462,0.607163489312536,0,0,339,391,20,3547,39,3023,7,39
"941","2020-06-02",94,11,66,262,3462,0.607163489312536,0,0,339,391,19,3566,42,3065,10,42
"942","2020-06-03",84,11,66,261,3462,0.607163489312536,0,0,339,391,15,3581,33,3098,6,33
"943","2020-06-04",79,11,76,246,3462,0.607163489312536,0,0,339,391,14,3595,34,3132,6,34
"944","2020-06-05",76,11,81,240,3462,0.607163489312536,0,0,339,391,15,3610,34,3166,7,34
"945","2020-06-06",75,11,74,234,3462,0.607163489312536,0,0,339,391,14,3624,36,3202,8,36
"946","2020-06-07",73,11,68,223,3462,0.607163489312536,0,0,339,391,13,3637,31,3233,7,31
"947","2020-03-14",1,12,45,63,2931,0.405663596042306,0,0,260,381,11,46,7,24,1,7
"948","2020-03-15",3,12,62,76,2931,0.405663596042306,0,0,260,381,9,55,6,30,5,6
"949","2020-03-16",8,12,62,100,2931,0.405663596042306,0,0,260,381,12,67,16,46,6,16
"950","2020-03-17",12,12,62,126,2931,0.405663596042306,0,0,260,381,18,85,6,52,7,6
"951","2020-03-18",19,12,74,149,2931,0.405663596042306,0,0,260,381,12,97,13,65,6,13
"952","2020-03-19",28,12,77,164,2931,0.405663596042306,0,0,260,381,30,127,5,70,18,5
"953","2020-03-20",36,12,81,186,2931,0.405663596042306,0,0,260,381,13,140,6,76,9,6
"954","2020-03-21",42,12,71,203,2931,0.405663596042306,0,0,260,381,26,166,8,84,20,8
"955","2020-03-22",45,12,73,225,2931,0.405663596042306,0,0,260,381,20,186,7,91,14,7
"956","2020-03-23",46,12,77,251,2931,0.405663596042306,0,0,260,381,29,215,10,101,21,10
"957","2020-03-24",53,12,88,264,2931,0.405663596042306,0,0,260,381,39,254,8,109,27,8
"958","2020-03-25",59,12,82,275,2931,0.405663596042306,0,0,260,381,29,283,18,127,20,18
"959","2020-03-26",67,12,84,282,2931,0.405663596042306,0,0,260,381,23,306,12,139,11,12
"960","2020-03-27",65,12,81,293,2931,0.405663596042306,0,0,260,381,39,345,7,146,29,7
"961","2020-03-28",73,12,91,316,2931,0.405663596042306,0,0,260,381,37,382,5,151,28,5
"962","2020-03-29",83,12,85,330,2931,0.405663596042306,0,0,260,381,33,415,4,155,26,4
"963","2020-03-30",84,12,88,331,2931,0.405663596042306,0,0,260,381,38,453,22,177,25,22
"964","2020-03-31",85,12,81,338,2931,0.405663596042306,0,0,260,381,48,501,5,182,36,5
"965","2020-04-01",85,12,85,344,2931,0.405663596042306,0,0,260,381,55,556,7,189,41,7
"966","2020-04-02",82,12,83,345,2931,0.405663596042306,0,0,260,381,51,607,1,190,44,1
"967","2020-04-03",92,12,93,350,2931,0.405663596042306,0,0,260,381,44,651,5,195,32,5
"968","2020-04-04",86,12,97,370,2931,0.405663596042306,0,0,260,381,51,702,5,200,38,5
"969","2020-04-05",85,12,93,360,2931,0.405663596042306,0,0,260,381,47,749,5,205,35,5
"970","2020-04-06",92,12,81,383,2931,0.405663596042306,0,0,260,381,44,793,14,219,32,14
"971","2020-04-07",95,12,75,390,2931,0.405663596042306,0,0,260,381,52,845,12,231,44,12
"972","2020-04-08",101,12,97,401,2931,0.405663596042306,0,0,260,381,68,913,23,254,58,23
"973","2020-04-09",104,12,90,406,2931,0.405663596042306,0,0,260,381,65,978,14,268,48,14
"974","2020-04-10",101,12,85,403,2931,0.405663596042306,0,0,260,381,60,1038,14,282,45,14
"975","2020-04-11",107,12,105,417,2931,0.405663596042306,0,0,260,381,62,1100,10,292,53,10
"976","2020-04-12",106,12,101,439,2931,0.405663596042306,0,0,260,381,50,1150,8,300,37,8
"977","2020-04-13",108,12,107,453,2931,0.405663596042306,0,0,260,381,58,1208,16,316,48,16
"978","2020-04-14",120,12,111,445,2931,0.405663596042306,0,0,260,381,52,1260,31,347,39,31
"979","2020-04-15",119,12,120,464,2931,0.405663596042306,0,0,260,381,66,1326,42,389,54,42
"980","2020-04-16",126,12,125,472,2931,0.405663596042306,0,0,260,381,68,1394,41,430,54,41
"981","2020-04-17",131,12,118,473,2931,0.405663596042306,0,0,260,381,52,1446,36,466,44,36
"982","2020-04-18",133,12,115,459,2931,0.405663596042306,0,0,260,381,43,1489,34,500,36,34
"983","2020-04-19",145,12,116,459,2931,0.405663596042306,0,0,260,381,62,1551,17,517,48,17
"984","2020-04-20",150,12,114,463,2931,0.405663596042306,0,0,260,381,65,1616,15,532,49,15
"985","2020-04-21",140,12,117,465,2931,0.405663596042306,0,0,260,381,57,1673,13,545,45,13
"986","2020-04-22",143,12,129,459,2931,0.405663596042306,0,0,260,381,42,1715,10,555,35,10
"987","2020-04-23",140,12,131,465,2931,0.405663596042306,0,0,260,381,59,1774,15,570,50,15
"988","2020-04-24",131,12,148,474,2931,0.405663596042306,0,0,260,381,62,1836,26,596,39,26
"989","2020-04-25",130,12,167,485,2931,0.405663596042306,0,0,260,381,67,1903,28,624,54,28
"990","2020-04-26",124,12,165,486,2931,0.405663596042306,0,0,260,381,47,1950,16,640,38,16
"991","2020-04-27",125,12,153,477,2931,0.405663596042306,0,0,260,381,55,2005,12,652,44,12
"992","2020-04-28",129,12,138,472,2931,0.405663596042306,0,0,260,381,44,2049,26,678,30,26
"993","2020-04-29",133,12,134,480,2931,0.405663596042306,0,0,260,381,59,2108,37,715,43,37
"994","2020-04-30",131,12,130,484,2931,0.405663596042306,0,0,260,381,46,2154,16,731,33,16
"995","2020-05-01",142,12,122,484,2931,0.405663596042306,0,0,260,381,36,2190,11,742,28,11
"996","2020-05-02",141,12,127,485,2931,0.405663596042306,0,0,260,381,44,2234,34,776,37,34
"997","2020-05-03",149,12,123,485,2931,0.405663596042306,0,0,260,381,49,2283,16,792,41,16
"998","2020-05-04",151,12,115,470,2931,0.405663596042306,0,0,260,381,37,2320,32,824,27,32
"999","2020-05-05",145,12,115,476,2931,0.405663596042306,0,0,260,381,32,2352,27,851,20,27
"1000","2020-05-06",142,12,108,468,2931,0.405663596042306,0,0,260,381,47,2399,29,880,39,29
"1001","2020-05-07",140,12,110,443,2931,0.405663596042306,0,0,260,381,54,2453,6,886,43,6
"1002","2020-05-08",138,12,105,433,2931,0.405663596042306,0,0,260,381,28,2481,15,901,23,15
"1003","2020-05-09",147,12,107,420,2931,0.405663596042306,0,0,260,381,44,2525,6,907,33,6
"1004","2020-05-10",134,12,122,421,2931,0.405663596042306,0,0,260,381,45,2570,6,913,37,6
"1005","2020-05-11",121,12,123,406,2931,0.405663596042306,0,0,260,381,29,2599,8,921,21,8
"1006","2020-05-12",126,12,134,400,2931,0.405663596042306,0,0,260,381,37,2636,29,950,24,29
"1007","2020-05-13",124,12,147,387,2931,0.405663596042306,0,0,260,381,31,2667,31,981,23,31
"1008","2020-05-14",124,12,141,379,2931,0.405663596042306,0,0,260,381,38,2705,22,1003,30,22
"1009","2020-05-15",121,12,140,380,2931,0.405663596042306,0,0,260,381,39,2744,34,1037,31,34
"1010","2020-05-16",109,12,138,376,2931,0.405663596042306,0,0,260,381,37,2781,23,1060,31,23
"1011","2020-05-17",113,12,133,373,2931,0.405663596042306,0,0,260,381,41,2822,14,1074,36,14
"1012","2020-05-18",113,12,130,357,2931,0.405663596042306,0,0,260,381,27,2849,15,1089,21,15
"1013","2020-05-19",115,12,138,345,2931,0.405663596042306,0,0,260,381,31,2880,33,1122,21,33
"1014","2020-05-20",105,12,152,331,2931,0.405663596042306,0,0,260,381,27,2907,27,1149,21,27
"1015","2020-05-21",97,12,148,324,2931,0.405663596042306,0,0,260,381,25,2932,26,1175,20,26
"1016","2020-05-22",97,12,146,312,2931,0.405663596042306,0,0,260,381,24,2956,28,1203,23,28
"1017","2020-05-23",97,12,152,310,2931,0.405663596042306,0,0,260,381,41,2997,13,1216,34,13
"1018","2020-05-24",92,12,147,301,2931,0.405663596042306,0,0,260,381,37,3034,12,1228,31,12
"1019","2020-05-25",92,12,127,291,2931,0.405663596042306,0,0,260,381,26,3060,10,1238,20,10
"1020","2020-05-26",81,12,132,294,2931,0.405663596042306,0,0,260,381,19,3079,8,1246,15,8
"1021","2020-05-27",80,12,129,288,2931,0.405663596042306,0,0,260,381,24,3103,8,1254,19,8
"1022","2020-05-28",86,12,128,273,2931,0.405663596042306,0,0,260,381,23,3126,4,1258,20,4
"1023","2020-05-29",85,12,122,259,2931,0.405663596042306,0,0,260,381,22,3148,4,1262,21,4
"1024","2020-05-30",80,12,110,247,2931,0.405663596042306,0,0,260,381,19,3167,5,1267,15,5
"1025","2020-05-31",77,12,109,239,2931,0.405663596042306,0,0,260,381,15,3182,19,1286,8,19
"1026","2020-06-01",73,12,106,240,2931,0.405663596042306,0,0,260,381,18,3200,15,1301,16,15
"1027","2020-06-02",78,12,98,239,2931,0.405663596042306,0,0,260,381,18,3218,12,1313,17,12
"1028","2020-06-03",79,12,101,232,2931,0.405663596042306,0,0,260,381,18,3236,11,1324,13,11
"1029","2020-06-04",76,12,102,224,2931,0.405663596042306,0,0,260,381,9,3245,14,1338,7,14
"1030","2020-06-05",70,12,104,215,2931,0.405663596042306,0,0,260,381,16,3261,27,1365,11,27
"1031","2020-06-06",70,12,96,202,2931,0.405663596042306,0,0,260,381,9,3270,16,1381,7,16
"1032","2020-06-07",70,12,95,193,2931,0.405663596042306,0,0,260,381,11,3281,9,1390,6,9
"1033","2020-03-16",1,13,58,38,1599,0.638524077548468,0,0,142,410,12,71,6,23,5,6
"1034","2020-03-17",2,13,61,46,1599,0.638524077548468,0,0,142,410,28,99,13,36,6,13
"1035","2020-03-18",2,13,62,61,1599,0.638524077548468,0,0,142,410,29,128,5,41,18,5
"1036","2020-03-19",7,13,65,66,1599,0.638524077548468,0,0,142,410,20,148,9,50,10,9
"1037","2020-03-20",13,13,85,75,1599,0.638524077548468,0,0,142,410,22,170,6,56,11,6
"1038","2020-03-21",17,13,82,81,1599,0.638524077548468,0,0,142,410,31,201,5,61,15,5
"1039","2020-03-22",22,13,80,90,1599,0.638524077548468,0,0,142,410,19,220,3,64,11,3
"1040","2020-03-23",24,13,88,101,1599,0.638524077548468,0,0,142,410,33,253,3,67,19,3
"1041","2020-03-24",25,13,87,110,1599,0.638524077548468,0,0,142,410,46,299,1,68,30,1
"1042","2020-03-25",26,13,79,114,1599,0.638524077548468,0,0,142,410,26,325,8,76,16,8
"1043","2020-03-26",27,13,75,118,1599,0.638524077548468,0,0,142,410,33,358,2,78,18,2
"1044","2020-03-27",27,13,79,122,1599,0.638524077548468,0,0,142,410,42,400,11,89,30,11
"1045","2020-03-28",29,13,82,132,1599,0.638524077548468,0,0,142,410,37,437,13,102,29,13
"1046","2020-03-29",26,13,93,144,1599,0.638524077548468,0,0,142,410,46,483,19,121,29,19
"1047","2020-03-30",34,13,102,150,1599,0.638524077548468,0,0,142,410,50,533,11,132,34,11
"1048","2020-03-31",40,13,99,169,1599,0.638524077548468,0,0,142,410,53,586,11,143,35,11
"1049","2020-04-01",46,13,102,179,1599,0.638524077548468,0,0,142,410,42,628,9,152,31,9
"1050","2020-04-02",46,13,114,199,1599,0.638524077548468,0,0,142,410,44,672,13,165,29,13
"1051","2020-04-03",47,13,119,205,1599,0.638524077548468,0,0,142,410,56,728,15,180,43,15
"1052","2020-04-04",50,13,127,219,1599,0.638524077548468,0,0,142,410,38,766,10,190,26,10
"1053","2020-04-05",57,13,128,228,1599,0.638524077548468,0,0,142,410,47,813,12,202,33,12
"1054","2020-04-06",53,13,130,243,1599,0.638524077548468,0,0,142,410,49,862,9,211,32,9
"1055","2020-04-07",56,13,119,253,1599,0.638524077548468,0,0,142,410,56,918,14,225,41,14
"1056","2020-04-08",59,13,126,269,1599,0.638524077548468,0,0,142,410,50,968,21,246,30,21
"1057","2020-04-09",66,13,114,280,1599,0.638524077548468,0,0,142,410,45,1013,12,258,33,12
"1058","2020-04-10",78,13,110,284,1599,0.638524077548468,0,0,142,410,43,1056,7,265,29,7
"1059","2020-04-11",83,13,118,291,1599,0.638524077548468,0,0,142,410,36,1092,3,268,24,3
"1060","2020-04-12",85,13,112,290,1599,0.638524077548468,0,0,142,410,45,1137,8,276,28,8
"1061","2020-04-13",90,13,114,283,1599,0.638524077548468,0,0,142,410,43,1180,10,286,24,10
"1062","2020-04-14",84,13,126,283,1599,0.638524077548468,0,0,142,410,47,1227,12,298,29,12
"1063","2020-04-15",83,13,123,290,1599,0.638524077548468,0,0,142,410,42,1269,14,312,23,14
"1064","2020-04-16",82,13,130,285,1599,0.638524077548468,0,0,142,410,36,1305,7,319,18,7
"1065","2020-04-17",70,13,135,274,1599,0.638524077548468,0,0,142,410,51,1356,2,321,35,2
"1066","2020-04-18",68,13,152,266,1599,0.638524077548468,0,0,142,410,39,1395,11,332,28,11
"1067","2020-04-19",67,13,166,261,1599,0.638524077548468,0,0,142,410,42,1437,15,347,28,15
"1068","2020-04-20",64,13,183,251,1599,0.638524077548468,0,0,142,410,26,1463,14,361,16,14
"1069","2020-04-21",73,13,189,240,1599,0.638524077548468,0,0,142,410,46,1509,10,371,31,10
"1070","2020-04-22",68,13,179,227,1599,0.638524077548468,0,0,142,410,49,1558,11,382,30,11
"1071","2020-04-23",66,13,176,219,1599,0.638524077548468,0,0,142,410,35,1593,9,391,22,9
"1072","2020-04-24",71,13,185,223,1599,0.638524077548468,0,0,142,410,32,1625,6,397,19,6
"1073","2020-04-25",67,13,182,229,1599,0.638524077548468,0,0,142,410,47,1672,4,401,28,4
"1074","2020-04-26",65,13,178,225,1599,0.638524077548468,0,0,142,410,37,1709,12,413,18,12
"1075","2020-04-27",60,13,176,218,1599,0.638524077548468,0,0,142,410,33,1742,9,422,18,9
"1076","2020-04-28",55,13,177,207,1599,0.638524077548468,0,0,142,410,51,1793,8,430,32,8
"1077","2020-04-29",62,13,176,200,1599,0.638524077548468,0,0,142,410,38,1831,7,437,19,7
"1078","2020-04-30",64,13,164,192,1599,0.638524077548468,0,0,142,410,41,1872,6,443,29,6
"1079","2020-05-01",58,13,170,193,1599,0.638524077548468,0,0,142,410,46,1918,22,465,36,22
"1080","2020-05-02",59,13,169,189,1599,0.638524077548468,0,0,142,410,45,1963,20,485,27,20
"1081","2020-05-03",58,13,169,190,1599,0.638524077548468,0,0,142,410,28,1991,8,493,20,8
"1082","2020-05-04",62,13,180,193,1599,0.638524077548468,0,0,142,410,38,2029,9,502,27,9
"1083","2020-05-05",60,13,180,186,1599,0.638524077548468,0,0,142,410,41,2070,8,510,29,8
"1084","2020-05-06",56,13,184,185,1599,0.638524077548468,0,0,142,410,30,2100,12,522,21,12
"1085","2020-05-07",54,13,187,183,1599,0.638524077548468,0,0,142,410,25,2125,14,536,14,14
"1086","2020-05-08",57,13,185,186,1599,0.638524077548468,0,0,142,410,31,2156,9,545,17,9
"1087","2020-05-09",53,13,178,185,1599,0.638524077548468,0,0,142,410,32,2188,17,562,20,17
"1088","2020-05-10",51,13,165,184,1599,0.638524077548468,0,0,142,410,47,2235,23,585,30,23
"1089","2020-05-11",54,13,156,178,1599,0.638524077548468,0,0,142,410,28,2263,23,608,18,23
"1090","2020-05-12",57,13,138,172,1599,0.638524077548468,0,0,142,410,24,2287,27,635,14,27
"1091","2020-05-13",56,13,145,171,1599,0.638524077548468,0,0,142,410,19,2306,17,652,8,17
"1092","2020-05-14",52,13,140,167,1599,0.638524077548468,0,0,142,410,16,2322,9,661,7,9
"1093","2020-05-15",48,13,137,164,1599,0.638524077548468,0,0,142,410,35,2357,6,667,19,6
"1094","2020-05-16",48,13,138,167,1599,0.638524077548468,0,0,142,410,13,2370,14,681,6,14
"1095","2020-05-17",50,13,145,159,1599,0.638524077548468,0,0,142,410,28,2398,11,692,19,11
"1096","2020-05-18",42,13,162,160,1599,0.638524077548468,0,0,142,410,24,2422,12,704,17,12
"1097","2020-05-19",39,13,167,161,1599,0.638524077548468,0,0,142,410,24,2446,8,712,9,8
"1098","2020-05-20",43,13,162,160,1599,0.638524077548468,0,0,142,410,31,2477,6,718,13,6
"1099","2020-05-21",40,13,155,153,1599,0.638524077548468,0,0,142,410,24,2501,8,726,11,8
"1100","2020-05-22",46,13,155,160,1599,0.638524077548468,0,0,142,410,21,2522,5,731,14,5
"1101","2020-05-23",49,13,145,165,1599,0.638524077548468,0,0,142,410,18,2540,8,739,8,8
"1102","2020-05-24",49,13,139,177,1599,0.638524077548468,0,0,142,410,23,2563,3,742,16,3
"1103","2020-05-25",54,13,131,182,1599,0.638524077548468,0,0,142,410,21,2584,6,748,15,6
"1104","2020-05-26",50,13,132,190,1599,0.638524077548468,0,0,142,410,20,2604,7,755,9,7
"1105","2020-05-27",50,13,129,190,1599,0.638524077548468,0,0,142,410,26,2630,5,760,15,5
"1106","2020-05-28",55,13,126,196,1599,0.638524077548468,0,0,142,410,24,2654,10,770,12,10
"1107","2020-05-29",52,13,123,194,1599,0.638524077548468,0,0,142,410,20,2674,7,777,11,7
"1108","2020-05-30",48,13,125,198,1599,0.638524077548468,0,0,142,410,22,2696,12,789,17,12
"1109","2020-05-31",51,13,121,202,1599,0.638524077548468,0,0,142,410,20,2716,8,797,13,8
"1110","2020-06-01",52,13,116,203,1599,0.638524077548468,0,0,142,410,17,2733,11,808,12,11
"1111","2020-06-02",57,13,110,199,1599,0.638524077548468,0,0,142,410,15,2748,6,814,9,6
"1112","2020-06-03",53,13,105,203,1599,0.638524077548468,0,0,142,410,25,2773,6,820,17,6
"1113","2020-06-04",54,13,102,203,1599,0.638524077548468,0,0,142,410,17,2790,8,828,13,8
"1114","2020-06-05",57,13,109,215,1599,0.638524077548468,0,0,142,410,13,2803,5,833,7,5
"1115","2020-06-06",64,13,116,215,1599,0.638524077548468,0,0,142,410,13,2816,5,838,10,5
"1116","2020-06-07",61,13,117,209,1599,0.638524077548468,0,0,142,410,15,2831,5,843,9,5
"1117","2020-03-14",1,14,50,27,5546,0.920122610890732,0,0,524,526,21,57,17,59,7,17
"1118","2020-03-15",3,14,58,40,5546,0.920122610890732,0,0,524,526,26,83,8,67,18,8
"1119","2020-03-16",3,14,55,58,5546,0.920122610890732,0,0,524,526,22,105,10,77,14,10
"1120","2020-03-17",5,14,64,72,5546,0.920122610890732,0,0,524,526,27,132,12,89,20,12
"1121","2020-03-18",7,14,56,98,5546,0.920122610890732,0,0,524,526,45,177,11,100,35,11
"1122","2020-03-19",9,14,53,126,5546,0.920122610890732,0,0,524,526,38,215,7,107,29,7
"1123","2020-03-20",10,14,71,158,5546,0.920122610890732,0,0,524,526,70,285,23,130,61,23
"1124","2020-03-21",15,14,68,197,5546,0.920122610890732,0,0,524,526,65,350,18,148,54,18
"1125","2020-03-22",15,14,71,234,5546,0.920122610890732,0,0,524,526,87,437,18,166,78,18
"1126","2020-03-23",23,14,84,274,5546,0.920122610890732,0,0,524,526,75,512,9,175,66,9
"1127","2020-03-24",32,14,82,317,5546,0.920122610890732,0,0,524,526,115,627,14,189,106,14
"1128","2020-03-25",41,14,93,355,5546,0.920122610890732,0,0,524,526,123,750,15,204,118,15
"1129","2020-03-26",55,14,92,396,5546,0.920122610890732,0,0,524,526,146,896,11,215,136,11
"1130","2020-03-27",73,14,103,448,5546,0.920122610890732,0,0,524,526,119,1015,22,237,109,22
"1131","2020-03-28",86,14,101,483,5546,0.920122610890732,0,0,524,526,213,1228,28,265,202,28
"1132","2020-03-29",105,14,100,539,5546,0.920122610890732,0,0,524,526,213,1441,16,281,205,16
"1133","2020-03-30",119,14,103,602,5546,0.920122610890732,0,0,524,526,298,1739,9,290,288,9
"1134","2020-03-31",130,14,99,667,5546,0.920122610890732,0,0,524,526,271,2010,9,299,264,9
"1135","2020-04-01",141,14,118,739,5546,0.920122610890732,0,0,524,526,291,2301,10,309,281,10
"1136","2020-04-02",155,14,120,796,5546,0.920122610890732,0,0,524,526,307,2608,30,339,298,30
"1137","2020-04-03",162,14,124,872,5546,0.920122610890732,0,0,524,526,375,2983,19,358,365,19
"1138","2020-04-04",186,14,142,941,5546,0.920122610890732,0,0,524,526,349,3332,15,373,346,15
"1139","2020-04-05",196,14,146,1019,5546,0.920122610890732,0,0,524,526,356,3688,11,384,345,11
"1140","2020-04-06",210,14,174,1055,5546,0.920122610890732,0,0,524,526,302,3990,9,393,299,9
"1141","2020-04-07",236,14,183,1104,5546,0.920122610890732,0,0,524,526,360,4350,7,400,353,7
"1142","2020-04-08",257,14,179,1174,5546,0.920122610890732,0,0,524,526,309,4659,9,409,301,9
"1143","2020-04-09",268,14,167,1218,5546,0.920122610890732,0,0,524,526,247,4906,7,416,241,7
"1144","2020-04-10",288,14,190,1273,5546,0.920122610890732,0,0,524,526,221,5127,18,434,216,18
"1145","2020-04-11",308,14,198,1340,5546,0.920122610890732,0,0,524,526,215,5342,19,453,211,19
"1146","2020-04-12",320,14,186,1381,5546,0.920122610890732,0,0,524,526,189,5531,39,492,183,39
"1147","2020-04-13",340,14,189,1447,5546,0.920122610890732,0,0,524,526,176,5707,36,528,175,36
"1148","2020-04-14",359,14,199,1455,5546,0.920122610890732,0,0,524,526,166,5873,40,568,164,40
"1149","2020-04-15",366,14,210,1491,5546,0.920122610890732,0,0,524,526,189,6062,39,607,188,39
"1150","2020-04-16",379,14,197,1542,5546,0.920122610890732,0,0,524,526,117,6179,36,643,115,36
"1151","2020-04-17",394,14,181,1514,5546,0.920122610890732,0,0,524,526,141,6320,19,662,135,19
"1152","2020-04-18",380,14,180,1499,5546,0.920122610890732,0,0,524,526,124,6444,20,682,123,20
"1153","2020-04-19",405,14,193,1490,5546,0.920122610890732,0,0,524,526,100,6544,25,707,99,25
"1154","2020-04-20",401,14,209,1476,5546,0.920122610890732,0,0,524,526,71,6615,46,753,68,46
"1155","2020-04-21",396,14,198,1472,5546,0.920122610890732,0,0,524,526,83,6698,27,780,79,27
"1156","2020-04-22",399,14,200,1471,5546,0.920122610890732,0,0,524,526,48,6746,15,795,45,15
"1157","2020-04-23",422,14,205,1481,5546,0.920122610890732,0,0,524,526,77,6823,44,839,74,44
"1158","2020-04-24",428,14,213,1444,5546,0.920122610890732,0,0,524,526,48,6871,48,887,46,48
"1159","2020-04-25",433,14,204,1395,5546,0.920122610890732,0,0,524,526,40,6911,32,919,38,32
"1160","2020-04-26",434,14,205,1374,5546,0.920122610890732,0,0,524,526,42,6953,33,952,38,33
"1161","2020-04-27",431,14,183,1276,5546,0.920122610890732,0,0,524,526,31,6984,19,971,28,19
"1162","2020-04-28",424,14,180,1264,5546,0.920122610890732,0,0,524,526,18,7002,39,1010,16,39
"1163","2020-04-29",438,14,166,1202,5546,0.920122610890732,0,0,524,526,32,7034,39,1049,32,39
"1164","2020-04-30",402,14,148,1139,5546,0.920122610890732,0,0,524,526,14,7048,29,1078,12,29
"1165","2020-05-01",383,14,141,1080,5546,0.920122610890732,0,0,524,526,16,7064,22,1100,14,22
"1166","2020-05-02",368,14,138,1030,5546,0.920122610890732,0,0,524,526,17,7081,10,1110,17,10
"1167","2020-05-03",342,14,136,968,5546,0.920122610890732,0,0,524,526,11,7092,5,1115,9,5
"1168","2020-05-04",326,14,126,919,5546,0.920122610890732,0,0,524,526,10,7102,42,1157,9,42
"1169","2020-05-05",297,14,135,841,5546,0.920122610890732,0,0,524,526,14,7116,39,1196,11,39
"1170","2020-05-06",260,14,143,783,5546,0.920122610890732,0,0,524,526,12,7128,37,1233,8,37
"1171","2020-05-07",251,14,142,735,5546,0.920122610890732,0,0,524,526,4,7132,34,1267,2,34
"1172","2020-05-08",233,14,149,674,5546,0.920122610890732,0,0,524,526,8,7140,14,1281,6,14
"1173","2020-05-09",223,14,161,611,5546,0.920122610890732,0,0,524,526,4,7144,8,1289,1,8
"1174","2020-05-10",201,14,157,557,5546,0.920122610890732,0,0,524,526,8,7152,44,1333,5,44
"1175","2020-05-11",196,14,165,533,5546,0.920122610890732,0,0,524,526,6,7158,39,1372,5,39
"1176","2020-05-12",197,14,173,501,5546,0.920122610890732,0,0,524,526,8,7166,28,1400,6,28
"1177","2020-05-13",191,14,171,456,5546,0.920122610890732,0,0,524,526,3,7169,25,1425,3,25
"1178","2020-05-14",181,14,172,427,5546,0.920122610890732,0,0,524,526,2,7171,13,1438,1,13
"1179","2020-05-15",166,14,177,402,5546,0.920122610890732,0,0,524,526,4,7175,10,1448,2,10
"1180","2020-05-16",152,14,176,367,5546,0.920122610890732,0,0,524,526,8,7183,7,1455,7,7
"1181","2020-05-17",150,14,157,342,5546,0.920122610890732,0,0,524,526,3,7186,6,1461,2,6
"1182","2020-05-18",134,14,152,332,5546,0.920122610890732,0,0,524,526,6,7192,25,1486,4,25
"1183","2020-05-19",119,14,147,313,5546,0.920122610890732,0,0,524,526,NA,NA,13,1499,NA,13
"1184","2020-05-20",107,14,129,294,5546,0.920122610890732,0,0,524,526,6,7198,12,1511,5,12
"1185","2020-05-21",98,14,111,265,5546,0.920122610890732,0,0,524,526,2,7200,22,1533,2,22
"1186","2020-05-22",92,14,107,249,5546,0.920122610890732,0,0,524,526,5,7205,29,1562,4,29
"1187","2020-05-23",88,14,100,234,5546,0.920122610890732,0,0,524,526,5,7210,25,1587,3,25
"1188","2020-05-24",81,14,106,223,5546,0.920122610890732,0,0,524,526,2,7212,19,1606,2,19
"1189","2020-05-25",79,14,101,203,5546,0.920122610890732,0,0,524,526,1,7213,14,1620,1,14
"1190","2020-05-26",75,14,103,184,5546,0.920122610890732,0,0,524,526,NA,NA,22,1642,NA,22
"1191","2020-05-27",71,14,111,175,5546,0.920122610890732,0,0,524,526,3,7216,21,1663,NA,21
"1192","2020-05-28",66,14,111,163,5546,0.920122610890732,0,0,524,526,2,7218,15,1678,2,15
"1193","2020-05-29",66,14,97,153,5546,0.920122610890732,0,0,524,526,3,7221,22,1700,2,22
"1194","2020-05-30",63,14,101,147,5546,0.920122610890732,0,0,524,526,2,7223,5,1705,1,5
"1195","2020-05-31",59,14,97,142,5546,0.920122610890732,0,0,524,526,NA,NA,8,1713,NA,8
"1196","2020-06-01",53,14,106,126,5546,0.920122610890732,0,0,524,526,1,7224,17,1730,1,17
"1197","2020-06-02",54,14,111,118,5546,0.920122610890732,0,0,524,526,3,7227,21,1751,2,21
"1198","2020-06-03",50,14,107,117,5546,0.920122610890732,0,0,524,526,1,7228,15,1766,1,15
"1199","2020-06-04",46,14,108,121,5546,0.920122610890732,0,0,524,526,NA,NA,22,1788,NA,22
"1200","2020-06-05",39,14,105,114,5546,0.920122610890732,0,0,524,526,5,7233,12,1800,1,12
"1201","2020-06-06",39,14,109,106,5546,0.920122610890732,0,0,524,526,3,7236,6,1806,2,6
"1202","2020-06-07",37,14,99,92,5546,0.920122610890732,0,0,524,526,1,7237,16,1822,NA,16
"1203","2020-03-14",4,15,61,116,8027,0.882646069515386,0,0,722,595,26,103,7,26,10,7
"1204","2020-03-15",11,15,67,170,8027,0.882646069515386,0,0,722,595,18,121,8,34,7,8
"1205","2020-03-16",22,15,86,231,8027,0.882646069515386,0,0,722,595,32,153,12,46,13,12
"1206","2020-03-17",28,15,111,308,8027,0.882646069515386,0,0,722,595,31,184,8,54,15,8
"1207","2020-03-18",35,15,139,382,8027,0.882646069515386,0,0,722,595,36,220,10,64,11,10
"1208","2020-03-19",51,15,147,497,8027,0.882646069515386,0,0,722,595,39,259,11,75,16,11
"1209","2020-03-20",65,15,158,631,8027,0.882646069515386,0,0,722,595,30,289,6,81,9,6
"1210","2020-03-21",81,15,180,765,8027,0.882646069515386,0,0,722,595,40,329,8,89,18,8
"1211","2020-03-22",104,15,182,977,8027,0.882646069515386,0,0,722,595,44,373,6,95,14,6
"1212","2020-03-23",131,15,207,1293,8027,0.882646069515386,0,0,722,595,39,412,9,104,16,9
"1213","2020-03-24",159,15,181,1610,8027,0.882646069515386,0,0,722,595,37,449,17,121,15,17
"1214","2020-03-25",204,15,177,1940,8027,0.882646069515386,0,0,722,595,35,484,4,125,21,4
"1215","2020-03-26",256,15,145,2383,8027,0.882646069515386,0,0,722,595,42,526,3,128,13,3
"1216","2020-03-27",331,15,132,2793,8027,0.882646069515386,0,0,722,595,55,581,10,138,24,10
"1217","2020-03-28",409,15,124,3183,8027,0.882646069515386,0,0,722,595,42,623,20,158,16,20
"1218","2020-03-29",497,15,142,3579,8027,0.882646069515386,0,0,722,595,39,662,11,169,17,11
"1219","2020-03-30",618,15,144,3907,8027,0.882646069515386,0,0,722,595,37,699,12,181,13,12
"1220","2020-03-31",731,15,136,4225,8027,0.882646069515386,0,0,722,595,40,739,13,194,21,13
"1221","2020-04-01",856,15,118,4391,8027,0.882646069515386,0,0,722,595,51,790,6,200,18,6
"1222","2020-04-02",955,15,101,4450,8027,0.882646069515386,0,0,722,595,44,834,13,213,16,13
"1223","2020-04-03",1050,15,105,4481,8027,0.882646069515386,0,0,722,595,42,876,9,222,17,9
"1224","2020-04-04",1161,15,136,4333,8027,0.882646069515386,0,0,722,595,58,934,13,235,24,13
"1225","2020-04-05",1236,15,141,4128,8027,0.882646069515386,0,0,722,595,45,979,12,247,20,12
"1226","2020-04-06",1262,15,131,3908,8027,0.882646069515386,0,0,722,595,43,1022,17,264,19,17
"1227","2020-04-07",1287,15,128,3622,8027,0.882646069515386,0,0,722,595,44,1066,10,274,22,10
"1228","2020-04-08",1257,15,169,3291,8027,0.882646069515386,0,0,722,595,52,1118,12,286,22,12
"1229","2020-04-09",1222,15,213,2944,8027,0.882646069515386,0,0,722,595,55,1173,14,300,26,14
"1230","2020-04-10",1143,15,224,2591,8027,0.882646069515386,0,0,722,595,44,1217,12,312,17,12
"1231","2020-04-11",1031,15,221,2251,8027,0.882646069515386,0,0,722,595,38,1255,15,327,18,15
"1232","2020-04-12",919,15,199,1939,8027,0.882646069515386,0,0,722,595,46,1301,15,342,18,15
"1233","2020-04-13",811,15,181,1645,8027,0.882646069515386,0,0,722,595,43,1344,30,372,16,30
"1234","2020-04-14",700,15,172,1405,8027,0.882646069515386,0,0,722,595,50,1394,14,386,23,14
"1235","2020-04-15",605,15,155,1178,8027,0.882646069515386,0,0,722,595,56,1450,19,405,26,19
"1236","2020-04-16",528,15,136,996,8027,0.882646069515386,0,0,722,595,50,1500,17,422,21,17
"1237","2020-04-17",455,15,121,836,8027,0.882646069515386,0,0,722,595,47,1547,9,431,8,9
"1238","2020-04-18",394,15,119,733,8027,0.882646069515386,0,0,722,595,47,1594,10,441,18,10
"1239","2020-04-19",339,15,142,635,8027,0.882646069515386,0,0,722,595,46,1640,16,457,13,16
"1240","2020-04-20",286,15,137,523,8027,0.882646069515386,0,0,722,595,55,1695,20,477,17,20
"1241","2020-04-21",244,15,114,438,8027,0.882646069515386,0,0,722,595,50,1745,10,487,28,10
"1242","2020-04-22",219,15,113,374,8027,0.882646069515386,0,0,722,595,45,1790,9,496,12,9
"1243","2020-04-23",175,15,135,326,8027,0.882646069515386,0,0,722,595,60,1850,14,510,29,14
"1244","2020-04-24",150,15,195,268,8027,0.882646069515386,0,0,722,595,44,1894,15,525,19,15
"1245","2020-04-25",124,15,204,235,8027,0.882646069515386,0,0,722,595,51,1945,15,540,19,15
"1246","2020-04-26",111,15,182,194,8027,0.882646069515386,0,0,722,595,35,1980,21,561,11,21
"1247","2020-04-27",93,15,170,161,8027,0.882646069515386,0,0,722,595,44,2024,12,573,25,12
"1248","2020-04-28",78,15,200,147,8027,0.882646069515386,0,0,722,595,52,2076,17,590,18,17
"1249","2020-04-29",55,15,247,128,8027,0.882646069515386,0,0,722,595,40,2116,17,607,11,17
"1250","2020-04-30",48,15,238,112,8027,0.882646069515386,0,0,722,595,49,2165,19,626,20,19
"1251","2020-05-01",44,15,240,92,8027,0.882646069515386,0,0,722,595,39,2204,9,635,14,9
"1252","2020-05-02",36,15,203,79,8027,0.882646069515386,0,0,722,595,48,2252,4,639,18,4
"1253","2020-05-03",23,15,192,74,8027,0.882646069515386,0,0,722,595,54,2306,10,649,28,10
"1254","2020-05-04",22,15,213,67,8027,0.882646069515386,0,0,722,595,41,2347,16,665,17,16
"1255","2020-05-05",18,15,229,60,8027,0.882646069515386,0,0,722,595,39,2386,16,681,19,16
"1256","2020-05-06",17,15,220,57,8027,0.882646069515386,0,0,722,595,53,2439,13,694,24,13
"1257","2020-05-07",15,15,199,53,8027,0.882646069515386,0,0,722,595,57,2496,5,699,26,5
"1258","2020-05-08",13,15,184,44,8027,0.882646069515386,0,0,722,595,44,2540,6,705,19,6
"1259","2020-05-09",15,15,206,45,8027,0.882646069515386,0,0,722,595,41,2581,8,713,14,8
"1260","2020-05-10",18,15,238,43,8027,0.882646069515386,0,0,722,595,43,2624,8,721,15,8
"1261","2020-05-11",15,15,247,41,8027,0.882646069515386,0,0,722,595,31,2655,7,728,15,7
"1262","2020-05-12",16,15,211,43,8027,0.882646069515386,0,0,722,595,34,2689,6,734,17,6
"1263","2020-05-13",13,15,177,44,8027,0.882646069515386,0,0,722,595,34,2723,14,748,14,14
"1264","2020-05-14",11,15,184,42,8027,0.882646069515386,0,0,722,595,27,2750,18,766,8,18
"1265","2020-05-15",12,15,204,41,8027,0.882646069515386,0,0,722,595,41,2791,15,781,18,15
"1266","2020-05-16",10,15,232,39,8027,0.882646069515386,0,0,722,595,42,2833,9,790,19,9
"1267","2020-05-17",8,15,245,36,8027,0.882646069515386,0,0,722,595,32,2865,7,797,14,7
"1268","2020-05-18",8,15,237,37,8027,0.882646069515386,0,0,722,595,32,2897,10,807,16,10
"1269","2020-05-19",11,15,209,39,8027,0.882646069515386,0,0,722,595,30,2927,11,818,18,11
"1270","2020-05-20",14,15,186,38,8027,0.882646069515386,0,0,722,595,23,2950,11,829,15,11
"1271","2020-05-21",15,15,173,41,8027,0.882646069515386,0,0,722,595,25,2975,13,842,9,13
"1272","2020-05-22",15,15,153,39,8027,0.882646069515386,0,0,722,595,32,3007,14,856,12,14
"1273","2020-05-23",16,15,149,38,8027,0.882646069515386,0,0,722,595,19,3026,8,864,5,8
"1274","2020-05-24",15,15,142,37,8027,0.882646069515386,0,0,722,595,20,3046,8,872,6,8
"1275","2020-05-25",13,15,118,34,8027,0.882646069515386,0,0,722,595,30,3076,11,883,11,11
"1276","2020-05-26",10,15,105,37,8027,0.882646069515386,0,0,722,595,21,3097,6,889,12,6
"1277","2020-05-27",7,15,96,34,8027,0.882646069515386,0,0,722,595,25,3122,5,894,4,5
"1278","2020-05-28",7,15,102,33,8027,0.882646069515386,0,0,722,595,22,3144,10,904,12,10
"1279","2020-05-29",9,15,116,30,8027,0.882646069515386,0,0,722,595,18,3162,7,911,7,7
"1280","2020-05-30",6,15,136,28,8027,0.882646069515386,0,0,722,595,15,3177,2,913,6,2
"1281","2020-05-31",10,15,174,30,8027,0.882646069515386,0,0,722,595,16,3193,4,917,7,4
"1282","2020-06-01",10,15,176,31,8027,0.882646069515386,0,0,722,595,17,3210,10,927,8,10
"1283","2020-06-02",9,15,155,30,8027,0.882646069515386,0,0,722,595,13,3223,2,929,4,2
"1284","2020-06-03",9,15,137,27,8027,0.882646069515386,0,0,722,595,23,3246,10,939,9,10
"1285","2020-06-04",9,15,124,25,8027,0.882646069515386,0,0,722,595,14,3260,7,946,1,7
"1286","2020-06-05",6,15,119,20,8027,0.882646069515386,0,0,722,595,20,3280,10,956,7,10
"1287","2020-06-06",6,15,129,19,8027,0.882646069515386,0,0,722,595,14,3294,3,959,3,3
"1288","2020-06-07",2,15,129,16,8027,0.882646069515386,0,0,722,595,23,3317,4,963,9,4
"1289","2020-03-14",1,16,52,28,2122,0.719604147031103,0,0,188,443,22,59,14,71,1,14
"1290","2020-03-15",1,16,61,40,2122,0.719604147031103,0,0,188,443,13,72,18,89,3,18
"1291","2020-03-16",3,16,67,47,2122,0.719604147031103,0,0,188,443,21,93,27,116,4,27
"1292","2020-03-17",3,16,74,56,2122,0.719604147031103,0,0,188,443,21,114,31,147,7,31
"1293","2020-03-18",7,16,79,68,2122,0.719604147031103,0,0,188,443,20,134,31,178,6,31
"1294","2020-03-19",10,16,78,75,2122,0.719604147031103,0,0,188,443,28,162,35,213,8,35
"1295","2020-03-20",12,16,72,86,2122,0.719604147031103,0,0,188,443,30,192,30,243,10,30
"1296","2020-03-21",14,16,68,100,2122,0.719604147031103,0,0,188,443,35,227,45,288,18,45
"1297","2020-03-22",18,16,69,112,2122,0.719604147031103,0,0,188,443,30,257,34,322,19,34
"1298","2020-03-23",20,16,74,117,2122,0.719604147031103,0,0,188,443,28,285,45,367,18,45
"1299","2020-03-24",21,16,75,131,2122,0.719604147031103,0,0,188,443,30,315,35,402,14,35
"1300","2020-03-25",20,16,72,137,2122,0.719604147031103,0,0,188,443,45,360,40,442,25,40
"1301","2020-03-26",26,16,72,154,2122,0.719604147031103,0,0,188,443,32,392,45,487,20,45
"1302","2020-03-27",33,16,80,162,2122,0.719604147031103,0,0,188,443,42,434,27,514,23,27
"1303","2020-03-28",40,16,88,166,2122,0.719604147031103,0,0,188,443,40,474,32,546,24,32
"1304","2020-03-29",44,16,91,188,2122,0.719604147031103,0,0,188,443,46,520,18,564,26,18
"1305","2020-03-30",46,16,90,200,2122,0.719604147031103,0,0,188,443,28,548,28,592,15,28
"1306","2020-03-31",55,16,81,209,2122,0.719604147031103,0,0,188,443,47,595,31,623,24,31
"1307","2020-04-01",58,16,76,223,2122,0.719604147031103,0,0,188,443,51,646,35,658,30,35
"1308","2020-04-02",56,16,73,240,2122,0.719604147031103,0,0,188,443,41,687,27,685,25,27
"1309","2020-04-03",62,16,75,258,2122,0.719604147031103,0,0,188,443,51,738,20,705,29,20
"1310","2020-04-04",62,16,79,268,2122,0.719604147031103,0,0,188,443,44,782,24,729,23,24
"1311","2020-04-05",66,16,71,278,2122,0.719604147031103,0,0,188,443,27,809,28,757,12,28
"1312","2020-04-06",72,16,72,292,2122,0.719604147031103,0,0,188,443,55,864,40,797,35,40
"1313","2020-04-07",70,16,77,309,2122,0.719604147031103,0,0,188,443,34,898,31,828,22,31
"1314","2020-04-08",74,16,93,319,2122,0.719604147031103,0,0,188,443,40,938,26,854,28,26
"1315","2020-04-09",78,16,100,323,2122,0.719604147031103,0,0,188,443,43,981,37,891,29,37
"1316","2020-04-10",75,16,109,325,2122,0.719604147031103,0,0,188,443,50,1031,40,931,31,40
"1317","2020-04-11",81,16,117,332,2122,0.719604147031103,0,0,188,443,52,1083,26,957,28,26
"1318","2020-04-12",76,16,130,349,2122,0.719604147031103,0,0,188,443,40,1123,20,977,26,20
"1319","2020-04-13",80,16,129,372,2122,0.719604147031103,0,0,188,443,46,1169,25,1002,25,25
"1320","2020-04-14",80,16,122,371,2122,0.719604147031103,0,0,188,443,55,1224,21,1023,33,21
"1321","2020-04-15",90,16,126,383,2122,0.719604147031103,0,0,188,443,53,1277,23,1046,33,23
"1322","2020-04-16",90,16,117,383,2122,0.719604147031103,0,0,188,443,46,1323,25,1071,34,25
"1323","2020-04-17",91,16,121,393,2122,0.719604147031103,0,0,188,443,53,1376,38,1109,27,38
"1324","2020-04-18",83,16,134,407,2122,0.719604147031103,0,0,188,443,42,1418,48,1157,20,48
"1325","2020-04-19",96,16,143,416,2122,0.719604147031103,0,0,188,443,44,1462,31,1188,24,31
"1326","2020-04-20",96,16,146,419,2122,0.719604147031103,0,0,188,443,36,1498,59,1247,21,59
"1327","2020-04-21",112,16,137,410,2122,0.719604147031103,0,0,188,443,35,1533,49,1296,17,49
"1328","2020-04-22",113,16,125,410,2122,0.719604147031103,0,0,188,443,26,1559,31,1327,14,31
"1329","2020-04-23",113,16,121,406,2122,0.719604147031103,0,0,188,443,50,1609,29,1356,23,29
"1330","2020-04-24",115,16,134,406,2122,0.719604147031103,0,0,188,443,45,1654,41,1397,25,41
"1331","2020-04-25",129,16,158,413,2122,0.719604147031103,0,0,188,443,42,1696,33,1430,22,33
"1332","2020-04-26",124,16,179,400,2122,0.719604147031103,0,0,188,443,47,1743,33,1463,25,33
"1333","2020-04-27",128,16,183,399,2122,0.719604147031103,0,0,188,443,39,1782,38,1501,14,38
"1334","2020-04-28",115,16,179,370,2122,0.719604147031103,0,0,188,443,27,1809,50,1551,14,50
"1335","2020-04-29",109,16,170,370,2122,0.719604147031103,0,0,188,443,40,1849,49,1600,21,49
"1336","2020-04-30",116,16,172,351,2122,0.719604147031103,0,0,188,443,33,1882,52,1652,17,52
"1337","2020-05-01",110,16,180,341,2122,0.719604147031103,0,0,188,443,33,1915,43,1695,17,43
"1338","2020-05-02",97,16,182,344,2122,0.719604147031103,0,0,188,443,49,1964,37,1732,23,37
"1339","2020-05-03",97,16,172,339,2122,0.719604147031103,0,0,188,443,33,1997,34,1766,11,34
"1340","2020-05-04",91,16,192,326,2122,0.719604147031103,0,0,188,443,28,2025,38,1804,9,38
"1341","2020-05-05",95,16,199,341,2122,0.719604147031103,0,0,188,443,38,2063,26,1830,17,26
"1342","2020-05-06",93,16,196,340,2122,0.719604147031103,0,0,188,443,30,2093,46,1876,15,46
"1343","2020-05-07",89,16,206,320,2122,0.719604147031103,0,0,188,443,36,2129,46,1922,18,46
"1344","2020-05-08",96,16,228,309,2122,0.719604147031103,0,0,188,443,38,2167,44,1966,18,44
"1345","2020-05-09",101,16,192,290,2122,0.719604147031103,0,0,188,443,34,2201,33,1999,12,33
"1346","2020-05-10",100,16,187,289,2122,0.719604147031103,0,0,188,443,40,2241,26,2025,18,26
"1347","2020-05-11",97,16,179,276,2122,0.719604147031103,0,0,188,443,31,2272,30,2055,20,30
"1348","2020-05-12",95,16,166,267,2122,0.719604147031103,0,0,188,443,34,2306,30,2085,20,30
"1349","2020-05-13",98,16,166,261,2122,0.719604147031103,0,0,188,443,28,2334,36,2121,16,36
"1350","2020-05-14",95,16,178,254,2122,0.719604147031103,0,0,188,443,32,2366,43,2164,13,43
"1351","2020-05-15",91,16,183,255,2122,0.719604147031103,0,0,188,443,26,2392,34,2198,12,34
"1352","2020-05-16",83,16,208,252,2122,0.719604147031103,0,0,188,443,28,2420,29,2227,11,29
"1353","2020-05-17",81,16,200,247,2122,0.719604147031103,0,0,188,443,37,2457,34,2261,12,34
"1354","2020-05-18",81,16,191,239,2122,0.719604147031103,0,0,188,443,24,2481,31,2292,14,31
"1355","2020-05-19",75,16,189,247,2122,0.719604147031103,0,0,188,443,25,2506,34,2326,16,34
"1356","2020-05-20",68,16,193,243,2122,0.719604147031103,0,0,188,443,25,2531,31,2357,11,31
"1357","2020-05-21",66,16,182,245,2122,0.719604147031103,0,0,188,443,36,2567,33,2390,17,33
"1358","2020-05-22",63,16,177,243,2122,0.719604147031103,0,0,188,443,27,2594,29,2419,9,29
"1359","2020-05-23",66,16,185,244,2122,0.719604147031103,0,0,188,443,28,2622,27,2446,17,27
"1360","2020-05-24",71,16,178,236,2122,0.719604147031103,0,0,188,443,26,2648,33,2479,11,33
"1361","2020-05-25",68,16,167,223,2122,0.719604147031103,0,0,188,443,30,2678,22,2501,16,22
"1362","2020-05-26",69,16,148,218,2122,0.719604147031103,0,0,188,443,30,2708,34,2535,19,34
"1363","2020-05-27",73,16,137,215,2122,0.719604147031103,0,0,188,443,30,2738,39,2574,14,39
"1364","2020-05-28",76,16,146,200,2122,0.719604147031103,0,0,188,443,11,2749,30,2604,11,30
"1365","2020-05-29",78,16,139,191,2122,0.719604147031103,0,0,188,443,26,2775,31,2635,17,31
"1366","2020-05-30",73,16,140,195,2122,0.719604147031103,0,0,188,443,18,2793,29,2664,13,29
"1367","2020-05-31",61,16,127,186,2122,0.719604147031103,0,0,188,443,19,2812,30,2694,11,30
"1368","2020-06-01",61,16,120,176,2122,0.719604147031103,0,0,188,443,26,2838,28,2722,22,28
"1369","2020-06-02",61,16,121,173,2122,0.719604147031103,0,0,188,443,17,2855,14,2736,7,14
"1370","2020-06-03",52,16,121,172,2122,0.719604147031103,0,0,188,443,23,2878,33,2769,18,33
"1371","2020-06-04",49,16,117,163,2122,0.719604147031103,0,0,188,443,22,2900,26,2795,14,26
"1372","2020-06-05",45,16,111,155,2122,0.719604147031103,0,0,188,443,15,2915,42,2837,9,42
"1373","2020-06-06",45,16,89,154,2122,0.719604147031103,0,0,188,443,15,2930,40,2877,11,40
"1374","2020-06-07",46,16,93,155,2122,0.719604147031103,0,0,188,443,18,2948,37,2914,9,37
"1375","2020-03-13",3,17,47,38,2550,0.495686274509804,0,0,211,498,3,7,6,16,2,6
"1376","2020-03-14",5,17,42,58,2550,0.495686274509804,0,0,211,498,6,13,4,20,5,4
"1377","2020-03-15",6,17,55,79,2550,0.495686274509804,0,0,211,498,4,17,7,27,3,7
"1378","2020-03-16",9,17,67,99,2550,0.495686274509804,0,0,211,498,7,24,10,37,5,10
"1379","2020-03-17",13,17,77,121,2550,0.495686274509804,0,0,211,498,11,35,11,48,9,11
"1380","2020-03-18",19,17,83,134,2550,0.495686274509804,0,0,211,498,10,45,16,64,7,16
"1381","2020-03-19",33,17,82,151,2550,0.495686274509804,0,0,211,498,10,55,9,73,8,9
"1382","2020-03-20",38,17,73,163,2550,0.495686274509804,0,0,211,498,27,82,20,93,25,20
"1383","2020-03-21",41,17,70,174,2550,0.495686274509804,0,0,211,498,23,105,13,106,20,13
"1384","2020-03-22",44,17,82,192,2550,0.495686274509804,0,0,211,498,33,138,13,119,28,13
"1385","2020-03-23",47,17,78,211,2550,0.495686274509804,0,0,211,498,28,166,2,121,24,2
"1386","2020-03-24",49,17,79,237,2550,0.495686274509804,0,0,211,498,37,203,2,123,35,2
"1387","2020-03-25",55,17,95,253,2550,0.495686274509804,0,0,211,498,30,233,18,141,30,18
"1388","2020-03-26",53,17,112,260,2550,0.495686274509804,0,0,211,498,48,281,9,150,47,9
"1389","2020-03-27",59,17,130,275,2550,0.495686274509804,0,0,211,498,82,363,20,170,78,20
"1390","2020-03-28",60,17,128,275,2550,0.495686274509804,0,0,211,498,69,432,17,187,63,17
"1391","2020-03-29",63,17,118,286,2550,0.495686274509804,0,0,211,498,90,522,17,204,89,17
"1392","2020-03-30",68,17,107,284,2550,0.495686274509804,0,0,211,498,86,608,25,229,86,25
"1393","2020-03-31",78,17,94,307,2550,0.495686274509804,0,0,211,498,142,750,17,246,141,17
"1394","2020-04-01",77,17,90,307,2550,0.495686274509804,0,0,211,498,145,895,13,259,140,13
"1395","2020-04-02",87,17,103,316,2550,0.495686274509804,0,0,211,498,155,1050,6,265,150,6
"1396","2020-04-03",93,17,94,332,2550,0.495686274509804,0,0,211,498,158,1208,11,276,156,11
"1397","2020-04-04",102,17,87,337,2550,0.495686274509804,0,0,211,498,171,1379,6,282,169,6
"1398","2020-04-05",113,17,73,329,2550,0.495686274509804,0,0,211,498,267,1646,9,291,261,9
"1399","2020-04-06",113,17,75,332,2550,0.495686274509804,0,0,211,498,255,1901,5,296,252,5
"1400","2020-04-07",107,17,73,327,2550,0.495686274509804,0,0,211,498,253,2154,4,300,248,4
"1401","2020-04-08",110,17,72,326,2550,0.495686274509804,0,0,211,498,271,2425,20,320,267,20
"1402","2020-04-09",97,17,61,335,2550,0.495686274509804,0,0,211,498,314,2739,22,342,309,22
"1403","2020-04-10",88,17,54,345,2550,0.495686274509804,0,0,211,498,246,2985,13,355,243,13
"1404","2020-04-11",78,17,57,353,2550,0.495686274509804,0,0,211,498,265,3250,17,372,262,17
"1405","2020-04-12",75,17,89,370,2550,0.495686274509804,0,0,211,498,299,3549,15,387,296,15
"1406","2020-04-13",82,17,83,362,2550,0.495686274509804,0,0,211,498,296,3845,19,406,294,19
"1407","2020-04-14",87,17,75,378,2550,0.495686274509804,0,0,211,498,331,4176,20,426,329,20
"1408","2020-04-15",98,17,79,384,2550,0.495686274509804,0,0,211,498,258,4434,35,461,257,35
"1409","2020-04-16",99,17,79,403,2550,0.495686274509804,0,0,211,498,328,4762,28,489,325,28
"1410","2020-04-17",101,17,110,422,2550,0.495686274509804,0,0,211,498,339,5101,20,509,339,20
"1411","2020-04-18",114,17,116,441,2550,0.495686274509804,0,0,211,498,221,5322,27,536,220,27
"1412","2020-04-19",119,17,117,456,2550,0.495686274509804,0,0,211,498,213,5535,38,574,212,38
"1413","2020-04-20",126,17,103,465,2550,0.495686274509804,0,0,211,498,177,5712,38,612,176,38
"1414","2020-04-21",134,17,121,477,2550,0.495686274509804,0,0,211,498,205,5917,31,643,204,31
"1415","2020-04-22",122,17,112,466,2550,0.495686274509804,0,0,211,498,163,6080,24,667,162,24
"1416","2020-04-23",134,17,113,464,2550,0.495686274509804,0,0,211,498,148,6228,29,696,148,29
"1417","2020-04-24",144,17,125,471,2550,0.495686274509804,0,0,211,498,124,6352,24,720,124,24
"1418","2020-04-25",153,17,159,467,2550,0.495686274509804,0,0,211,498,113,6465,37,757,113,37
"1419","2020-04-26",158,17,171,469,2550,0.495686274509804,0,0,211,498,109,6574,40,797,108,40
"1420","2020-04-27",154,17,160,458,2550,0.495686274509804,0,0,211,498,81,6655,50,847,78,50
"1421","2020-04-28",144,17,152,435,2550,0.495686274509804,0,0,211,498,84,6739,46,893,84,46
"1422","2020-04-29",146,17,159,409,2550,0.495686274509804,0,0,211,498,59,6798,26,919,59,26
"1423","2020-04-30",140,17,164,395,2550,0.495686274509804,0,0,211,498,53,6851,23,942,52,23
"1424","2020-05-01",134,17,153,382,2550,0.495686274509804,0,0,211,498,43,6894,18,960,43,18
"1425","2020-05-02",118,17,151,366,2550,0.495686274509804,0,0,211,498,35,6929,29,989,35,29
"1426","2020-05-03",117,17,151,341,2550,0.495686274509804,0,0,211,498,31,6960,19,1008,30,19
"1427","2020-05-04",112,17,133,344,2550,0.495686274509804,0,0,211,498,24,6984,28,1036,24,28
"1428","2020-05-05",112,17,126,342,2550,0.495686274509804,0,0,211,498,26,7010,15,1051,26,15
"1429","2020-05-06",111,17,121,338,2550,0.495686274509804,0,0,211,498,15,7025,15,1066,14,15
"1430","2020-05-07",107,17,106,328,2550,0.495686274509804,0,0,211,498,17,7042,14,1080,17,14
"1431","2020-05-08",96,17,100,326,2550,0.495686274509804,0,0,211,498,16,7058,27,1107,15,27
"1432","2020-05-09",105,17,125,321,2550,0.495686274509804,0,0,211,498,8,7066,29,1136,7,29
"1433","2020-05-10",90,17,140,317,2550,0.495686274509804,0,0,211,498,12,7078,27,1163,10,27
"1434","2020-05-11",87,17,111,324,2550,0.495686274509804,0,0,211,498,4,7082,31,1194,4,31
"1435","2020-05-12",91,17,110,340,2550,0.495686274509804,0,0,211,498,3,7085,21,1215,3,21
"1436","2020-05-13",88,17,102,337,2550,0.495686274509804,0,0,211,498,4,7089,12,1227,4,12
"1437","2020-05-14",101,17,120,332,2550,0.495686274509804,0,0,211,498,3,7092,4,1231,3,4
"1438","2020-05-15",105,17,113,318,2550,0.495686274509804,0,0,211,498,2,7094,7,1238,2,7
"1439","2020-05-16",104,17,107,309,2550,0.495686274509804,0,0,211,498,NA,NA,6,1244,NA,6
"1440","2020-05-17",104,17,130,300,2550,0.495686274509804,0,0,211,498,1,7095,16,1260,1,16
"1441","2020-05-18",95,17,133,304,2550,0.495686274509804,0,0,211,498,2,7097,11,1271,2,11
"1442","2020-05-19",87,17,118,309,2550,0.495686274509804,0,0,211,498,4,7101,24,1295,3,24
"1443","2020-05-20",91,17,105,320,2550,0.495686274509804,0,0,211,498,NA,NA,28,1323,NA,28
"1444","2020-05-21",78,17,90,316,2550,0.495686274509804,0,0,211,498,NA,NA,12,1335,NA,12
"1445","2020-05-22",83,17,99,299,2550,0.495686274509804,0,0,211,498,NA,NA,21,1356,NA,21
"1446","2020-05-23",75,17,99,302,2550,0.495686274509804,0,0,211,498,2,7103,18,1374,2,18
"1447","2020-05-24",76,17,90,293,2550,0.495686274509804,0,0,211,498,2,7105,12,1386,2,12
"1448","2020-05-25",85,17,116,295,2550,0.495686274509804,0,0,211,498,NA,NA,16,1402,NA,16
"1449","2020-05-26",83,17,132,290,2550,0.495686274509804,0,0,211,498,1,7106,12,1414,1,12
"1450","2020-05-27",85,17,118,280,2550,0.495686274509804,0,0,211,498,NA,NA,15,1429,NA,15
"1451","2020-05-28",87,17,138,263,2550,0.495686274509804,0,0,211,498,3,7109,15,1444,NA,15
"1452","2020-05-29",88,17,130,259,2550,0.495686274509804,0,0,211,498,NA,NA,11,1455,NA,11
"1453","2020-05-30",83,17,117,241,2550,0.495686274509804,0,0,211,498,2,7111,14,1469,2,14
"1454","2020-05-31",86,17,110,228,2550,0.495686274509804,0,0,211,498,NA,NA,9,1478,NA,9
"1455","2020-06-01",83,17,101,217,2550,0.495686274509804,0,0,211,498,NA,NA,16,1494,NA,16
"1456","2020-06-02",82,17,91,211,2550,0.495686274509804,0,0,211,498,1,7112,11,1505,1,11
"1457","2020-06-03",70,17,91,205,2550,0.495686274509804,0,0,211,498,1,7113,5,1510,1,5
"1458","2020-06-04",61,17,69,195,2550,0.495686274509804,0,0,211,498,1,7114,12,1522,1,12
"1459","2020-06-05",54,17,66,183,2550,0.495686274509804,0,0,211,498,NA,NA,22,1544,NA,22
"1460","2020-06-06",52,17,59,181,2550,0.495686274509804,0,0,211,498,NA,NA,10,1554,NA,10
"1461","2020-06-07",46,17,59,173,2550,0.495686274509804,0,0,211,498,NA,NA,15,1569,NA,15
"1462","2020-03-14",1,18,63,21,2420,0.712396694214876,0,0,227,568,4,19,8,28,1,8
"1463","2020-03-15",2,18,75,33,2420,0.712396694214876,0,0,227,568,11,30,5,33,7,5
"1464","2020-03-16",2,18,85,43,2420,0.712396694214876,0,0,227,568,4,34,5,38,NA,5
"1465","2020-03-17",5,18,83,54,2420,0.712396694214876,0,0,227,568,6,40,13,51,4,13
"1466","2020-03-18",8,18,64,69,2420,0.712396694214876,0,0,227,568,7,47,4,55,4,4
"1467","2020-03-19",12,18,59,87,2420,0.712396694214876,0,0,227,568,14,61,4,59,5,4
"1468","2020-03-20",14,18,54,102,2420,0.712396694214876,0,0,227,568,8,69,3,62,5,3
"1469","2020-03-21",18,18,55,115,2420,0.712396694214876,0,0,227,568,15,84,5,67,11,5
"1470","2020-03-22",22,18,61,131,2420,0.712396694214876,0,0,227,568,7,91,16,83,6,16
"1471","2020-03-23",27,18,51,141,2420,0.712396694214876,0,0,227,568,13,104,9,92,10,9
"1472","2020-03-24",29,18,44,158,2420,0.712396694214876,0,0,227,568,12,116,13,105,9,13
"1473","2020-03-25",36,18,50,178,2420,0.712396694214876,0,0,227,568,9,125,16,121,6,16
"1474","2020-03-26",39,18,64,208,2420,0.712396694214876,0,0,227,568,16,141,23,144,8,23
"1475","2020-03-27",48,18,81,221,2420,0.712396694214876,0,0,227,568,11,152,11,155,5,11
"1476","2020-03-28",50,18,103,244,2420,0.712396694214876,0,0,227,568,9,161,5,160,9,5
"1477","2020-03-29",53,18,133,252,2420,0.712396694214876,0,0,227,568,14,175,9,169,9,9
"1478","2020-03-30",54,18,126,274,2420,0.712396694214876,0,0,227,568,14,189,23,192,9,23
"1479","2020-03-31",65,18,106,283,2420,0.712396694214876,0,0,227,568,15,204,22,214,12,22
"1480","2020-04-01",71,18,95,302,2420,0.712396694214876,0,0,227,568,15,219,25,239,9,25
"1481","2020-04-02",78,18,107,309,2420,0.712396694214876,0,0,227,568,18,237,24,263,14,24
"1482","2020-04-03",82,18,132,322,2420,0.712396694214876,0,0,227,568,19,256,11,274,14,11
"1483","2020-04-04",85,18,138,331,2420,0.712396694214876,0,0,227,568,9,265,6,280,7,6
"1484","2020-04-05",90,18,115,349,2420,0.712396694214876,0,0,227,568,17,282,12,292,13,12
"1485","2020-04-06",93,18,101,350,2420,0.712396694214876,0,0,227,568,20,302,25,317,16,25
"1486","2020-04-07",92,18,88,355,2420,0.712396694214876,0,0,227,568,28,330,9,326,19,9
"1487","2020-04-08",88,18,88,353,2420,0.712396694214876,0,0,227,568,17,347,23,349,12,23
"1488","2020-04-09",89,18,104,361,2420,0.712396694214876,0,0,227,568,23,370,22,371,17,22
"1489","2020-04-10",92,18,138,364,2420,0.712396694214876,0,0,227,568,28,398,13,384,22,13
"1490","2020-04-11",97,18,165,369,2420,0.712396694214876,0,0,227,568,24,422,9,393,18,9
"1491","2020-04-12",99,18,171,385,2420,0.712396694214876,0,0,227,568,25,447,7,400,19,7
"1492","2020-04-13",106,18,177,391,2420,0.712396694214876,0,0,227,568,34,481,4,404,25,4
"1493","2020-04-14",100,18,199,390,2420,0.712396694214876,0,0,227,568,27,508,5,409,22,5
"1494","2020-04-15",104,18,203,378,2420,0.712396694214876,0,0,227,568,28,536,5,414,27,5
"1495","2020-04-16",104,18,208,390,2420,0.712396694214876,0,0,227,568,28,564,27,441,24,27
"1496","2020-04-17",105,18,205,390,2420,0.712396694214876,0,0,227,568,30,594,15,456,21,15
"1497","2020-04-18",110,18,170,387,2420,0.712396694214876,0,0,227,568,25,619,11,467,21,11
"1498","2020-04-19",105,18,157,390,2420,0.712396694214876,0,0,227,568,32,651,21,488,28,21
"1499","2020-04-20",108,18,163,384,2420,0.712396694214876,0,0,227,568,22,673,32,520,20,32
"1500","2020-04-21",115,18,147,384,2420,0.712396694214876,0,0,227,568,27,700,33,553,24,33
"1501","2020-04-22",114,18,134,380,2420,0.712396694214876,0,0,227,568,24,724,25,578,19,25
"1502","2020-04-23",113,18,124,368,2420,0.712396694214876,0,0,227,568,37,761,11,589,26,11
"1503","2020-04-24",110,18,128,362,2420,0.712396694214876,0,0,227,568,28,789,13,602,23,13
"1504","2020-04-25",104,18,140,369,2420,0.712396694214876,0,0,227,568,25,814,10,612,22,10
"1505","2020-04-26",106,18,162,367,2420,0.712396694214876,0,0,227,568,27,841,8,620,23,8
"1506","2020-04-27",99,18,153,386,2420,0.712396694214876,0,0,227,568,32,873,21,641,26,21
"1507","2020-04-28",98,18,130,388,2420,0.712396694214876,0,0,227,568,28,901,33,674,18,33
"1508","2020-04-29",106,18,159,375,2420,0.712396694214876,0,0,227,568,23,924,18,692,17,18
"1509","2020-04-30",105,18,151,377,2420,0.712396694214876,0,0,227,568,21,945,23,715,12,23
"1510","2020-05-01",101,18,150,368,2420,0.712396694214876,0,0,227,568,21,966,16,731,17,16
"1511","2020-05-02",104,18,149,370,2420,0.712396694214876,0,0,227,568,17,983,15,746,14,15
"1512","2020-05-03",102,18,124,377,2420,0.712396694214876,0,0,227,568,18,1001,29,775,12,29
"1513","2020-05-04",113,18,118,380,2420,0.712396694214876,0,0,227,568,16,1017,18,793,12,18
"1514","2020-05-05",112,18,110,373,2420,0.712396694214876,0,0,227,568,24,1041,22,815,19,22
"1515","2020-05-06",102,18,135,374,2420,0.712396694214876,0,0,227,568,18,1059,37,852,16,37
"1516","2020-05-07",108,18,164,365,2420,0.712396694214876,0,0,227,568,22,1081,20,872,14,20
"1517","2020-05-08",108,18,152,356,2420,0.712396694214876,0,0,227,568,24,1105,28,900,18,28
"1518","2020-05-09",104,18,141,346,2420,0.712396694214876,0,0,227,568,24,1129,40,940,17,40
"1519","2020-05-10",108,18,115,343,2420,0.712396694214876,0,0,227,568,22,1151,31,971,18,31
"1520","2020-05-11",96,18,105,327,2420,0.712396694214876,0,0,227,568,24,1175,41,1012,19,41
"1521","2020-05-12",92,18,130,334,2420,0.712396694214876,0,0,227,568,7,1182,40,1052,4,40
"1522","2020-05-13",90,18,149,340,2420,0.712396694214876,0,0,227,568,13,1195,22,1074,9,22
"1523","2020-05-14",85,18,142,330,2420,0.712396694214876,0,0,227,568,15,1210,27,1101,12,27
"1524","2020-05-15",86,18,122,329,2420,0.712396694214876,0,0,227,568,12,1222,21,1122,8,21
"1525","2020-05-16",87,18,105,330,2420,0.712396694214876,0,0,227,568,13,1235,25,1147,11,25
"1526","2020-05-17",89,18,103,324,2420,0.712396694214876,0,0,227,568,15,1250,15,1162,10,15
"1527","2020-05-18",91,18,117,301,2420,0.712396694214876,0,0,227,568,14,1264,19,1181,8,19
"1528","2020-05-19",97,18,143,301,2420,0.712396694214876,0,0,227,568,21,1285,8,1189,16,8
"1529","2020-05-20",96,18,161,296,2420,0.712396694214876,0,0,227,568,17,1302,10,1199,15,10
"1530","2020-05-21",97,18,174,289,2420,0.712396694214876,0,0,227,568,12,1314,11,1210,9,11
"1531","2020-05-22",99,18,205,300,2420,0.712396694214876,0,0,227,568,20,1334,12,1222,16,12
"1532","2020-05-23",93,18,190,301,2420,0.712396694214876,0,0,227,568,17,1351,16,1238,17,16
"1533","2020-05-24",93,18,172,282,2420,0.712396694214876,0,0,227,568,7,1358,19,1257,6,19
"1534","2020-05-25",99,18,176,282,2420,0.712396694214876,0,0,227,568,8,1366,11,1268,7,11
"1535","2020-05-26",91,18,175,281,2420,0.712396694214876,0,0,227,568,20,1386,10,1278,16,10
"1536","2020-05-27",94,18,154,275,2420,0.712396694214876,0,0,227,568,14,1400,2,1280,11,2
"1537","2020-05-28",82,18,163,261,2420,0.712396694214876,0,0,227,568,19,1419,7,1287,12,7
"1538","2020-05-29",73,18,146,248,2420,0.712396694214876,0,0,227,568,20,1439,12,1299,19,12
"1539","2020-05-30",77,18,130,242,2420,0.712396694214876,0,0,227,568,16,1455,12,1311,15,12
"1540","2020-05-31",69,18,121,233,2420,0.712396694214876,0,0,227,568,15,1470,16,1327,11,16
"1541","2020-06-01",58,18,102,216,2420,0.712396694214876,0,0,227,568,20,1490,15,1342,17,15
"1542","2020-06-02",60,18,104,212,2420,0.712396694214876,0,0,227,568,21,1511,19,1361,16,19
"1543","2020-06-03",54,18,91,195,2420,0.712396694214876,0,0,227,568,18,1529,10,1371,15,10
"1544","2020-06-04",64,18,97,187,2420,0.712396694214876,0,0,227,568,17,1546,11,1382,16,11
"1545","2020-06-05",60,18,108,177,2420,0.712396694214876,0,0,227,568,23,1569,13,1395,19,13
"1546","2020-06-06",55,18,102,176,2420,0.712396694214876,0,0,227,568,16,1585,8,1403,16,8
"1547","2020-06-07",54,18,93,178,2420,0.712396694214876,0,0,227,568,13,1598,13,1416,13,13
"1548","2020-03-13",1,19,23,36,2222,0.416741674167417,0,0,180,270,21,47,14,37,3,14
"1549","2020-03-14",1,19,31,45,2222,0.416741674167417,0,0,180,270,16,63,8,45,4,8
"1550","2020-03-15",3,19,34,56,2222,0.416741674167417,0,0,180,270,21,84,10,55,9,10
"1551","2020-03-16",7,19,38,74,2222,0.416741674167417,0,0,180,270,32,116,12,67,16,12
"1552","2020-03-17",9,19,37,86,2222,0.416741674167417,0,0,180,270,35,151,20,87,19,20
"1553","2020-03-18",14,19,43,97,2222,0.416741674167417,0,0,180,270,35,186,16,103,22,16
"1554","2020-03-19",16,19,39,107,2222,0.416741674167417,0,0,180,270,27,213,5,108,16,5
"1555","2020-03-20",18,19,39,116,2222,0.416741674167417,0,0,180,270,40,253,14,122,22,14
"1556","2020-03-21",20,19,32,140,2222,0.416741674167417,0,0,180,270,46,299,22,144,28,22
"1557","2020-03-22",26,19,37,147,2222,0.416741674167417,0,0,180,270,41,340,20,164,28,20
"1558","2020-03-23",30,19,40,162,2222,0.416741674167417,0,0,180,270,49,389,17,181,33,17
"1559","2020-03-24",35,19,45,175,2222,0.416741674167417,0,0,180,270,41,430,15,196,25,15
"1560","2020-03-25",36,19,40,187,2222,0.416741674167417,0,0,180,270,54,484,14,210,41,14
"1561","2020-03-26",37,19,36,201,2222,0.416741674167417,0,0,180,270,38,522,25,235,27,25
"1562","2020-03-27",43,19,37,211,2222,0.416741674167417,0,0,180,270,36,558,34,269,17,34
"1563","2020-03-28",46,19,45,218,2222,0.416741674167417,0,0,180,270,52,610,30,299,39,30
"1564","2020-03-29",42,19,46,230,2222,0.416741674167417,0,0,180,270,54,664,23,322,32,23
"1565","2020-03-30",43,19,47,241,2222,0.416741674167417,0,0,180,270,38,702,24,346,31,24
"1566","2020-03-31",48,19,40,266,2222,0.416741674167417,0,0,180,270,61,763,26,372,41,26
"1567","2020-04-01",48,19,44,275,2222,0.416741674167417,0,0,180,270,42,805,26,398,29,26
"1568","2020-04-02",61,19,46,294,2222,0.416741674167417,0,0,180,270,49,854,29,427,33,29
"1569","2020-04-03",62,19,65,306,2222,0.416741674167417,0,0,180,270,62,916,18,445,42,18
"1570","2020-04-04",68,19,88,315,2222,0.416741674167417,0,0,180,270,68,984,35,480,58,35
"1571","2020-04-05",77,19,95,320,2222,0.416741674167417,0,0,180,270,53,1037,22,502,35,22
"1572","2020-04-06",80,19,105,339,2222,0.416741674167417,0,0,180,270,63,1100,10,512,45,10
"1573","2020-04-07",78,19,99,347,2222,0.416741674167417,0,0,180,270,57,1157,18,530,44,18
"1574","2020-04-08",90,19,77,337,2222,0.416741674167417,0,0,180,270,50,1207,15,545,41,15
"1575","2020-04-09",86,19,72,342,2222,0.416741674167417,0,0,180,270,50,1257,34,579,33,34
"1576","2020-04-10",91,19,81,353,2222,0.416741674167417,0,0,180,270,54,1311,30,609,43,30
"1577","2020-04-11",93,19,83,364,2222,0.416741674167417,0,0,180,270,62,1373,18,627,45,18
"1578","2020-04-12",94,19,80,378,2222,0.416741674167417,0,0,180,270,61,1434,39,666,42,39
"1579","2020-04-13",93,19,90,373,2222,0.416741674167417,0,0,180,270,54,1488,20,686,37,20
"1580","2020-04-14",103,19,115,382,2222,0.416741674167417,0,0,180,270,61,1549,11,697,46,11
"1581","2020-04-15",102,19,106,386,2222,0.416741674167417,0,0,180,270,65,1614,15,712,43,15
"1582","2020-04-16",101,19,91,372,2222,0.416741674167417,0,0,180,270,44,1658,29,741,28,30
"1583","2020-04-17",103,19,93,348,2222,0.416741674167417,0,0,180,270,57,1715,19,760,37,19
"1584","2020-04-18",105,19,100,343,2222,0.416741674167417,0,0,180,270,39,1754,26,786,22,26
"1585","2020-04-19",106,19,107,348,2222,0.416741674167417,0,0,180,270,44,1798,22,808,23,22
"1586","2020-04-20",117,19,107,349,2222,0.416741674167417,0,0,180,270,43,1841,15,823,26,15
"1587","2020-04-21",114,19,102,357,2222,0.416741674167417,0,0,180,270,45,1886,18,841,25,18
"1588","2020-04-22",109,19,92,354,2222,0.416741674167417,0,0,180,270,58,1944,36,877,32,36
"1589","2020-04-23",113,19,87,343,2222,0.416741674167417,0,0,180,270,37,1981,14,891,19,14
"1590","2020-04-24",104,19,89,339,2222,0.416741674167417,0,0,180,270,51,2032,12,903,34,12
"1591","2020-04-25",104,19,84,338,2222,0.416741674167417,0,0,180,270,47,2079,14,917,29,14
"1592","2020-04-26",105,19,90,319,2222,0.416741674167417,0,0,180,270,34,2113,22,939,26,22
"1593","2020-04-27",95,19,77,321,2222,0.416741674167417,0,0,180,270,48,2161,35,974,32,35
"1594","2020-04-28",94,19,76,328,2222,0.416741674167417,0,0,180,270,38,2199,16,990,29,16
"1595","2020-04-29",93,19,80,329,2222,0.416741674167417,0,0,180,270,42,2241,18,1008,21,18
"1596","2020-04-30",85,19,83,326,2222,0.416741674167417,0,0,180,270,48,2289,36,1044,26,36
"1597","2020-05-01",93,19,80,334,2222,0.416741674167417,0,0,180,270,41,2330,17,1061,27,17
"1598","2020-05-02",94,19,65,328,2222,0.416741674167417,0,0,180,270,36,2366,46,1107,17,46
"1599","2020-05-03",94,19,53,339,2222,0.416741674167417,0,0,180,270,39,2405,29,1136,17,29
"1600","2020-05-04",95,19,73,334,2222,0.416741674167417,0,0,180,270,36,2441,20,1156,18,20
"1601","2020-05-05",91,19,69,339,2222,0.416741674167417,0,0,180,270,32,2473,21,1177,14,21
"1602","2020-05-06",101,19,65,345,2222,0.416741674167417,0,0,180,270,36,2509,30,1207,16,30
"1603","2020-05-07",117,19,68,353,2222,0.416741674167417,0,0,180,270,34,2543,24,1231,19,24
"1604","2020-05-08",113,19,54,344,2222,0.416741674167417,0,0,180,270,27,2570,14,1245,17,14
"1605","2020-05-09",115,19,58,337,2222,0.416741674167417,0,0,180,270,41,2611,9,1254,23,9
"1606","2020-05-10",110,19,63,338,2222,0.416741674167417,0,0,180,270,35,2646,19,1273,12,19
"1607","2020-05-11",118,19,71,331,2222,0.416741674167417,0,0,180,270,33,2679,6,1279,16,6
"1608","2020-05-12",117,19,68,330,2222,0.416741674167417,0,0,180,270,24,2703,6,1285,16,6
"1609","2020-05-13",104,19,73,321,2222,0.416741674167417,0,0,180,270,28,2731,10,1295,16,10
"1610","2020-05-14",95,19,83,314,2222,0.416741674167417,0,0,180,270,26,2757,4,1299,13,4
"1611","2020-05-15",94,19,103,307,2222,0.416741674167417,0,0,180,270,38,2795,12,1311,19,12
"1612","2020-05-16",91,19,106,310,2222,0.416741674167417,0,0,180,270,44,2839,9,1320,28,9
"1613","2020-05-17",96,19,127,299,2222,0.416741674167417,0,0,180,270,29,2868,30,1350,17,30
"1614","2020-05-18",87,19,115,290,2222,0.416741674167417,0,0,180,270,31,2899,14,1364,19,14
"1615","2020-05-19",92,19,106,281,2222,0.416741674167417,0,0,180,270,29,2928,40,1404,15,40
"1616","2020-05-20",95,19,97,276,2222,0.416741674167417,0,0,180,270,26,2954,26,1430,20,26
"1617","2020-05-21",88,19,73,262,2222,0.416741674167417,0,0,180,270,46,3000,21,1451,28,21
"1618","2020-05-22",85,19,71,243,2222,0.416741674167417,0,0,180,270,29,3029,7,1458,18,7
"1619","2020-05-23",77,19,62,234,2222,0.416741674167417,0,0,180,270,33,3062,26,1484,18,26
"1620","2020-05-24",79,19,55,228,2222,0.416741674167417,0,0,180,270,19,3081,26,1510,11,26
"1621","2020-05-25",79,19,52,211,2222,0.416741674167417,0,0,180,270,15,3096,20,1530,8,20
"1622","2020-05-26",70,19,54,202,2222,0.416741674167417,0,0,180,270,21,3117,14,1544,10,14
"1623","2020-05-27",69,19,56,190,2222,0.416741674167417,0,0,180,270,34,3151,21,1565,20,21
"1624","2020-05-28",67,19,74,182,2222,0.416741674167417,0,0,180,270,28,3179,22,1587,16,22
"1625","2020-05-29",68,19,78,180,2222,0.416741674167417,0,0,180,270,22,3201,25,1612,18,25
"1626","2020-05-30",67,19,76,173,2222,0.416741674167417,0,0,180,270,21,3222,15,1627,18,15
"1627","2020-05-31",53,19,78,165,2222,0.416741674167417,0,0,180,270,25,3247,5,1632,17,5
"1628","2020-06-01",49,19,79,161,2222,0.416741674167417,0,0,180,270,20,3267,8,1640,14,8
"1629","2020-06-02",47,19,86,156,2222,0.416741674167417,0,0,180,270,22,3289,9,1649,13,9
"1630","2020-06-03",46,19,82,161,2222,0.416741674167417,0,0,180,270,14,3303,9,1658,9,9
"1631","2020-06-04",51,19,74,160,2222,0.416741674167417,0,0,180,270,18,3321,21,1679,11,21
"1632","2020-06-05",47,19,66,159,2222,0.416741674167417,0,0,180,270,19,3340,11,1690,14,11
"1633","2020-06-06",45,19,66,154,2222,0.416741674167417,0,0,180,270,19,3359,9,1699,12,9
"1634","2020-06-07",51,19,66,156,2222,0.416741674167417,0,0,180,270,12,3371,14,1713,8,14
"1635","2020-03-14",2,20,46,23,3851,0.932485068813295,0,0,373,441,10,28,10,31,2,10
"1636","2020-03-15",2,20,52,39,3851,0.932485068813295,0,0,373,441,5,33,16,47,3,16
"1637","2020-03-16",4,20,51,50,3851,0.932485068813295,0,0,373,441,5,38,20,67,1,20
"1638","2020-03-17",6,20,62,66,3851,0.932485068813295,0,0,373,441,8,46,10,77,4,10
"1639","2020-03-18",8,20,71,82,3851,0.932485068813295,0,0,373,441,16,62,9,86,6,9
"1640","2020-03-19",9,20,71,99,3851,0.932485068813295,0,0,373,441,10,72,21,107,5,21
"1641","2020-03-20",9,20,67,122,3851,0.932485068813295,0,0,373,441,13,85,26,133,8,26
"1642","2020-03-21",11,20,55,139,3851,0.932485068813295,0,0,373,441,10,95,14,147,5,14
"1643","2020-03-22",14,20,62,165,3851,0.932485068813295,0,0,373,441,9,104,14,161,6,14
"1644","2020-03-23",16,20,72,184,3851,0.932485068813295,0,0,373,441,15,119,26,187,8,26
"1645","2020-03-24",21,20,101,204,3851,0.932485068813295,0,0,373,441,13,132,13,200,7,13
"1646","2020-03-25",28,20,121,226,3851,0.932485068813295,0,0,373,441,10,142,12,212,5,12
"1647","2020-03-26",41,20,141,253,3851,0.932485068813295,0,0,373,441,14,156,12,224,8,12
"1648","2020-03-27",50,20,145,281,3851,0.932485068813295,0,0,373,441,11,167,14,238,7,14
"1649","2020-03-28",56,20,136,309,3851,0.932485068813295,0,0,373,441,20,187,20,258,12,20
"1650","2020-03-29",66,20,138,349,3851,0.932485068813295,0,0,373,441,19,206,31,289,15,31
"1651","2020-03-30",78,20,128,371,3851,0.932485068813295,0,0,373,441,19,225,16,305,8,16
"1652","2020-03-31",84,20,118,383,3851,0.932485068813295,0,0,373,441,31,256,24,329,22,24
"1653","2020-04-01",87,20,104,408,3851,0.932485068813295,0,0,373,441,20,276,27,356,11,27
"1654","2020-04-02",95,20,85,418,3851,0.932485068813295,0,0,373,441,29,305,27,383,22,27
"1655","2020-04-03",100,20,97,431,3851,0.932485068813295,0,0,373,441,16,321,31,414,11,31
"1656","2020-04-04",105,20,93,449,3851,0.932485068813295,0,0,373,441,27,348,28,442,16,28
"1657","2020-04-05",105,20,95,477,3851,0.932485068813295,0,0,373,441,25,373,26,468,17,26
"1658","2020-04-06",108,20,92,484,3851,0.932485068813295,0,0,373,441,29,402,24,492,20,24
"1659","2020-04-07",111,20,91,514,3851,0.932485068813295,0,0,373,441,28,430,15,507,20,15
"1660","2020-04-08",122,20,101,547,3851,0.932485068813295,0,0,373,441,37,467,33,540,31,33
"1661","2020-04-09",119,20,102,592,3851,0.932485068813295,0,0,373,441,28,495,15,555,22,15
"1662","2020-04-10",127,20,99,630,3851,0.932485068813295,0,0,373,441,23,518,19,574,16,19
"1663","2020-04-11",148,20,102,643,3851,0.932485068813295,0,0,373,441,24,542,32,606,17,32
"1664","2020-04-12",159,20,126,702,3851,0.932485068813295,0,0,373,441,23,565,22,628,18,22
"1665","2020-04-13",167,20,146,718,3851,0.932485068813295,0,0,373,441,23,588,22,650,12,22
"1666","2020-04-14",189,20,158,757,3851,0.932485068813295,0,0,373,441,25,613,30,680,16,30
"1667","2020-04-15",194,20,149,799,3851,0.932485068813295,0,0,373,441,28,641,24,704,23,24
"1668","2020-04-16",211,20,163,811,3851,0.932485068813295,0,0,373,441,27,668,28,732,19,28
"1669","2020-04-17",221,20,194,830,3851,0.932485068813295,0,0,373,441,22,690,26,758,16,26
"1670","2020-04-18",209,20,212,878,3851,0.932485068813295,0,0,373,441,24,714,34,792,13,34
"1671","2020-04-19",222,20,206,871,3851,0.932485068813295,0,0,373,441,24,738,38,830,14,38
"1672","2020-04-20",219,20,200,854,3851,0.932485068813295,0,0,373,441,17,755,48,878,9,48
"1673","2020-04-21",210,20,185,858,3851,0.932485068813295,0,0,373,441,15,770,36,914,10,36
"1674","2020-04-22",217,20,165,834,3851,0.932485068813295,0,0,373,441,17,787,26,940,10,26
"1675","2020-04-23",215,20,176,844,3851,0.932485068813295,0,0,373,441,15,802,40,980,11,40
"1676","2020-04-24",222,20,160,839,3851,0.932485068813295,0,0,373,441,17,819,27,1007,11,27
"1677","2020-04-25",237,20,146,843,3851,0.932485068813295,0,0,373,441,20,839,29,1036,11,29
"1678","2020-04-26",234,20,125,829,3851,0.932485068813295,0,0,373,441,20,859,34,1070,12,34
"1679","2020-04-27",244,20,111,809,3851,0.932485068813295,0,0,373,441,19,878,34,1104,10,34
"1680","2020-04-28",250,20,105,799,3851,0.932485068813295,0,0,373,441,18,896,36,1140,10,36
"1681","2020-04-29",255,20,107,779,3851,0.932485068813295,0,0,373,441,21,917,27,1167,15,27
"1682","2020-04-30",243,20,116,749,3851,0.932485068813295,0,0,373,441,14,931,29,1196,9,29
"1683","2020-05-01",243,20,122,728,3851,0.932485068813295,0,0,373,441,15,946,35,1231,11,35
"1684","2020-05-02",233,20,112,721,3851,0.932485068813295,0,0,373,441,17,963,38,1269,10,38
"1685","2020-05-03",237,20,118,712,3851,0.932485068813295,0,0,373,441,18,981,36,1305,5,36
"1686","2020-05-04",231,20,142,684,3851,0.932485068813295,0,0,373,441,17,998,37,1342,10,37
"1687","2020-05-05",223,20,149,637,3851,0.932485068813295,0,0,373,441,19,1017,26,1368,5,26
"1688","2020-05-06",207,20,137,624,3851,0.932485068813295,0,0,373,441,13,1030,34,1402,5,34
"1689","2020-05-07",206,20,147,610,3851,0.932485068813295,0,0,373,441,19,1049,38,1440,8,38
"1690","2020-05-08",190,20,157,590,3851,0.932485068813295,0,0,373,441,21,1070,29,1469,15,29
"1691","2020-05-09",194,20,148,562,3851,0.932485068813295,0,0,373,441,17,1087,32,1501,10,32
"1692","2020-05-10",183,20,144,540,3851,0.932485068813295,0,0,373,441,16,1103,18,1519,7,18
"1693","2020-05-11",172,20,126,515,3851,0.932485068813295,0,0,373,441,12,1115,25,1544,7,25
"1694","2020-05-12",165,20,109,487,3851,0.932485068813295,0,0,373,441,15,1130,21,1565,11,21
"1695","2020-05-13",151,20,98,472,3851,0.932485068813295,0,0,373,441,15,1145,24,1589,11,24
"1696","2020-05-14",145,20,98,455,3851,0.932485068813295,0,0,373,441,15,1160,22,1611,9,22
"1697","2020-05-15",144,20,113,450,3851,0.932485068813295,0,0,373,441,17,1177,24,1635,12,24
"1698","2020-05-16",133,20,105,422,3851,0.932485068813295,0,0,373,441,15,1192,28,1663,11,28
"1699","2020-05-17",121,20,95,416,3851,0.932485068813295,0,0,373,441,15,1207,27,1690,6,27
"1700","2020-05-18",124,20,91,404,3851,0.932485068813295,0,0,373,441,13,1220,35,1725,8,35
"1701","2020-05-19",120,20,85,394,3851,0.932485068813295,0,0,373,441,17,1237,34,1759,8,34
"1702","2020-05-20",122,20,93,361,3851,0.932485068813295,0,0,373,441,13,1250,28,1787,7,28
"1703","2020-05-21",123,20,106,350,3851,0.932485068813295,0,0,373,441,10,1260,28,1815,5,28
"1704","2020-05-22",117,20,110,333,3851,0.932485068813295,0,0,373,441,23,1283,30,1845,17,30
"1705","2020-05-23",106,20,103,319,3851,0.932485068813295,0,0,373,441,15,1298,20,1865,10,20
"1706","2020-05-24",105,20,106,319,3851,0.932485068813295,0,0,373,441,24,1322,27,1892,18,27
"1707","2020-05-25",97,20,107,298,3851,0.932485068813295,0,0,373,441,17,1339,21,1913,15,21
"1708","2020-05-26",94,20,112,283,3851,0.932485068813295,0,0,373,441,22,1361,20,1933,15,20
"1709","2020-05-27",90,20,113,273,3851,0.932485068813295,0,0,373,441,13,1374,23,1956,11,23
"1710","2020-05-28",87,20,120,275,3851,0.932485068813295,0,0,373,441,19,1393,23,1979,15,23
"1711","2020-05-29",88,20,115,271,3851,0.932485068813295,0,0,373,441,18,1411,19,1998,13,19
"1712","2020-05-30",91,20,108,265,3851,0.932485068813295,0,0,373,441,19,1430,21,2019,17,21
"1713","2020-05-31",82,20,110,248,3851,0.932485068813295,0,0,373,441,18,1448,15,2034,13,15
"1714","2020-06-01",80,20,122,244,3851,0.932485068813295,0,0,373,441,25,1473,18,2052,22,18
"1715","2020-06-02",82,20,106,233,3851,0.932485068813295,0,0,373,441,13,1486,13,2065,12,13
"1716","2020-06-03",87,20,93,226,3851,0.932485068813295,0,0,373,441,18,1504,15,2080,13,15
"1717","2020-06-04",84,20,92,226,3851,0.932485068813295,0,0,373,441,18,1522,17,2097,16,17
"1718","2020-06-05",78,20,82,219,3851,0.932485068813295,0,0,373,441,27,1549,25,2122,21,25
"1719","2020-06-06",69,20,65,216,3851,0.932485068813295,0,0,373,441,14,1563,20,2142,12,20
"1720","2020-06-07",72,20,56,213,3851,0.932485068813295,0,0,373,441,18,1581,24,2166,15,24
