"","Date","Absents","Paramset","Infections_or_Exposed_per_day_Patient","Infections_or_Exposed_per_day_HCW","total_infections","nosocomial_proportion","PCR_pooled","LFD_pooled","HCW_symp_test","patient_symp_test","new_hcw_infs","cumulative_hcw_infs","new_pat_infs","cumulative_pats_infs","new_nosocomial_hcw_infs","new_nosocomial_pat_infs"
"1","2020-03-12",2,1,51,174,8235,0.285974499089253,2025,9317,792,988,79,174,15,28,2,15
"2","2020-03-13",8,1,111,278,8235,0.285974499089253,2025,9317,792,988,104,278,48,76,11,48
"3","2020-03-14",32,1,127,367,8235,0.285974499089253,2025,9317,792,988,89,367,22,98,20,22
"4","2020-03-15",54,1,141,480,8235,0.285974499089253,2025,9317,792,988,113,480,28,126,29,28
"5","2020-03-16",74,1,152,603,8235,0.285974499089253,2025,9317,792,988,125,605,30,156,25,30
"6","2020-03-17",87,1,159,730,8235,0.285974499089253,2025,9317,792,988,130,735,40,196,44,40
"7","2020-03-18",114,1,173,833,8235,0.285974499089253,2025,9317,792,988,115,850,30,226,43,30
"8","2020-03-19",143,1,220,947,8235,0.285974499089253,2025,9317,792,988,137,987,55,281,57,55
"9","2020-03-20",209,1,216,1027,8235,0.285974499089253,2025,9317,792,988,116,1103,39,320,44,39
"10","2020-03-21",303,1,230,1125,8235,0.285974499089253,2025,9317,792,988,135,1238,45,365,52,45
"11","2020-03-22",334,1,224,1230,8235,0.285974499089253,2025,9317,792,988,161,1399,33,398,68,33
"12","2020-03-23",324,1,221,1292,8235,0.285974499089253,2025,9317,792,988,132,1531,35,433,64,35
"13","2020-03-24",344,1,208,1361,8235,0.285974499089253,2025,9317,792,988,147,1678,31,464,70,31
"14","2020-03-25",353,1,204,1425,8235,0.285974499089253,2025,9317,792,988,170,1848,35,499,81,35
"15","2020-03-26",372,1,201,1486,8235,0.285974499089253,2025,9317,792,988,145,1993,32,531,60,32
"16","2020-03-27",491,1,190,1498,8235,0.285974499089253,2025,9317,792,988,122,2115,22,553,57,22
"17","2020-03-28",456,1,178,1532,8235,0.285974499089253,2025,9317,792,988,140,2255,23,576,70,23
"18","2020-03-29",454,1,160,1538,8235,0.285974499089253,2025,9317,792,988,123,2378,14,590,58,14
"19","2020-03-30",477,1,150,1573,8235,0.285974499089253,2025,9317,792,988,156,2534,10,600,70,10
"20","2020-03-31",480,1,136,1566,8235,0.285974499089253,2025,9317,792,988,115,2649,11,611,44,11
"21","2020-04-01",513,1,158,1585,8235,0.285974499089253,2025,9317,792,988,137,2786,38,649,56,38
"22","2020-04-02",513,1,167,1572,8235,0.285974499089253,2025,9317,792,988,136,2922,26,675,63,26
"23","2020-04-03",542,1,167,1578,8235,0.285974499089253,2025,9317,792,988,130,3052,19,694,54,19
"24","2020-04-04",546,1,199,1580,8235,0.285974499089253,2025,9317,792,988,125,3177,50,744,55,50
"25","2020-04-05",500,1,198,1577,8235,0.285974499089253,2025,9317,792,988,123,3300,29,773,50,29
"26","2020-04-06",499,1,211,1567,8235,0.285974499089253,2025,9317,792,988,125,3425,43,816,54,43
"27","2020-04-07",497,1,219,1530,8235,0.285974499089253,2025,9317,792,988,121,3546,42,858,40,42
"28","2020-04-08",489,1,200,1512,8235,0.285974499089253,2025,9317,792,988,126,3672,24,882,49,24
"29","2020-04-09",506,1,190,1547,8235,0.285974499089253,2025,9317,792,988,145,3817,21,903,67,21
"30","2020-04-10",581,1,209,1492,8235,0.285974499089253,2025,9317,792,988,95,3912,47,950,35,47
"31","2020-04-11",586,1,223,1473,8235,0.285974499089253,2025,9317,792,988,101,4013,51,1001,35,51
"32","2020-04-12",507,1,277,1432,8235,0.285974499089253,2025,9317,792,988,95,4108,68,1069,38,68
"33","2020-04-13",501,1,280,1392,8235,0.285974499089253,2025,9317,792,988,97,4205,49,1118,38,49
"34","2020-04-14",502,1,295,1377,8235,0.285974499089253,2025,9317,792,988,107,4312,51,1169,45,51
"35","2020-04-15",487,1,294,1354,8235,0.285974499089253,2025,9317,792,988,89,4401,36,1205,30,36
"36","2020-04-16",460,1,285,1336,8235,0.285974499089253,2025,9317,792,988,91,4492,44,1249,33,44
"37","2020-04-17",425,1,281,1294,8235,0.285974499089253,2025,9317,792,988,75,4567,34,1283,24,34
"38","2020-04-18",411,1,256,1285,8235,0.285974499089253,2025,9317,792,988,104,4671,27,1310,40,27
"39","2020-04-19",438,1,243,1255,8235,0.285974499089253,2025,9317,792,988,85,4756,22,1332,20,22
"40","2020-04-20",423,1,225,1224,8235,0.285974499089253,2025,9317,792,988,88,4844,28,1360,34,28
"41","2020-04-21",398,1,208,1193,8235,0.285974499089253,2025,9317,792,988,79,4923,21,1381,24,21
"42","2020-04-22",392,1,204,1142,8235,0.285974499089253,2025,9317,792,988,68,4991,21,1402,15,21
"43","2020-04-23",395,1,197,1134,8235,0.285974499089253,2025,9317,792,988,85,5076,27,1429,24,27
"44","2020-04-24",425,1,180,1092,8235,0.285974499089253,2025,9317,792,988,71,5147,22,1451,18,22
"45","2020-04-25",423,1,212,1053,8235,0.285974499089253,2025,9317,792,988,66,5213,52,1503,21,52
"46","2020-04-26",383,1,221,1025,8235,0.285974499089253,2025,9317,792,988,69,5282,34,1537,11,34
"47","2020-04-27",372,1,217,994,8235,0.285974499089253,2025,9317,792,988,65,5347,15,1552,24,15
"48","2020-04-28",359,1,208,982,8235,0.285974499089253,2025,9317,792,988,80,5427,18,1570,29,18
"49","2020-04-29",345,1,192,963,8235,0.285974499089253,2025,9317,792,988,67,5494,15,1585,17,15
"50","2020-04-30",331,1,217,951,8235,0.285974499089253,2025,9317,792,988,68,5562,30,1615,19,30
"51","2020-05-01",321,1,207,924,8235,0.285974499089253,2025,9317,792,988,67,5629,27,1642,20,27
"52","2020-05-02",317,1,193,899,8235,0.285974499089253,2025,9317,792,988,51,5680,17,1659,11,17
"53","2020-05-03",266,1,179,874,8235,0.285974499089253,2025,9317,792,988,54,5734,16,1675,17,16
"54","2020-05-04",256,1,182,852,8235,0.285974499089253,2025,9317,792,988,53,5787,20,1695,13,20
"55","2020-05-05",266,1,222,822,8235,0.285974499089253,2025,9317,792,988,60,5847,59,1754,13,59
"56","2020-05-06",268,1,226,780,8235,0.285974499089253,2025,9317,792,988,43,5890,35,1789,10,35
"57","2020-05-07",266,1,226,744,8235,0.285974499089253,2025,9317,792,988,44,5934,31,1820,12,31
"58","2020-05-08",266,1,225,738,8235,0.285974499089253,2025,9317,792,988,50,5984,32,1852,16,32
"59","2020-05-09",271,1,221,707,8235,0.285974499089253,2025,9317,792,988,36,6020,27,1879,7,27
"60","2020-05-10",266,1,209,687,8235,0.285974499089253,2025,9317,792,988,45,6065,24,1903,11,24
"61","2020-05-11",254,1,197,649,8235,0.285974499089253,2025,9317,792,988,34,6099,16,1919,4,16
"62","2020-05-12",234,1,209,619,8235,0.285974499089253,2025,9317,792,988,35,6134,22,1941,11,22
"63","2020-05-13",225,1,208,594,8235,0.285974499089253,2025,9317,792,988,45,6179,18,1959,9,18
"64","2020-05-14",221,1,218,563,8235,0.285974499089253,2025,9317,792,988,30,6209,45,2004,4,45
"65","2020-05-15",210,1,221,540,8235,0.285974499089253,2025,9317,792,988,26,6235,33,2037,5,33
"66","2020-05-16",191,1,216,518,8235,0.285974499089253,2025,9317,792,988,33,6268,30,2067,4,30
"67","2020-05-17",161,1,254,504,8235,0.285974499089253,2025,9317,792,988,34,6302,52,2119,9,52
"68","2020-05-18",158,1,272,488,8235,0.285974499089253,2025,9317,792,988,35,6337,48,2167,6,48
"69","2020-05-19",151,1,268,469,8235,0.285974499089253,2025,9317,792,988,29,6366,43,2210,6,43
"70","2020-05-20",145,1,255,454,8235,0.285974499089253,2025,9317,792,988,29,6395,25,2235,8,25
"71","2020-05-21",140,1,251,437,8235,0.285974499089253,2025,9317,792,988,35,6430,31,2266,9,31
"72","2020-05-22",142,1,232,422,8235,0.285974499089253,2025,9317,792,988,20,6450,28,2294,4,28
"73","2020-05-23",135,1,258,403,8235,0.285974499089253,2025,9317,792,988,25,6475,48,2342,4,48
"74","2020-05-24",139,1,254,387,8235,0.285974499089253,2025,9317,792,988,27,6502,42,2384,8,42
"75","2020-05-25",142,1,237,369,8235,0.285974499089253,2025,9317,792,988,21,6523,35,2419,6,35
"76","2020-05-26",136,1,233,351,8235,0.285974499089253,2025,9317,792,988,20,6543,27,2446,4,27
"77","2020-05-27",142,1,217,344,8235,0.285974499089253,2025,9317,792,988,20,6563,25,2471,2,25
"78","2020-05-28",133,1,209,328,8235,0.285974499089253,2025,9317,792,988,17,6580,29,2500,3,29
"79","2020-05-29",120,1,240,311,8235,0.285974499089253,2025,9317,792,988,17,6597,45,2545,2,45
"80","2020-05-30",121,1,260,282,8235,0.285974499089253,2025,9317,792,988,9,6606,59,2604,NA,59
"81","2020-05-31",101,1,281,278,8235,0.285974499089253,2025,9317,792,988,19,6625,55,2659,2,55
"82","2020-06-01",90,1,258,264,8235,0.285974499089253,2025,9317,792,988,17,6642,29,2688,2,29
"83","2020-06-02",83,1,242,249,8235,0.285974499089253,2025,9317,792,988,18,6660,32,2720,7,32
"84","2020-06-03",70,1,207,227,8235,0.285974499089253,2025,9317,792,988,10,6670,15,2735,1,15
"85","2020-06-04",65,1,196,220,8235,0.285974499089253,2025,9317,792,988,18,6688,15,2750,2,15
"86","2020-06-05",64,1,182,217,8235,0.285974499089253,2025,9317,792,988,18,6706,18,2768,4,18
"87","2020-06-06",67,1,186,211,8235,0.285974499089253,2025,9317,792,988,16,6722,19,2787,3,19
"88","2020-06-07",68,1,195,194,8235,0.285974499089253,2025,9317,792,988,8,6730,46,2833,1,46
"89","2020-03-13",1,2,89,133,7148,0.605344152210408,1950,8030,745,964,85,234,19,49,13,19
"90","2020-03-14",23,2,125,203,7148,0.605344152210408,1950,8030,745,964,83,317,7,56,18,7
"91","2020-03-15",38,2,125,264,7148,0.605344152210408,1950,8030,745,964,90,407,20,76,23,20
"92","2020-03-16",41,2,136,324,7148,0.605344152210408,1950,8030,745,964,99,506,8,84,40,8
"93","2020-03-17",49,2,130,404,7148,0.605344152210408,1950,8030,745,964,87,593,13,97,31,13
"94","2020-03-18",62,2,115,483,7148,0.605344152210408,1950,8030,745,964,99,692,20,117,41,20
"95","2020-03-19",82,2,117,578,7148,0.605344152210408,1950,8030,745,964,132,824,27,144,59,27
"96","2020-03-20",138,2,149,680,7148,0.605344152210408,1950,8030,745,964,122,946,33,177,67,33
"97","2020-03-21",146,2,166,802,7148,0.605344152210408,1950,8030,745,964,124,1070,31,208,68,31
"98","2020-03-22",182,2,155,917,7148,0.605344152210408,1950,8030,745,964,145,1215,58,266,85,58
"99","2020-03-23",197,2,132,1042,7148,0.605344152210408,1950,8030,745,964,120,1335,61,327,61,61
"100","2020-03-24",211,2,120,1174,7148,0.605344152210408,1950,8030,745,964,153,1488,60,387,74,60
"101","2020-03-25",248,2,134,1280,7148,0.605344152210408,1950,8030,745,964,150,1638,44,431,79,44
"102","2020-03-26",281,2,157,1418,7148,0.605344152210408,1950,8030,745,964,124,1762,38,469,79,38
"103","2020-03-27",391,2,158,1512,7148,0.605344152210408,1950,8030,745,964,150,1912,38,507,72,38
"104","2020-03-28",444,2,141,1605,7148,0.605344152210408,1950,8030,745,964,146,2058,32,539,94,32
"105","2020-03-29",484,2,120,1683,7148,0.605344152210408,1950,8030,745,964,172,2230,27,566,104,27
"106","2020-03-30",513,2,125,1775,7148,0.605344152210408,1950,8030,745,964,148,2378,22,588,92,22
"107","2020-03-31",520,2,156,1814,7148,0.605344152210408,1950,8030,745,964,147,2525,45,633,87,45
"108","2020-04-01",532,2,170,1854,7148,0.605344152210408,1950,8030,745,964,137,2662,39,672,71,39
"109","2020-04-02",554,2,178,1885,7148,0.605344152210408,1950,8030,745,964,143,2805,38,710,96,38
"110","2020-04-03",693,2,165,1895,7148,0.605344152210408,1950,8030,745,964,164,2969,35,745,99,35
"111","2020-04-04",697,2,151,1893,7148,0.605344152210408,1950,8030,745,964,113,3082,44,789,66,44
"112","2020-04-05",633,2,154,1905,7148,0.605344152210408,1950,8030,745,964,154,3236,52,841,80,52
"113","2020-04-06",645,2,189,1860,7148,0.605344152210408,1950,8030,745,964,145,3381,35,876,90,35
"114","2020-04-07",643,2,182,1826,7148,0.605344152210408,1950,8030,745,964,127,3508,34,910,66,34
"115","2020-04-08",640,2,190,1803,7148,0.605344152210408,1950,8030,745,964,125,3633,38,948,56,38
"116","2020-04-09",634,2,219,1787,7148,0.605344152210408,1950,8030,745,964,129,3762,23,971,73,23
"117","2020-04-10",624,2,215,1800,7148,0.605344152210408,1950,8030,745,964,89,3851,29,1000,49,29
"118","2020-04-11",627,2,212,1763,7148,0.605344152210408,1950,8030,745,964,118,3969,28,1028,59,28
"119","2020-04-12",606,2,222,1708,7148,0.605344152210408,1950,8030,745,964,120,4089,41,1069,58,41
"120","2020-04-13",570,2,201,1634,7148,0.605344152210408,1950,8030,745,964,94,4183,39,1108,49,39
"121","2020-04-14",564,2,184,1613,7148,0.605344152210408,1950,8030,745,964,115,4298,23,1131,58,23
"122","2020-04-15",567,2,211,1545,7148,0.605344152210408,1950,8030,745,964,96,4394,28,1159,51,28
"123","2020-04-16",549,2,225,1464,7148,0.605344152210408,1950,8030,745,964,79,4473,20,1179,32,20
"124","2020-04-17",534,2,262,1387,7148,0.605344152210408,1950,8030,745,964,82,4555,31,1210,41,31
"125","2020-04-18",546,2,251,1316,7148,0.605344152210408,1950,8030,745,964,112,4667,34,1244,48,34
"126","2020-04-19",473,2,240,1250,7148,0.605344152210408,1950,8030,745,964,78,4745,35,1279,34,35
"127","2020-04-20",454,2,231,1200,7148,0.605344152210408,1950,8030,745,964,83,4828,49,1328,32,49
"128","2020-04-21",428,2,221,1123,7148,0.605344152210408,1950,8030,745,964,68,4896,47,1375,28,47
"129","2020-04-22",405,2,200,1072,7148,0.605344152210408,1950,8030,745,964,82,4978,36,1411,30,36
"130","2020-04-23",395,2,200,1023,7148,0.605344152210408,1950,8030,745,964,73,5051,19,1430,33,19
"131","2020-04-24",347,2,180,942,7148,0.605344152210408,1950,8030,745,964,69,5120,25,1455,24,25
"132","2020-04-25",317,2,169,892,7148,0.605344152210408,1950,8030,745,964,71,5191,16,1471,28,16
"133","2020-04-26",276,2,153,849,7148,0.605344152210408,1950,8030,745,964,64,5255,34,1505,22,34
"134","2020-04-27",271,2,154,793,7148,0.605344152210408,1950,8030,745,964,65,5320,46,1551,27,46
"135","2020-04-28",265,2,193,744,7148,0.605344152210408,1950,8030,745,964,62,5382,37,1588,20,37
"136","2020-04-29",257,2,210,707,7148,0.605344152210408,1950,8030,745,964,60,5442,36,1624,15,36
"137","2020-04-30",237,2,209,691,7148,0.605344152210408,1950,8030,745,964,66,5508,52,1676,22,52
"138","2020-05-01",243,2,241,651,7148,0.605344152210408,1950,8030,745,964,48,5556,48,1724,18,48
"139","2020-05-02",235,2,243,617,7148,0.605344152210408,1950,8030,745,964,48,5604,48,1772,8,48
"140","2020-05-03",223,2,230,591,7148,0.605344152210408,1950,8030,745,964,55,5659,23,1795,21,23
"141","2020-05-04",214,2,225,560,7148,0.605344152210408,1950,8030,745,964,52,5711,30,1825,15,30
"142","2020-05-05",203,2,244,510,7148,0.605344152210408,1950,8030,745,964,42,5753,23,1848,9,23
"143","2020-05-06",184,2,240,498,7148,0.605344152210408,1950,8030,745,964,48,5801,43,1891,11,43
"144","2020-05-07",178,2,257,477,7148,0.605344152210408,1950,8030,745,964,49,5850,53,1944,6,53
"145","2020-05-08",152,2,252,452,7148,0.605344152210408,1950,8030,745,964,43,5893,53,1997,16,53
"146","2020-05-09",134,2,264,430,7148,0.605344152210408,1950,8030,745,964,37,5930,52,2049,13,52
"147","2020-05-10",136,2,257,414,7148,0.605344152210408,1950,8030,745,964,39,5969,27,2076,14,27
"148","2020-05-11",131,2,233,400,7148,0.605344152210408,1950,8030,745,964,47,6016,29,2105,13,29
"149","2020-05-12",127,2,211,402,7148,0.605344152210408,1950,8030,745,964,38,6054,38,2143,15,38
"150","2020-05-13",127,2,201,382,7148,0.605344152210408,1950,8030,745,964,33,6087,33,2176,7,33
"151","2020-05-14",127,2,188,377,7148,0.605344152210408,1950,8030,745,964,37,6124,28,2204,9,28
"152","2020-05-15",124,2,201,365,7148,0.605344152210408,1950,8030,745,964,40,6164,20,2224,6,20
"153","2020-05-16",124,2,186,351,7148,0.605344152210408,1950,8030,745,964,28,6192,18,2242,5,18
"154","2020-05-17",124,2,168,337,7148,0.605344152210408,1950,8030,745,964,25,6217,17,2259,6,17
"155","2020-05-18",122,2,147,334,7148,0.605344152210408,1950,8030,745,964,27,6244,11,2270,11,11
"156","2020-05-19",110,2,133,318,7148,0.605344152210408,1950,8030,745,964,25,6269,20,2290,5,20
"157","2020-05-20",104,2,129,299,7148,0.605344152210408,1950,8030,745,964,22,6291,33,2323,1,33
"158","2020-05-21",96,2,163,289,7148,0.605344152210408,1950,8030,745,964,23,6314,39,2362,4,39
"159","2020-05-22",98,2,160,275,7148,0.605344152210408,1950,8030,745,964,26,6340,31,2393,8,31
"160","2020-05-23",91,2,150,261,7148,0.605344152210408,1950,8030,745,964,20,6360,45,2438,5,45
"161","2020-05-24",83,2,180,242,7148,0.605344152210408,1950,8030,745,964,19,6379,46,2484,4,46
"162","2020-05-25",78,2,176,227,7148,0.605344152210408,1950,8030,745,964,21,6400,37,2521,7,37
"163","2020-05-26",78,2,212,218,7148,0.605344152210408,1950,8030,745,964,23,6423,16,2537,5,16
"164","2020-05-27",77,2,244,207,7148,0.605344152210408,1950,8030,745,964,17,6440,14,2551,4,14
"165","2020-05-28",79,2,233,203,7148,0.605344152210408,1950,8030,745,964,12,6452,30,2581,1,30
"166","2020-05-29",78,2,231,188,7148,0.605344152210408,1950,8030,745,964,9,6461,28,2609,1,28
"167","2020-05-30",78,2,234,181,7148,0.605344152210408,1950,8030,745,964,16,6477,28,2637,4,28
"168","2020-05-31",68,2,216,176,7148,0.605344152210408,1950,8030,745,964,17,6494,22,2659,5,22
"169","2020-06-01",63,2,181,176,7148,0.605344152210408,1950,8030,745,964,15,6509,14,2673,3,14
"170","2020-06-02",53,2,181,172,7148,0.605344152210408,1950,8030,745,964,15,6524,26,2699,4,26
"171","2020-06-03",53,2,195,163,7148,0.605344152210408,1950,8030,745,964,11,6535,15,2714,4,15
"172","2020-06-04",52,2,208,157,7148,0.605344152210408,1950,8030,745,964,13,6548,25,2739,4,25
"173","2020-06-05",52,2,197,153,7148,0.605344152210408,1950,8030,745,964,13,6561,27,2766,2,27
"174","2020-06-06",58,2,209,148,7148,0.605344152210408,1950,8030,745,964,13,6574,29,2795,6,29
"175","2020-06-07",55,2,179,140,7148,0.605344152210408,1950,8030,745,964,7,6581,19,2814,1,19
"176","2020-03-13",6,3,203,249,8439,0.428249792629458,2040,8940,831,2123,43,117,54,145,19,54
"177","2020-03-14",21,3,234,346,8439,0.428249792629458,2040,8940,831,2123,55,172,30,175,36,30
"178","2020-03-15",47,3,250,434,8439,0.428249792629458,2040,8940,831,2123,86,258,35,210,58,35
"179","2020-03-16",61,3,258,534,8439,0.428249792629458,2040,8940,831,2123,59,317,37,247,38,37
"180","2020-03-17",69,3,262,647,8439,0.428249792629458,2040,8940,831,2123,76,393,27,274,56,27
"181","2020-03-18",106,3,290,767,8439,0.428249792629458,2040,8940,831,2123,94,487,26,300,70,26
"182","2020-03-19",135,3,315,913,8439,0.428249792629458,2040,8940,831,2123,101,588,45,345,75,45
"183","2020-03-20",204,3,344,1009,8439,0.428249792629458,2040,8940,831,2123,119,707,32,377,103,32
"184","2020-03-21",255,3,354,1130,8439,0.428249792629458,2040,8940,831,2123,146,853,64,441,118,64
"185","2020-03-22",335,3,323,1272,8439,0.428249792629458,2040,8940,831,2123,155,1008,37,478,120,37
"186","2020-03-23",345,3,297,1387,8439,0.428249792629458,2040,8940,831,2123,154,1162,26,504,133,26
"187","2020-03-24",356,3,290,1479,8439,0.428249792629458,2040,8940,831,2123,146,1308,23,527,121,23
"188","2020-03-25",370,3,297,1556,8439,0.428249792629458,2040,8940,831,2123,196,1504,21,548,170,21
"189","2020-03-26",391,3,297,1674,8439,0.428249792629458,2040,8940,831,2123,203,1707,19,567,176,19
"190","2020-03-27",563,3,312,1778,8439,0.428249792629458,2040,8940,831,2123,189,1896,24,591,170,24
"191","2020-03-28",608,3,324,1839,8439,0.428249792629458,2040,8940,831,2123,203,2099,31,622,182,31
"192","2020-03-29",586,3,296,1910,8439,0.428249792629458,2040,8940,831,2123,230,2329,28,650,208,28
"193","2020-03-30",616,3,301,1966,8439,0.428249792629458,2040,8940,831,2123,193,2522,43,693,179,43
"194","2020-03-31",619,3,273,1982,8439,0.428249792629458,2040,8940,831,2123,210,2732,37,730,187,37
"195","2020-04-01",636,3,270,2006,8439,0.428249792629458,2040,8940,831,2123,192,2924,29,759,171,29
"196","2020-04-02",667,3,261,1989,8439,0.428249792629458,2040,8940,831,2123,173,3097,27,786,155,27
"197","2020-04-03",704,3,275,1957,8439,0.428249792629458,2040,8940,831,2123,167,3264,54,840,146,54
"198","2020-04-04",704,3,271,1956,8439,0.428249792629458,2040,8940,831,2123,183,3447,62,902,171,62
"199","2020-04-05",616,3,297,1943,8439,0.428249792629458,2040,8940,831,2123,174,3621,48,950,155,48
"200","2020-04-06",605,3,278,1895,8439,0.428249792629458,2040,8940,831,2123,153,3774,20,970,137,20
"201","2020-04-07",612,3,279,1868,8439,0.428249792629458,2040,8940,831,2123,144,3918,22,992,129,22
"202","2020-04-08",614,3,269,1820,8439,0.428249792629458,2040,8940,831,2123,129,4047,21,1013,116,21
"203","2020-04-09",605,3,257,1775,8439,0.428249792629458,2040,8940,831,2123,148,4195,31,1044,131,31
"204","2020-04-10",622,3,251,1713,8439,0.428249792629458,2040,8940,831,2123,126,4321,21,1065,104,21
"205","2020-04-11",586,3,275,1705,8439,0.428249792629458,2040,8940,831,2123,160,4481,39,1104,146,39
"206","2020-04-12",589,3,322,1640,8439,0.428249792629458,2040,8940,831,2123,103,4584,32,1136,91,32
"207","2020-04-13",591,3,370,1588,8439,0.428249792629458,2040,8940,831,2123,125,4709,33,1169,117,33
"208","2020-04-14",557,3,355,1571,8439,0.428249792629458,2040,8940,831,2123,122,4831,22,1191,104,22
"209","2020-04-15",540,3,354,1528,8439,0.428249792629458,2040,8940,831,2123,103,4934,25,1216,90,25
"210","2020-04-16",510,3,354,1518,8439,0.428249792629458,2040,8940,831,2123,86,5020,26,1242,71,26
"211","2020-04-17",531,3,341,1438,8439,0.428249792629458,2040,8940,831,2123,80,5100,19,1261,69,19
"212","2020-04-18",529,3,364,1378,8439,0.428249792629458,2040,8940,831,2123,74,5174,29,1290,61,29
"213","2020-04-19",475,3,368,1327,8439,0.428249792629458,2040,8940,831,2123,67,5241,30,1320,54,30
"214","2020-04-20",460,3,376,1268,8439,0.428249792629458,2040,8940,831,2123,77,5318,41,1361,59,41
"215","2020-04-21",466,3,352,1242,8439,0.428249792629458,2040,8940,831,2123,60,5378,32,1393,47,32
"216","2020-04-22",462,3,345,1201,8439,0.428249792629458,2040,8940,831,2123,60,5438,41,1434,51,41
"217","2020-04-23",446,3,343,1141,8439,0.428249792629458,2040,8940,831,2123,54,5492,39,1473,43,39
"218","2020-04-24",426,3,368,1095,8439,0.428249792629458,2040,8940,831,2123,63,5555,34,1507,47,34
"219","2020-04-25",421,3,369,1074,8439,0.428249792629458,2040,8940,831,2123,52,5607,30,1537,38,30
"220","2020-04-26",369,3,350,1046,8439,0.428249792629458,2040,8940,831,2123,50,5657,24,1561,44,24
"221","2020-04-27",341,3,340,1006,8439,0.428249792629458,2040,8940,831,2123,43,5700,45,1606,33,45
"222","2020-04-28",312,3,326,936,8439,0.428249792629458,2040,8940,831,2123,41,5741,41,1647,35,41
"223","2020-04-29",286,3,327,889,8439,0.428249792629458,2040,8940,831,2123,41,5782,59,1706,33,59
"224","2020-04-30",283,3,331,854,8439,0.428249792629458,2040,8940,831,2123,35,5817,43,1749,26,43
"225","2020-05-01",263,3,348,837,8439,0.428249792629458,2040,8940,831,2123,31,5848,45,1794,27,45
"226","2020-05-02",274,3,344,789,8439,0.428249792629458,2040,8940,831,2123,33,5881,27,1821,21,27
"227","2020-05-03",257,3,327,775,8439,0.428249792629458,2040,8940,831,2123,32,5913,35,1856,19,35
"228","2020-05-04",239,3,307,729,8439,0.428249792629458,2040,8940,831,2123,26,5939,24,1880,20,24
"229","2020-05-05",238,3,311,718,8439,0.428249792629458,2040,8940,831,2123,35,5974,22,1902,26,22
"230","2020-05-06",236,3,319,695,8439,0.428249792629458,2040,8940,831,2123,29,6003,31,1933,19,31
"231","2020-05-07",236,3,304,648,8439,0.428249792629458,2040,8940,831,2123,22,6025,24,1957,15,24
"232","2020-05-08",215,3,308,614,8439,0.428249792629458,2040,8940,831,2123,33,6058,35,1992,16,35
"233","2020-05-09",211,3,287,566,8439,0.428249792629458,2040,8940,831,2123,30,6088,22,2014,24,22
"234","2020-05-10",186,3,288,547,8439,0.428249792629458,2040,8940,831,2123,20,6108,27,2041,12,27
"235","2020-05-11",183,3,319,540,8439,0.428249792629458,2040,8940,831,2123,19,6127,16,2057,7,16
"236","2020-05-12",177,3,339,513,8439,0.428249792629458,2040,8940,831,2123,14,6141,28,2085,10,28
"237","2020-05-13",172,3,353,491,8439,0.428249792629458,2040,8940,831,2123,30,6171,21,2106,19,21
"238","2020-05-14",169,3,388,467,8439,0.428249792629458,2040,8940,831,2123,16,6187,17,2123,9,17
"239","2020-05-15",158,3,370,442,8439,0.428249792629458,2040,8940,831,2123,22,6209,41,2164,16,41
"240","2020-05-16",154,3,343,426,8439,0.428249792629458,2040,8940,831,2123,18,6227,48,2212,12,48
"241","2020-05-17",151,3,339,404,8439,0.428249792629458,2040,8940,831,2123,12,6239,37,2249,8,37
"242","2020-05-18",149,3,343,385,8439,0.428249792629458,2040,8940,831,2123,21,6260,16,2265,15,16
"243","2020-05-19",143,3,324,381,8439,0.428249792629458,2040,8940,831,2123,18,6278,39,2304,14,39
"244","2020-05-20",144,3,337,353,8439,0.428249792629458,2040,8940,831,2123,18,6296,25,2329,12,25
"245","2020-05-21",131,3,340,340,8439,0.428249792629458,2040,8940,831,2123,11,6307,27,2356,5,27
"246","2020-05-22",124,3,341,313,8439,0.428249792629458,2040,8940,831,2123,20,6327,33,2389,13,33
"247","2020-05-23",119,3,346,301,8439,0.428249792629458,2040,8940,831,2123,12,6339,25,2414,8,25
"248","2020-05-24",120,3,331,275,8439,0.428249792629458,2040,8940,831,2123,10,6349,51,2465,4,51
"249","2020-05-25",112,3,325,252,8439,0.428249792629458,2040,8940,831,2123,15,6364,40,2505,8,40
"250","2020-05-26",108,3,374,242,8439,0.428249792629458,2040,8940,831,2123,7,6371,40,2545,6,40
"251","2020-05-27",98,3,370,218,8439,0.428249792629458,2040,8940,831,2123,11,6382,19,2564,7,19
"252","2020-05-28",96,3,367,202,8439,0.428249792629458,2040,8940,831,2123,11,6393,30,2594,8,30
"253","2020-05-29",91,3,354,198,8439,0.428249792629458,2040,8940,831,2123,14,6407,21,2615,8,21
"254","2020-05-30",76,3,379,190,8439,0.428249792629458,2040,8940,831,2123,6,6413,19,2634,2,19
"255","2020-05-31",69,3,362,175,8439,0.428249792629458,2040,8940,831,2123,8,6421,46,2680,5,46
"256","2020-06-01",63,3,344,166,8439,0.428249792629458,2040,8940,831,2123,12,6433,49,2729,7,49
"257","2020-06-02",58,3,340,156,8439,0.428249792629458,2040,8940,831,2123,11,6444,35,2764,7,35
"258","2020-06-03",54,3,324,154,8439,0.428249792629458,2040,8940,831,2123,14,6458,37,2801,12,37
"259","2020-06-04",53,3,322,146,8439,0.428249792629458,2040,8940,831,2123,19,6477,41,2842,13,41
"260","2020-06-05",50,3,331,143,8439,0.428249792629458,2040,8940,831,2123,4,6481,34,2876,3,34
"261","2020-06-06",49,3,308,127,8439,0.428249792629458,2040,8940,831,2123,10,6491,36,2912,4,36
"262","2020-06-07",44,3,309,125,8439,0.428249792629458,2040,8940,831,2123,5,6496,24,2936,3,24
"263","2020-03-13",5,4,126,120,6673,0.616664169039413,2025,8305,737,1210,104,283,13,72,27,13
"264","2020-03-14",19,4,122,177,6673,0.616664169039413,2025,8305,737,1210,133,416,12,84,50,12
"265","2020-03-15",27,4,144,225,6673,0.616664169039413,2025,8305,737,1210,126,542,11,95,57,11
"266","2020-03-16",29,4,151,285,6673,0.616664169039413,2025,8305,737,1210,137,679,92,187,57,92
"267","2020-03-17",37,4,191,351,6673,0.616664169039413,2025,8305,737,1210,138,817,34,221,60,34
"268","2020-03-18",50,4,247,398,6673,0.616664169039413,2025,8305,737,1210,147,964,32,253,67,32
"269","2020-03-19",62,4,254,483,6673,0.616664169039413,2025,8305,737,1210,125,1089,57,310,71,57
"270","2020-03-20",95,4,235,550,6673,0.616664169039413,2025,8305,737,1210,145,1234,28,338,70,28
"271","2020-03-21",120,4,242,627,6673,0.616664169039413,2025,8305,737,1210,149,1383,32,370,80,32
"272","2020-03-22",153,4,248,725,6673,0.616664169039413,2025,8305,737,1210,148,1531,17,387,87,17
"273","2020-03-23",172,4,212,802,6673,0.616664169039413,2025,8305,737,1210,140,1671,22,409,75,22
"274","2020-03-24",189,4,204,884,6673,0.616664169039413,2025,8305,737,1210,144,1815,22,431,84,22
"275","2020-03-25",208,4,199,951,6673,0.616664169039413,2025,8305,737,1210,163,1978,24,455,96,24
"276","2020-03-26",242,4,203,1005,6673,0.616664169039413,2025,8305,737,1210,165,2143,30,485,88,30
"277","2020-03-27",318,4,215,1067,6673,0.616664169039413,2025,8305,737,1210,166,2309,21,506,99,21
"278","2020-03-28",333,4,175,1139,6673,0.616664169039413,2025,8305,737,1210,147,2456,44,550,86,44
"279","2020-03-29",364,4,164,1206,6673,0.616664169039413,2025,8305,737,1210,158,2614,9,559,94,9
"280","2020-03-30",367,4,150,1252,6673,0.616664169039413,2025,8305,737,1210,146,2760,28,587,71,28
"281","2020-03-31",368,4,210,1318,6673,0.616664169039413,2025,8305,737,1210,169,2929,15,602,90,15
"282","2020-04-01",397,4,291,1356,6673,0.616664169039413,2025,8305,737,1210,133,3062,59,661,82,59
"283","2020-04-02",407,4,282,1410,6673,0.616664169039413,2025,8305,737,1210,140,3202,34,695,71,34
"284","2020-04-03",518,4,315,1452,6673,0.616664169039413,2025,8305,737,1210,138,3340,11,706,75,11
"285","2020-04-04",558,4,278,1484,6673,0.616664169039413,2025,8305,737,1210,137,3477,24,730,76,24
"286","2020-04-05",478,4,253,1493,6673,0.616664169039413,2025,8305,737,1210,122,3599,11,741,59,11
"287","2020-04-06",486,4,282,1528,6673,0.616664169039413,2025,8305,737,1210,125,3724,9,750,72,9
"288","2020-04-07",487,4,329,1537,6673,0.616664169039413,2025,8305,737,1210,112,3836,8,758,59,8
"289","2020-04-08",477,4,320,1536,6673,0.616664169039413,2025,8305,737,1210,135,3971,18,776,77,18
"290","2020-04-09",466,4,280,1513,6673,0.616664169039413,2025,8305,737,1210,128,4099,60,836,58,60
"291","2020-04-10",515,4,269,1482,6673,0.616664169039413,2025,8305,737,1210,102,4201,24,860,45,24
"292","2020-04-11",498,4,242,1457,6673,0.616664169039413,2025,8305,737,1210,118,4319,33,893,60,33
"293","2020-04-12",478,4,235,1433,6673,0.616664169039413,2025,8305,737,1210,102,4421,42,935,52,42
"294","2020-04-13",467,4,286,1415,6673,0.616664169039413,2025,8305,737,1210,111,4532,28,963,48,28
"295","2020-04-14",470,4,302,1399,6673,0.616664169039413,2025,8305,737,1210,93,4625,45,1008,56,45
"296","2020-04-15",470,4,265,1377,6673,0.616664169039413,2025,8305,737,1210,88,4713,22,1030,35,22
"297","2020-04-16",465,4,228,1360,6673,0.616664169039413,2025,8305,737,1210,88,4801,25,1055,42,25
"298","2020-04-17",458,4,192,1318,6673,0.616664169039413,2025,8305,737,1210,86,4887,28,1083,41,28
"299","2020-04-18",469,4,216,1307,6673,0.616664169039413,2025,8305,737,1210,83,4970,18,1101,29,18
"300","2020-04-19",430,4,238,1294,6673,0.616664169039413,2025,8305,737,1210,75,5045,19,1120,27,19
"301","2020-04-20",430,4,284,1266,6673,0.616664169039413,2025,8305,737,1210,88,5133,19,1139,43,19
"302","2020-04-21",428,4,260,1225,6673,0.616664169039413,2025,8305,737,1210,88,5221,17,1156,30,17
"303","2020-04-22",419,4,244,1184,6673,0.616664169039413,2025,8305,737,1210,93,5314,13,1169,31,13
"304","2020-04-23",427,4,255,1156,6673,0.616664169039413,2025,8305,737,1210,78,5392,11,1180,36,11
"305","2020-04-24",405,4,268,1124,6673,0.616664169039413,2025,8305,737,1210,77,5469,9,1189,39,9
"306","2020-04-25",393,4,255,1084,6673,0.616664169039413,2025,8305,737,1210,70,5539,8,1197,28,8
"307","2020-04-26",381,4,236,1045,6673,0.616664169039413,2025,8305,737,1210,86,5625,15,1212,33,15
"308","2020-04-27",370,4,221,1020,6673,0.616664169039413,2025,8305,737,1210,63,5688,34,1246,24,34
"309","2020-04-28",349,4,209,969,6673,0.616664169039413,2025,8305,737,1210,70,5758,24,1270,20,24
"310","2020-04-29",336,4,193,920,6673,0.616664169039413,2025,8305,737,1210,51,5809,16,1286,23,16
"311","2020-04-30",316,4,224,882,6673,0.616664169039413,2025,8305,737,1210,49,5858,31,1317,23,31
"312","2020-05-01",310,4,268,851,6673,0.616664169039413,2025,8305,737,1210,53,5911,48,1365,18,48
"313","2020-05-02",297,4,254,815,6673,0.616664169039413,2025,8305,737,1210,49,5960,71,1436,18,71
"314","2020-05-03",278,4,240,782,6673,0.616664169039413,2025,8305,737,1210,61,6021,44,1480,20,44
"315","2020-05-04",258,4,262,732,6673,0.616664169039413,2025,8305,737,1210,50,6071,13,1493,26,13
"316","2020-05-05",240,4,267,702,6673,0.616664169039413,2025,8305,737,1210,57,6128,7,1500,22,7
"317","2020-05-06",237,4,284,663,6673,0.616664169039413,2025,8305,737,1210,69,6197,17,1517,28,17
"318","2020-05-07",243,4,283,622,6673,0.616664169039413,2025,8305,737,1210,49,6246,31,1548,17,31
"319","2020-05-08",234,4,319,589,6673,0.616664169039413,2025,8305,737,1210,40,6286,15,1563,11,15
"320","2020-05-09",240,4,323,570,6673,0.616664169039413,2025,8305,737,1210,44,6330,34,1597,17,34
"321","2020-05-10",223,4,303,550,6673,0.616664169039413,2025,8305,737,1210,28,6358,26,1623,12,26
"322","2020-05-11",219,4,298,509,6673,0.616664169039413,2025,8305,737,1210,34,6392,19,1642,9,19
"323","2020-05-12",219,4,264,497,6673,0.616664169039413,2025,8305,737,1210,50,6442,12,1654,20,12
"324","2020-05-13",207,4,246,460,6673,0.616664169039413,2025,8305,737,1210,29,6471,5,1659,13,5
"325","2020-05-14",196,4,236,442,6673,0.616664169039413,2025,8305,737,1210,34,6505,6,1665,12,6
"326","2020-05-15",177,4,233,419,6673,0.616664169039413,2025,8305,737,1210,23,6528,10,1675,7,10
"327","2020-05-16",166,4,267,388,6673,0.616664169039413,2025,8305,737,1210,34,6562,27,1702,8,27
"328","2020-05-17",154,4,286,377,6673,0.616664169039413,2025,8305,737,1210,32,6594,66,1768,13,66
"329","2020-05-18",133,4,268,381,6673,0.616664169039413,2025,8305,737,1210,38,6632,38,1806,12,38
"330","2020-05-19",131,4,286,370,6673,0.616664169039413,2025,8305,737,1210,22,6654,77,1883,11,77
"331","2020-05-20",129,4,290,358,6673,0.616664169039413,2025,8305,737,1210,26,6680,44,1927,11,44
"332","2020-05-21",118,4,303,343,6673,0.616664169039413,2025,8305,737,1210,27,6707,12,1939,12,12
"333","2020-05-22",114,4,335,327,6673,0.616664169039413,2025,8305,737,1210,20,6727,31,1970,5,31
"334","2020-05-23",111,4,308,315,6673,0.616664169039413,2025,8305,737,1210,17,6744,25,1995,6,25
"335","2020-05-24",96,4,297,297,6673,0.616664169039413,2025,8305,737,1210,22,6766,14,2009,7,14
"336","2020-05-25",98,4,251,284,6673,0.616664169039413,2025,8305,737,1210,19,6785,17,2026,6,17
"337","2020-05-26",83,4,219,261,6673,0.616664169039413,2025,8305,737,1210,15,6800,42,2068,2,42
"338","2020-05-27",87,4,245,249,6673,0.616664169039413,2025,8305,737,1210,17,6817,21,2089,2,21
"339","2020-05-28",85,4,230,237,6673,0.616664169039413,2025,8305,737,1210,16,6833,47,2136,4,47
"340","2020-05-29",87,4,214,222,6673,0.616664169039413,2025,8305,737,1210,15,6848,18,2154,9,18
"341","2020-05-30",89,4,200,219,6673,0.616664169039413,2025,8305,737,1210,24,6872,19,2173,5,19
"342","2020-05-31",82,4,236,220,6673,0.616664169039413,2025,8305,737,1210,19,6891,46,2219,5,46
"343","2020-06-01",83,4,229,218,6673,0.616664169039413,2025,8305,737,1210,17,6908,35,2254,7,35
"344","2020-06-02",83,4,204,213,6673,0.616664169039413,2025,8305,737,1210,13,6921,28,2282,4,28
"345","2020-06-03",75,4,184,207,6673,0.616664169039413,2025,8305,737,1210,12,6933,74,2356,4,74
"346","2020-06-04",71,4,165,192,6673,0.616664169039413,2025,8305,737,1210,16,6949,51,2407,7,51
"347","2020-06-05",66,4,147,182,6673,0.616664169039413,2025,8305,737,1210,8,6957,21,2428,4,21
"348","2020-06-06",64,4,128,174,6673,0.616664169039413,2025,8305,737,1210,11,6968,20,2448,5,20
"349","2020-06-07",64,4,120,167,6673,0.616664169039413,2025,8305,737,1210,16,6984,29,2477,6,29
"350","2020-03-07",1,5,0,0,7097,0.541073693109765,2055,8527,732,948,NA,NA,NA,NA,NA,NA
"351","2020-03-08",1,5,0,0,7097,0.541073693109765,2055,8527,732,948,NA,NA,NA,NA,NA,NA
"352","2020-03-09",0,5,0,0,7097,0.541073693109765,2055,8527,732,948,NA,NA,NA,NA,NA,NA
"353","2020-03-10",0,5,0,0,7097,0.541073693109765,2055,8527,732,948,NA,NA,2,2,NA,2
"354","2020-03-11",0,5,0,0,7097,0.541073693109765,2055,8527,732,948,18,18,18,20,NA,18
"355","2020-03-12",0,5,0,0,7097,0.541073693109765,2055,8527,732,948,31,49,15,35,3,15
"356","2020-03-13",4,5,61,145,7097,0.541073693109765,2055,8527,732,948,29,78,44,79,5,44
"357","2020-03-14",15,5,80,207,7097,0.541073693109765,2055,8527,732,948,32,110,49,128,9,49
"358","2020-03-15",22,5,97,296,7097,0.541073693109765,2055,8527,732,948,45,155,35,163,14,35
"359","2020-03-16",27,5,125,364,7097,0.541073693109765,2055,8527,732,948,43,198,23,186,17,23
"360","2020-03-17",37,5,134,434,7097,0.541073693109765,2055,8527,732,948,49,247,23,209,31,23
"361","2020-03-18",53,5,122,519,7097,0.541073693109765,2055,8527,732,948,71,318,27,236,46,27
"362","2020-03-19",71,5,137,632,7097,0.541073693109765,2055,8527,732,948,54,372,52,288,41,52
"363","2020-03-20",103,5,126,707,7097,0.541073693109765,2055,8527,732,948,83,455,47,335,61,47
"364","2020-03-21",130,5,115,791,7097,0.541073693109765,2055,8527,732,948,86,541,40,375,72,40
"365","2020-03-22",187,5,125,881,7097,0.541073693109765,2055,8527,732,948,107,648,29,404,87,29
"366","2020-03-23",208,5,133,1020,7097,0.541073693109765,2055,8527,732,948,119,767,25,429,97,25
"367","2020-03-24",232,5,155,1109,7097,0.541073693109765,2055,8527,732,948,132,899,40,469,100,40
"368","2020-03-25",256,5,157,1194,7097,0.541073693109765,2055,8527,732,948,153,1052,43,512,124,43
"369","2020-03-26",282,5,148,1276,7097,0.541073693109765,2055,8527,732,948,144,1196,43,555,122,43
"370","2020-03-27",399,5,137,1415,7097,0.541073693109765,2055,8527,732,948,190,1386,42,597,159,42
"371","2020-03-28",434,5,173,1485,7097,0.541073693109765,2055,8527,732,948,180,1566,33,630,158,33
"372","2020-03-29",470,5,180,1536,7097,0.541073693109765,2055,8527,732,948,191,1757,19,649,163,19
"373","2020-03-30",470,5,171,1593,7097,0.541073693109765,2055,8527,732,948,164,1921,32,681,136,32
"374","2020-03-31",473,5,175,1631,7097,0.541073693109765,2055,8527,732,948,188,2109,55,736,163,55
"375","2020-04-01",500,5,160,1670,7097,0.541073693109765,2055,8527,732,948,189,2298,34,770,165,34
"376","2020-04-02",512,5,174,1714,7097,0.541073693109765,2055,8527,732,948,259,2557,25,795,234,25
"377","2020-04-03",611,5,164,1743,7097,0.541073693109765,2055,8527,732,948,182,2739,43,838,162,43
"378","2020-04-04",653,5,190,1763,7097,0.541073693109765,2055,8527,732,948,226,2965,35,873,201,35
"379","2020-04-05",578,5,216,1775,7097,0.541073693109765,2055,8527,732,948,231,3196,31,904,204,31
"380","2020-04-06",603,5,241,1810,7097,0.541073693109765,2055,8527,732,948,212,3408,26,930,192,26
"381","2020-04-07",603,5,262,1794,7097,0.541073693109765,2055,8527,732,948,177,3585,39,969,163,39
"382","2020-04-08",598,5,262,1763,7097,0.541073693109765,2055,8527,732,948,235,3820,46,1015,216,46
"383","2020-04-09",598,5,240,1753,7097,0.541073693109765,2055,8527,732,948,173,3993,30,1045,148,30
"384","2020-04-10",624,5,243,1709,7097,0.541073693109765,2055,8527,732,948,194,4187,49,1094,170,49
"385","2020-04-11",592,5,225,1671,7097,0.541073693109765,2055,8527,732,948,151,4338,34,1128,127,34
"386","2020-04-12",561,5,211,1626,7097,0.541073693109765,2055,8527,732,948,148,4486,26,1154,131,26
"387","2020-04-13",539,5,225,1578,7097,0.541073693109765,2055,8527,732,948,159,4645,28,1182,138,28
"388","2020-04-14",528,5,205,1547,7097,0.541073693109765,2055,8527,732,948,147,4792,16,1198,131,16
"389","2020-04-15",523,5,181,1494,7097,0.541073693109765,2055,8527,732,948,111,4903,17,1215,93,17
"390","2020-04-16",515,5,169,1426,7097,0.541073693109765,2055,8527,732,948,119,5022,19,1234,98,19
"391","2020-04-17",525,5,155,1379,7097,0.541073693109765,2055,8527,732,948,96,5118,16,1250,83,16
"392","2020-04-18",516,5,125,1306,7097,0.541073693109765,2055,8527,732,948,96,5214,20,1270,87,20
"393","2020-04-19",487,5,130,1238,7097,0.541073693109765,2055,8527,732,948,103,5317,22,1292,81,22
"394","2020-04-20",470,5,131,1151,7097,0.541073693109765,2055,8527,732,948,74,5391,30,1322,57,30
"395","2020-04-21",453,5,127,1105,7097,0.541073693109765,2055,8527,732,948,67,5458,28,1350,58,28
"396","2020-04-22",430,5,119,1063,7097,0.541073693109765,2055,8527,732,948,65,5523,32,1382,49,32
"397","2020-04-23",415,5,125,982,7097,0.541073693109765,2055,8527,732,948,77,5600,61,1443,62,61
"398","2020-04-24",366,5,125,947,7097,0.541073693109765,2055,8527,732,948,51,5651,43,1486,35,43
"399","2020-04-25",380,5,124,919,7097,0.541073693109765,2055,8527,732,948,38,5689,34,1520,29,34
"400","2020-04-26",318,5,170,862,7097,0.541073693109765,2055,8527,732,948,45,5734,16,1536,34,16
"401","2020-04-27",301,5,161,819,7097,0.541073693109765,2055,8527,732,948,37,5771,25,1561,22,25
"402","2020-04-28",287,5,172,806,7097,0.541073693109765,2055,8527,732,948,43,5814,26,1587,24,26
"403","2020-04-29",285,5,163,753,7097,0.541073693109765,2055,8527,732,948,42,5856,21,1608,29,21
"404","2020-04-30",276,5,187,707,7097,0.541073693109765,2055,8527,732,948,31,5887,22,1630,21,22
"405","2020-05-01",279,5,236,686,7097,0.541073693109765,2055,8527,732,948,27,5914,35,1665,20,35
"406","2020-05-02",257,5,215,678,7097,0.541073693109765,2055,8527,732,948,31,5945,20,1685,17,20
"407","2020-05-03",248,5,225,661,7097,0.541073693109765,2055,8527,732,948,23,5968,24,1709,18,24
"408","2020-05-04",242,5,240,625,7097,0.541073693109765,2055,8527,732,948,24,5992,24,1733,16,24
"409","2020-05-05",220,5,253,612,7097,0.541073693109765,2055,8527,732,948,26,6018,14,1747,14,14
"410","2020-05-06",218,5,261,608,7097,0.541073693109765,2055,8527,732,948,22,6040,20,1767,16,20
"411","2020-05-07",212,5,256,581,7097,0.541073693109765,2055,8527,732,948,24,6064,13,1780,9,13
"412","2020-05-08",213,5,263,544,7097,0.541073693109765,2055,8527,732,948,21,6085,23,1803,13,23
"413","2020-05-09",203,5,270,522,7097,0.541073693109765,2055,8527,732,948,23,6108,23,1826,11,23
"414","2020-05-10",174,5,263,493,7097,0.541073693109765,2055,8527,732,948,17,6125,22,1848,9,22
"415","2020-05-11",161,5,252,471,7097,0.541073693109765,2055,8527,732,948,21,6146,18,1866,15,18
"416","2020-05-12",166,5,240,453,7097,0.541073693109765,2055,8527,732,948,28,6174,20,1886,17,20
"417","2020-05-13",151,5,223,444,7097,0.541073693109765,2055,8527,732,948,13,6187,20,1906,6,20
"418","2020-05-14",147,5,213,421,7097,0.541073693109765,2055,8527,732,948,13,6200,55,1961,7,55
"419","2020-05-15",121,5,186,393,7097,0.541073693109765,2055,8527,732,948,16,6216,42,2003,8,42
"420","2020-05-16",121,5,170,377,7097,0.541073693109765,2055,8527,732,948,20,6236,38,2041,9,38
"421","2020-05-17",121,5,156,357,7097,0.541073693109765,2055,8527,732,948,17,6253,18,2059,6,18
"422","2020-05-18",122,5,175,337,7097,0.541073693109765,2055,8527,732,948,9,6262,19,2078,3,19
"423","2020-05-19",117,5,212,339,7097,0.541073693109765,2055,8527,732,948,16,6278,37,2115,6,37
"424","2020-05-20",118,5,210,324,7097,0.541073693109765,2055,8527,732,948,12,6290,23,2138,5,23
"425","2020-05-21",110,5,200,305,7097,0.541073693109765,2055,8527,732,948,11,6301,65,2203,5,65
"426","2020-05-22",113,5,197,292,7097,0.541073693109765,2055,8527,732,948,6,6307,20,2223,3,20
"427","2020-05-23",115,5,201,288,7097,0.541073693109765,2055,8527,732,948,13,6320,27,2250,6,27
"428","2020-05-24",101,5,196,268,7097,0.541073693109765,2055,8527,732,948,17,6337,16,2266,11,16
"429","2020-05-25",100,5,185,259,7097,0.541073693109765,2055,8527,732,948,12,6349,33,2299,4,33
"430","2020-05-26",95,5,176,247,7097,0.541073693109765,2055,8527,732,948,11,6360,56,2355,5,56
"431","2020-05-27",89,5,194,239,7097,0.541073693109765,2055,8527,732,948,10,6370,55,2410,8,55
"432","2020-05-28",91,5,171,226,7097,0.541073693109765,2055,8527,732,948,4,6374,55,2465,1,55
"433","2020-05-29",94,5,186,224,7097,0.541073693109765,2055,8527,732,948,10,6384,50,2515,3,50
"434","2020-05-30",84,5,172,210,7097,0.541073693109765,2055,8527,732,948,13,6397,39,2554,6,39
"435","2020-05-31",77,5,168,197,7097,0.541073693109765,2055,8527,732,948,7,6404,22,2576,3,22
"436","2020-06-01",72,5,168,192,7097,0.541073693109765,2055,8527,732,948,7,6411,24,2600,5,24
"437","2020-06-02",69,5,163,181,7097,0.541073693109765,2055,8527,732,948,2,6413,45,2645,1,45
"438","2020-06-03",67,5,143,169,7097,0.541073693109765,2055,8527,732,948,7,6420,38,2683,2,38
"439","2020-06-04",60,5,133,159,7097,0.541073693109765,2055,8527,732,948,4,6424,37,2720,3,37
"440","2020-06-05",50,5,128,163,7097,0.541073693109765,2055,8527,732,948,6,6430,39,2759,2,39
"441","2020-06-06",50,5,137,160,7097,0.541073693109765,2055,8527,732,948,8,6438,35,2794,4,35
"442","2020-06-07",51,5,141,147,7097,0.541073693109765,2055,8527,732,948,5,6443,33,2827,4,33
"443","2020-03-11",1,6,104,47,7057,0.633838741674933,2040,8468,694,1818,51,51,16,16,NA,16
"444","2020-03-12",2,6,165,99,7057,0.633838741674933,2040,8468,694,1818,50,101,12,28,2,12
"445","2020-03-13",3,6,174,164,7057,0.633838741674933,2040,8468,694,1818,66,167,1,29,9,1
"446","2020-03-14",16,6,181,238,7057,0.633838741674933,2040,8468,694,1818,55,222,9,38,17,9
"447","2020-03-15",26,6,209,325,7057,0.633838741674933,2040,8468,694,1818,92,314,56,94,35,56
"448","2020-03-16",35,6,214,401,7057,0.633838741674933,2040,8468,694,1818,87,401,46,140,48,46
"449","2020-03-17",56,6,197,493,7057,0.633838741674933,2040,8468,694,1818,93,494,24,164,50,24
"450","2020-03-18",72,6,173,601,7057,0.633838741674933,2040,8468,694,1818,93,587,61,225,48,61
"451","2020-03-19",97,6,169,703,7057,0.633838741674933,2040,8468,694,1818,122,709,60,285,83,60
"452","2020-03-20",143,6,152,776,7057,0.633838741674933,2040,8468,694,1818,120,829,47,332,71,47
"453","2020-03-21",211,6,168,867,7057,0.633838741674933,2040,8468,694,1818,123,952,22,354,89,22
"454","2020-03-22",257,6,212,951,7057,0.633838741674933,2040,8468,694,1818,136,1088,18,372,100,18
"455","2020-03-23",283,6,222,1047,7057,0.633838741674933,2040,8468,694,1818,136,1224,25,397,93,25
"456","2020-03-24",291,6,235,1150,7057,0.633838741674933,2040,8468,694,1818,158,1382,45,442,108,45
"457","2020-03-25",313,6,210,1234,7057,0.633838741674933,2040,8468,694,1818,167,1549,48,490,123,48
"458","2020-03-26",333,6,171,1292,7057,0.633838741674933,2040,8468,694,1818,182,1731,26,516,130,26
"459","2020-03-27",449,6,168,1357,7057,0.633838741674933,2040,8468,694,1818,138,1869,20,536,91,20
"460","2020-03-28",435,6,166,1400,7057,0.633838741674933,2040,8468,694,1818,203,2072,51,587,157,51
"461","2020-03-29",469,6,235,1432,7057,0.633838741674933,2040,8468,694,1818,153,2225,41,628,114,41
"462","2020-03-30",465,6,232,1472,7057,0.633838741674933,2040,8468,694,1818,159,2384,29,657,119,29
"463","2020-03-31",474,6,219,1489,7057,0.633838741674933,2040,8468,694,1818,156,2540,24,681,117,24
"464","2020-04-01",478,6,201,1507,7057,0.633838741674933,2040,8468,694,1818,196,2736,13,694,134,13
"465","2020-04-02",494,6,173,1545,7057,0.633838741674933,2040,8468,694,1818,164,2900,12,706,120,12
"466","2020-04-03",538,6,158,1543,7057,0.633838741674933,2040,8468,694,1818,194,3094,27,733,138,27
"467","2020-04-04",575,6,184,1570,7057,0.633838741674933,2040,8468,694,1818,130,3224,73,806,84,73
"468","2020-04-05",488,6,236,1590,7057,0.633838741674933,2040,8468,694,1818,129,3353,71,877,100,71
"469","2020-04-06",484,6,233,1575,7057,0.633838741674933,2040,8468,694,1818,151,3504,63,940,109,63
"470","2020-04-07",469,6,214,1526,7057,0.633838741674933,2040,8468,694,1818,146,3650,72,1012,106,72
"471","2020-04-08",479,6,182,1530,7057,0.633838741674933,2040,8468,694,1818,156,3806,35,1047,113,35
"472","2020-04-09",478,6,220,1526,7057,0.633838741674933,2040,8468,694,1818,130,3936,25,1072,97,25
"473","2020-04-10",531,6,246,1528,7057,0.633838741674933,2040,8468,694,1818,148,4084,22,1094,102,22
"474","2020-04-11",520,6,265,1481,7057,0.633838741674933,2040,8468,694,1818,102,4186,35,1129,68,35
"475","2020-04-12",527,6,260,1482,7057,0.633838741674933,2040,8468,694,1818,112,4298,21,1150,70,21
"476","2020-04-13",524,6,206,1471,7057,0.633838741674933,2040,8468,694,1818,108,4406,22,1172,75,22
"477","2020-04-14",523,6,263,1436,7057,0.633838741674933,2040,8468,694,1818,106,4512,21,1193,72,21
"478","2020-04-15",537,6,298,1415,7057,0.633838741674933,2040,8468,694,1818,103,4615,20,1213,78,20
"479","2020-04-16",526,6,308,1356,7057,0.633838741674933,2040,8468,694,1818,100,4715,18,1231,68,18
"480","2020-04-17",500,6,359,1290,7057,0.633838741674933,2040,8468,694,1818,97,4812,20,1251,65,20
"481","2020-04-18",500,6,358,1232,7057,0.633838741674933,2040,8468,694,1818,100,4912,9,1260,59,9
"482","2020-04-19",440,6,319,1179,7057,0.633838741674933,2040,8468,694,1818,98,5010,18,1278,56,18
"483","2020-04-20",419,6,293,1126,7057,0.633838741674933,2040,8468,694,1818,61,5071,13,1291,41,13
"484","2020-04-21",408,6,267,1073,7057,0.633838741674933,2040,8468,694,1818,79,5150,14,1305,46,14
"485","2020-04-22",378,6,254,1016,7057,0.633838741674933,2040,8468,694,1818,69,5219,10,1315,38,10
"486","2020-04-23",364,6,239,976,7057,0.633838741674933,2040,8468,694,1818,65,5284,57,1372,31,57
"487","2020-04-24",378,6,219,939,7057,0.633838741674933,2040,8468,694,1818,54,5338,67,1439,28,67
"488","2020-04-25",355,6,217,906,7057,0.633838741674933,2040,8468,694,1818,67,5405,36,1475,41,36
"489","2020-04-26",309,6,198,857,7057,0.633838741674933,2040,8468,694,1818,64,5469,21,1496,37,21
"490","2020-04-27",302,6,189,828,7057,0.633838741674933,2040,8468,694,1818,57,5526,14,1510,26,14
"491","2020-04-28",282,6,229,803,7057,0.633838741674933,2040,8468,694,1818,56,5582,26,1536,19,26
"492","2020-04-29",269,6,231,770,7057,0.633838741674933,2040,8468,694,1818,55,5637,18,1554,33,18
"493","2020-04-30",266,6,235,750,7057,0.633838741674933,2040,8468,694,1818,35,5672,17,1571,25,17
"494","2020-05-01",254,6,256,734,7057,0.633838741674933,2040,8468,694,1818,43,5715,12,1583,18,12
"495","2020-05-02",249,6,232,720,7057,0.633838741674933,2040,8468,694,1818,53,5768,34,1617,26,34
"496","2020-05-03",235,6,221,696,7057,0.633838741674933,2040,8468,694,1818,53,5821,24,1641,22,24
"497","2020-05-04",214,6,200,692,7057,0.633838741674933,2040,8468,694,1818,40,5861,16,1657,16,16
"498","2020-05-05",204,6,175,664,7057,0.633838741674933,2040,8468,694,1818,38,5899,11,1668,21,11
"499","2020-05-06",201,6,210,629,7057,0.633838741674933,2040,8468,694,1818,46,5945,7,1675,20,7
"500","2020-05-07",187,6,263,616,7057,0.633838741674933,2040,8468,694,1818,36,5981,11,1686,15,11
"501","2020-05-08",180,6,299,603,7057,0.633838741674933,2040,8468,694,1818,36,6017,10,1696,20,10
"502","2020-05-09",199,6,324,582,7057,0.633838741674933,2040,8468,694,1818,37,6054,30,1726,11,30
"503","2020-05-10",181,6,295,554,7057,0.633838741674933,2040,8468,694,1818,35,6089,23,1749,17,23
"504","2020-05-11",192,6,261,549,7057,0.633838741674933,2040,8468,694,1818,23,6112,10,1759,10,10
"505","2020-05-12",196,6,248,537,7057,0.633838741674933,2040,8468,694,1818,28,6140,6,1765,12,6
"506","2020-05-13",196,6,231,518,7057,0.633838741674933,2040,8468,694,1818,23,6163,9,1774,11,9
"507","2020-05-14",199,6,200,498,7057,0.633838741674933,2040,8468,694,1818,28,6191,5,1779,12,5
"508","2020-05-15",197,6,204,475,7057,0.633838741674933,2040,8468,694,1818,33,6224,13,1792,9,13
"509","2020-05-16",174,6,244,454,7057,0.633838741674933,2040,8468,694,1818,25,6249,6,1798,6,6
"510","2020-05-17",162,6,240,437,7057,0.633838741674933,2040,8468,694,1818,16,6265,46,1844,7,46
"511","2020-05-18",144,6,238,417,7057,0.633838741674933,2040,8468,694,1818,23,6288,39,1883,10,39
"512","2020-05-19",130,6,236,391,7057,0.633838741674933,2040,8468,694,1818,26,6314,59,1942,10,59
"513","2020-05-20",121,6,213,381,7057,0.633838741674933,2040,8468,694,1818,25,6339,41,1983,12,41
"514","2020-05-21",120,6,200,367,7057,0.633838741674933,2040,8468,694,1818,9,6348,41,2024,4,41
"515","2020-05-22",114,6,185,358,7057,0.633838741674933,2040,8468,694,1818,18,6366,28,2052,8,28
"516","2020-05-23",105,6,164,349,7057,0.633838741674933,2040,8468,694,1818,18,6384,25,2077,5,25
"517","2020-05-24",113,6,164,341,7057,0.633838741674933,2040,8468,694,1818,17,6401,16,2093,3,16
"518","2020-05-25",119,6,152,322,7057,0.633838741674933,2040,8468,694,1818,17,6418,13,2106,6,13
"519","2020-05-26",112,6,149,304,7057,0.633838741674933,2040,8468,694,1818,14,6432,10,2116,5,10
"520","2020-05-27",106,6,153,292,7057,0.633838741674933,2040,8468,694,1818,14,6446,14,2130,1,14
"521","2020-05-28",99,6,179,281,7057,0.633838741674933,2040,8468,694,1818,7,6453,7,2137,2,7
"522","2020-05-29",97,6,198,267,7057,0.633838741674933,2040,8468,694,1818,15,6468,10,2147,4,10
"523","2020-05-30",105,6,241,253,7057,0.633838741674933,2040,8468,694,1818,16,6484,55,2202,6,55
"524","2020-05-31",101,6,251,246,7057,0.633838741674933,2040,8468,694,1818,12,6496,32,2234,6,32
"525","2020-06-01",89,6,259,238,7057,0.633838741674933,2040,8468,694,1818,11,6507,36,2270,2,36
"526","2020-06-02",84,6,267,230,7057,0.633838741674933,2040,8468,694,1818,5,6512,9,2279,3,9
"527","2020-06-03",83,6,248,217,7057,0.633838741674933,2040,8468,694,1818,13,6525,13,2292,3,13
"528","2020-06-04",77,6,231,205,7057,0.633838741674933,2040,8468,694,1818,10,6535,4,2296,5,4
"529","2020-06-05",78,6,223,201,7057,0.633838741674933,2040,8468,694,1818,7,6542,9,2305,4,9
"530","2020-06-06",82,6,198,194,7057,0.633838741674933,2040,8468,694,1818,10,6552,6,2311,4,6
"531","2020-06-07",79,6,175,195,7057,0.633838741674933,2040,8468,694,1818,11,6563,15,2326,3,15
"532","2020-03-12",1,7,88,145,8280,0.30012077294686,2025,9025,866,918,29,54,66,88,3,66
"533","2020-03-13",4,7,106,237,8280,0.30012077294686,2025,9025,866,918,31,85,32,120,10,32
"534","2020-03-14",14,7,115,320,8280,0.30012077294686,2025,9025,866,918,42,127,18,138,18,18
"535","2020-03-15",45,7,140,425,8280,0.30012077294686,2025,9025,866,918,49,176,17,155,21,17
"536","2020-03-16",55,7,114,550,8280,0.30012077294686,2025,9025,866,918,47,223,55,210,24,55
"537","2020-03-17",64,7,127,663,8280,0.30012077294686,2025,9025,866,918,42,265,70,280,24,70
"538","2020-03-18",75,7,129,794,8280,0.30012077294686,2025,9025,866,918,56,321,68,348,34,68
"539","2020-03-19",105,7,156,915,8280,0.30012077294686,2025,9025,866,918,88,409,36,384,60,36
"540","2020-03-20",206,7,172,1037,8280,0.30012077294686,2025,9025,866,918,73,482,17,401,55,17
"541","2020-03-21",232,7,172,1180,8280,0.30012077294686,2025,9025,866,918,82,564,12,413,62,12
"542","2020-03-22",306,7,159,1275,8280,0.30012077294686,2025,9025,866,918,101,665,10,423,80,10
"543","2020-03-23",332,7,181,1341,8280,0.30012077294686,2025,9025,866,918,87,752,10,433,66,10
"544","2020-03-24",346,7,198,1421,8280,0.30012077294686,2025,9025,866,918,129,881,6,439,101,6
"545","2020-03-25",384,7,190,1477,8280,0.30012077294686,2025,9025,866,918,111,992,34,473,81,34
"546","2020-03-26",416,7,209,1534,8280,0.30012077294686,2025,9025,866,918,114,1106,23,496,98,23
"547","2020-03-27",523,7,202,1582,8280,0.30012077294686,2025,9025,866,918,114,1220,23,519,99,23
"548","2020-03-28",563,7,215,1604,8280,0.30012077294686,2025,9025,866,918,122,1342,45,564,98,45
"549","2020-03-29",526,7,195,1629,8280,0.30012077294686,2025,9025,866,918,138,1480,23,587,105,23
"550","2020-03-30",540,7,179,1649,8280,0.30012077294686,2025,9025,866,918,127,1607,22,609,109,22
"551","2020-03-31",546,7,169,1663,8280,0.30012077294686,2025,9025,866,918,142,1749,21,630,107,21
"552","2020-04-01",547,7,188,1661,8280,0.30012077294686,2025,9025,866,918,165,1914,9,639,137,9
"553","2020-04-02",544,7,195,1664,8280,0.30012077294686,2025,9025,866,918,153,2067,8,647,125,8
"554","2020-04-03",599,7,196,1659,8280,0.30012077294686,2025,9025,866,918,192,2259,12,659,156,12
"555","2020-04-04",593,7,207,1646,8280,0.30012077294686,2025,9025,866,918,179,2438,11,670,148,11
"556","2020-04-05",531,7,219,1625,8280,0.30012077294686,2025,9025,866,918,162,2600,13,683,144,13
"557","2020-04-06",523,7,197,1611,8280,0.30012077294686,2025,9025,866,918,195,2795,19,702,172,19
"558","2020-04-07",507,7,187,1597,8280,0.30012077294686,2025,9025,866,918,172,2967,16,718,149,16
"559","2020-04-08",500,7,201,1594,8280,0.30012077294686,2025,9025,866,918,137,3104,33,751,118,33
"560","2020-04-09",488,7,202,1577,8280,0.30012077294686,2025,9025,866,918,169,3273,18,769,139,18
"561","2020-04-10",495,7,184,1558,8280,0.30012077294686,2025,9025,866,918,125,3398,20,789,107,20
"562","2020-04-11",494,7,169,1517,8280,0.30012077294686,2025,9025,866,918,167,3565,46,835,149,46
"563","2020-04-12",473,7,166,1507,8280,0.30012077294686,2025,9025,866,918,147,3712,29,864,126,29
"564","2020-04-13",475,7,153,1483,8280,0.30012077294686,2025,9025,866,918,136,3848,18,882,120,18
"565","2020-04-14",473,7,191,1460,8280,0.30012077294686,2025,9025,866,918,156,4004,26,908,145,26
"566","2020-04-15",484,7,189,1403,8280,0.30012077294686,2025,9025,866,918,122,4126,44,952,97,44
"567","2020-04-16",493,7,186,1367,8280,0.30012077294686,2025,9025,866,918,127,4253,12,964,108,12
"568","2020-04-17",515,7,176,1337,8280,0.30012077294686,2025,9025,866,918,119,4372,10,974,88,10
"569","2020-04-18",505,7,191,1291,8280,0.30012077294686,2025,9025,866,918,121,4493,13,987,104,13
"570","2020-04-19",475,7,209,1267,8280,0.30012077294686,2025,9025,866,918,129,4622,10,997,108,10
"571","2020-04-20",448,7,211,1229,8280,0.30012077294686,2025,9025,866,918,105,4727,46,1043,81,46
"572","2020-04-21",417,7,200,1200,8280,0.30012077294686,2025,9025,866,918,98,4825,21,1064,76,21
"573","2020-04-22",393,7,189,1177,8280,0.30012077294686,2025,9025,866,918,76,4901,40,1104,62,40
"574","2020-04-23",386,7,220,1156,8280,0.30012077294686,2025,9025,866,918,76,4977,32,1136,60,32
"575","2020-04-24",370,7,229,1123,8280,0.30012077294686,2025,9025,866,918,63,5040,18,1154,47,18
"576","2020-04-25",381,7,212,1097,8280,0.30012077294686,2025,9025,866,918,73,5113,38,1192,57,38
"577","2020-04-26",328,7,198,1072,8280,0.30012077294686,2025,9025,866,918,52,5165,20,1212,39,20
"578","2020-04-27",327,7,177,1026,8280,0.30012077294686,2025,9025,866,918,60,5225,10,1222,47,10
"579","2020-04-28",324,7,168,992,8280,0.30012077294686,2025,9025,866,918,53,5278,12,1234,32,12
"580","2020-04-29",324,7,222,946,8280,0.30012077294686,2025,9025,866,918,56,5334,6,1240,36,6
"581","2020-04-30",308,7,252,917,8280,0.30012077294686,2025,9025,866,918,43,5377,12,1252,31,12
"582","2020-05-01",306,7,232,879,8280,0.30012077294686,2025,9025,866,918,51,5428,16,1268,36,16
"583","2020-05-02",310,7,222,829,8280,0.30012077294686,2025,9025,866,918,40,5468,6,1274,29,6
"584","2020-05-03",293,7,231,801,8280,0.30012077294686,2025,9025,866,918,50,5518,7,1281,29,7
"585","2020-05-04",275,7,230,786,8280,0.30012077294686,2025,9025,866,918,36,5554,14,1295,27,14
"586","2020-05-05",262,7,247,750,8280,0.30012077294686,2025,9025,866,918,36,5590,27,1322,22,27
"587","2020-05-06",256,7,279,744,8280,0.30012077294686,2025,9025,866,918,45,5635,13,1335,27,13
"588","2020-05-07",240,7,298,716,8280,0.30012077294686,2025,9025,866,918,39,5674,14,1349,22,14
"589","2020-05-08",262,7,294,699,8280,0.30012077294686,2025,9025,866,918,41,5715,20,1369,26,20
"590","2020-05-09",236,7,267,666,8280,0.30012077294686,2025,9025,866,918,29,5744,16,1385,15,16
"591","2020-05-10",202,7,282,644,8280,0.30012077294686,2025,9025,866,918,30,5774,28,1413,13,28
"592","2020-05-11",204,7,270,617,8280,0.30012077294686,2025,9025,866,918,31,5805,32,1445,21,32
"593","2020-05-12",200,7,225,603,8280,0.30012077294686,2025,9025,866,918,21,5826,29,1474,12,29
"594","2020-05-13",200,7,197,586,8280,0.30012077294686,2025,9025,866,918,22,5848,7,1481,14,7
"595","2020-05-14",196,7,186,569,8280,0.30012077294686,2025,9025,866,918,26,5874,17,1498,16,17
"596","2020-05-15",162,7,216,543,8280,0.30012077294686,2025,9025,866,918,16,5890,29,1527,10,29
"597","2020-05-16",167,7,208,512,8280,0.30012077294686,2025,9025,866,918,16,5906,17,1544,9,17
"598","2020-05-17",165,7,206,488,8280,0.30012077294686,2025,9025,866,918,24,5930,17,1561,18,17
"599","2020-05-18",151,7,211,466,8280,0.30012077294686,2025,9025,866,918,20,5950,12,1573,12,12
"600","2020-05-19",146,7,184,442,8280,0.30012077294686,2025,9025,866,918,20,5970,13,1586,11,13
"601","2020-05-20",145,7,176,439,8280,0.30012077294686,2025,9025,866,918,16,5986,14,1600,11,14
"602","2020-05-21",142,7,201,411,8280,0.30012077294686,2025,9025,866,918,17,6003,9,1609,8,9
"603","2020-05-22",136,7,246,394,8280,0.30012077294686,2025,9025,866,918,16,6019,12,1621,10,12
"604","2020-05-23",133,7,258,370,8280,0.30012077294686,2025,9025,866,918,14,6033,10,1631,7,10
"605","2020-05-24",136,7,261,354,8280,0.30012077294686,2025,9025,866,918,14,6047,8,1639,7,8
"606","2020-05-25",133,7,241,341,8280,0.30012077294686,2025,9025,866,918,11,6058,10,1649,5,10
"607","2020-05-26",125,7,222,333,8280,0.30012077294686,2025,9025,866,918,10,6068,51,1700,4,51
"608","2020-05-27",110,7,227,324,8280,0.30012077294686,2025,9025,866,918,3,6071,52,1752,1,52
"609","2020-05-28",113,7,192,315,8280,0.30012077294686,2025,9025,866,918,12,6083,44,1796,8,44
"610","2020-05-29",107,7,184,308,8280,0.30012077294686,2025,9025,866,918,10,6093,27,1823,5,27
"611","2020-05-30",113,7,186,295,8280,0.30012077294686,2025,9025,866,918,17,6110,31,1854,9,31
"612","2020-05-31",106,7,190,275,8280,0.30012077294686,2025,9025,866,918,10,6120,15,1869,4,15
"613","2020-06-01",98,7,210,254,8280,0.30012077294686,2025,9025,866,918,6,6126,18,1887,3,18
"614","2020-06-02",93,7,234,230,8280,0.30012077294686,2025,9025,866,918,7,6133,10,1897,4,10
"615","2020-06-03",91,7,215,217,8280,0.30012077294686,2025,9025,866,918,12,6145,34,1931,5,34
"616","2020-06-04",83,7,204,208,8280,0.30012077294686,2025,9025,866,918,14,6159,48,1979,6,48
"617","2020-06-05",83,7,208,203,8280,0.30012077294686,2025,9025,866,918,7,6166,50,2029,5,50
"618","2020-06-06",79,7,193,190,8280,0.30012077294686,2025,9025,866,918,13,6179,39,2068,8,39
"619","2020-06-07",71,7,197,174,8280,0.30012077294686,2025,9025,866,918,6,6185,32,2100,2,32
"620","2020-03-13",7,8,190,197,7606,0.475545621877465,2055,8762,793,1834,68,155,18,68,3,18
"621","2020-03-14",26,8,252,295,7606,0.475545621877465,2055,8762,793,1834,61,216,18,86,11,18
"622","2020-03-15",51,8,236,371,7606,0.475545621877465,2055,8762,793,1834,71,287,31,117,17,31
"623","2020-03-16",59,8,243,450,7606,0.475545621877465,2055,8762,793,1834,56,343,45,162,19,45
"624","2020-03-17",59,8,236,545,7606,0.475545621877465,2055,8762,793,1834,78,421,28,190,28,28
"625","2020-03-18",78,8,268,632,7606,0.475545621877465,2055,8762,793,1834,92,513,21,211,36,21
"626","2020-03-19",100,8,330,758,7606,0.475545621877465,2055,8762,793,1834,90,603,20,231,39,20
"627","2020-03-20",164,8,320,857,7606,0.475545621877465,2055,8762,793,1834,75,678,36,267,40,36
"628","2020-03-21",216,8,302,958,7606,0.475545621877465,2055,8762,793,1834,97,775,27,294,50,27
"629","2020-03-22",253,8,320,1077,7606,0.475545621877465,2055,8762,793,1834,93,868,17,311,48,17
"630","2020-03-23",262,8,298,1186,7606,0.475545621877465,2055,8762,793,1834,88,956,13,324,34,13
"631","2020-03-24",282,8,280,1244,7606,0.475545621877465,2055,8762,793,1834,118,1074,27,351,73,27
"632","2020-03-25",318,8,286,1318,7606,0.475545621877465,2055,8762,793,1834,124,1198,50,401,65,50
"633","2020-03-26",351,8,286,1413,7606,0.475545621877465,2055,8762,793,1834,90,1288,29,430,50,29
"634","2020-03-27",491,8,273,1461,7606,0.475545621877465,2055,8762,793,1834,112,1400,29,459,60,29
"635","2020-03-28",488,8,256,1514,7606,0.475545621877465,2055,8762,793,1834,110,1510,60,519,63,60
"636","2020-03-29",453,8,235,1542,7606,0.475545621877465,2055,8762,793,1834,114,1624,52,571,64,52
"637","2020-03-30",462,8,223,1618,7606,0.475545621877465,2055,8762,793,1834,107,1731,57,628,60,57
"638","2020-03-31",483,8,225,1641,7606,0.475545621877465,2055,8762,793,1834,111,1842,58,686,64,58
"639","2020-04-01",499,8,225,1670,7606,0.475545621877465,2055,8762,793,1834,118,1960,27,713,71,27
"640","2020-04-02",515,8,216,1715,7606,0.475545621877465,2055,8762,793,1834,105,2065,61,774,53,61
"641","2020-04-03",548,8,214,1722,7606,0.475545621877465,2055,8762,793,1834,106,2171,42,816,44,42
"642","2020-04-04",578,8,209,1708,7606,0.475545621877465,2055,8762,793,1834,104,2275,26,842,54,26
"643","2020-04-05",550,8,247,1714,7606,0.475545621877465,2055,8762,793,1834,108,2383,57,899,68,57
"644","2020-04-06",561,8,278,1724,7606,0.475545621877465,2055,8762,793,1834,115,2498,33,932,60,33
"645","2020-04-07",545,8,277,1768,7606,0.475545621877465,2055,8762,793,1834,121,2619,18,950,70,18
"646","2020-04-08",535,8,283,1776,7606,0.475545621877465,2055,8762,793,1834,107,2726,62,1012,66,62
"647","2020-04-09",525,8,308,1805,7606,0.475545621877465,2055,8762,793,1834,102,2828,53,1065,64,53
"648","2020-04-10",566,8,281,1770,7606,0.475545621877465,2055,8762,793,1834,107,2935,22,1087,59,22
"649","2020-04-11",573,8,288,1731,7606,0.475545621877465,2055,8762,793,1834,115,3050,31,1118,67,31
"650","2020-04-12",565,8,290,1697,7606,0.475545621877465,2055,8762,793,1834,88,3138,42,1160,46,42
"651","2020-04-13",558,8,340,1654,7606,0.475545621877465,2055,8762,793,1834,97,3235,49,1209,55,49
"652","2020-04-14",553,8,370,1601,7606,0.475545621877465,2055,8762,793,1834,87,3322,66,1275,43,66
"653","2020-04-15",548,8,355,1551,7606,0.475545621877465,2055,8762,793,1834,97,3419,71,1346,50,71
"654","2020-04-16",541,8,357,1490,7606,0.475545621877465,2055,8762,793,1834,82,3501,46,1392,32,46
"655","2020-04-17",578,8,333,1443,7606,0.475545621877465,2055,8762,793,1834,113,3614,30,1422,68,30
"656","2020-04-18",563,8,337,1372,7606,0.475545621877465,2055,8762,793,1834,94,3708,22,1444,51,22
"657","2020-04-19",503,8,323,1342,7606,0.475545621877465,2055,8762,793,1834,84,3792,21,1465,45,21
"658","2020-04-20",478,8,294,1293,7606,0.475545621877465,2055,8762,793,1834,91,3883,8,1473,41,8
"659","2020-04-21",452,8,298,1215,7606,0.475545621877465,2055,8762,793,1834,87,3970,22,1495,45,22
"660","2020-04-22",438,8,315,1141,7606,0.475545621877465,2055,8762,793,1834,74,4044,50,1545,29,50
"661","2020-04-23",421,8,309,1075,7606,0.475545621877465,2055,8762,793,1834,75,4119,41,1586,27,41
"662","2020-04-24",386,8,305,1036,7606,0.475545621877465,2055,8762,793,1834,83,4202,27,1613,43,27
"663","2020-04-25",370,8,303,968,7606,0.475545621877465,2055,8762,793,1834,89,4291,14,1627,38,14
"664","2020-04-26",342,8,299,936,7606,0.475545621877465,2055,8762,793,1834,69,4360,14,1641,30,14
"665","2020-04-27",334,8,296,895,7606,0.475545621877465,2055,8762,793,1834,69,4429,44,1685,32,44
"666","2020-04-28",337,8,289,854,7606,0.475545621877465,2055,8762,793,1834,63,4492,48,1733,25,48
"667","2020-04-29",316,8,286,817,7606,0.475545621877465,2055,8762,793,1834,62,4554,39,1772,18,39
"668","2020-04-30",307,8,287,792,7606,0.475545621877465,2055,8762,793,1834,65,4619,45,1817,33,45
"669","2020-05-01",298,8,305,754,7606,0.475545621877465,2055,8762,793,1834,69,4688,42,1859,30,42
"670","2020-05-02",289,8,311,734,7606,0.475545621877465,2055,8762,793,1834,70,4758,28,1887,34,28
"671","2020-05-03",267,8,311,709,7606,0.475545621877465,2055,8762,793,1834,59,4817,39,1926,19,39
"672","2020-05-04",247,8,271,675,7606,0.475545621877465,2055,8762,793,1834,65,4882,27,1953,17,27
"673","2020-05-05",231,8,259,641,7606,0.475545621877465,2055,8762,793,1834,52,4934,22,1975,20,22
"674","2020-05-06",224,8,240,617,7606,0.475545621877465,2055,8762,793,1834,50,4984,17,1992,13,17
"675","2020-05-07",206,8,252,580,7606,0.475545621877465,2055,8762,793,1834,50,5034,24,2016,22,24
"676","2020-05-08",184,8,269,566,7606,0.475545621877465,2055,8762,793,1834,47,5081,17,2033,21,17
"677","2020-05-09",184,8,285,545,7606,0.475545621877465,2055,8762,793,1834,47,5128,37,2070,20,37
"678","2020-05-10",155,8,306,514,7606,0.475545621877465,2055,8762,793,1834,47,5175,57,2127,16,57
"679","2020-05-11",160,8,303,494,7606,0.475545621877465,2055,8762,793,1834,42,5217,39,2166,21,39
"680","2020-05-12",157,8,314,485,7606,0.475545621877465,2055,8762,793,1834,40,5257,26,2192,19,26
"681","2020-05-13",159,8,302,470,7606,0.475545621877465,2055,8762,793,1834,40,5297,47,2239,16,47
"682","2020-05-14",162,8,294,457,7606,0.475545621877465,2055,8762,793,1834,39,5336,36,2275,16,36
"683","2020-05-15",164,8,316,427,7606,0.475545621877465,2055,8762,793,1834,37,5373,12,2287,16,12
"684","2020-05-16",167,8,291,419,7606,0.475545621877465,2055,8762,793,1834,33,5406,21,2308,10,21
"685","2020-05-17",157,8,292,401,7606,0.475545621877465,2055,8762,793,1834,40,5446,13,2321,19,13
"686","2020-05-18",146,8,290,383,7606,0.475545621877465,2055,8762,793,1834,29,5475,17,2338,9,17
"687","2020-05-19",139,8,293,364,7606,0.475545621877465,2055,8762,793,1834,31,5506,59,2397,9,59
"688","2020-05-20",130,8,291,340,7606,0.475545621877465,2055,8762,793,1834,36,5542,46,2443,9,46
"689","2020-05-21",127,8,281,323,7606,0.475545621877465,2055,8762,793,1834,29,5571,27,2470,10,27
"690","2020-05-22",114,8,286,311,7606,0.475545621877465,2055,8762,793,1834,24,5595,19,2489,13,19
"691","2020-05-23",104,8,271,288,7606,0.475545621877465,2055,8762,793,1834,19,5614,13,2502,6,13
"692","2020-05-24",92,8,277,269,7606,0.475545621877465,2055,8762,793,1834,23,5637,15,2517,6,15
"693","2020-05-25",83,8,252,263,7606,0.475545621877465,2055,8762,793,1834,18,5655,6,2523,6,6
"694","2020-05-26",76,8,272,251,7606,0.475545621877465,2055,8762,793,1834,24,5679,44,2567,8,44
"695","2020-05-27",76,8,312,239,7606,0.475545621877465,2055,8762,793,1834,24,5703,28,2595,9,28
"696","2020-05-28",77,8,327,231,7606,0.475545621877465,2055,8762,793,1834,21,5724,16,2611,4,16
"697","2020-05-29",74,8,331,216,7606,0.475545621877465,2055,8762,793,1834,28,5752,50,2661,11,50
"698","2020-05-30",78,8,318,202,7606,0.475545621877465,2055,8762,793,1834,14,5766,32,2693,6,32
"699","2020-05-31",72,8,306,184,7606,0.475545621877465,2055,8762,793,1834,22,5788,37,2730,12,37
"700","2020-06-01",69,8,328,163,7606,0.475545621877465,2055,8762,793,1834,17,5805,27,2757,8,27
"701","2020-06-02",66,8,320,153,7606,0.475545621877465,2055,8762,793,1834,21,5826,17,2774,7,17
"702","2020-06-03",63,8,322,145,7606,0.475545621877465,2055,8762,793,1834,19,5845,17,2791,8,17
"703","2020-06-04",58,8,338,142,7606,0.475545621877465,2055,8762,793,1834,17,5862,7,2798,6,7
"704","2020-06-05",58,8,359,140,7606,0.475545621877465,2055,8762,793,1834,9,5871,13,2811,2,13
"705","2020-06-06",49,8,340,133,7606,0.475545621877465,2055,8762,793,1834,14,5885,13,2824,5,13
"706","2020-06-07",47,8,344,134,7606,0.475545621877465,2055,8762,793,1834,13,5898,4,2828,3,4
"707","2020-03-13",1,9,73,57,6684,0.896020347097546,2010,7194,632,1639,15,44,63,99,9,63
"708","2020-03-14",5,9,118,89,6684,0.896020347097546,2010,7194,632,1639,36,80,54,153,20,54
"709","2020-03-15",6,9,141,134,6684,0.896020347097546,2010,7194,632,1639,31,111,40,193,20,40
"710","2020-03-16",10,9,194,180,6684,0.896020347097546,2010,7194,632,1639,40,151,64,257,29,64
"711","2020-03-17",14,9,228,235,6684,0.896020347097546,2010,7194,632,1639,47,198,80,337,33,80
"712","2020-03-18",26,9,210,310,6684,0.896020347097546,2010,7194,632,1639,65,263,61,398,57,61
"713","2020-03-19",38,9,201,381,6684,0.896020347097546,2010,7194,632,1639,69,332,24,422,57,24
"714","2020-03-20",57,9,230,463,6684,0.896020347097546,2010,7194,632,1639,64,396,18,440,53,18
"715","2020-03-21",116,9,215,551,6684,0.896020347097546,2010,7194,632,1639,92,488,16,456,78,16
"716","2020-03-22",139,9,206,658,6684,0.896020347097546,2010,7194,632,1639,98,586,29,485,89,29
"717","2020-03-23",140,9,174,778,6684,0.896020347097546,2010,7194,632,1639,113,699,27,512,101,27
"718","2020-03-24",161,9,157,874,6684,0.896020347097546,2010,7194,632,1639,117,816,15,527,102,15
"719","2020-03-25",178,9,135,994,6684,0.896020347097546,2010,7194,632,1639,108,924,34,561,94,34
"720","2020-03-26",201,9,136,1089,6684,0.896020347097546,2010,7194,632,1639,158,1082,41,602,145,41
"721","2020-03-27",316,9,175,1238,6684,0.896020347097546,2010,7194,632,1639,138,1220,46,648,125,46
"722","2020-03-28",334,9,190,1380,6684,0.896020347097546,2010,7194,632,1639,155,1375,37,685,145,37
"723","2020-03-29",380,9,213,1463,6684,0.896020347097546,2010,7194,632,1639,166,1541,11,696,158,11
"724","2020-03-30",399,9,206,1566,6684,0.896020347097546,2010,7194,632,1639,164,1705,12,708,152,12
"725","2020-03-31",409,9,242,1703,6684,0.896020347097546,2010,7194,632,1639,210,1915,9,717,199,9
"726","2020-04-01",428,9,244,1801,6684,0.896020347097546,2010,7194,632,1639,178,2093,13,730,169,13
"727","2020-04-02",461,9,270,1913,6684,0.896020347097546,2010,7194,632,1639,188,2281,31,761,180,31
"728","2020-04-03",600,9,244,1975,6684,0.896020347097546,2010,7194,632,1639,154,2435,24,785,147,24
"729","2020-04-04",673,9,227,2068,6684,0.896020347097546,2010,7194,632,1639,165,2600,22,807,150,22
"730","2020-04-05",637,9,258,2106,6684,0.896020347097546,2010,7194,632,1639,164,2764,38,845,159,38
"731","2020-04-06",654,9,251,2130,6684,0.896020347097546,2010,7194,632,1639,180,2944,11,856,168,11
"732","2020-04-07",663,9,239,2151,6684,0.896020347097546,2010,7194,632,1639,178,3122,11,867,163,11
"733","2020-04-08",697,9,201,2131,6684,0.896020347097546,2010,7194,632,1639,162,3284,16,883,145,16
"734","2020-04-09",689,9,177,2177,6684,0.896020347097546,2010,7194,632,1639,179,3463,46,929,168,46
"735","2020-04-10",790,9,161,2161,6684,0.896020347097546,2010,7194,632,1639,156,3619,66,995,147,66
"736","2020-04-11",774,9,160,2130,6684,0.896020347097546,2010,7194,632,1639,139,3758,31,1026,132,31
"737","2020-04-12",706,9,160,2076,6684,0.896020347097546,2010,7194,632,1639,150,3908,13,1039,141,13
"738","2020-04-13",703,9,208,2014,6684,0.896020347097546,2010,7194,632,1639,109,4017,10,1049,106,10
"739","2020-04-14",699,9,197,1935,6684,0.896020347097546,2010,7194,632,1639,120,4137,42,1091,111,42
"740","2020-04-15",686,9,209,1833,6684,0.896020347097546,2010,7194,632,1639,117,4254,27,1118,102,27
"741","2020-04-16",696,9,218,1752,6684,0.896020347097546,2010,7194,632,1639,137,4391,7,1125,126,7
"742","2020-04-17",655,9,217,1652,6684,0.896020347097546,2010,7194,632,1639,113,4504,21,1146,102,21
"743","2020-04-18",633,9,194,1548,6684,0.896020347097546,2010,7194,632,1639,84,4588,27,1173,76,27
"744","2020-04-19",587,9,190,1470,6684,0.896020347097546,2010,7194,632,1639,83,4671,24,1197,77,24
"745","2020-04-20",552,9,218,1383,6684,0.896020347097546,2010,7194,632,1639,78,4749,18,1215,72,18
"746","2020-04-21",543,9,244,1277,6684,0.896020347097546,2010,7194,632,1639,74,4823,14,1229,65,14
"747","2020-04-22",517,9,291,1180,6684,0.896020347097546,2010,7194,632,1639,76,4899,25,1254,68,25
"748","2020-04-23",494,9,265,1075,6684,0.896020347097546,2010,7194,632,1639,69,4968,18,1272,62,18
"749","2020-04-24",431,9,253,975,6684,0.896020347097546,2010,7194,632,1639,44,5012,8,1280,39,8
"750","2020-04-25",400,9,294,880,6684,0.896020347097546,2010,7194,632,1639,59,5071,8,1288,52,8
"751","2020-04-26",356,9,308,823,6684,0.896020347097546,2010,7194,632,1639,63,5134,19,1307,54,19
"752","2020-04-27",330,9,296,767,6684,0.896020347097546,2010,7194,632,1639,46,5180,14,1321,39,14
"753","2020-04-28",310,9,267,708,6684,0.896020347097546,2010,7194,632,1639,45,5225,17,1338,37,17
"754","2020-04-29",293,9,234,646,6684,0.896020347097546,2010,7194,632,1639,41,5266,37,1375,33,37
"755","2020-04-30",266,9,217,614,6684,0.896020347097546,2010,7194,632,1639,42,5308,89,1464,37,89
"756","2020-05-01",233,9,190,567,6684,0.896020347097546,2010,7194,632,1639,29,5337,54,1518,24,54
"757","2020-05-02",236,9,181,534,6684,0.896020347097546,2010,7194,632,1639,34,5371,56,1574,29,56
"758","2020-05-03",211,9,223,492,6684,0.896020347097546,2010,7194,632,1639,35,5406,43,1617,29,43
"759","2020-05-04",210,9,235,462,6684,0.896020347097546,2010,7194,632,1639,25,5431,54,1671,19,54
"760","2020-05-05",197,9,225,432,6684,0.896020347097546,2010,7194,632,1639,34,5465,47,1718,29,47
"761","2020-05-06",182,9,248,403,6684,0.896020347097546,2010,7194,632,1639,21,5486,44,1762,15,44
"762","2020-05-07",177,9,242,375,6684,0.896020347097546,2010,7194,632,1639,24,5510,21,1783,20,21
"763","2020-05-08",162,9,236,354,6684,0.896020347097546,2010,7194,632,1639,24,5534,15,1798,21,15
"764","2020-05-09",142,9,225,329,6684,0.896020347097546,2010,7194,632,1639,31,5565,10,1808,26,10
"765","2020-05-10",135,9,249,298,6684,0.896020347097546,2010,7194,632,1639,26,5591,14,1822,21,14
"766","2020-05-11",116,9,234,280,6684,0.896020347097546,2010,7194,632,1639,22,5613,6,1828,15,6
"767","2020-05-12",112,9,213,260,6684,0.896020347097546,2010,7194,632,1639,15,5628,14,1842,13,14
"768","2020-05-13",111,9,201,247,6684,0.896020347097546,2010,7194,632,1639,11,5639,48,1890,9,48
"769","2020-05-14",102,9,184,239,6684,0.896020347097546,2010,7194,632,1639,20,5659,35,1925,12,35
"770","2020-05-15",85,9,170,227,6684,0.896020347097546,2010,7194,632,1639,22,5681,20,1945,18,20
"771","2020-05-16",85,9,153,221,6684,0.896020347097546,2010,7194,632,1639,13,5694,27,1972,7,27
"772","2020-05-17",77,9,158,206,6684,0.896020347097546,2010,7194,632,1639,14,5708,39,2011,11,39
"773","2020-05-18",69,9,210,204,6684,0.896020347097546,2010,7194,632,1639,21,5729,87,2098,18,87
"774","2020-05-19",70,9,231,192,6684,0.896020347097546,2010,7194,632,1639,24,5753,65,2163,20,65
"775","2020-05-20",68,9,251,187,6684,0.896020347097546,2010,7194,632,1639,18,5771,66,2229,14,66
"776","2020-05-21",67,9,241,180,6684,0.896020347097546,2010,7194,632,1639,10,5781,42,2271,7,42
"777","2020-05-22",69,9,210,178,6684,0.896020347097546,2010,7194,632,1639,16,5797,23,2294,11,23
"778","2020-05-23",71,9,234,161,6684,0.896020347097546,2010,7194,632,1639,17,5814,20,2314,10,20
"779","2020-05-24",71,9,232,161,6684,0.896020347097546,2010,7194,632,1639,12,5826,68,2382,9,68
"780","2020-05-25",72,9,266,151,6684,0.896020347097546,2010,7194,632,1639,8,5834,81,2463,8,81
"781","2020-05-26",67,9,249,138,6684,0.896020347097546,2010,7194,632,1639,15,5849,37,2500,13,37
"782","2020-05-27",64,9,251,137,6684,0.896020347097546,2010,7194,632,1639,14,5863,36,2536,10,36
"783","2020-05-28",69,9,246,127,6684,0.896020347097546,2010,7194,632,1639,15,5878,30,2566,11,30
"784","2020-05-29",67,9,238,125,6684,0.896020347097546,2010,7194,632,1639,7,5885,41,2607,5,41
"785","2020-05-30",56,9,204,121,6684,0.896020347097546,2010,7194,632,1639,12,5897,20,2627,10,20
"786","2020-05-31",47,9,169,114,6684,0.896020347097546,2010,7194,632,1639,10,5907,13,2640,7,13
"787","2020-06-01",40,9,208,106,6684,0.896020347097546,2010,7194,632,1639,10,5917,37,2677,6,37
"788","2020-06-02",35,9,200,101,6684,0.896020347097546,2010,7194,632,1639,8,5925,49,2726,7,49
"789","2020-06-03",35,9,183,106,6684,0.896020347097546,2010,7194,632,1639,8,5933,61,2787,5,61
"790","2020-06-04",29,9,163,106,6684,0.896020347097546,2010,7194,632,1639,9,5942,26,2813,9,26
"791","2020-06-05",24,9,164,97,6684,0.896020347097546,2010,7194,632,1639,7,5949,24,2837,7,24
"792","2020-06-06",27,9,175,93,6684,0.896020347097546,2010,7194,632,1639,5,5954,47,2884,2,47
"793","2020-06-07",31,9,216,93,6684,0.896020347097546,2010,7194,632,1639,5,5959,33,2917,2,33
"794","2020-03-13",1,10,160,62,6481,0.849097361518284,2010,6890,712,1734,41,133,11,75,13,11
"795","2020-03-14",9,10,195,92,6481,0.849097361518284,2010,6890,712,1734,71,204,40,115,27,40
"796","2020-03-15",18,10,244,115,6481,0.849097361518284,2010,6890,712,1734,61,265,24,139,28,24
"797","2020-03-16",16,10,254,154,6481,0.849097361518284,2010,6890,712,1734,60,325,36,175,32,36
"798","2020-03-17",16,10,235,182,6481,0.849097361518284,2010,6890,712,1734,80,405,19,194,38,19
"799","2020-03-18",19,10,248,218,6481,0.849097361518284,2010,6890,712,1734,85,490,18,212,45,18
"800","2020-03-19",27,10,226,273,6481,0.849097361518284,2010,6890,712,1734,106,596,16,228,61,16
"801","2020-03-20",49,10,209,319,6481,0.849097361518284,2010,6890,712,1734,120,716,42,270,73,42
"802","2020-03-21",64,10,188,384,6481,0.849097361518284,2010,6890,712,1734,140,856,41,311,103,41
"803","2020-03-22",85,10,181,442,6481,0.849097361518284,2010,6890,712,1734,134,990,26,337,97,26
"804","2020-03-23",95,10,195,504,6481,0.849097361518284,2010,6890,712,1734,154,1144,9,346,105,9
"805","2020-03-24",103,10,226,578,6481,0.849097361518284,2010,6890,712,1734,170,1314,10,356,125,10
"806","2020-03-25",127,10,211,645,6481,0.849097361518284,2010,6890,712,1734,167,1481,13,369,127,13
"807","2020-03-26",141,10,218,712,6481,0.849097361518284,2010,6890,712,1734,208,1689,40,409,170,40
"808","2020-03-27",198,10,229,812,6481,0.849097361518284,2010,6890,712,1734,167,1856,25,434,132,25
"809","2020-03-28",235,10,215,880,6481,0.849097361518284,2010,6890,712,1734,175,2031,19,453,148,19
"810","2020-03-29",215,10,194,985,6481,0.849097361518284,2010,6890,712,1734,186,2217,10,463,146,10
"811","2020-03-30",237,10,173,1074,6481,0.849097361518284,2010,6890,712,1734,202,2419,27,490,157,27
"812","2020-03-31",251,10,156,1179,6481,0.849097361518284,2010,6890,712,1734,170,2589,50,540,125,50
"813","2020-04-01",264,10,139,1262,6481,0.849097361518284,2010,6890,712,1734,160,2749,36,576,122,36
"814","2020-04-02",293,10,140,1365,6481,0.849097361518284,2010,6890,712,1734,159,2908,32,608,129,32
"815","2020-04-03",416,10,159,1454,6481,0.849097361518284,2010,6890,712,1734,164,3072,20,628,133,20
"816","2020-04-04",466,10,154,1539,6481,0.849097361518284,2010,6890,712,1734,162,3234,23,651,133,23
"817","2020-04-05",496,10,146,1620,6481,0.849097361518284,2010,6890,712,1734,163,3397,33,684,125,33
"818","2020-04-06",492,10,145,1682,6481,0.849097361518284,2010,6890,712,1734,141,3538,47,731,112,47
"819","2020-04-07",522,10,153,1746,6481,0.849097361518284,2010,6890,712,1734,134,3672,22,753,93,22
"820","2020-04-08",545,10,189,1847,6481,0.849097361518284,2010,6890,712,1734,144,3816,33,786,110,33
"821","2020-04-09",561,10,192,1906,6481,0.849097361518284,2010,6890,712,1734,151,3967,54,840,118,54
"822","2020-04-10",669,10,179,1959,6481,0.849097361518284,2010,6890,712,1734,163,4130,36,876,117,36
"823","2020-04-11",645,10,174,1978,6481,0.849097361518284,2010,6890,712,1734,129,4259,22,898,100,22
"824","2020-04-12",578,10,177,1994,6481,0.849097361518284,2010,6890,712,1734,102,4361,36,934,78,36
"825","2020-04-13",602,10,208,2009,6481,0.849097361518284,2010,6890,712,1734,106,4467,22,956,74,22
"826","2020-04-14",599,10,225,1995,6481,0.849097361518284,2010,6890,712,1734,123,4590,18,974,94,18
"827","2020-04-15",611,10,225,1961,6481,0.849097361518284,2010,6890,712,1734,86,4676,59,1033,56,59
"828","2020-04-16",611,10,225,1915,6481,0.849097361518284,2010,6890,712,1734,86,4762,35,1068,57,35
"829","2020-04-17",627,10,218,1876,6481,0.849097361518284,2010,6890,712,1734,97,4859,60,1128,68,60
"830","2020-04-18",651,10,211,1840,6481,0.849097361518284,2010,6890,712,1734,81,4940,37,1165,56,37
"831","2020-04-19",646,10,200,1788,6481,0.849097361518284,2010,6890,712,1734,78,5018,24,1189,59,24
"832","2020-04-20",631,10,212,1728,6481,0.849097361518284,2010,6890,712,1734,74,5092,45,1234,40,45
"833","2020-04-21",618,10,221,1649,6481,0.849097361518284,2010,6890,712,1734,55,5147,28,1262,35,28
"834","2020-04-22",606,10,219,1557,6481,0.849097361518284,2010,6890,712,1734,59,5206,15,1277,39,15
"835","2020-04-23",587,10,195,1500,6481,0.849097361518284,2010,6890,712,1734,63,5269,22,1299,39,22
"836","2020-04-24",550,10,186,1420,6481,0.849097361518284,2010,6890,712,1734,56,5325,20,1319,31,20
"837","2020-04-25",531,10,208,1342,6481,0.849097361518284,2010,6890,712,1734,60,5385,16,1335,32,16
"838","2020-04-26",480,10,280,1253,6481,0.849097361518284,2010,6890,712,1734,65,5450,10,1345,36,10
"839","2020-04-27",458,10,315,1192,6481,0.849097361518284,2010,6890,712,1734,41,5491,17,1362,23,17
"840","2020-04-28",442,10,277,1113,6481,0.849097361518284,2010,6890,712,1734,43,5534,57,1419,21,57
"841","2020-04-29",417,10,247,1018,6481,0.849097361518284,2010,6890,712,1734,51,5585,46,1465,30,46
"842","2020-04-30",415,10,239,969,6481,0.849097361518284,2010,6890,712,1734,47,5632,28,1493,27,28
"843","2020-05-01",386,10,263,904,6481,0.849097361518284,2010,6890,712,1734,33,5665,60,1553,14,60
"844","2020-05-02",351,10,244,809,6481,0.849097361518284,2010,6890,712,1734,43,5708,28,1581,23,28
"845","2020-05-03",306,10,226,728,6481,0.849097361518284,2010,6890,712,1734,40,5748,27,1608,22,27
"846","2020-05-04",284,10,214,658,6481,0.849097361518284,2010,6890,712,1734,30,5778,18,1626,13,18
"847","2020-05-05",257,10,246,600,6481,0.849097361518284,2010,6890,712,1734,26,5804,46,1672,14,46
"848","2020-05-06",240,10,271,554,6481,0.849097361518284,2010,6890,712,1734,43,5847,39,1711,22,39
"849","2020-05-07",221,10,265,512,6481,0.849097361518284,2010,6890,712,1734,28,5875,44,1755,15,44
"850","2020-05-08",178,10,251,443,6481,0.849097361518284,2010,6890,712,1734,31,5906,33,1788,11,33
"851","2020-05-09",178,10,227,414,6481,0.849097361518284,2010,6890,712,1734,24,5930,43,1831,9,43
"852","2020-05-10",170,10,200,368,6481,0.849097361518284,2010,6890,712,1734,35,5965,42,1873,11,42
"853","2020-05-11",157,10,205,348,6481,0.849097361518284,2010,6890,712,1734,31,5996,12,1885,12,12
"854","2020-05-12",138,10,219,327,6481,0.849097361518284,2010,6890,712,1734,36,6032,22,1907,13,22
"855","2020-05-13",126,10,235,289,6481,0.849097361518284,2010,6890,712,1734,28,6060,16,1923,16,16
"856","2020-05-14",112,10,228,268,6481,0.849097361518284,2010,6890,712,1734,29,6089,33,1956,18,33
"857","2020-05-15",105,10,241,237,6481,0.849097361518284,2010,6890,712,1734,26,6115,29,1985,6,29
"858","2020-05-16",99,10,234,221,6481,0.849097361518284,2010,6890,712,1734,28,6143,22,2007,10,22
"859","2020-05-17",89,10,209,201,6481,0.849097361518284,2010,6890,712,1734,26,6169,19,2026,17,19
"860","2020-05-18",86,10,225,179,6481,0.849097361518284,2010,6890,712,1734,21,6190,9,2035,8,9
"861","2020-05-19",87,10,210,172,6481,0.849097361518284,2010,6890,712,1734,18,6208,8,2043,5,8
"862","2020-05-20",81,10,191,157,6481,0.849097361518284,2010,6890,712,1734,19,6227,8,2051,6,8
"863","2020-05-21",77,10,177,149,6481,0.849097361518284,2010,6890,712,1734,19,6246,44,2095,7,44
"864","2020-05-22",69,10,172,137,6481,0.849097361518284,2010,6890,712,1734,16,6262,22,2117,6,22
"865","2020-05-23",54,10,178,126,6481,0.849097361518284,2010,6890,712,1734,23,6285,12,2129,6,12
"866","2020-05-24",47,10,205,121,6481,0.849097361518284,2010,6890,712,1734,15,6300,44,2173,6,44
"867","2020-05-25",43,10,222,106,6481,0.849097361518284,2010,6890,712,1734,14,6314,24,2197,7,24
"868","2020-05-26",37,10,202,103,6481,0.849097361518284,2010,6890,712,1734,17,6331,54,2251,7,54
"869","2020-05-27",42,10,206,106,6481,0.849097361518284,2010,6890,712,1734,12,6343,57,2308,3,57
"870","2020-05-28",37,10,231,96,6481,0.849097361518284,2010,6890,712,1734,14,6357,40,2348,6,40
"871","2020-05-29",36,10,203,92,6481,0.849097361518284,2010,6890,712,1734,8,6365,32,2380,3,32
"872","2020-05-30",35,10,183,83,6481,0.849097361518284,2010,6890,712,1734,15,6380,38,2418,6,38
"873","2020-05-31",38,10,179,79,6481,0.849097361518284,2010,6890,712,1734,13,6393,26,2444,4,26
"874","2020-06-01",38,10,191,78,6481,0.849097361518284,2010,6890,712,1734,17,6410,14,2458,6,14
"875","2020-06-02",35,10,207,74,6481,0.849097361518284,2010,6890,712,1734,14,6424,24,2482,8,24
"876","2020-06-03",32,10,192,76,6481,0.849097361518284,2010,6890,712,1734,10,6434,33,2515,3,33
"877","2020-06-04",32,10,202,72,6481,0.849097361518284,2010,6890,712,1734,6,6440,45,2560,2,45
"878","2020-06-05",30,10,191,70,6481,0.849097361518284,2010,6890,712,1734,9,6449,23,2583,3,23
"879","2020-06-06",33,10,160,72,6481,0.849097361518284,2010,6890,712,1734,10,6459,39,2622,2,39
"880","2020-06-07",26,10,158,71,6481,0.849097361518284,2010,6890,712,1734,8,6467,27,2649,2,27
"881","2020-03-13",8,11,76,191,7938,0.587805492567397,1995,8111,796,1551,93,249,48,170,18,48
"882","2020-03-14",39,11,87,286,7938,0.587805492567397,1995,8111,796,1551,97,346,41,211,27,41
"883","2020-03-15",46,11,82,389,7938,0.587805492567397,1995,8111,796,1551,88,434,53,264,26,53
"884","2020-03-16",52,11,91,487,7938,0.587805492567397,1995,8111,796,1551,101,535,37,301,43,37
"885","2020-03-17",62,11,124,616,7938,0.587805492567397,1995,8111,796,1551,121,656,31,332,56,31
"886","2020-03-18",83,11,126,759,7938,0.587805492567397,1995,8111,796,1551,135,791,56,388,69,56
"887","2020-03-19",109,11,126,909,7938,0.587805492567397,1995,8111,796,1551,164,955,52,440,88,52
"888","2020-03-20",175,11,168,1042,7938,0.587805492567397,1995,8111,796,1551,134,1089,60,500,60,60
"889","2020-03-21",223,11,160,1208,7938,0.587805492567397,1995,8111,796,1551,159,1248,57,557,98,57
"890","2020-03-22",322,11,163,1319,7938,0.587805492567397,1995,8111,796,1551,172,1420,48,605,100,48
"891","2020-03-23",347,11,169,1435,7938,0.587805492567397,1995,8111,796,1551,168,1588,37,642,89,37
"892","2020-03-24",380,11,187,1589,7938,0.587805492567397,1995,8111,796,1551,161,1749,35,677,102,35
"893","2020-03-25",421,11,195,1692,7938,0.587805492567397,1995,8111,796,1551,158,1907,44,721,98,44
"894","2020-03-26",466,11,241,1781,7938,0.587805492567397,1995,8111,796,1551,222,2129,42,763,147,42
"895","2020-03-27",670,11,252,1927,7938,0.587805492567397,1995,8111,796,1551,212,2341,50,813,143,50
"896","2020-03-28",700,11,274,2017,7938,0.587805492567397,1995,8111,796,1551,159,2500,44,857,114,44
"897","2020-03-29",670,11,251,2075,7938,0.587805492567397,1995,8111,796,1551,207,2707,46,903,136,46
"898","2020-03-30",684,11,256,2151,7938,0.587805492567397,1995,8111,796,1551,176,2883,44,947,122,44
"899","2020-03-31",674,11,242,2169,7938,0.587805492567397,1995,8111,796,1551,157,3040,24,971,105,24
"900","2020-04-01",678,11,231,2205,7938,0.587805492567397,1995,8111,796,1551,174,3214,34,1005,112,34
"901","2020-04-02",688,11,250,2208,7938,0.587805492567397,1995,8111,796,1551,139,3353,28,1033,88,28
"902","2020-04-03",772,11,260,2241,7938,0.587805492567397,1995,8111,796,1551,152,3505,43,1076,102,43
"903","2020-04-04",779,11,237,2254,7938,0.587805492567397,1995,8111,796,1551,165,3670,30,1106,106,30
"904","2020-04-05",683,11,203,2242,7938,0.587805492567397,1995,8111,796,1551,161,3831,42,1148,105,42
"905","2020-04-06",690,11,195,2209,7938,0.587805492567397,1995,8111,796,1551,128,3959,27,1175,74,27
"906","2020-04-07",690,11,262,2189,7938,0.587805492567397,1995,8111,796,1551,142,4101,33,1208,85,33
"907","2020-04-08",684,11,264,2110,7938,0.587805492567397,1995,8111,796,1551,131,4232,26,1234,74,26
"908","2020-04-09",671,11,241,2064,7938,0.587805492567397,1995,8111,796,1551,122,4354,24,1258,70,24
"909","2020-04-10",681,11,228,1990,7938,0.587805492567397,1995,8111,796,1551,126,4480,27,1285,72,27
"910","2020-04-11",680,11,202,1901,7938,0.587805492567397,1995,8111,796,1551,123,4603,28,1313,65,28
"911","2020-04-12",652,11,199,1825,7938,0.587805492567397,1995,8111,796,1551,102,4705,65,1378,55,65
"912","2020-04-13",621,11,194,1728,7938,0.587805492567397,1995,8111,796,1551,90,4795,59,1437,45,59
"913","2020-04-14",596,11,169,1639,7938,0.587805492567397,1995,8111,796,1551,112,4907,42,1479,66,42
"914","2020-04-15",588,11,187,1560,7938,0.587805492567397,1995,8111,796,1551,93,5000,54,1533,39,54
"915","2020-04-16",570,11,253,1470,7938,0.587805492567397,1995,8111,796,1551,125,5125,38,1571,62,38
"916","2020-04-17",527,11,268,1399,7938,0.587805492567397,1995,8111,796,1551,84,5209,29,1600,40,29
"917","2020-04-18",499,11,258,1315,7938,0.587805492567397,1995,8111,796,1551,73,5282,63,1663,32,63
"918","2020-04-19",449,11,292,1225,7938,0.587805492567397,1995,8111,796,1551,97,5379,56,1719,51,56
"919","2020-04-20",441,11,330,1156,7938,0.587805492567397,1995,8111,796,1551,64,5443,54,1773,25,54
"920","2020-04-21",424,11,354,1073,7938,0.587805492567397,1995,8111,796,1551,95,5538,38,1811,41,38
"921","2020-04-22",409,11,342,999,7938,0.587805492567397,1995,8111,796,1551,79,5617,40,1851,36,40
"922","2020-04-23",390,11,289,950,7938,0.587805492567397,1995,8111,796,1551,74,5691,26,1877,35,26
"923","2020-04-24",357,11,287,892,7938,0.587805492567397,1995,8111,796,1551,50,5741,60,1937,18,60
"924","2020-04-25",339,11,268,846,7938,0.587805492567397,1995,8111,796,1551,80,5821,45,1982,27,45
"925","2020-04-26",311,11,251,785,7938,0.587805492567397,1995,8111,796,1551,69,5890,28,2010,28,28
"926","2020-04-27",295,11,273,737,7938,0.587805492567397,1995,8111,796,1551,66,5956,45,2055,26,45
"927","2020-04-28",277,11,263,700,7938,0.587805492567397,1995,8111,796,1551,40,5996,25,2080,14,25
"928","2020-04-29",254,11,256,674,7938,0.587805492567397,1995,8111,796,1551,47,6043,39,2119,24,39
"929","2020-04-30",250,11,251,637,7938,0.587805492567397,1995,8111,796,1551,57,6100,36,2155,23,36
"930","2020-05-01",227,11,229,585,7938,0.587805492567397,1995,8111,796,1551,60,6160,44,2199,25,44
"931","2020-05-02",216,11,216,573,7938,0.587805492567397,1995,8111,796,1551,40,6200,32,2231,11,32
"932","2020-05-03",188,11,208,541,7938,0.587805492567397,1995,8111,796,1551,53,6253,25,2256,22,25
"933","2020-05-04",176,11,192,516,7938,0.587805492567397,1995,8111,796,1551,38,6291,28,2284,14,28
"934","2020-05-05",171,11,218,493,7938,0.587805492567397,1995,8111,796,1551,47,6338,26,2310,13,26
"935","2020-05-06",175,11,222,474,7938,0.587805492567397,1995,8111,796,1551,43,6381,36,2346,11,36
"936","2020-05-07",164,11,212,458,7938,0.587805492567397,1995,8111,796,1551,28,6409,25,2371,11,25
"937","2020-05-08",173,11,251,440,7938,0.587805492567397,1995,8111,796,1551,36,6445,26,2397,13,26
"938","2020-05-09",166,11,247,412,7938,0.587805492567397,1995,8111,796,1551,26,6471,30,2427,6,30
"939","2020-05-10",151,11,223,397,7938,0.587805492567397,1995,8111,796,1551,44,6515,32,2459,20,32
"940","2020-05-11",143,11,211,388,7938,0.587805492567397,1995,8111,796,1551,34,6549,41,2500,11,41
"941","2020-05-12",132,11,198,372,7938,0.587805492567397,1995,8111,796,1551,40,6589,43,2543,14,43
"942","2020-05-13",129,11,196,340,7938,0.587805492567397,1995,8111,796,1551,34,6623,39,2582,8,39
"943","2020-05-14",123,11,234,326,7938,0.587805492567397,1995,8111,796,1551,27,6650,48,2630,12,48
"944","2020-05-15",122,11,254,312,7938,0.587805492567397,1995,8111,796,1551,24,6674,44,2674,4,44
"945","2020-05-16",114,11,238,299,7938,0.587805492567397,1995,8111,796,1551,27,6701,37,2711,5,37
"946","2020-05-17",89,11,207,279,7938,0.587805492567397,1995,8111,796,1551,29,6730,30,2741,8,30
"947","2020-05-18",92,11,182,261,7938,0.587805492567397,1995,8111,796,1551,22,6752,37,2778,6,37
"948","2020-05-19",93,11,205,246,7938,0.587805492567397,1995,8111,796,1551,30,6782,26,2804,11,26
"949","2020-05-20",84,11,225,246,7938,0.587805492567397,1995,8111,796,1551,17,6799,44,2848,10,44
"950","2020-05-21",86,11,197,229,7938,0.587805492567397,1995,8111,796,1551,18,6817,43,2891,5,43
"951","2020-05-22",73,11,185,221,7938,0.587805492567397,1995,8111,796,1551,12,6829,42,2933,3,42
"952","2020-05-23",81,11,175,208,7938,0.587805492567397,1995,8111,796,1551,19,6848,40,2973,6,40
"953","2020-05-24",78,11,214,198,7938,0.587805492567397,1995,8111,796,1551,12,6860,37,3010,4,37
"954","2020-05-25",72,11,204,189,7938,0.587805492567397,1995,8111,796,1551,10,6870,39,3049,2,39
"955","2020-05-26",70,11,200,179,7938,0.587805492567397,1995,8111,796,1551,20,6890,54,3103,4,54
"956","2020-05-27",69,11,200,165,7938,0.587805492567397,1995,8111,796,1551,7,6897,49,3152,3,49
"957","2020-05-28",59,11,232,152,7938,0.587805492567397,1995,8111,796,1551,14,6911,52,3204,2,52
"958","2020-05-29",59,11,267,146,7938,0.587805492567397,1995,8111,796,1551,12,6923,39,3243,NA,39
"959","2020-05-30",49,11,265,139,7938,0.587805492567397,1995,8111,796,1551,16,6939,62,3305,6,62
"960","2020-05-31",52,11,244,132,7938,0.587805492567397,1995,8111,796,1551,8,6947,56,3361,2,56
"961","2020-06-01",44,11,213,121,7938,0.587805492567397,1995,8111,796,1551,11,6958,42,3403,1,42
"962","2020-06-02",37,11,197,121,7938,0.587805492567397,1995,8111,796,1551,11,6969,32,3435,1,32
"963","2020-06-03",35,11,179,109,7938,0.587805492567397,1995,8111,796,1551,13,6982,33,3468,2,33
"964","2020-06-04",40,11,166,100,7938,0.587805492567397,1995,8111,796,1551,9,6991,36,3504,NA,36
"965","2020-06-05",42,11,154,99,7938,0.587805492567397,1995,8111,796,1551,6,6997,44,3548,NA,44
"966","2020-06-06",41,11,139,96,7938,0.587805492567397,1995,8111,796,1551,5,7002,40,3588,1,40
"967","2020-06-07",33,11,138,89,7938,0.587805492567397,1995,8111,796,1551,11,7013,38,3626,1,38
"968","2020-03-07",1,12,0,0,7707,0.380563124432334,2115,8966,787,1091,NA,NA,NA,NA,NA,NA
"969","2020-03-08",1,12,0,0,7707,0.380563124432334,2115,8966,787,1091,NA,NA,NA,NA,NA,NA
"970","2020-03-09",0,12,0,0,7707,0.380563124432334,2115,8966,787,1091,NA,NA,NA,NA,NA,NA
"971","2020-03-10",0,12,0,0,7707,0.380563124432334,2115,8966,787,1091,NA,NA,1,1,NA,1
"972","2020-03-11",0,12,0,0,7707,0.380563124432334,2115,8966,787,1091,34,34,17,18,3,17
"973","2020-03-12",0,12,0,0,7707,0.380563124432334,2115,8966,787,1091,37,71,23,41,5,23
"974","2020-03-13",8,12,74,233,7707,0.380563124432334,2115,8966,787,1091,49,120,50,91,14,50
"975","2020-03-14",21,12,71,316,7707,0.380563124432334,2115,8966,787,1091,57,177,24,115,19,24
"976","2020-03-15",36,12,89,406,7707,0.380563124432334,2115,8966,787,1091,48,225,31,146,15,31
"977","2020-03-16",48,12,83,504,7707,0.380563124432334,2115,8966,787,1091,61,286,25,171,26,25
"978","2020-03-17",61,12,84,588,7707,0.380563124432334,2115,8966,787,1091,68,354,52,223,42,52
"979","2020-03-18",87,12,100,675,7707,0.380563124432334,2115,8966,787,1091,55,409,63,286,38,63
"980","2020-03-19",123,12,108,784,7707,0.380563124432334,2115,8966,787,1091,94,503,53,339,55,53
"981","2020-03-20",173,12,131,887,7707,0.380563124432334,2115,8966,787,1091,80,583,33,372,47,33
"982","2020-03-21",235,12,155,980,7707,0.380563124432334,2115,8966,787,1091,101,684,51,423,74,51
"983","2020-03-22",299,12,185,1080,7707,0.380563124432334,2115,8966,787,1091,122,806,45,468,82,45
"984","2020-03-23",306,12,233,1154,7707,0.380563124432334,2115,8966,787,1091,106,912,21,489,75,21
"985","2020-03-24",327,12,255,1230,7707,0.380563124432334,2115,8966,787,1091,117,1029,27,516,75,27
"986","2020-03-25",339,12,250,1295,7707,0.380563124432334,2115,8966,787,1091,105,1134,24,540,78,24
"987","2020-03-26",361,12,241,1344,7707,0.380563124432334,2115,8966,787,1091,123,1257,40,580,80,40
"988","2020-03-27",492,12,246,1400,7707,0.380563124432334,2115,8966,787,1091,119,1376,42,622,86,42
"989","2020-03-28",505,12,235,1458,7707,0.380563124432334,2115,8966,787,1091,136,1512,17,639,106,17
"990","2020-03-29",449,12,224,1540,7707,0.380563124432334,2115,8966,787,1091,143,1655,15,654,111,15
"991","2020-03-30",454,12,207,1589,7707,0.380563124432334,2115,8966,787,1091,119,1774,21,675,87,21
"992","2020-03-31",451,12,209,1610,7707,0.380563124432334,2115,8966,787,1091,144,1918,67,742,113,67
"993","2020-04-01",471,12,229,1619,7707,0.380563124432334,2115,8966,787,1091,123,2041,93,835,95,93
"994","2020-04-02",461,12,231,1626,7707,0.380563124432334,2115,8966,787,1091,157,2198,39,874,125,39
"995","2020-04-03",527,12,212,1665,7707,0.380563124432334,2115,8966,787,1091,153,2351,75,949,112,75
"996","2020-04-04",538,12,236,1637,7707,0.380563124432334,2115,8966,787,1091,151,2502,29,978,121,29
"997","2020-04-05",509,12,265,1673,7707,0.380563124432334,2115,8966,787,1091,129,2631,26,1004,91,26
"998","2020-04-06",508,12,265,1655,7707,0.380563124432334,2115,8966,787,1091,155,2786,56,1060,124,56
"999","2020-04-07",517,12,254,1640,7707,0.380563124432334,2115,8966,787,1091,130,2916,83,1143,106,83
"1000","2020-04-08",512,12,254,1609,7707,0.380563124432334,2115,8966,787,1091,140,3056,45,1188,106,45
"1001","2020-04-09",532,12,240,1623,7707,0.380563124432334,2115,8966,787,1091,111,3167,25,1213,74,25
"1002","2020-04-10",556,12,237,1588,7707,0.380563124432334,2115,8966,787,1091,98,3265,44,1257,71,44
"1003","2020-04-11",551,12,223,1556,7707,0.380563124432334,2115,8966,787,1091,117,3382,31,1288,85,31
"1004","2020-04-12",537,12,229,1542,7707,0.380563124432334,2115,8966,787,1091,106,3488,29,1317,80,29
"1005","2020-04-13",540,12,231,1469,7707,0.380563124432334,2115,8966,787,1091,113,3601,67,1384,77,67
"1006","2020-04-14",514,12,227,1457,7707,0.380563124432334,2115,8966,787,1091,130,3731,54,1438,95,54
"1007","2020-04-15",512,12,210,1430,7707,0.380563124432334,2115,8966,787,1091,115,3846,28,1466,73,28
"1008","2020-04-16",498,12,192,1357,7707,0.380563124432334,2115,8966,787,1091,118,3964,19,1485,90,19
"1009","2020-04-17",503,12,207,1307,7707,0.380563124432334,2115,8966,787,1091,97,4061,14,1499,66,14
"1010","2020-04-18",481,12,209,1303,7707,0.380563124432334,2115,8966,787,1091,105,4166,33,1532,74,33
"1011","2020-04-19",447,12,218,1267,7707,0.380563124432334,2115,8966,787,1091,111,4277,37,1569,74,37
"1012","2020-04-20",435,12,249,1221,7707,0.380563124432334,2115,8966,787,1091,81,4358,77,1646,53,77
"1013","2020-04-21",421,12,248,1160,7707,0.380563124432334,2115,8966,787,1091,77,4435,31,1677,50,31
"1014","2020-04-22",416,12,260,1143,7707,0.380563124432334,2115,8966,787,1091,77,4512,27,1704,56,27
"1015","2020-04-23",403,12,228,1104,7707,0.380563124432334,2115,8966,787,1091,82,4594,46,1750,56,46
"1016","2020-04-24",417,12,233,1085,7707,0.380563124432334,2115,8966,787,1091,78,4672,56,1806,56,56
"1017","2020-04-25",425,12,224,1045,7707,0.380563124432334,2115,8966,787,1091,76,4748,31,1837,49,31
"1018","2020-04-26",370,12,221,1010,7707,0.380563124432334,2115,8966,787,1091,66,4814,27,1864,49,27
"1019","2020-04-27",351,12,248,972,7707,0.380563124432334,2115,8966,787,1091,78,4892,18,1882,53,18
"1020","2020-04-28",355,12,254,936,7707,0.380563124432334,2115,8966,787,1091,71,4963,11,1893,42,11
"1021","2020-04-29",336,12,263,916,7707,0.380563124432334,2115,8966,787,1091,61,5024,18,1911,41,18
"1022","2020-04-30",320,12,273,887,7707,0.380563124432334,2115,8966,787,1091,55,5079,58,1969,34,58
"1023","2020-05-01",285,12,289,842,7707,0.380563124432334,2115,8966,787,1091,51,5130,58,2027,35,58
"1024","2020-05-02",285,12,290,806,7707,0.380563124432334,2115,8966,787,1091,54,5184,23,2050,30,23
"1025","2020-05-03",268,12,275,787,7707,0.380563124432334,2115,8966,787,1091,53,5237,25,2075,32,25
"1026","2020-05-04",270,12,272,763,7707,0.380563124432334,2115,8966,787,1091,44,5281,60,2135,22,60
"1027","2020-05-05",250,12,257,731,7707,0.380563124432334,2115,8966,787,1091,38,5319,43,2178,16,43
"1028","2020-05-06",250,12,275,708,7707,0.380563124432334,2115,8966,787,1091,41,5360,55,2233,29,55
"1029","2020-05-07",249,12,279,701,7707,0.380563124432334,2115,8966,787,1091,39,5399,37,2270,22,37
"1030","2020-05-08",232,12,300,671,7707,0.380563124432334,2115,8966,787,1091,33,5432,61,2331,20,61
"1031","2020-05-09",220,12,300,643,7707,0.380563124432334,2115,8966,787,1091,40,5472,58,2389,20,58
"1032","2020-05-10",211,12,271,618,7707,0.380563124432334,2115,8966,787,1091,36,5508,27,2416,21,27
"1033","2020-05-11",195,12,259,590,7707,0.380563124432334,2115,8966,787,1091,28,5536,46,2462,13,46
"1034","2020-05-12",194,12,263,576,7707,0.380563124432334,2115,8966,787,1091,40,5576,20,2482,20,20
"1035","2020-05-13",186,12,255,548,7707,0.380563124432334,2115,8966,787,1091,26,5602,32,2514,17,32
"1036","2020-05-14",182,12,244,529,7707,0.380563124432334,2115,8966,787,1091,26,5628,30,2544,16,30
"1037","2020-05-15",184,12,217,513,7707,0.380563124432334,2115,8966,787,1091,32,5660,28,2572,18,28
"1038","2020-05-16",177,12,204,492,7707,0.380563124432334,2115,8966,787,1091,24,5684,57,2629,8,57
"1039","2020-05-17",163,12,189,473,7707,0.380563124432334,2115,8966,787,1091,29,5713,58,2687,21,58
"1040","2020-05-18",162,12,175,460,7707,0.380563124432334,2115,8966,787,1091,34,5747,32,2719,14,32
"1041","2020-05-19",157,12,181,428,7707,0.380563124432334,2115,8966,787,1091,30,5777,70,2789,12,70
"1042","2020-05-20",158,12,194,398,7707,0.380563124432334,2115,8966,787,1091,17,5794,55,2844,5,55
"1043","2020-05-21",161,12,207,379,7707,0.380563124432334,2115,8966,787,1091,20,5814,53,2897,10,53
"1044","2020-05-22",149,12,223,371,7707,0.380563124432334,2115,8966,787,1091,24,5838,74,2971,14,74
"1045","2020-05-23",143,12,235,348,7707,0.380563124432334,2115,8966,787,1091,22,5860,38,3009,14,38
"1046","2020-05-24",134,12,252,319,7707,0.380563124432334,2115,8966,787,1091,15,5875,46,3055,8,46
"1047","2020-05-25",119,12,262,295,7707,0.380563124432334,2115,8966,787,1091,22,5897,23,3078,10,23
"1048","2020-05-26",111,12,231,288,7707,0.380563124432334,2115,8966,787,1091,13,5910,18,3096,6,18
"1049","2020-05-27",99,12,219,279,7707,0.380563124432334,2115,8966,787,1091,21,5931,59,3155,11,59
"1050","2020-05-28",84,12,224,262,7707,0.380563124432334,2115,8966,787,1091,20,5951,34,3189,11,34
"1051","2020-05-29",87,12,219,246,7707,0.380563124432334,2115,8966,787,1091,17,5968,23,3212,8,23
"1052","2020-05-30",90,12,228,241,7707,0.380563124432334,2115,8966,787,1091,21,5989,20,3232,12,20
"1053","2020-05-31",77,12,210,237,7707,0.380563124432334,2115,8966,787,1091,19,6008,54,3286,6,54
"1054","2020-06-01",83,12,197,223,7707,0.380563124432334,2115,8966,787,1091,18,6026,30,3316,9,30
"1055","2020-06-02",79,12,199,207,7707,0.380563124432334,2115,8966,787,1091,11,6037,20,3336,5,20
"1056","2020-06-03",81,12,195,188,7707,0.380563124432334,2115,8966,787,1091,17,6054,16,3352,9,16
"1057","2020-06-04",78,12,195,184,7707,0.380563124432334,2115,8966,787,1091,9,6063,17,3369,6,17
"1058","2020-06-05",70,12,199,180,7707,0.380563124432334,2115,8966,787,1091,8,6071,9,3378,5,9
"1059","2020-06-06",66,12,197,182,7707,0.380563124432334,2115,8966,787,1091,17,6088,5,3383,10,5
"1060","2020-06-07",62,12,182,168,7707,0.380563124432334,2115,8966,787,1091,12,6100,8,3391,6,8
"1061","2020-03-07",1,13,0,0,6318,0.776036720481165,2040,7729,585,969,NA,NA,NA,NA,NA,NA
"1062","2020-03-08",1,13,0,0,6318,0.776036720481165,2040,7729,585,969,NA,NA,NA,NA,NA,NA
"1063","2020-03-09",0,13,0,0,6318,0.776036720481165,2040,7729,585,969,NA,NA,NA,NA,NA,NA
"1064","2020-03-10",0,13,0,0,6318,0.776036720481165,2040,7729,585,969,NA,NA,NA,NA,NA,NA
"1065","2020-03-11",0,13,0,0,6318,0.776036720481165,2040,7729,585,969,41,41,23,23,1,23
"1066","2020-03-12",0,13,0,0,6318,0.776036720481165,2040,7729,585,969,45,86,15,38,1,15
"1067","2020-03-13",1,13,98,62,6318,0.776036720481165,2040,7729,585,969,59,145,9,47,7,9
"1068","2020-03-14",4,13,120,87,6318,0.776036720481165,2040,7729,585,969,63,208,20,67,14,20
"1069","2020-03-15",10,13,120,131,6318,0.776036720481165,2040,7729,585,969,90,298,22,89,32,22
"1070","2020-03-16",15,13,121,170,6318,0.776036720481165,2040,7729,585,969,68,366,36,125,23,36
"1071","2020-03-17",22,13,133,228,6318,0.776036720481165,2040,7729,585,969,72,438,23,148,30,23
"1072","2020-03-18",28,13,130,285,6318,0.776036720481165,2040,7729,585,969,88,526,16,164,54,16
"1073","2020-03-19",37,13,139,349,6318,0.776036720481165,2040,7729,585,969,123,649,28,192,77,28
"1074","2020-03-20",68,13,170,410,6318,0.776036720481165,2040,7729,585,969,95,744,19,211,61,19
"1075","2020-03-21",108,13,172,483,6318,0.776036720481165,2040,7729,585,969,114,858,13,224,74,13
"1076","2020-03-22",123,13,156,583,6318,0.776036720481165,2040,7729,585,969,125,983,19,243,83,19
"1077","2020-03-23",129,13,152,677,6318,0.776036720481165,2040,7729,585,969,176,1159,35,278,123,35
"1078","2020-03-24",133,13,183,770,6318,0.776036720481165,2040,7729,585,969,140,1299,32,310,88,32
"1079","2020-03-25",148,13,196,877,6318,0.776036720481165,2040,7729,585,969,140,1439,27,337,96,27
"1080","2020-03-26",183,13,217,959,6318,0.776036720481165,2040,7729,585,969,154,1593,28,365,106,28
"1081","2020-03-27",255,13,233,1045,6318,0.776036720481165,2040,7729,585,969,196,1789,17,382,148,17
"1082","2020-03-28",301,13,232,1168,6318,0.776036720481165,2040,7729,585,969,166,1955,45,427,118,45
"1083","2020-03-29",348,13,247,1266,6318,0.776036720481165,2040,7729,585,969,155,2110,38,465,114,38
"1084","2020-03-30",358,13,253,1359,6318,0.776036720481165,2040,7729,585,969,159,2269,23,488,101,23
"1085","2020-03-31",379,13,253,1410,6318,0.776036720481165,2040,7729,585,969,174,2443,31,519,128,31
"1086","2020-04-01",406,13,243,1501,6318,0.776036720481165,2040,7729,585,969,151,2594,27,546,119,27
"1087","2020-04-02",419,13,266,1595,6318,0.776036720481165,2040,7729,585,969,165,2759,32,578,114,32
"1088","2020-04-03",547,13,290,1637,6318,0.776036720481165,2040,7729,585,969,155,2914,35,613,113,35
"1089","2020-04-04",577,13,267,1685,6318,0.776036720481165,2040,7729,585,969,162,3076,44,657,123,44
"1090","2020-04-05",533,13,250,1730,6318,0.776036720481165,2040,7729,585,969,159,3235,55,712,118,55
"1091","2020-04-06",548,13,249,1776,6318,0.776036720481165,2040,7729,585,969,177,3412,48,760,139,48
"1092","2020-04-07",549,13,254,1797,6318,0.776036720481165,2040,7729,585,969,133,3545,62,822,96,62
"1093","2020-04-08",551,13,248,1805,6318,0.776036720481165,2040,7729,585,969,119,3664,41,863,77,41
"1094","2020-04-09",564,13,251,1824,6318,0.776036720481165,2040,7729,585,969,134,3798,27,890,96,27
"1095","2020-04-10",663,13,259,1827,6318,0.776036720481165,2040,7729,585,969,136,3934,48,938,93,48
"1096","2020-04-11",666,13,281,1797,6318,0.776036720481165,2040,7729,585,969,119,4053,31,969,92,31
"1097","2020-04-12",627,13,319,1793,6318,0.776036720481165,2040,7729,585,969,116,4169,20,989,75,20
"1098","2020-04-13",622,13,327,1787,6318,0.776036720481165,2040,7729,585,969,107,4276,46,1035,60,46
"1099","2020-04-14",626,13,293,1781,6318,0.776036720481165,2040,7729,585,969,110,4386,32,1067,69,32
"1100","2020-04-15",635,13,267,1777,6318,0.776036720481165,2040,7729,585,969,105,4491,12,1079,75,12
"1101","2020-04-16",631,13,273,1729,6318,0.776036720481165,2040,7729,585,969,78,4569,25,1104,51,25
"1102","2020-04-17",611,13,306,1649,6318,0.776036720481165,2040,7729,585,969,99,4668,16,1120,66,16
"1103","2020-04-18",604,13,291,1580,6318,0.776036720481165,2040,7729,585,969,76,4744,7,1127,56,7
"1104","2020-04-19",577,13,288,1502,6318,0.776036720481165,2040,7729,585,969,67,4811,12,1139,49,12
"1105","2020-04-20",565,13,261,1431,6318,0.776036720481165,2040,7729,585,969,59,4870,11,1150,40,11
"1106","2020-04-21",543,13,240,1334,6318,0.776036720481165,2040,7729,585,969,65,4935,9,1159,38,9
"1107","2020-04-22",532,13,240,1258,6318,0.776036720481165,2040,7729,585,969,74,5009,14,1173,38,14
"1108","2020-04-23",504,13,238,1175,6318,0.776036720481165,2040,7729,585,969,61,5070,11,1184,35,11
"1109","2020-04-24",477,13,253,1107,6318,0.776036720481165,2040,7729,585,969,59,5129,7,1191,25,7
"1110","2020-04-25",455,13,244,1016,6318,0.776036720481165,2040,7729,585,969,68,5197,16,1207,33,16
"1111","2020-04-26",411,13,248,935,6318,0.776036720481165,2040,7729,585,969,50,5247,40,1247,24,40
"1112","2020-04-27",376,13,274,855,6318,0.776036720481165,2040,7729,585,969,58,5305,14,1261,32,14
"1113","2020-04-28",355,13,279,793,6318,0.776036720481165,2040,7729,585,969,51,5356,15,1276,22,15
"1114","2020-04-29",331,13,272,729,6318,0.776036720481165,2040,7729,585,969,42,5398,25,1301,9,25
"1115","2020-04-30",312,13,249,676,6318,0.776036720481165,2040,7729,585,969,42,5440,46,1347,21,46
"1116","2020-05-01",262,13,229,619,6318,0.776036720481165,2040,7729,585,969,64,5504,53,1400,28,53
"1117","2020-05-02",246,13,216,575,6318,0.776036720481165,2040,7729,585,969,54,5558,30,1430,19,30
"1118","2020-05-03",202,13,204,537,6318,0.776036720481165,2040,7729,585,969,51,5609,31,1461,24,31
"1119","2020-05-04",184,13,214,503,6318,0.776036720481165,2040,7729,585,969,35,5644,38,1499,15,38
"1120","2020-05-05",169,13,201,470,6318,0.776036720481165,2040,7729,585,969,46,5690,44,1543,19,44
"1121","2020-05-06",163,13,231,454,6318,0.776036720481165,2040,7729,585,969,51,5741,51,1594,21,51
"1122","2020-05-07",161,13,249,434,6318,0.776036720481165,2040,7729,585,969,27,5768,37,1631,10,37
"1123","2020-05-08",154,13,246,403,6318,0.776036720481165,2040,7729,585,969,33,5801,31,1662,8,31
"1124","2020-05-09",143,13,221,384,6318,0.776036720481165,2040,7729,585,969,26,5827,51,1713,11,51
"1125","2020-05-10",141,13,211,358,6318,0.776036720481165,2040,7729,585,969,37,5864,35,1748,17,35
"1126","2020-05-11",129,13,232,344,6318,0.776036720481165,2040,7729,585,969,28,5892,34,1782,9,34
"1127","2020-05-12",126,13,259,331,6318,0.776036720481165,2040,7729,585,969,27,5919,24,1806,14,24
"1128","2020-05-13",118,13,265,317,6318,0.776036720481165,2040,7729,585,969,37,5956,21,1827,17,21
"1129","2020-05-14",118,13,274,305,6318,0.776036720481165,2040,7729,585,969,36,5992,22,1849,11,22
"1130","2020-05-15",111,13,278,282,6318,0.776036720481165,2040,7729,585,969,16,6008,8,1857,4,8
"1131","2020-05-16",122,13,292,276,6318,0.776036720481165,2040,7729,585,969,25,6033,7,1864,8,7
"1132","2020-05-17",104,13,282,260,6318,0.776036720481165,2040,7729,585,969,32,6065,12,1876,12,12
"1133","2020-05-18",97,13,258,253,6318,0.776036720481165,2040,7729,585,969,19,6084,35,1911,9,35
"1134","2020-05-19",99,13,272,235,6318,0.776036720481165,2040,7729,585,969,30,6114,49,1960,10,49
"1135","2020-05-20",98,13,283,226,6318,0.776036720481165,2040,7729,585,969,21,6135,29,1989,5,29
"1136","2020-05-21",91,13,268,213,6318,0.776036720481165,2040,7729,585,969,19,6154,18,2007,7,18
"1137","2020-05-22",76,13,267,201,6318,0.776036720481165,2040,7729,585,969,22,6176,26,2033,8,26
"1138","2020-05-23",71,13,268,186,6318,0.776036720481165,2040,7729,585,969,20,6196,34,2067,4,34
"1139","2020-05-24",64,13,270,168,6318,0.776036720481165,2040,7729,585,969,15,6211,24,2091,8,24
"1140","2020-05-25",62,13,265,160,6318,0.776036720481165,2040,7729,585,969,16,6227,17,2108,7,17
"1141","2020-05-26",59,13,254,144,6318,0.776036720481165,2040,7729,585,969,16,6243,21,2129,6,21
"1142","2020-05-27",60,13,253,136,6318,0.776036720481165,2040,7729,585,969,18,6261,36,2165,6,36
"1143","2020-05-28",54,13,248,126,6318,0.776036720481165,2040,7729,585,969,7,6268,11,2176,2,11
"1144","2020-05-29",51,13,275,110,6318,0.776036720481165,2040,7729,585,969,15,6283,31,2207,3,31
"1145","2020-05-30",51,13,266,102,6318,0.776036720481165,2040,7729,585,969,17,6300,21,2228,6,21
"1146","2020-05-31",45,13,279,101,6318,0.776036720481165,2040,7729,585,969,15,6315,20,2248,6,20
"1147","2020-06-01",40,13,298,96,6318,0.776036720481165,2040,7729,585,969,10,6325,19,2267,4,19
"1148","2020-06-02",35,13,296,96,6318,0.776036720481165,2040,7729,585,969,16,6341,17,2284,5,17
"1149","2020-06-03",29,13,284,94,6318,0.776036720481165,2040,7729,585,969,11,6352,12,2296,3,12
"1150","2020-06-04",26,13,306,97,6318,0.776036720481165,2040,7729,585,969,9,6361,8,2304,4,8
"1151","2020-06-05",29,13,310,99,6318,0.776036720481165,2040,7729,585,969,18,6379,11,2315,4,11
"1152","2020-06-06",30,13,313,94,6318,0.776036720481165,2040,7729,585,969,12,6391,27,2342,5,27
"1153","2020-06-07",34,13,271,92,6318,0.776036720481165,2040,7729,585,969,4,6395,18,2360,NA,18
"1154","2020-03-13",4,14,182,117,6968,0.788461538461538,2085,8123,700,1562,65,164,31,141,32,31
"1155","2020-03-14",7,14,182,172,6968,0.788461538461538,2085,8123,700,1562,74,238,25,166,37,25
"1156","2020-03-15",14,14,189,258,6968,0.788461538461538,2085,8123,700,1562,87,325,47,213,41,47
"1157","2020-03-16",18,14,188,317,6968,0.788461538461538,2085,8123,700,1562,77,402,31,244,40,31
"1158","2020-03-17",30,14,185,390,6968,0.788461538461538,2085,8123,700,1562,96,498,18,262,57,18
"1159","2020-03-18",47,14,193,479,6968,0.788461538461538,2085,8123,700,1562,113,611,13,275,80,13
"1160","2020-03-19",67,14,214,561,6968,0.788461538461538,2085,8123,700,1562,113,724,12,287,77,12
"1161","2020-03-20",104,14,221,671,6968,0.788461538461538,2085,8123,700,1562,99,823,13,300,71,13
"1162","2020-03-21",161,14,257,797,6968,0.788461538461538,2085,8123,700,1562,121,944,19,319,86,19
"1163","2020-03-22",192,14,254,931,6968,0.788461538461538,2085,8123,700,1562,122,1066,47,366,86,47
"1164","2020-03-23",199,14,224,1036,6968,0.788461538461538,2085,8123,700,1562,137,1203,40,406,94,40
"1165","2020-03-24",211,14,195,1136,6968,0.788461538461538,2085,8123,700,1562,155,1358,28,434,116,28
"1166","2020-03-25",234,14,189,1273,6968,0.788461538461538,2085,8123,700,1562,132,1490,15,449,98,15
"1167","2020-03-26",257,14,174,1419,6968,0.788461538461538,2085,8123,700,1562,147,1637,15,464,116,15
"1168","2020-03-27",376,14,182,1532,6968,0.788461538461538,2085,8123,700,1562,146,1783,11,475,103,11
"1169","2020-03-28",476,14,204,1651,6968,0.788461538461538,2085,8123,700,1562,136,1919,18,493,101,18
"1170","2020-03-29",510,14,204,1771,6968,0.788461538461538,2085,8123,700,1562,139,2058,56,549,105,56
"1171","2020-03-30",530,14,220,1880,6968,0.788461538461538,2085,8123,700,1562,144,2202,36,585,115,36
"1172","2020-03-31",545,14,232,1961,6968,0.788461538461538,2085,8123,700,1562,128,2330,12,597,97,12
"1173","2020-04-01",563,14,211,2020,6968,0.788461538461538,2085,8123,700,1562,127,2457,14,611,104,14
"1174","2020-04-02",593,14,229,2043,6968,0.788461538461538,2085,8123,700,1562,160,2617,6,617,113,6
"1175","2020-04-03",742,14,250,2056,6968,0.788461538461538,2085,8123,700,1562,129,2746,2,619,93,2
"1176","2020-04-04",726,14,297,2065,6968,0.788461538461538,2085,8123,700,1562,167,2913,24,643,131,24
"1177","2020-04-05",703,14,289,2076,6968,0.788461538461538,2085,8123,700,1562,132,3045,43,686,99,43
"1178","2020-04-06",704,14,248,2038,6968,0.788461538461538,2085,8123,700,1562,137,3182,36,722,103,36
"1179","2020-04-07",726,14,234,2004,6968,0.788461538461538,2085,8123,700,1562,113,3295,13,735,80,13
"1180","2020-04-08",747,14,226,1952,6968,0.788461538461538,2085,8123,700,1562,121,3416,7,742,84,7
"1181","2020-04-09",751,14,233,1884,6968,0.788461538461538,2085,8123,700,1562,124,3540,24,766,87,24
"1182","2020-04-10",774,14,225,1802,6968,0.788461538461538,2085,8123,700,1562,143,3683,54,820,117,54
"1183","2020-04-11",725,14,237,1790,6968,0.788461538461538,2085,8123,700,1562,111,3794,48,868,85,48
"1184","2020-04-12",639,14,231,1717,6968,0.788461538461538,2085,8123,700,1562,104,3898,18,886,76,18
"1185","2020-04-13",642,14,239,1660,6968,0.788461538461538,2085,8123,700,1562,114,4012,9,895,82,9
"1186","2020-04-14",611,14,220,1602,6968,0.788461538461538,2085,8123,700,1562,100,4112,47,942,68,47
"1187","2020-04-15",596,14,229,1533,6968,0.788461538461538,2085,8123,700,1562,106,4218,64,1006,77,64
"1188","2020-04-16",566,14,223,1477,6968,0.788461538461538,2085,8123,700,1562,77,4295,43,1049,52,43
"1189","2020-04-17",543,14,217,1395,6968,0.788461538461538,2085,8123,700,1562,85,4380,67,1116,63,67
"1190","2020-04-18",547,14,209,1308,6968,0.788461538461538,2085,8123,700,1562,76,4456,48,1164,54,48
"1191","2020-04-19",511,14,222,1233,6968,0.788461538461538,2085,8123,700,1562,68,4524,27,1191,51,27
"1192","2020-04-20",466,14,255,1156,6968,0.788461538461538,2085,8123,700,1562,78,4602,13,1204,51,13
"1193","2020-04-21",441,14,257,1097,6968,0.788461538461538,2085,8123,700,1562,75,4677,12,1216,47,12
"1194","2020-04-22",417,14,256,1012,6968,0.788461538461538,2085,8123,700,1562,62,4739,12,1228,41,12
"1195","2020-04-23",397,14,261,950,6968,0.788461538461538,2085,8123,700,1562,80,4819,11,1239,68,11
"1196","2020-04-24",346,14,256,894,6968,0.788461538461538,2085,8123,700,1562,68,4887,18,1257,36,18
"1197","2020-04-25",330,14,260,844,6968,0.788461538461538,2085,8123,700,1562,61,4948,6,1263,35,6
"1198","2020-04-26",295,14,261,793,6968,0.788461538461538,2085,8123,700,1562,57,5005,4,1267,41,4
"1199","2020-04-27",285,14,276,740,6968,0.788461538461538,2085,8123,700,1562,49,5054,10,1277,26,10
"1200","2020-04-28",277,14,298,695,6968,0.788461538461538,2085,8123,700,1562,61,5115,34,1311,37,34
"1201","2020-04-29",256,14,302,645,6968,0.788461538461538,2085,8123,700,1562,51,5166,28,1339,31,28
"1202","2020-04-30",251,14,306,600,6968,0.788461538461538,2085,8123,700,1562,41,5207,25,1364,24,25
"1203","2020-05-01",208,14,289,556,6968,0.788461538461538,2085,8123,700,1562,56,5263,29,1393,33,29
"1204","2020-05-02",200,14,283,507,6968,0.788461538461538,2085,8123,700,1562,55,5318,18,1411,24,18
"1205","2020-05-03",186,14,290,493,6968,0.788461538461538,2085,8123,700,1562,45,5363,4,1415,24,4
"1206","2020-05-04",180,14,281,461,6968,0.788461538461538,2085,8123,700,1562,60,5423,3,1418,38,3
"1207","2020-05-05",159,14,250,442,6968,0.788461538461538,2085,8123,700,1562,37,5460,8,1426,22,8
"1208","2020-05-06",162,14,246,427,6968,0.788461538461538,2085,8123,700,1562,47,5507,26,1452,25,26
"1209","2020-05-07",162,14,238,395,6968,0.788461538461538,2085,8123,700,1562,43,5550,48,1500,26,48
"1210","2020-05-08",156,14,262,389,6968,0.788461538461538,2085,8123,700,1562,48,5598,37,1537,25,37
"1211","2020-05-09",140,14,253,382,6968,0.788461538461538,2085,8123,700,1562,35,5633,57,1594,23,57
"1212","2020-05-10",132,14,251,354,6968,0.788461538461538,2085,8123,700,1562,40,5673,40,1634,21,40
"1213","2020-05-11",123,14,220,333,6968,0.788461538461538,2085,8123,700,1562,49,5722,16,1650,27,16
"1214","2020-05-12",119,14,240,314,6968,0.788461538461538,2085,8123,700,1562,35,5757,13,1663,17,13
"1215","2020-05-13",104,14,229,298,6968,0.788461538461538,2085,8123,700,1562,34,5791,6,1669,23,6
"1216","2020-05-14",90,14,215,282,6968,0.788461538461538,2085,8123,700,1562,23,5814,9,1678,15,9
"1217","2020-05-15",91,14,241,277,6968,0.788461538461538,2085,8123,700,1562,23,5837,13,1691,15,13
"1218","2020-05-16",98,14,276,266,6968,0.788461538461538,2085,8123,700,1562,35,5872,34,1725,15,34
"1219","2020-05-17",96,14,272,252,6968,0.788461538461538,2085,8123,700,1562,27,5899,34,1759,17,34
"1220","2020-05-18",93,14,248,244,6968,0.788461538461538,2085,8123,700,1562,31,5930,22,1781,15,22
"1221","2020-05-19",87,14,269,238,6968,0.788461538461538,2085,8123,700,1562,29,5959,26,1807,15,26
"1222","2020-05-20",86,14,270,223,6968,0.788461538461538,2085,8123,700,1562,38,5997,14,1821,22,14
"1223","2020-05-21",86,14,252,209,6968,0.788461538461538,2085,8123,700,1562,29,6026,17,1838,16,17
"1224","2020-05-22",90,14,243,207,6968,0.788461538461538,2085,8123,700,1562,25,6051,6,1844,12,6
"1225","2020-05-23",79,14,236,198,6968,0.788461538461538,2085,8123,700,1562,26,6077,2,1846,13,2
"1226","2020-05-24",70,14,265,187,6968,0.788461538461538,2085,8123,700,1562,21,6098,14,1860,12,14
"1227","2020-05-25",68,14,282,182,6968,0.788461538461538,2085,8123,700,1562,20,6118,7,1867,16,7
"1228","2020-05-26",67,14,283,169,6968,0.788461538461538,2085,8123,700,1562,16,6134,11,1878,9,11
"1229","2020-05-27",65,14,261,163,6968,0.788461538461538,2085,8123,700,1562,20,6154,17,1895,13,17
"1230","2020-05-28",65,14,257,154,6968,0.788461538461538,2085,8123,700,1562,17,6171,31,1926,12,31
"1231","2020-05-29",50,14,242,146,6968,0.788461538461538,2085,8123,700,1562,18,6189,33,1959,7,33
"1232","2020-05-30",47,14,227,134,6968,0.788461538461538,2085,8123,700,1562,11,6200,56,2015,5,56
"1233","2020-05-31",51,14,247,126,6968,0.788461538461538,2085,8123,700,1562,21,6221,42,2057,14,42
"1234","2020-06-01",47,14,264,125,6968,0.788461538461538,2085,8123,700,1562,16,6237,50,2107,12,50
"1235","2020-06-02",42,14,265,125,6968,0.788461538461538,2085,8123,700,1562,27,6264,35,2142,16,35
"1236","2020-06-03",42,14,266,128,6968,0.788461538461538,2085,8123,700,1562,14,6278,13,2155,8,13
"1237","2020-06-04",39,14,270,125,6968,0.788461538461538,2085,8123,700,1562,14,6292,15,2170,10,15
"1238","2020-06-05",39,14,268,122,6968,0.788461538461538,2085,8123,700,1562,19,6311,21,2191,12,21
"1239","2020-06-06",45,14,259,121,6968,0.788461538461538,2085,8123,700,1562,12,6323,16,2207,6,16
"1240","2020-06-07",40,14,246,115,6968,0.788461538461538,2085,8123,700,1562,17,6340,5,2212,9,5
"1241","2020-03-13",5,15,121,282,8607,0.400952712908098,2085,9432,832,2123,92,237,30,98,10,30
"1242","2020-03-14",13,15,127,415,8607,0.400952712908098,2085,9432,832,2123,83,320,24,122,13,24
"1243","2020-03-15",52,15,141,540,8607,0.400952712908098,2085,9432,832,2123,105,425,35,157,30,35
"1244","2020-03-16",68,15,232,676,8607,0.400952712908098,2085,9432,832,2123,125,550,13,170,27,13
"1245","2020-03-17",79,15,233,809,8607,0.400952712908098,2085,9432,832,2123,114,664,25,195,33,25
"1246","2020-03-18",112,15,239,947,8607,0.400952712908098,2085,9432,832,2123,138,802,27,222,52,27
"1247","2020-03-19",146,15,267,1046,8607,0.400952712908098,2085,9432,832,2123,141,943,48,270,57,48
"1248","2020-03-20",225,15,270,1161,8607,0.400952712908098,2085,9432,832,2123,151,1094,27,297,64,27
"1249","2020-03-21",344,15,251,1263,8607,0.400952712908098,2085,9432,832,2123,181,1275,31,328,104,31
"1250","2020-03-22",379,15,233,1362,8607,0.400952712908098,2085,9432,832,2123,143,1418,21,349,65,21
"1251","2020-03-23",381,15,236,1436,8607,0.400952712908098,2085,9432,832,2123,130,1548,44,393,66,44
"1252","2020-03-24",402,15,226,1490,8607,0.400952712908098,2085,9432,832,2123,153,1701,42,435,78,42
"1253","2020-03-25",424,15,203,1560,8607,0.400952712908098,2085,9432,832,2123,150,1851,32,467,83,32
"1254","2020-03-26",461,15,211,1614,8607,0.400952712908098,2085,9432,832,2123,147,1998,38,505,67,38
"1255","2020-03-27",570,15,208,1669,8607,0.400952712908098,2085,9432,832,2123,155,2153,41,546,74,41
"1256","2020-03-28",521,15,206,1685,8607,0.400952712908098,2085,9432,832,2123,125,2278,46,592,60,46
"1257","2020-03-29",507,15,215,1700,8607,0.400952712908098,2085,9432,832,2123,137,2415,18,610,73,18
"1258","2020-03-30",527,15,208,1716,8607,0.400952712908098,2085,9432,832,2123,166,2581,12,622,77,12
"1259","2020-03-31",520,15,197,1745,8607,0.400952712908098,2085,9432,832,2123,141,2722,16,638,74,16
"1260","2020-04-01",537,15,242,1755,8607,0.400952712908098,2085,9432,832,2123,134,2856,52,690,64,52
"1261","2020-04-02",527,15,253,1747,8607,0.400952712908098,2085,9432,832,2123,148,3004,27,717,80,27
"1262","2020-04-03",617,15,227,1734,8607,0.400952712908098,2085,9432,832,2123,136,3140,49,766,48,49
"1263","2020-04-04",641,15,208,1733,8607,0.400952712908098,2085,9432,832,2123,133,3273,44,810,57,44
"1264","2020-04-05",593,15,198,1713,8607,0.400952712908098,2085,9432,832,2123,122,3395,35,845,52,35
"1265","2020-04-06",573,15,185,1682,8607,0.400952712908098,2085,9432,832,2123,131,3526,20,865,65,20
"1266","2020-04-07",566,15,177,1644,8607,0.400952712908098,2085,9432,832,2123,116,3642,21,886,37,21
"1267","2020-04-08",557,15,189,1629,8607,0.400952712908098,2085,9432,832,2123,132,3774,47,933,68,47
"1268","2020-04-09",551,15,233,1610,8607,0.400952712908098,2085,9432,832,2123,112,3886,31,964,45,31
"1269","2020-04-10",542,15,241,1570,8607,0.400952712908098,2085,9432,832,2123,114,4000,16,980,52,16
"1270","2020-04-11",520,15,251,1536,8607,0.400952712908098,2085,9432,832,2123,111,4111,22,1002,44,22
"1271","2020-04-12",493,15,260,1508,8607,0.400952712908098,2085,9432,832,2123,105,4216,13,1015,32,13
"1272","2020-04-13",483,15,247,1494,8607,0.400952712908098,2085,9432,832,2123,115,4331,16,1031,48,16
"1273","2020-04-14",476,15,268,1461,8607,0.400952712908098,2085,9432,832,2123,103,4434,49,1080,34,49
"1274","2020-04-15",442,15,266,1440,8607,0.400952712908098,2085,9432,832,2123,97,4531,22,1102,32,22
"1275","2020-04-16",438,15,269,1377,8607,0.400952712908098,2085,9432,832,2123,81,4612,22,1124,31,22
"1276","2020-04-17",460,15,263,1328,8607,0.400952712908098,2085,9432,832,2123,82,4694,14,1138,28,14
"1277","2020-04-18",460,15,246,1288,8607,0.400952712908098,2085,9432,832,2123,85,4779,38,1176,28,38
"1278","2020-04-19",411,15,247,1243,8607,0.400952712908098,2085,9432,832,2123,99,4878,37,1213,36,37
"1279","2020-04-20",416,15,260,1203,8607,0.400952712908098,2085,9432,832,2123,90,4968,36,1249,33,36
"1280","2020-04-21",396,15,250,1180,8607,0.400952712908098,2085,9432,832,2123,82,5050,23,1272,26,23
"1281","2020-04-22",405,15,237,1164,8607,0.400952712908098,2085,9432,832,2123,87,5137,12,1284,35,12
"1282","2020-04-23",389,15,209,1149,8607,0.400952712908098,2085,9432,832,2123,83,5220,53,1337,27,53
"1283","2020-04-24",390,15,195,1119,8607,0.400952712908098,2085,9432,832,2123,83,5303,50,1387,26,50
"1284","2020-04-25",414,15,199,1092,8607,0.400952712908098,2085,9432,832,2123,65,5368,17,1404,21,17
"1285","2020-04-26",366,15,190,1065,8607,0.400952712908098,2085,9432,832,2123,72,5440,20,1424,25,20
"1286","2020-04-27",344,15,218,1053,8607,0.400952712908098,2085,9432,832,2123,68,5508,25,1449,17,25
"1287","2020-04-28",334,15,228,1019,8607,0.400952712908098,2085,9432,832,2123,55,5563,18,1467,11,18
"1288","2020-04-29",330,15,227,977,8607,0.400952712908098,2085,9432,832,2123,48,5611,66,1533,14,66
"1289","2020-04-30",323,15,259,931,8607,0.400952712908098,2085,9432,832,2123,69,5680,46,1579,16,46
"1290","2020-05-01",329,15,307,893,8607,0.400952712908098,2085,9432,832,2123,55,5735,29,1608,9,29
"1291","2020-05-02",301,15,356,858,8607,0.400952712908098,2085,9432,832,2123,35,5770,37,1645,4,37
"1292","2020-05-03",289,15,363,831,8607,0.400952712908098,2085,9432,832,2123,53,5823,37,1682,9,37
"1293","2020-05-04",283,15,300,789,8607,0.400952712908098,2085,9432,832,2123,51,5874,27,1709,14,27
"1294","2020-05-05",275,15,275,770,8607,0.400952712908098,2085,9432,832,2123,53,5927,52,1761,15,52
"1295","2020-05-06",262,15,259,752,8607,0.400952712908098,2085,9432,832,2123,61,5988,47,1808,10,47
"1296","2020-05-07",254,15,258,730,8607,0.400952712908098,2085,9432,832,2123,48,6036,64,1872,6,64
"1297","2020-05-08",225,15,275,698,8607,0.400952712908098,2085,9432,832,2123,50,6086,47,1919,9,47
"1298","2020-05-09",219,15,265,672,8607,0.400952712908098,2085,9432,832,2123,36,6122,25,1944,5,25
"1299","2020-05-10",202,15,265,651,8607,0.400952712908098,2085,9432,832,2123,47,6169,61,2005,12,61
"1300","2020-05-11",192,15,249,626,8607,0.400952712908098,2085,9432,832,2123,43,6212,39,2044,11,39
"1301","2020-05-12",182,15,202,623,8607,0.400952712908098,2085,9432,832,2123,30,6242,17,2061,6,17
"1302","2020-05-13",182,15,205,589,8607,0.400952712908098,2085,9432,832,2123,33,6275,12,2073,8,12
"1303","2020-05-14",179,15,189,562,8607,0.400952712908098,2085,9432,832,2123,30,6305,20,2093,5,20
"1304","2020-05-15",179,15,196,515,8607,0.400952712908098,2085,9432,832,2123,33,6338,50,2143,12,50
"1305","2020-05-16",185,15,205,494,8607,0.400952712908098,2085,9432,832,2123,18,6356,24,2167,4,24
"1306","2020-05-17",162,15,260,478,8607,0.400952712908098,2085,9432,832,2123,26,6382,23,2190,6,23
"1307","2020-05-18",159,15,287,466,8607,0.400952712908098,2085,9432,832,2123,35,6417,41,2231,8,41
"1308","2020-05-19",158,15,342,434,8607,0.400952712908098,2085,9432,832,2123,28,6445,21,2252,7,21
"1309","2020-05-20",153,15,322,416,8607,0.400952712908098,2085,9432,832,2123,37,6482,19,2271,9,19
"1310","2020-05-21",156,15,273,404,8607,0.400952712908098,2085,9432,832,2123,20,6502,52,2323,8,52
"1311","2020-05-22",162,15,268,377,8607,0.400952712908098,2085,9432,832,2123,28,6530,59,2382,4,59
"1312","2020-05-23",159,15,265,372,8607,0.400952712908098,2085,9432,832,2123,22,6552,47,2429,2,47
"1313","2020-05-24",138,15,227,358,8607,0.400952712908098,2085,9432,832,2123,18,6570,35,2464,3,35
"1314","2020-05-25",127,15,223,336,8607,0.400952712908098,2085,9432,832,2123,21,6591,30,2494,3,30
"1315","2020-05-26",129,15,243,317,8607,0.400952712908098,2085,9432,832,2123,19,6610,26,2520,5,26
"1316","2020-05-27",121,15,241,296,8607,0.400952712908098,2085,9432,832,2123,22,6632,27,2547,5,27
"1317","2020-05-28",105,15,252,283,8607,0.400952712908098,2085,9432,832,2123,17,6649,24,2571,3,24
"1318","2020-05-29",104,15,235,266,8607,0.400952712908098,2085,9432,832,2123,21,6670,22,2593,8,22
"1319","2020-05-30",99,15,224,271,8607,0.400952712908098,2085,9432,832,2123,14,6684,28,2621,3,28
"1320","2020-05-31",90,15,255,254,8607,0.400952712908098,2085,9432,832,2123,19,6703,39,2660,4,39
"1321","2020-06-01",85,15,257,237,8607,0.400952712908098,2085,9432,832,2123,13,6716,40,2700,1,40
"1322","2020-06-02",85,15,252,222,8607,0.400952712908098,2085,9432,832,2123,11,6727,40,2740,1,40
"1323","2020-06-03",84,15,295,213,8607,0.400952712908098,2085,9432,832,2123,9,6736,19,2759,3,19
"1324","2020-06-04",88,15,295,207,8607,0.400952712908098,2085,9432,832,2123,12,6748,24,2783,1,24
"1325","2020-06-05",87,15,267,198,8607,0.400952712908098,2085,9432,832,2123,10,6758,39,2822,2,39
"1326","2020-06-06",75,15,240,188,8607,0.400952712908098,2085,9432,832,2123,10,6768,20,2842,5,20
"1327","2020-06-07",72,15,246,184,8607,0.400952712908098,2085,9432,832,2123,14,6782,24,2866,3,24
"1328","2020-03-13",3,16,135,78,6878,0.751962779877872,2055,7350,699,1904,61,197,74,133,9,74
"1329","2020-03-14",10,16,176,110,6878,0.751962779877872,2055,7350,699,1904,98,295,70,203,31,70
"1330","2020-03-15",16,16,190,155,6878,0.751962779877872,2055,7350,699,1904,76,371,44,247,21,44
"1331","2020-03-16",16,16,194,198,6878,0.751962779877872,2055,7350,699,1904,80,451,37,284,26,37
"1332","2020-03-17",18,16,184,247,6878,0.751962779877872,2055,7350,699,1904,99,550,34,318,49,34
"1333","2020-03-18",27,16,177,313,6878,0.751962779877872,2055,7350,699,1904,97,647,59,377,57,59
"1334","2020-03-19",39,16,210,361,6878,0.751962779877872,2055,7350,699,1904,137,784,86,463,65,86
"1335","2020-03-20",69,16,250,434,6878,0.751962779877872,2055,7350,699,1904,123,907,46,509,71,46
"1336","2020-03-21",107,16,233,503,6878,0.751962779877872,2055,7350,699,1904,135,1042,48,557,74,48
"1337","2020-03-22",131,16,216,596,6878,0.751962779877872,2055,7350,699,1904,154,1196,45,602,93,45
"1338","2020-03-23",134,16,233,696,6878,0.751962779877872,2055,7350,699,1904,160,1356,37,639,111,37
"1339","2020-03-24",139,16,238,798,6878,0.751962779877872,2055,7350,699,1904,127,1483,41,680,73,41
"1340","2020-03-25",155,16,255,913,6878,0.751962779877872,2055,7350,699,1904,150,1633,46,726,88,46
"1341","2020-03-26",181,16,282,1014,6878,0.751962779877872,2055,7350,699,1904,161,1794,40,766,106,40
"1342","2020-03-27",280,16,276,1149,6878,0.751962779877872,2055,7350,699,1904,151,1945,41,807,91,41
"1343","2020-03-28",303,16,262,1270,6878,0.751962779877872,2055,7350,699,1904,157,2102,30,837,106,30
"1344","2020-03-29",352,16,243,1395,6878,0.751962779877872,2055,7350,699,1904,149,2251,33,870,96,33
"1345","2020-03-30",366,16,243,1485,6878,0.751962779877872,2055,7350,699,1904,180,2431,22,892,115,22
"1346","2020-03-31",383,16,276,1588,6878,0.751962779877872,2055,7350,699,1904,139,2570,31,923,92,31
"1347","2020-04-01",404,16,258,1681,6878,0.751962779877872,2055,7350,699,1904,152,2722,27,950,101,27
"1348","2020-04-02",431,16,245,1838,6878,0.751962779877872,2055,7350,699,1904,167,2889,26,976,123,26
"1349","2020-04-03",587,16,254,1899,6878,0.751962779877872,2055,7350,699,1904,156,3045,26,1002,107,26
"1350","2020-04-04",610,16,265,1984,6878,0.751962779877872,2055,7350,699,1904,140,3185,21,1023,86,21
"1351","2020-04-05",562,16,238,2076,6878,0.751962779877872,2055,7350,699,1904,117,3302,55,1078,75,55
"1352","2020-04-06",602,16,235,2139,6878,0.751962779877872,2055,7350,699,1904,153,3455,48,1126,102,48
"1353","2020-04-07",608,16,247,2163,6878,0.751962779877872,2055,7350,699,1904,178,3633,39,1165,123,39
"1354","2020-04-08",654,16,284,2236,6878,0.751962779877872,2055,7350,699,1904,153,3786,41,1206,101,41
"1355","2020-04-09",669,16,274,2245,6878,0.751962779877872,2055,7350,699,1904,164,3950,43,1249,132,43
"1356","2020-04-10",767,16,285,2237,6878,0.751962779877872,2055,7350,699,1904,136,4086,39,1288,110,39
"1357","2020-04-11",791,16,281,2206,6878,0.751962779877872,2055,7350,699,1904,121,4207,30,1318,68,30
"1358","2020-04-12",771,16,259,2159,6878,0.751962779877872,2055,7350,699,1904,122,4329,31,1349,82,31
"1359","2020-04-13",782,16,241,2111,6878,0.751962779877872,2055,7350,699,1904,107,4436,68,1417,60,68
"1360","2020-04-14",777,16,235,2076,6878,0.751962779877872,2055,7350,699,1904,103,4539,57,1474,65,57
"1361","2020-04-15",749,16,222,1995,6878,0.751962779877872,2055,7350,699,1904,104,4643,45,1519,57,45
"1362","2020-04-16",765,16,204,1903,6878,0.751962779877872,2055,7350,699,1904,92,4735,42,1561,50,42
"1363","2020-04-17",733,16,207,1797,6878,0.751962779877872,2055,7350,699,1904,94,4829,36,1597,63,36
"1364","2020-04-18",707,16,203,1686,6878,0.751962779877872,2055,7350,699,1904,72,4901,46,1643,46,46
"1365","2020-04-19",636,16,214,1579,6878,0.751962779877872,2055,7350,699,1904,96,4997,26,1669,53,26
"1366","2020-04-20",594,16,214,1466,6878,0.751962779877872,2055,7350,699,1904,85,5082,29,1698,46,29
"1367","2020-04-21",574,16,234,1349,6878,0.751962779877872,2055,7350,699,1904,60,5142,25,1723,31,25
"1368","2020-04-22",564,16,241,1260,6878,0.751962779877872,2055,7350,699,1904,75,5217,37,1760,39,37
"1369","2020-04-23",507,16,302,1199,6878,0.751962779877872,2055,7350,699,1904,62,5279,28,1788,30,28
"1370","2020-04-24",473,16,300,1121,6878,0.751962779877872,2055,7350,699,1904,72,5351,27,1815,29,27
"1371","2020-04-25",453,16,289,1019,6878,0.751962779877872,2055,7350,699,1904,61,5412,32,1847,38,32
"1372","2020-04-26",395,16,265,934,6878,0.751962779877872,2055,7350,699,1904,69,5481,42,1889,41,42
"1373","2020-04-27",378,16,250,849,6878,0.751962779877872,2055,7350,699,1904,65,5546,35,1924,34,35
"1374","2020-04-28",353,16,233,764,6878,0.751962779877872,2055,7350,699,1904,49,5595,35,1959,16,35
"1375","2020-04-29",330,16,239,704,6878,0.751962779877872,2055,7350,699,1904,42,5637,31,1990,17,31
"1376","2020-04-30",313,16,248,628,6878,0.751962779877872,2055,7350,699,1904,48,5685,30,2020,16,30
"1377","2020-05-01",258,16,249,573,6878,0.751962779877872,2055,7350,699,1904,30,5715,42,2062,13,42
"1378","2020-05-02",235,16,243,553,6878,0.751962779877872,2055,7350,699,1904,53,5768,42,2104,20,42
"1379","2020-05-03",205,16,241,508,6878,0.751962779877872,2055,7350,699,1904,54,5822,38,2142,20,38
"1380","2020-05-04",188,16,244,468,6878,0.751962779877872,2055,7350,699,1904,36,5858,28,2170,9,28
"1381","2020-05-05",181,16,236,434,6878,0.751962779877872,2055,7350,699,1904,49,5907,21,2191,17,21
"1382","2020-05-06",161,16,251,399,6878,0.751962779877872,2055,7350,699,1904,38,5945,22,2213,9,22
"1383","2020-05-07",154,16,227,365,6878,0.751962779877872,2055,7350,699,1904,32,5977,18,2231,5,18
"1384","2020-05-08",131,16,222,345,6878,0.751962779877872,2055,7350,699,1904,38,6015,33,2264,14,33
"1385","2020-05-09",131,16,228,337,6878,0.751962779877872,2055,7350,699,1904,36,6051,39,2303,13,39
"1386","2020-05-10",128,16,224,320,6878,0.751962779877872,2055,7350,699,1904,32,6083,42,2345,10,42
"1387","2020-05-11",121,16,210,298,6878,0.751962779877872,2055,7350,699,1904,36,6119,49,2394,13,49
"1388","2020-05-12",107,16,214,295,6878,0.751962779877872,2055,7350,699,1904,42,6161,35,2429,12,35
"1389","2020-05-13",104,16,229,272,6878,0.751962779877872,2055,7350,699,1904,27,6188,40,2469,8,40
"1390","2020-05-14",95,16,290,261,6878,0.751962779877872,2055,7350,699,1904,20,6208,38,2507,5,38
"1391","2020-05-15",83,16,306,237,6878,0.751962779877872,2055,7350,699,1904,18,6226,38,2545,5,38
"1392","2020-05-16",75,16,285,231,6878,0.751962779877872,2055,7350,699,1904,34,6260,30,2575,10,30
"1393","2020-05-17",74,16,269,217,6878,0.751962779877872,2055,7350,699,1904,26,6286,36,2611,9,36
"1394","2020-05-18",70,16,258,198,6878,0.751962779877872,2055,7350,699,1904,26,6312,40,2651,6,40
"1395","2020-05-19",72,16,258,197,6878,0.751962779877872,2055,7350,699,1904,17,6329,49,2700,5,49
"1396","2020-05-20",70,16,258,185,6878,0.751962779877872,2055,7350,699,1904,23,6352,31,2731,11,31
"1397","2020-05-21",67,16,304,173,6878,0.751962779877872,2055,7350,699,1904,19,6371,31,2762,7,31
"1398","2020-05-22",67,16,268,163,6878,0.751962779877872,2055,7350,699,1904,19,6390,34,2796,8,34
"1399","2020-05-23",66,16,255,150,6878,0.751962779877872,2055,7350,699,1904,17,6407,28,2824,2,28
"1400","2020-05-24",49,16,258,142,6878,0.751962779877872,2055,7350,699,1904,19,6426,32,2856,4,32
"1401","2020-05-25",42,16,272,137,6878,0.751962779877872,2055,7350,699,1904,20,6446,29,2885,4,29
"1402","2020-05-26",41,16,295,133,6878,0.751962779877872,2055,7350,699,1904,10,6456,39,2924,2,39
"1403","2020-05-27",42,16,328,136,6878,0.751962779877872,2055,7350,699,1904,12,6468,60,2984,4,60
"1404","2020-05-28",43,16,354,120,6878,0.751962779877872,2055,7350,699,1904,13,6481,46,3030,5,46
"1405","2020-05-29",44,16,346,120,6878,0.751962779877872,2055,7350,699,1904,9,6490,56,3086,NA,56
"1406","2020-05-30",42,16,326,121,6878,0.751962779877872,2055,7350,699,1904,10,6500,40,3126,2,40
"1407","2020-05-31",42,16,306,114,6878,0.751962779877872,2055,7350,699,1904,11,6511,29,3155,3,29
"1408","2020-06-01",42,16,282,110,6878,0.751962779877872,2055,7350,699,1904,11,6522,56,3211,3,56
"1409","2020-06-02",37,16,297,100,6878,0.751962779877872,2055,7350,699,1904,11,6533,37,3248,5,37
"1410","2020-06-03",33,16,301,96,6878,0.751962779877872,2055,7350,699,1904,13,6546,53,3301,2,53
"1411","2020-06-04",31,16,292,93,6878,0.751962779877872,2055,7350,699,1904,11,6557,50,3351,2,50
"1412","2020-06-05",35,16,277,89,6878,0.751962779877872,2055,7350,699,1904,12,6569,58,3409,3,58
"1413","2020-06-06",32,16,262,88,6878,0.751962779877872,2055,7350,699,1904,12,6581,47,3456,NA,47
"1414","2020-06-07",26,16,268,73,6878,0.751962779877872,2055,7350,699,1904,13,6594,53,3509,4,53
"1415","2020-03-12",1,17,67,101,7374,0.548548955790616,2040,7896,738,1447,22,39,15,35,11,15
"1416","2020-03-13",4,17,74,167,7374,0.548548955790616,2040,7896,738,1447,18,57,10,45,7,10
"1417","2020-03-14",17,17,92,221,7374,0.548548955790616,2040,7896,738,1447,32,89,41,86,24,41
"1418","2020-03-15",26,17,140,313,7374,0.548548955790616,2040,7896,738,1447,45,134,30,116,35,30
"1419","2020-03-16",29,17,182,399,7374,0.548548955790616,2040,7896,738,1447,46,180,54,170,36,54
"1420","2020-03-17",37,17,172,491,7374,0.548548955790616,2040,7896,738,1447,56,236,49,219,48,49
"1421","2020-03-18",52,17,217,577,7374,0.548548955790616,2040,7896,738,1447,77,313,33,252,61,33
"1422","2020-03-19",70,17,252,684,7374,0.548548955790616,2040,7896,738,1447,76,389,32,284,68,32
"1423","2020-03-20",115,17,260,783,7374,0.548548955790616,2040,7896,738,1447,94,483,47,331,78,47
"1424","2020-03-21",160,17,238,883,7374,0.548548955790616,2040,7896,738,1447,99,582,31,362,89,31
"1425","2020-03-22",224,17,207,983,7374,0.548548955790616,2040,7896,738,1447,122,704,23,385,117,23
"1426","2020-03-23",246,17,206,1070,7374,0.548548955790616,2040,7896,738,1447,140,844,12,397,124,12
"1427","2020-03-24",260,17,221,1163,7374,0.548548955790616,2040,7896,738,1447,124,968,11,408,117,11
"1428","2020-03-25",290,17,241,1261,7374,0.548548955790616,2040,7896,738,1447,152,1120,8,416,143,8
"1429","2020-03-26",319,17,222,1387,7374,0.548548955790616,2040,7896,738,1447,138,1258,13,429,128,13
"1430","2020-03-27",432,17,220,1427,7374,0.548548955790616,2040,7896,738,1447,201,1459,65,494,187,65
"1431","2020-03-28",501,17,237,1519,7374,0.548548955790616,2040,7896,738,1447,203,1662,24,518,191,24
"1432","2020-03-29",471,17,256,1594,7374,0.548548955790616,2040,7896,738,1447,171,1833,47,565,165,47
"1433","2020-03-30",467,17,242,1638,7374,0.548548955790616,2040,7896,738,1447,191,2024,29,594,185,29
"1434","2020-03-31",486,17,223,1685,7374,0.548548955790616,2040,7896,738,1447,229,2253,57,651,221,57
"1435","2020-04-01",495,17,184,1761,7374,0.548548955790616,2040,7896,738,1447,186,2439,39,690,180,39
"1436","2020-04-02",519,17,167,1799,7374,0.548548955790616,2040,7896,738,1447,218,2657,52,742,213,52
"1437","2020-04-03",637,17,187,1855,7374,0.548548955790616,2040,7896,738,1447,194,2851,32,774,186,32
"1438","2020-04-04",633,17,252,1843,7374,0.548548955790616,2040,7896,738,1447,217,3068,31,805,204,31
"1439","2020-04-05",584,17,305,1812,7374,0.548548955790616,2040,7896,738,1447,197,3265,58,863,195,58
"1440","2020-04-06",585,17,337,1802,7374,0.548548955790616,2040,7896,738,1447,185,3450,26,889,178,26
"1441","2020-04-07",594,17,365,1803,7374,0.548548955790616,2040,7896,738,1447,191,3641,26,915,188,26
"1442","2020-04-08",603,17,332,1781,7374,0.548548955790616,2040,7896,738,1447,177,3818,13,928,169,13
"1443","2020-04-09",595,17,294,1746,7374,0.548548955790616,2040,7896,738,1447,196,4014,13,941,187,13
"1444","2020-04-10",634,17,292,1731,7374,0.548548955790616,2040,7896,738,1447,167,4181,5,946,159,5
"1445","2020-04-11",610,17,279,1670,7374,0.548548955790616,2040,7896,738,1447,161,4342,10,956,153,10
"1446","2020-04-12",576,17,281,1640,7374,0.548548955790616,2040,7896,738,1447,153,4495,19,975,147,19
"1447","2020-04-13",570,17,238,1600,7374,0.548548955790616,2040,7896,738,1447,130,4625,49,1024,127,49
"1448","2020-04-14",551,17,213,1546,7374,0.548548955790616,2040,7896,738,1447,150,4775,22,1046,143,22
"1449","2020-04-15",550,17,215,1497,7374,0.548548955790616,2040,7896,738,1447,108,4883,27,1073,104,27
"1450","2020-04-16",531,17,208,1452,7374,0.548548955790616,2040,7896,738,1447,103,4986,44,1117,98,44
"1451","2020-04-17",498,17,196,1407,7374,0.548548955790616,2040,7896,738,1447,108,5094,17,1134,103,17
"1452","2020-04-18",497,17,199,1358,7374,0.548548955790616,2040,7896,738,1447,82,5176,13,1147,78,13
"1453","2020-04-19",449,17,195,1331,7374,0.548548955790616,2040,7896,738,1447,103,5279,23,1170,95,23
"1454","2020-04-20",436,17,181,1262,7374,0.548548955790616,2040,7896,738,1447,79,5358,50,1220,73,50
"1455","2020-04-21",420,17,171,1215,7374,0.548548955790616,2040,7896,738,1447,76,5434,35,1255,71,35
"1456","2020-04-22",396,17,186,1145,7374,0.548548955790616,2040,7896,738,1447,50,5484,65,1320,45,65
"1457","2020-04-23",383,17,239,1090,7374,0.548548955790616,2040,7896,738,1447,48,5532,37,1357,43,37
"1458","2020-04-24",361,17,289,1034,7374,0.548548955790616,2040,7896,738,1447,52,5584,13,1370,46,13
"1459","2020-04-25",364,17,304,983,7374,0.548548955790616,2040,7896,738,1447,30,5614,61,1431,28,61
"1460","2020-04-26",340,17,293,934,7374,0.548548955790616,2040,7896,738,1447,53,5667,45,1476,47,45
"1461","2020-04-27",321,17,265,880,7374,0.548548955790616,2040,7896,738,1447,56,5723,29,1505,50,29
"1462","2020-04-28",313,17,277,834,7374,0.548548955790616,2040,7896,738,1447,47,5770,14,1519,39,14
"1463","2020-04-29",305,17,262,796,7374,0.548548955790616,2040,7896,738,1447,33,5803,15,1534,30,15
"1464","2020-04-30",301,17,230,759,7374,0.548548955790616,2040,7896,738,1447,50,5853,14,1548,38,14
"1465","2020-05-01",282,17,216,723,7374,0.548548955790616,2040,7896,738,1447,27,5880,9,1557,23,9
"1466","2020-05-02",281,17,233,688,7374,0.548548955790616,2040,7896,738,1447,38,5918,15,1572,32,15
"1467","2020-05-03",264,17,219,673,7374,0.548548955790616,2040,7896,738,1447,23,5941,53,1625,17,53
"1468","2020-05-04",248,17,208,646,7374,0.548548955790616,2040,7896,738,1447,22,5963,38,1663,16,38
"1469","2020-05-05",235,17,202,632,7374,0.548548955790616,2040,7896,738,1447,29,5992,20,1683,25,20
"1470","2020-05-06",237,17,189,600,7374,0.548548955790616,2040,7896,738,1447,24,6016,43,1726,14,43
"1471","2020-05-07",231,17,201,574,7374,0.548548955790616,2040,7896,738,1447,21,6037,28,1754,14,28
"1472","2020-05-08",220,17,173,547,7374,0.548548955790616,2040,7896,738,1447,22,6059,21,1775,18,21
"1473","2020-05-09",198,17,206,525,7374,0.548548955790616,2040,7896,738,1447,18,6077,21,1796,14,21
"1474","2020-05-10",190,17,205,503,7374,0.548548955790616,2040,7896,738,1447,16,6093,39,1835,13,39
"1475","2020-05-11",176,17,190,475,7374,0.548548955790616,2040,7896,738,1447,19,6112,34,1869,12,34
"1476","2020-05-12",160,17,176,453,7374,0.548548955790616,2040,7896,738,1447,16,6128,15,1884,11,15
"1477","2020-05-13",142,17,167,433,7374,0.548548955790616,2040,7896,738,1447,15,6143,17,1901,11,17
"1478","2020-05-14",137,17,154,428,7374,0.548548955790616,2040,7896,738,1447,15,6158,12,1913,11,12
"1479","2020-05-15",137,17,158,420,7374,0.548548955790616,2040,7896,738,1447,19,6177,3,1916,17,3
"1480","2020-05-16",135,17,168,385,7374,0.548548955790616,2040,7896,738,1447,17,6194,11,1927,16,11
"1481","2020-05-17",131,17,208,363,7374,0.548548955790616,2040,7896,738,1447,12,6206,16,1943,10,16
"1482","2020-05-18",135,17,237,354,7374,0.548548955790616,2040,7896,738,1447,13,6219,50,1993,11,50
"1483","2020-05-19",129,17,277,332,7374,0.548548955790616,2040,7896,738,1447,13,6232,51,2044,9,51
"1484","2020-05-20",123,17,273,320,7374,0.548548955790616,2040,7896,738,1447,23,6255,46,2090,18,46
"1485","2020-05-21",116,17,258,288,7374,0.548548955790616,2040,7896,738,1447,5,6260,28,2118,3,28
"1486","2020-05-22",111,17,250,264,7374,0.548548955790616,2040,7896,738,1447,16,6276,14,2132,13,14
"1487","2020-05-23",107,17,234,247,7374,0.548548955790616,2040,7896,738,1447,8,6284,50,2182,7,50
"1488","2020-05-24",87,17,231,241,7374,0.548548955790616,2040,7896,738,1447,11,6295,31,2213,9,31
"1489","2020-05-25",73,17,207,231,7374,0.548548955790616,2040,7896,738,1447,6,6301,47,2260,5,47
"1490","2020-05-26",69,17,195,225,7374,0.548548955790616,2040,7896,738,1447,9,6310,31,2291,5,31
"1491","2020-05-27",71,17,175,209,7374,0.548548955790616,2040,7896,738,1447,12,6322,34,2325,7,34
"1492","2020-05-28",69,17,177,199,7374,0.548548955790616,2040,7896,738,1447,9,6331,26,2351,7,26
"1493","2020-05-29",58,17,161,191,7374,0.548548955790616,2040,7896,738,1447,9,6340,25,2376,8,25
"1494","2020-05-30",59,17,225,191,7374,0.548548955790616,2040,7896,738,1447,8,6348,24,2400,8,24
"1495","2020-05-31",65,17,237,179,7374,0.548548955790616,2040,7896,738,1447,8,6356,15,2415,6,15
"1496","2020-06-01",61,17,223,170,7374,0.548548955790616,2040,7896,738,1447,7,6363,57,2472,5,57
"1497","2020-06-02",58,17,202,155,7374,0.548548955790616,2040,7896,738,1447,4,6367,34,2506,3,34
"1498","2020-06-03",55,17,178,154,7374,0.548548955790616,2040,7896,738,1447,12,6379,13,2519,5,13
"1499","2020-06-04",54,17,161,147,7374,0.548548955790616,2040,7896,738,1447,11,6390,14,2533,8,14
"1500","2020-06-05",55,17,150,138,7374,0.548548955790616,2040,7896,738,1447,7,6397,19,2552,4,19
"1501","2020-06-06",53,17,143,132,7374,0.548548955790616,2040,7896,738,1447,6,6403,31,2583,5,31
"1502","2020-06-07",49,17,144,129,7374,0.548548955790616,2040,7896,738,1447,9,6412,54,2637,5,54
"1503","2020-03-13",1,18,161,85,6596,0.724530018192844,2175,8373,792,2597,26,62,38,126,7,38
"1504","2020-03-14",4,18,159,127,6596,0.724530018192844,2175,8373,792,2597,30,92,45,171,16,45
"1505","2020-03-15",15,18,152,176,6596,0.724530018192844,2175,8373,792,2597,23,115,62,233,11,62
"1506","2020-03-16",19,18,208,223,6596,0.724530018192844,2175,8373,792,2597,40,155,41,274,26,41
"1507","2020-03-17",21,18,278,262,6596,0.724530018192844,2175,8373,792,2597,32,187,39,313,21,39
"1508","2020-03-18",32,18,310,315,6596,0.724530018192844,2175,8373,792,2597,37,224,43,356,26,43
"1509","2020-03-19",44,18,273,398,6596,0.724530018192844,2175,8373,792,2597,59,283,34,390,48,34
"1510","2020-03-20",72,18,256,462,6596,0.724530018192844,2175,8373,792,2597,55,338,19,409,41,19
"1511","2020-03-21",95,18,237,529,6596,0.724530018192844,2175,8373,792,2597,75,413,20,429,62,20
"1512","2020-03-22",138,18,198,614,6596,0.724530018192844,2175,8373,792,2597,65,478,18,447,57,18
"1513","2020-03-23",154,18,170,676,6596,0.724530018192844,2175,8373,792,2597,80,558,45,492,68,45
"1514","2020-03-24",165,18,158,771,6596,0.724530018192844,2175,8373,792,2597,101,659,39,531,84,39
"1515","2020-03-25",187,18,189,843,6596,0.724530018192844,2175,8373,792,2597,92,751,24,555,82,24
"1516","2020-03-26",211,18,190,920,6596,0.724530018192844,2175,8373,792,2597,99,850,32,587,86,32
"1517","2020-03-27",308,18,179,980,6596,0.724530018192844,2175,8373,792,2597,131,981,45,632,111,45
"1518","2020-03-28",337,18,225,1042,6596,0.724530018192844,2175,8373,792,2597,105,1086,28,660,99,28
"1519","2020-03-29",341,18,227,1100,6596,0.724530018192844,2175,8373,792,2597,153,1239,10,670,137,10
"1520","2020-03-30",344,18,199,1178,6596,0.724530018192844,2175,8373,792,2597,154,1393,13,683,130,13
"1521","2020-03-31",338,18,202,1246,6596,0.724530018192844,2175,8373,792,2597,167,1560,15,698,158,15
"1522","2020-04-01",351,18,173,1320,6596,0.724530018192844,2175,8373,792,2597,152,1712,10,708,140,10
"1523","2020-04-02",360,18,168,1383,6596,0.724530018192844,2175,8373,792,2597,169,1881,9,717,155,9
"1524","2020-04-03",458,18,182,1472,6596,0.724530018192844,2175,8373,792,2597,195,2076,26,743,183,26
"1525","2020-04-04",514,18,162,1539,6596,0.724530018192844,2175,8373,792,2597,171,2247,17,760,155,17
"1526","2020-04-05",459,18,164,1605,6596,0.724530018192844,2175,8373,792,2597,180,2427,19,779,166,19
"1527","2020-04-06",461,18,169,1684,6596,0.724530018192844,2175,8373,792,2597,171,2598,12,791,162,12
"1528","2020-04-07",473,18,175,1743,6596,0.724530018192844,2175,8373,792,2597,183,2781,23,814,176,23
"1529","2020-04-08",495,18,190,1743,6596,0.724530018192844,2175,8373,792,2597,215,2996,40,854,202,40
"1530","2020-04-09",509,18,195,1788,6596,0.724530018192844,2175,8373,792,2597,197,3193,27,881,183,27
"1531","2020-04-10",588,18,193,1754,6596,0.724530018192844,2175,8373,792,2597,199,3392,15,896,188,15
"1532","2020-04-11",563,18,238,1775,6596,0.724530018192844,2175,8373,792,2597,170,3562,16,912,157,16
"1533","2020-04-12",603,18,238,1769,6596,0.724530018192844,2175,8373,792,2597,183,3745,17,929,169,17
"1534","2020-04-13",613,18,232,1759,6596,0.724530018192844,2175,8373,792,2597,177,3922,46,975,166,46
"1535","2020-04-14",612,18,234,1759,6596,0.724530018192844,2175,8373,792,2597,156,4078,33,1008,147,33
"1536","2020-04-15",584,18,261,1721,6596,0.724530018192844,2175,8373,792,2597,163,4241,30,1038,151,30
"1537","2020-04-16",575,18,250,1683,6596,0.724530018192844,2175,8373,792,2597,143,4384,36,1074,131,36
"1538","2020-04-17",635,18,236,1632,6596,0.724530018192844,2175,8373,792,2597,138,4522,23,1097,126,23
"1539","2020-04-18",627,18,199,1595,6596,0.724530018192844,2175,8373,792,2597,129,4651,19,1116,120,19
"1540","2020-04-19",532,18,206,1568,6596,0.724530018192844,2175,8373,792,2597,130,4781,21,1137,121,21
"1541","2020-04-20",532,18,240,1502,6596,0.724530018192844,2175,8373,792,2597,131,4912,26,1163,123,26
"1542","2020-04-21",531,18,246,1460,6596,0.724530018192844,2175,8373,792,2597,111,5023,21,1184,108,21
"1543","2020-04-22",528,18,274,1367,6596,0.724530018192844,2175,8373,792,2597,105,5128,20,1204,93,20
"1544","2020-04-23",528,18,281,1279,6596,0.724530018192844,2175,8373,792,2597,113,5241,15,1219,105,15
"1545","2020-04-24",474,18,251,1225,6596,0.724530018192844,2175,8373,792,2597,86,5327,8,1227,75,8
"1546","2020-04-25",466,18,265,1166,6596,0.724530018192844,2175,8373,792,2597,77,5404,30,1257,69,30
"1547","2020-04-26",445,18,231,1076,6596,0.724530018192844,2175,8373,792,2597,67,5471,63,1320,59,63
"1548","2020-04-27",427,18,243,1010,6596,0.724530018192844,2175,8373,792,2597,66,5537,51,1371,56,51
"1549","2020-04-28",396,18,228,946,6596,0.724530018192844,2175,8373,792,2597,60,5597,35,1406,56,35
"1550","2020-04-29",388,18,205,881,6596,0.724530018192844,2175,8373,792,2597,40,5637,22,1428,34,22
"1551","2020-04-30",369,18,185,819,6596,0.724530018192844,2175,8373,792,2597,73,5710,19,1447,62,19
"1552","2020-05-01",330,18,203,773,6596,0.724530018192844,2175,8373,792,2597,53,5763,36,1483,49,36
"1553","2020-05-02",314,18,212,701,6596,0.724530018192844,2175,8373,792,2597,39,5802,16,1499,32,16
"1554","2020-05-03",269,18,189,663,6596,0.724530018192844,2175,8373,792,2597,32,5834,21,1520,26,21
"1555","2020-05-04",249,18,188,613,6596,0.724530018192844,2175,8373,792,2597,36,5870,11,1531,31,11
"1556","2020-05-05",236,18,198,576,6596,0.724530018192844,2175,8373,792,2597,21,5891,38,1569,20,38
"1557","2020-05-06",231,18,217,549,6596,0.724530018192844,2175,8373,792,2597,25,5916,47,1616,17,47
"1558","2020-05-07",219,18,219,532,6596,0.724530018192844,2175,8373,792,2597,32,5948,37,1653,24,37
"1559","2020-05-08",193,18,220,518,6596,0.724530018192844,2175,8373,792,2597,20,5968,22,1675,17,22
"1560","2020-05-09",189,18,214,494,6596,0.724530018192844,2175,8373,792,2597,23,5991,9,1684,15,9
"1561","2020-05-10",175,18,248,469,6596,0.724530018192844,2175,8373,792,2597,13,6004,9,1693,7,9
"1562","2020-05-11",165,18,264,451,6596,0.724530018192844,2175,8373,792,2597,27,6031,23,1716,13,23
"1563","2020-05-12",152,18,258,409,6596,0.724530018192844,2175,8373,792,2597,17,6048,19,1735,15,19
"1564","2020-05-13",148,18,234,377,6596,0.724530018192844,2175,8373,792,2597,12,6060,39,1774,6,39
"1565","2020-05-14",135,18,242,375,6596,0.724530018192844,2175,8373,792,2597,15,6075,27,1801,11,27
"1566","2020-05-15",126,18,237,330,6596,0.724530018192844,2175,8373,792,2597,10,6085,43,1844,7,43
"1567","2020-05-16",116,18,228,303,6596,0.724530018192844,2175,8373,792,2597,8,6093,31,1875,5,31
"1568","2020-05-17",112,18,209,294,6596,0.724530018192844,2175,8373,792,2597,11,6104,19,1894,8,19
"1569","2020-05-18",104,18,201,280,6596,0.724530018192844,2175,8373,792,2597,6,6110,31,1925,3,31
"1570","2020-05-19",100,18,205,266,6596,0.724530018192844,2175,8373,792,2597,16,6126,22,1947,10,22
"1571","2020-05-20",94,18,202,249,6596,0.724530018192844,2175,8373,792,2597,9,6135,14,1961,4,14
"1572","2020-05-21",93,18,187,240,6596,0.724530018192844,2175,8373,792,2597,10,6145,12,1973,5,12
"1573","2020-05-22",88,18,180,225,6596,0.724530018192844,2175,8373,792,2597,6,6151,13,1986,5,13
"1574","2020-05-23",84,18,154,205,6596,0.724530018192844,2175,8373,792,2597,5,6156,11,1997,1,11
"1575","2020-05-24",78,18,161,195,6596,0.724530018192844,2175,8373,792,2597,11,6167,37,2034,6,37
"1576","2020-05-25",74,18,164,187,6596,0.724530018192844,2175,8373,792,2597,5,6172,26,2060,2,26
"1577","2020-05-26",67,18,209,177,6596,0.724530018192844,2175,8373,792,2597,7,6179,12,2072,3,12
"1578","2020-05-27",58,18,251,162,6596,0.724530018192844,2175,8373,792,2597,14,6193,19,2091,7,19
"1579","2020-05-28",59,18,270,156,6596,0.724530018192844,2175,8373,792,2597,8,6201,41,2132,4,41
"1580","2020-05-29",55,18,248,148,6596,0.724530018192844,2175,8373,792,2597,7,6208,13,2145,5,13
"1581","2020-05-30",62,18,238,145,6596,0.724530018192844,2175,8373,792,2597,2,6210,13,2158,1,13
"1582","2020-05-31",55,18,224,132,6596,0.724530018192844,2175,8373,792,2597,3,6213,5,2163,1,5
"1583","2020-06-01",51,18,215,128,6596,0.724530018192844,2175,8373,792,2597,6,6219,24,2187,2,24
"1584","2020-06-02",45,18,205,116,6596,0.724530018192844,2175,8373,792,2597,7,6226,36,2223,6,36
"1585","2020-06-03",46,18,223,116,6596,0.724530018192844,2175,8373,792,2597,8,6234,16,2239,4,16
"1586","2020-06-04",44,18,258,119,6596,0.724530018192844,2175,8373,792,2597,6,6240,26,2265,4,26
"1587","2020-06-05",43,18,257,114,6596,0.724530018192844,2175,8373,792,2597,6,6246,18,2283,1,18
"1588","2020-06-06",38,18,260,117,6596,0.724530018192844,2175,8373,792,2597,3,6249,6,2289,1,6
"1589","2020-06-07",34,18,222,112,6596,0.724530018192844,2175,8373,792,2597,2,6251,7,2296,1,7
"1590","2020-03-12",1,19,76,87,6639,0.413014008133755,2055,8277,802,994,57,120,13,36,6,13
"1591","2020-03-13",5,19,90,155,6639,0.413014008133755,2055,8277,802,994,71,191,6,42,15,6
"1592","2020-03-14",16,19,110,216,6639,0.413014008133755,2055,8277,802,994,95,286,7,49,34,7
"1593","2020-03-15",28,19,143,287,6639,0.413014008133755,2055,8277,802,994,103,389,5,54,45,5
"1594","2020-03-16",33,19,169,341,6639,0.413014008133755,2055,8277,802,994,99,488,12,66,41,12
"1595","2020-03-17",45,19,169,417,6639,0.413014008133755,2055,8277,802,994,130,618,35,101,69,35
"1596","2020-03-18",64,19,158,504,6639,0.413014008133755,2055,8277,802,994,150,768,19,120,96,19
"1597","2020-03-19",86,19,147,582,6639,0.413014008133755,2055,8277,802,994,168,936,13,133,114,13
"1598","2020-03-20",114,19,173,633,6639,0.413014008133755,2055,8277,802,994,158,1094,59,192,121,59
"1599","2020-03-21",153,19,171,712,6639,0.413014008133755,2055,8277,802,994,191,1285,26,218,140,26
"1600","2020-03-22",204,19,167,785,6639,0.413014008133755,2055,8277,802,994,155,1440,22,240,109,22
"1601","2020-03-23",219,19,150,830,6639,0.413014008133755,2055,8277,802,994,182,1622,29,269,133,29
"1602","2020-03-24",225,19,149,900,6639,0.413014008133755,2055,8277,802,994,212,1834,40,309,161,40
"1603","2020-03-25",254,19,180,967,6639,0.413014008133755,2055,8277,802,994,175,2009,31,340,137,31
"1604","2020-03-26",268,19,192,1002,6639,0.413014008133755,2055,8277,802,994,203,2212,58,398,156,58
"1605","2020-03-27",341,19,191,1048,6639,0.413014008133755,2055,8277,802,994,262,2474,31,429,214,31
"1606","2020-03-28",391,19,224,1079,6639,0.413014008133755,2055,8277,802,994,201,2675,56,485,168,56
"1607","2020-03-29",356,19,249,1111,6639,0.413014008133755,2055,8277,802,994,193,2868,27,512,152,27
"1608","2020-03-30",355,19,265,1135,6639,0.413014008133755,2055,8277,802,994,217,3085,35,547,177,35
"1609","2020-03-31",358,19,279,1159,6639,0.413014008133755,2055,8277,802,994,182,3267,38,585,130,38
"1610","2020-04-01",345,19,258,1183,6639,0.413014008133755,2055,8277,802,994,208,3475,22,607,163,22
"1611","2020-04-02",352,19,264,1201,6639,0.413014008133755,2055,8277,802,994,196,3671,39,646,149,39
"1612","2020-04-03",405,19,271,1205,6639,0.413014008133755,2055,8277,802,994,193,3864,47,693,156,47
"1613","2020-04-04",380,19,252,1210,6639,0.413014008133755,2055,8277,802,994,185,4049,30,723,149,30
"1614","2020-04-05",391,19,272,1213,6639,0.413014008133755,2055,8277,802,994,183,4232,24,747,145,24
"1615","2020-04-06",401,19,258,1212,6639,0.413014008133755,2055,8277,802,994,172,4404,13,760,148,13
"1616","2020-04-07",389,19,222,1231,6639,0.413014008133755,2055,8277,802,994,162,4566,73,833,131,73
"1617","2020-04-08",401,19,252,1240,6639,0.413014008133755,2055,8277,802,994,126,4692,39,872,91,39
"1618","2020-04-09",400,19,255,1244,6639,0.413014008133755,2055,8277,802,994,157,4849,23,895,119,23
"1619","2020-04-10",471,19,235,1240,6639,0.413014008133755,2055,8277,802,994,125,4974,12,907,94,12
"1620","2020-04-11",468,19,239,1262,6639,0.413014008133755,2055,8277,802,994,107,5081,15,922,79,15
"1621","2020-04-12",444,19,251,1249,6639,0.413014008133755,2055,8277,802,994,109,5190,21,943,86,21
"1622","2020-04-13",440,19,272,1234,6639,0.413014008133755,2055,8277,802,994,91,5281,27,970,64,27
"1623","2020-04-14",440,19,295,1201,6639,0.413014008133755,2055,8277,802,994,96,5377,15,985,72,15
"1624","2020-04-15",437,19,329,1181,6639,0.413014008133755,2055,8277,802,994,96,5473,12,997,73,12
"1625","2020-04-16",437,19,316,1158,6639,0.413014008133755,2055,8277,802,994,69,5542,84,1081,42,84
"1626","2020-04-17",441,19,288,1175,6639,0.413014008133755,2055,8277,802,994,91,5633,49,1130,67,49
"1627","2020-04-18",457,19,250,1151,6639,0.413014008133755,2055,8277,802,994,82,5715,26,1156,51,26
"1628","2020-04-19",392,19,227,1123,6639,0.413014008133755,2055,8277,802,994,56,5771,62,1218,29,62
"1629","2020-04-20",377,19,200,1114,6639,0.413014008133755,2055,8277,802,994,66,5837,65,1283,44,65
"1630","2020-04-21",365,19,190,1102,6639,0.413014008133755,2055,8277,802,994,54,5891,63,1346,30,63
"1631","2020-04-22",349,19,230,1067,6639,0.413014008133755,2055,8277,802,994,52,5943,36,1382,29,36
"1632","2020-04-23",342,19,230,1042,6639,0.413014008133755,2055,8277,802,994,63,6006,23,1405,35,23
"1633","2020-04-24",324,19,224,1027,6639,0.413014008133755,2055,8277,802,994,50,6056,35,1440,26,35
"1634","2020-04-25",318,19,210,1020,6639,0.413014008133755,2055,8277,802,994,51,6107,33,1473,36,33
"1635","2020-04-26",330,19,196,980,6639,0.413014008133755,2055,8277,802,994,42,6149,18,1491,25,18
"1636","2020-04-27",330,19,226,955,6639,0.413014008133755,2055,8277,802,994,41,6190,62,1553,18,62
"1637","2020-04-28",323,19,247,931,6639,0.413014008133755,2055,8277,802,994,38,6228,23,1576,9,23
"1638","2020-04-29",330,19,250,905,6639,0.413014008133755,2055,8277,802,994,41,6269,22,1598,21,22
"1639","2020-04-30",319,19,258,882,6639,0.413014008133755,2055,8277,802,994,37,6306,28,1626,17,28
"1640","2020-05-01",316,19,264,871,6639,0.413014008133755,2055,8277,802,994,32,6338,11,1637,18,11
"1641","2020-05-02",304,19,256,853,6639,0.413014008133755,2055,8277,802,994,39,6377,27,1664,15,27
"1642","2020-05-03",294,19,250,826,6639,0.413014008133755,2055,8277,802,994,47,6424,11,1675,16,11
"1643","2020-05-04",279,19,252,817,6639,0.413014008133755,2055,8277,802,994,30,6454,21,1696,13,21
"1644","2020-05-05",263,19,228,781,6639,0.413014008133755,2055,8277,802,994,36,6490,43,1739,17,43
"1645","2020-05-06",250,19,223,759,6639,0.413014008133755,2055,8277,802,994,33,6523,23,1762,16,23
"1646","2020-05-07",259,19,201,737,6639,0.413014008133755,2055,8277,802,994,29,6552,19,1781,10,19
"1647","2020-05-08",258,19,202,713,6639,0.413014008133755,2055,8277,802,994,23,6575,53,1834,14,53
"1648","2020-05-09",240,19,209,689,6639,0.413014008133755,2055,8277,802,994,21,6596,34,1868,8,34
"1649","2020-05-10",218,19,249,665,6639,0.413014008133755,2055,8277,802,994,24,6620,18,1886,12,18
"1650","2020-05-11",213,19,252,641,6639,0.413014008133755,2055,8277,802,994,29,6649,15,1901,9,15
"1651","2020-05-12",219,19,253,624,6639,0.413014008133755,2055,8277,802,994,20,6669,11,1912,5,11
"1652","2020-05-13",232,19,271,588,6639,0.413014008133755,2055,8277,802,994,14,6683,11,1923,6,11
"1653","2020-05-14",221,19,246,571,6639,0.413014008133755,2055,8277,802,994,14,6697,57,1980,4,57
"1654","2020-05-15",214,19,218,558,6639,0.413014008133755,2055,8277,802,994,28,6725,48,2028,8,48
"1655","2020-05-16",212,19,215,536,6639,0.413014008133755,2055,8277,802,994,19,6744,24,2052,10,24
"1656","2020-05-17",186,19,191,531,6639,0.413014008133755,2055,8277,802,994,22,6766,11,2063,8,11
"1657","2020-05-18",185,19,193,509,6639,0.413014008133755,2055,8277,802,994,13,6779,14,2077,1,14
"1658","2020-05-19",174,19,230,487,6639,0.413014008133755,2055,8277,802,994,14,6793,29,2106,3,29
"1659","2020-05-20",155,19,247,467,6639,0.413014008133755,2055,8277,802,994,22,6815,37,2143,4,37
"1660","2020-05-21",148,19,243,445,6639,0.413014008133755,2055,8277,802,994,15,6830,13,2156,4,13
"1661","2020-05-22",136,19,215,419,6639,0.413014008133755,2055,8277,802,994,12,6842,9,2165,6,9
"1662","2020-05-23",140,19,197,394,6639,0.413014008133755,2055,8277,802,994,10,6852,11,2176,4,11
"1663","2020-05-24",141,19,180,373,6639,0.413014008133755,2055,8277,802,994,10,6862,46,2222,5,46
"1664","2020-05-25",128,19,180,346,6639,0.413014008133755,2055,8277,802,994,10,6872,19,2241,2,19
"1665","2020-05-26",117,19,217,330,6639,0.413014008133755,2055,8277,802,994,9,6881,26,2267,4,26
"1666","2020-05-27",116,19,209,319,6639,0.413014008133755,2055,8277,802,994,11,6892,26,2293,4,26
"1667","2020-05-28",109,19,204,302,6639,0.413014008133755,2055,8277,802,994,11,6903,38,2331,1,38
"1668","2020-05-29",109,19,230,293,6639,0.413014008133755,2055,8277,802,994,11,6914,54,2385,1,54
"1669","2020-05-30",104,19,239,272,6639,0.413014008133755,2055,8277,802,994,10,6924,49,2434,NA,49
"1670","2020-05-31",97,19,245,268,6639,0.413014008133755,2055,8277,802,994,8,6932,24,2458,2,24
"1671","2020-06-01",97,19,224,253,6639,0.413014008133755,2055,8277,802,994,8,6940,23,2481,1,23
"1672","2020-06-02",90,19,212,250,6639,0.413014008133755,2055,8277,802,994,8,6948,14,2495,3,14
"1673","2020-06-03",84,19,208,245,6639,0.413014008133755,2055,8277,802,994,3,6951,12,2507,1,12
"1674","2020-06-04",91,19,181,238,6639,0.413014008133755,2055,8277,802,994,8,6959,14,2521,3,14
"1675","2020-06-05",85,19,178,229,6639,0.413014008133755,2055,8277,802,994,8,6967,16,2537,2,16
"1676","2020-06-06",81,19,171,222,6639,0.413014008133755,2055,8277,802,994,5,6972,11,2548,4,11
"1677","2020-06-07",79,19,135,202,6639,0.413014008133755,2055,8277,802,994,7,6979,14,2562,3,14
"1678","2020-03-14",1,20,199,80,6185,0.869846402586904,1995,7352,751,1710,25,87,35,113,15,35
"1679","2020-03-15",6,20,219,111,6185,0.869846402586904,1995,7352,751,1710,44,131,22,135,16,22
"1680","2020-03-16",7,20,259,151,6185,0.869846402586904,1995,7352,751,1710,39,170,23,158,17,23
"1681","2020-03-17",6,20,309,197,6185,0.869846402586904,1995,7352,751,1710,60,230,32,190,41,32
"1682","2020-03-18",15,20,319,261,6185,0.869846402586904,1995,7352,751,1710,60,290,13,203,43,13
"1683","2020-03-19",24,20,280,327,6185,0.869846402586904,1995,7352,751,1710,67,357,23,226,43,23
"1684","2020-03-20",45,20,241,381,6185,0.869846402586904,1995,7352,751,1710,74,431,46,272,52,46
"1685","2020-03-21",84,20,212,460,6185,0.869846402586904,1995,7352,751,1710,81,512,31,303,66,31
"1686","2020-03-22",105,20,222,553,6185,0.869846402586904,1995,7352,751,1710,112,624,23,326,91,23
"1687","2020-03-23",117,20,200,651,6185,0.869846402586904,1995,7352,751,1710,112,736,23,349,93,23
"1688","2020-03-24",133,20,202,739,6185,0.869846402586904,1995,7352,751,1710,121,857,60,409,91,60
"1689","2020-03-25",152,20,211,812,6185,0.869846402586904,1995,7352,751,1710,140,997,43,452,120,43
"1690","2020-03-26",173,20,219,934,6185,0.869846402586904,1995,7352,751,1710,116,1113,50,502,96,50
"1691","2020-03-27",235,20,228,1028,6185,0.869846402586904,1995,7352,751,1710,140,1253,57,559,118,57
"1692","2020-03-28",256,20,224,1135,6185,0.869846402586904,1995,7352,751,1710,165,1418,37,596,145,37
"1693","2020-03-29",323,20,188,1240,6185,0.869846402586904,1995,7352,751,1710,162,1580,49,645,149,49
"1694","2020-03-30",343,20,174,1326,6185,0.869846402586904,1995,7352,751,1710,162,1742,49,694,140,49
"1695","2020-03-31",351,20,157,1458,6185,0.869846402586904,1995,7352,751,1710,134,1876,40,734,122,40
"1696","2020-04-01",387,20,164,1546,6185,0.869846402586904,1995,7352,751,1710,179,2055,46,780,159,46
"1697","2020-04-02",409,20,182,1636,6185,0.869846402586904,1995,7352,751,1710,194,2249,65,845,172,65
"1698","2020-04-03",566,20,184,1684,6185,0.869846402586904,1995,7352,751,1710,144,2393,63,908,128,63
"1699","2020-04-04",590,20,171,1732,6185,0.869846402586904,1995,7352,751,1710,170,2563,33,941,151,33
"1700","2020-04-05",562,20,183,1781,6185,0.869846402586904,1995,7352,751,1710,188,2751,28,969,166,28
"1701","2020-04-06",584,20,167,1824,6185,0.869846402586904,1995,7352,751,1710,167,2918,31,1000,148,31
"1702","2020-04-07",598,20,161,1862,6185,0.869846402586904,1995,7352,751,1710,178,3096,41,1041,157,41
"1703","2020-04-08",586,20,168,1845,6185,0.869846402586904,1995,7352,751,1710,167,3263,34,1075,150,34
"1704","2020-04-09",609,20,207,1859,6185,0.869846402586904,1995,7352,751,1710,175,3438,38,1113,150,38
"1705","2020-04-10",675,20,261,1851,6185,0.869846402586904,1995,7352,751,1710,164,3602,39,1152,149,39
"1706","2020-04-11",679,20,274,1823,6185,0.869846402586904,1995,7352,751,1710,143,3745,59,1211,124,59
"1707","2020-04-12",602,20,239,1836,6185,0.869846402586904,1995,7352,751,1710,126,3871,69,1280,106,69
"1708","2020-04-13",602,20,183,1786,6185,0.869846402586904,1995,7352,751,1710,141,4012,56,1336,123,56
"1709","2020-04-14",603,20,233,1707,6185,0.869846402586904,1995,7352,751,1710,144,4156,24,1360,127,24
"1710","2020-04-15",598,20,229,1642,6185,0.869846402586904,1995,7352,751,1710,160,4316,30,1390,145,30
"1711","2020-04-16",575,20,210,1605,6185,0.869846402586904,1995,7352,751,1710,129,4445,55,1445,115,55
"1712","2020-04-17",553,20,226,1555,6185,0.869846402586904,1995,7352,751,1710,115,4560,53,1498,105,53
"1713","2020-04-18",565,20,234,1473,6185,0.869846402586904,1995,7352,751,1710,92,4652,53,1551,77,53
"1714","2020-04-19",545,20,233,1384,6185,0.869846402586904,1995,7352,751,1710,94,4746,39,1590,80,39
"1715","2020-04-20",513,20,218,1317,6185,0.869846402586904,1995,7352,751,1710,84,4830,34,1624,74,34
"1716","2020-04-21",486,20,201,1237,6185,0.869846402586904,1995,7352,751,1710,68,4898,22,1646,57,22
"1717","2020-04-22",493,20,207,1151,6185,0.869846402586904,1995,7352,751,1710,79,4977,33,1679,63,33
"1718","2020-04-23",487,20,195,1088,6185,0.869846402586904,1995,7352,751,1710,58,5035,28,1707,43,28
"1719","2020-04-24",436,20,180,983,6185,0.869846402586904,1995,7352,751,1710,60,5095,39,1746,51,39
"1720","2020-04-25",407,20,178,910,6185,0.869846402586904,1995,7352,751,1710,51,5146,27,1773,40,27
"1721","2020-04-26",357,20,163,860,6185,0.869846402586904,1995,7352,751,1710,53,5199,39,1812,41,39
"1722","2020-04-27",344,20,185,801,6185,0.869846402586904,1995,7352,751,1710,51,5250,45,1857,38,45
"1723","2020-04-28",341,20,191,751,6185,0.869846402586904,1995,7352,751,1710,42,5292,45,1902,32,45
"1724","2020-04-29",307,20,212,706,6185,0.869846402586904,1995,7352,751,1710,32,5324,36,1938,25,36
"1725","2020-04-30",283,20,305,653,6185,0.869846402586904,1995,7352,751,1710,49,5373,21,1959,33,21
"1726","2020-05-01",269,20,332,596,6185,0.869846402586904,1995,7352,751,1710,38,5411,24,1983,31,24
"1727","2020-05-02",245,20,356,556,6185,0.869846402586904,1995,7352,751,1710,33,5444,23,2006,22,23
"1728","2020-05-03",218,20,337,531,6185,0.869846402586904,1995,7352,751,1710,24,5468,22,2028,21,22
"1729","2020-05-04",197,20,359,496,6185,0.869846402586904,1995,7352,751,1710,33,5501,22,2050,25,22
"1730","2020-05-05",171,20,354,463,6185,0.869846402586904,1995,7352,751,1710,31,5532,20,2070,23,20
"1731","2020-05-06",165,20,353,426,6185,0.869846402586904,1995,7352,751,1710,32,5564,47,2117,21,47
"1732","2020-05-07",161,20,316,400,6185,0.869846402586904,1995,7352,751,1710,25,5589,45,2162,17,45
"1733","2020-05-08",150,20,279,377,6185,0.869846402586904,1995,7352,751,1710,29,5618,29,2191,20,29
"1734","2020-05-09",161,20,252,366,6185,0.869846402586904,1995,7352,751,1710,29,5647,19,2210,18,19
"1735","2020-05-10",158,20,224,345,6185,0.869846402586904,1995,7352,751,1710,25,5672,17,2227,12,17
"1736","2020-05-11",146,20,206,324,6185,0.869846402586904,1995,7352,751,1710,26,5698,39,2266,14,39
"1737","2020-05-12",131,20,199,298,6185,0.869846402586904,1995,7352,751,1710,23,5721,52,2318,13,52
"1738","2020-05-13",130,20,241,279,6185,0.869846402586904,1995,7352,751,1710,24,5745,38,2356,16,38
"1739","2020-05-14",128,20,231,267,6185,0.869846402586904,1995,7352,751,1710,22,5767,38,2394,9,38
"1740","2020-05-15",121,20,219,263,6185,0.869846402586904,1995,7352,751,1710,14,5781,39,2433,9,39
"1741","2020-05-16",103,20,196,248,6185,0.869846402586904,1995,7352,751,1710,23,5804,64,2497,17,64
"1742","2020-05-17",77,20,221,238,6185,0.869846402586904,1995,7352,751,1710,14,5818,32,2529,9,32
"1743","2020-05-18",76,20,299,222,6185,0.869846402586904,1995,7352,751,1710,17,5835,24,2553,11,24
"1744","2020-05-19",77,20,342,219,6185,0.869846402586904,1995,7352,751,1710,14,5849,40,2593,8,40
"1745","2020-05-20",73,20,366,221,6185,0.869846402586904,1995,7352,751,1710,18,5867,42,2635,9,42
"1746","2020-05-21",66,20,322,212,6185,0.869846402586904,1995,7352,751,1710,12,5879,40,2675,8,40
"1747","2020-05-22",58,20,293,198,6185,0.869846402586904,1995,7352,751,1710,6,5885,41,2716,3,41
"1748","2020-05-23",60,20,288,184,6185,0.869846402586904,1995,7352,751,1710,10,5895,33,2749,7,33
"1749","2020-05-24",70,20,312,178,6185,0.869846402586904,1995,7352,751,1710,12,5907,39,2788,4,39
"1750","2020-05-25",64,20,346,163,6185,0.869846402586904,1995,7352,751,1710,11,5918,33,2821,5,33
"1751","2020-05-26",58,20,333,167,6185,0.869846402586904,1995,7352,751,1710,10,5928,29,2850,5,29
"1752","2020-05-27",56,20,299,155,6185,0.869846402586904,1995,7352,751,1710,6,5934,37,2887,3,37
"1753","2020-05-28",57,20,272,163,6185,0.869846402586904,1995,7352,751,1710,9,5943,37,2924,8,37
"1754","2020-05-29",63,20,265,158,6185,0.869846402586904,1995,7352,751,1710,5,5948,53,2977,2,53
"1755","2020-05-30",65,20,237,150,6185,0.869846402586904,1995,7352,751,1710,9,5957,38,3015,3,38
"1756","2020-05-31",57,20,205,144,6185,0.869846402586904,1995,7352,751,1710,7,5964,56,3071,1,56
"1757","2020-06-01",52,20,217,138,6185,0.869846402586904,1995,7352,751,1710,9,5973,54,3125,5,54
"1758","2020-06-02",54,20,241,129,6185,0.869846402586904,1995,7352,751,1710,9,5982,52,3177,5,52
"1759","2020-06-03",50,20,271,117,6185,0.869846402586904,1995,7352,751,1710,8,5990,35,3212,2,35
"1760","2020-06-04",44,20,251,107,6185,0.869846402586904,1995,7352,751,1710,10,6000,54,3266,7,54
"1761","2020-06-05",40,20,233,98,6185,0.869846402586904,1995,7352,751,1710,9,6009,47,3313,5,47
"1762","2020-06-06",34,20,241,96,6185,0.869846402586904,1995,7352,751,1710,11,6020,44,3357,6,44
"1763","2020-06-07",30,20,249,90,6185,0.869846402586904,1995,7352,751,1710,6,6026,27,3384,4,27
