"","Date","Absents","Paramset","Infections_or_Exposed_per_day_Patient","Infections_or_Exposed_per_day_HCW","total_infections","nosocomial_proportion","PCR_pooled","LFD_pooled","HCW_symp_test","patient_symp_test","new_hcw_infs","cumulative_hcw_infs","new_pat_infs","cumulative_pats_infs","new_nosocomial_hcw_infs","new_nosocomial_pat_infs"
"1","2020-03-13",6,1,45,298,9188,0.544732259468872,0,0,914,1091,107,298,7,24,18,7
"2","2020-03-14",15,1,81,400,9188,0.544732259468872,0,0,914,1091,102,400,31,55,19,31
"3","2020-03-15",32,1,104,524,9188,0.544732259468872,0,0,914,1091,124,524,22,77,48,22
"4","2020-03-16",46,1,98,675,9188,0.544732259468872,0,0,914,1091,152,676,11,88,67,11
"5","2020-03-17",78,1,89,840,9188,0.544732259468872,0,0,914,1091,170,846,9,97,91,9
"6","2020-03-18",113,1,95,1006,9188,0.544732259468872,0,0,914,1091,180,1026,8,105,99,8
"7","2020-03-19",144,1,129,1184,9188,0.544732259468872,0,0,914,1091,202,1228,38,143,122,38
"8","2020-03-20",184,1,136,1388,9188,0.544732259468872,0,0,914,1091,243,1471,27,170,174,27
"9","2020-03-21",236,1,138,1533,9188,0.544732259468872,0,0,914,1091,198,1669,27,197,130,27
"10","2020-03-22",284,1,166,1738,9188,0.544732259468872,0,0,914,1091,257,1926,38,235,175,38
"11","2020-03-23",341,1,187,1923,9188,0.544732259468872,0,0,914,1091,264,2190,39,274,197,39
"12","2020-03-24",377,1,217,2139,9188,0.544732259468872,0,0,914,1091,303,2493,57,331,229,57
"13","2020-03-25",409,1,189,2323,9188,0.544732259468872,0,0,914,1091,292,2785,23,354,230,23
"14","2020-03-26",468,1,189,2530,9188,0.544732259468872,0,0,914,1091,335,3120,35,389,260,35
"15","2020-03-27",522,1,219,2681,9188,0.544732259468872,0,0,914,1091,285,3405,48,437,222,48
"16","2020-03-28",573,1,234,2839,9188,0.544732259468872,0,0,914,1091,307,3712,57,494,248,57
"17","2020-03-29",635,1,228,2949,9188,0.544732259468872,0,0,914,1091,280,3992,44,538,219,44
"18","2020-03-30",689,1,244,3061,9188,0.544732259468872,0,0,914,1091,299,4291,41,579,242,41
"19","2020-03-31",730,1,224,3149,9188,0.544732259468872,0,0,914,1091,291,4582,28,607,235,28
"20","2020-04-01",801,1,207,3161,9188,0.544732259468872,0,0,914,1091,244,4826,30,637,198,30
"21","2020-04-02",823,1,192,3188,9188,0.544732259468872,0,0,914,1091,233,5059,19,656,189,19
"22","2020-04-03",849,1,193,3183,9188,0.544732259468872,0,0,914,1091,225,5284,25,681,175,25
"23","2020-04-04",866,1,213,3083,9188,0.544732259468872,0,0,914,1091,175,5459,52,733,128,52
"24","2020-04-05",855,1,252,2975,9188,0.544732259468872,0,0,914,1091,162,5621,58,791,125,58
"25","2020-04-06",852,1,256,2887,9188,0.544732259468872,0,0,914,1091,185,5806,35,826,146,35
"26","2020-04-07",854,1,228,2748,9188,0.544732259468872,0,0,914,1091,126,5932,27,853,99,27
"27","2020-04-08",831,1,209,2642,9188,0.544732259468872,0,0,914,1091,167,6099,16,869,130,16
"28","2020-04-09",835,1,191,2489,9188,0.544732259468872,0,0,914,1091,107,6206,22,891,77,22
"29","2020-04-10",805,1,205,2309,9188,0.544732259468872,0,0,914,1091,97,6303,33,924,70,33
"30","2020-04-11",776,1,212,2139,9188,0.544732259468872,0,0,914,1091,81,6384,35,959,49,35
"31","2020-04-12",740,1,198,1976,9188,0.544732259468872,0,0,914,1091,70,6454,23,982,39,23
"32","2020-04-13",682,1,198,1857,9188,0.544732259468872,0,0,914,1091,81,6535,27,1009,54,27
"33","2020-04-14",657,1,232,1693,9188,0.544732259468872,0,0,914,1091,63,6598,54,1063,38,54
"34","2020-04-15",607,1,233,1563,9188,0.544732259468872,0,0,914,1091,50,6648,28,1091,32,28
"35","2020-04-16",546,1,245,1412,9188,0.544732259468872,0,0,914,1091,54,6702,50,1141,31,50
"36","2020-04-17",497,1,248,1283,9188,0.544732259468872,0,0,914,1091,55,6757,37,1178,30,37
"37","2020-04-18",440,1,256,1176,9188,0.544732259468872,0,0,914,1091,50,6807,45,1223,32,45
"38","2020-04-19",401,1,255,1078,9188,0.544732259468872,0,0,914,1091,41,6848,35,1258,20,35
"39","2020-04-20",377,1,246,974,9188,0.544732259468872,0,0,914,1091,35,6883,30,1288,18,30
"40","2020-04-21",323,1,224,878,9188,0.544732259468872,0,0,914,1091,30,6913,21,1309,20,21
"41","2020-04-22",288,1,202,813,9188,0.544732259468872,0,0,914,1091,44,6957,17,1326,21,17
"42","2020-04-23",257,1,189,743,9188,0.544732259468872,0,0,914,1091,22,6979,17,1343,6,17
"43","2020-04-24",238,1,178,695,9188,0.544732259468872,0,0,914,1091,35,7014,14,1357,10,14
"44","2020-04-25",227,1,203,636,9188,0.544732259468872,0,0,914,1091,28,7042,28,1385,16,28
"45","2020-04-26",197,1,209,592,9188,0.544732259468872,0,0,914,1091,33,7075,36,1421,10,36
"46","2020-04-27",167,1,230,564,9188,0.544732259468872,0,0,914,1091,31,7106,32,1453,13,32
"47","2020-04-28",153,1,250,514,9188,0.544732259468872,0,0,914,1091,23,7129,60,1513,6,60
"48","2020-04-29",145,1,252,478,9188,0.544732259468872,0,0,914,1091,21,7150,37,1550,3,37
"49","2020-04-30",134,1,241,446,9188,0.544732259468872,0,0,914,1091,24,7174,38,1588,8,38
"50","2020-05-01",118,1,261,412,9188,0.544732259468872,0,0,914,1091,19,7193,49,1637,7,49
"51","2020-05-02",106,1,259,371,9188,0.544732259468872,0,0,914,1091,14,7207,40,1677,4,40
"52","2020-05-03",113,1,288,353,9188,0.544732259468872,0,0,914,1091,16,7223,66,1743,4,66
"53","2020-05-04",112,1,317,331,9188,0.544732259468872,0,0,914,1091,15,7238,63,1806,7,63
"54","2020-05-05",100,1,314,319,9188,0.544732259468872,0,0,914,1091,24,7262,46,1852,7,46
"55","2020-05-06",93,1,335,297,9188,0.544732259468872,0,0,914,1091,11,7273,57,1909,4,57
"56","2020-05-07",90,1,308,274,9188,0.544732259468872,0,0,914,1091,13,7286,33,1942,6,33
"57","2020-05-08",91,1,350,261,9188,0.544732259468872,0,0,914,1091,13,7299,71,2013,5,71
"58","2020-05-09",75,1,323,246,9188,0.544732259468872,0,0,914,1091,16,7315,33,2046,3,33
"59","2020-05-10",66,1,306,234,9188,0.544732259468872,0,0,914,1091,13,7328,34,2080,3,34
"60","2020-05-11",64,1,285,229,9188,0.544732259468872,0,0,914,1091,17,7345,28,2108,2,28
"61","2020-05-12",60,1,272,220,9188,0.544732259468872,0,0,914,1091,15,7360,22,2130,5,22
"62","2020-05-13",51,1,241,214,9188,0.544732259468872,0,0,914,1091,17,7377,23,2153,3,23
"63","2020-05-14",54,1,218,215,9188,0.544732259468872,0,0,914,1091,17,7394,15,2168,5,15
"64","2020-05-15",49,1,182,202,9188,0.544732259468872,0,0,914,1091,13,7407,4,2172,3,4
"65","2020-05-16",50,1,214,195,9188,0.544732259468872,0,0,914,1091,8,7415,34,2206,2,34
"66","2020-05-17",46,1,220,175,9188,0.544732259468872,0,0,914,1091,7,7422,56,2262,1,56
"67","2020-05-18",48,1,209,166,9188,0.544732259468872,0,0,914,1091,5,7427,28,2290,2,28
"68","2020-05-19",53,1,207,159,9188,0.544732259468872,0,0,914,1091,8,7435,22,2312,1,22
"69","2020-05-20",55,1,185,156,9188,0.544732259468872,0,0,914,1091,12,7447,15,2327,3,15
"70","2020-05-21",48,1,169,141,9188,0.544732259468872,0,0,914,1091,10,7457,12,2339,5,12
"71","2020-05-22",45,1,178,136,9188,0.544732259468872,0,0,914,1091,13,7470,19,2358,NA,19
"72","2020-05-23",46,1,186,131,9188,0.544732259468872,0,0,914,1091,7,7477,33,2391,3,33
"73","2020-05-24",43,1,216,130,9188,0.544732259468872,0,0,914,1091,10,7487,47,2438,3,47
"74","2020-05-25",37,1,232,130,9188,0.544732259468872,0,0,914,1091,12,7499,40,2478,3,40
"75","2020-05-26",33,1,253,121,9188,0.544732259468872,0,0,914,1091,7,7506,63,2541,2,63
"76","2020-05-27",30,1,248,115,9188,0.544732259468872,0,0,914,1091,7,7513,34,2575,2,34
"77","2020-05-28",30,1,232,106,9188,0.544732259468872,0,0,914,1091,7,7520,27,2602,1,27
"78","2020-05-29",28,1,205,104,9188,0.544732259468872,0,0,914,1091,9,7529,24,2626,3,24
"79","2020-05-30",27,1,214,98,9188,0.544732259468872,0,0,914,1091,3,7532,34,2660,NA,34
"80","2020-05-31",27,1,209,91,9188,0.544732259468872,0,0,914,1091,3,7535,29,2689,NA,29
"81","2020-06-01",27,1,197,94,9188,0.544732259468872,0,0,914,1091,8,7543,19,2708,3,19
"82","2020-06-02",29,1,201,81,9188,0.544732259468872,0,0,914,1091,NA,NA,38,2746,NA,38
"83","2020-06-03",26,1,216,79,9188,0.544732259468872,0,0,914,1091,6,7549,57,2803,1,57
"84","2020-06-04",23,1,218,75,9188,0.544732259468872,0,0,914,1091,6,7555,27,2830,NA,27
"85","2020-06-05",21,1,233,66,9188,0.544732259468872,0,0,914,1091,4,7559,53,2883,1,53
"86","2020-06-06",22,1,232,59,9188,0.544732259468872,0,0,914,1091,2,7561,28,2911,1,28
"87","2020-06-07",23,1,238,51,9188,0.544732259468872,0,0,914,1091,1,7562,44,2955,1,44
"88","2020-03-13",2,2,51,140,6280,0.488216560509554,0,0,513,744,83,225,44,93,5,44
"89","2020-03-14",9,2,52,190,6280,0.488216560509554,0,0,513,744,81,306,49,142,12,49
"90","2020-03-15",16,2,43,247,6280,0.488216560509554,0,0,513,744,69,375,38,180,13,38
"91","2020-03-16",25,2,48,307,6280,0.488216560509554,0,0,513,744,84,459,35,215,14,35
"92","2020-03-17",37,2,71,384,6280,0.488216560509554,0,0,513,744,73,532,42,257,14,42
"93","2020-03-18",50,2,61,467,6280,0.488216560509554,0,0,513,744,113,645,35,292,27,35
"94","2020-03-19",67,2,79,532,6280,0.488216560509554,0,0,513,744,93,738,57,349,22,57
"95","2020-03-20",91,2,71,617,6280,0.488216560509554,0,0,513,744,89,827,37,386,33,37
"96","2020-03-21",109,2,73,681,6280,0.488216560509554,0,0,513,744,88,915,33,419,13,33
"97","2020-03-22",126,2,70,771,6280,0.488216560509554,0,0,513,744,110,1025,43,462,36,43
"98","2020-03-23",145,2,77,837,6280,0.488216560509554,0,0,513,744,92,1117,29,491,17,29
"99","2020-03-24",174,2,122,911,6280,0.488216560509554,0,0,513,744,93,1210,30,521,26,30
"100","2020-03-25",198,2,146,987,6280,0.488216560509554,0,0,513,744,88,1298,35,556,25,35
"101","2020-03-26",228,2,138,1035,6280,0.488216560509554,0,0,513,744,110,1408,54,610,32,54
"102","2020-03-27",231,2,161,1085,6280,0.488216560509554,0,0,513,744,115,1523,43,653,36,43
"103","2020-03-28",254,2,169,1129,6280,0.488216560509554,0,0,513,744,90,1613,18,671,33,18
"104","2020-03-29",280,2,155,1171,6280,0.488216560509554,0,0,513,744,93,1706,22,693,31,22
"105","2020-03-30",292,2,159,1205,6280,0.488216560509554,0,0,513,744,84,1790,36,729,22,36
"106","2020-03-31",310,2,212,1247,6280,0.488216560509554,0,0,513,744,80,1870,26,755,21,26
"107","2020-04-01",313,2,253,1275,6280,0.488216560509554,0,0,513,744,96,1966,25,780,21,25
"108","2020-04-02",314,2,282,1296,6280,0.488216560509554,0,0,513,744,102,2068,45,825,32,45
"109","2020-04-03",350,2,250,1310,6280,0.488216560509554,0,0,513,744,94,2162,28,853,29,28
"110","2020-04-04",347,2,212,1317,6280,0.488216560509554,0,0,513,744,96,2258,61,914,33,61
"111","2020-04-05",347,2,208,1310,6280,0.488216560509554,0,0,513,744,90,2348,46,960,27,46
"112","2020-04-06",368,2,180,1322,6280,0.488216560509554,0,0,513,744,94,2442,45,1005,24,45
"113","2020-04-07",366,2,182,1283,6280,0.488216560509554,0,0,513,744,86,2528,32,1037,21,32
"114","2020-04-08",374,2,205,1252,6280,0.488216560509554,0,0,513,744,95,2623,32,1069,17,32
"115","2020-04-09",375,2,210,1231,6280,0.488216560509554,0,0,513,744,88,2711,17,1086,22,17
"116","2020-04-10",361,2,228,1225,6280,0.488216560509554,0,0,513,744,84,2795,20,1106,17,20
"117","2020-04-11",371,2,225,1195,6280,0.488216560509554,0,0,513,744,87,2882,18,1124,19,18
"118","2020-04-12",372,2,236,1140,6280,0.488216560509554,0,0,513,744,84,2966,20,1144,23,20
"119","2020-04-13",357,2,222,1100,6280,0.488216560509554,0,0,513,744,75,3041,23,1167,24,23
"120","2020-04-14",330,2,200,1088,6280,0.488216560509554,0,0,513,744,79,3120,48,1215,28,48
"121","2020-04-15",319,2,195,1076,6280,0.488216560509554,0,0,513,744,82,3202,45,1260,25,45
"122","2020-04-16",321,2,231,1069,6280,0.488216560509554,0,0,513,744,100,3302,49,1309,18,49
"123","2020-04-17",302,2,255,1041,6280,0.488216560509554,0,0,513,744,97,3399,55,1364,20,55
"124","2020-04-18",291,2,246,1006,6280,0.488216560509554,0,0,513,744,78,3477,50,1414,19,50
"125","2020-04-19",281,2,236,993,6280,0.488216560509554,0,0,513,744,87,3564,42,1456,20,42
"126","2020-04-20",268,2,222,986,6280,0.488216560509554,0,0,513,744,78,3642,53,1509,9,53
"127","2020-04-21",288,2,202,980,6280,0.488216560509554,0,0,513,744,77,3719,33,1542,14,33
"128","2020-04-22",290,2,236,960,6280,0.488216560509554,0,0,513,744,85,3804,39,1581,10,39
"129","2020-04-23",276,2,217,922,6280,0.488216560509554,0,0,513,744,66,3870,29,1610,15,29
"130","2020-04-24",276,2,198,898,6280,0.488216560509554,0,0,513,744,81,3951,24,1634,21,24
"131","2020-04-25",274,2,184,872,6280,0.488216560509554,0,0,513,744,81,4032,21,1655,20,21
"132","2020-04-26",277,2,214,879,6280,0.488216560509554,0,0,513,744,66,4098,19,1674,9,19
"133","2020-04-27",283,2,248,854,6280,0.488216560509554,0,0,513,744,62,4160,50,1724,11,50
"134","2020-04-28",261,2,241,839,6280,0.488216560509554,0,0,513,744,72,4232,40,1764,21,40
"135","2020-04-29",258,2,224,810,6280,0.488216560509554,0,0,513,744,64,4296,36,1800,10,36
"136","2020-04-30",256,2,200,797,6280,0.488216560509554,0,0,513,744,73,4369,49,1849,9,49
"137","2020-05-01",251,2,181,779,6280,0.488216560509554,0,0,513,744,66,4435,41,1890,12,41
"138","2020-05-02",245,2,185,772,6280,0.488216560509554,0,0,513,744,62,4497,42,1932,9,42
"139","2020-05-03",233,2,203,737,6280,0.488216560509554,0,0,513,744,64,4561,30,1962,18,30
"140","2020-05-04",220,2,208,712,6280,0.488216560509554,0,0,513,744,59,4620,23,1985,4,23
"141","2020-05-05",219,2,177,694,6280,0.488216560509554,0,0,513,744,54,4674,29,2014,15,29
"142","2020-05-06",208,2,168,660,6280,0.488216560509554,0,0,513,744,52,4726,22,2036,2,22
"143","2020-05-07",189,2,160,637,6280,0.488216560509554,0,0,513,744,54,4780,30,2066,8,30
"144","2020-05-08",197,2,202,620,6280,0.488216560509554,0,0,513,744,56,4836,22,2088,6,22
"145","2020-05-09",184,2,205,616,6280,0.488216560509554,0,0,513,744,45,4881,31,2119,7,31
"146","2020-05-10",176,2,200,585,6280,0.488216560509554,0,0,513,744,52,4933,24,2143,5,24
"147","2020-05-11",169,2,236,557,6280,0.488216560509554,0,0,513,744,51,4984,34,2177,6,34
"148","2020-05-12",162,2,219,559,6280,0.488216560509554,0,0,513,744,55,5039,35,2212,9,35
"149","2020-05-13",163,2,215,545,6280,0.488216560509554,0,0,513,744,51,5090,54,2266,15,54
"150","2020-05-14",169,2,194,525,6280,0.488216560509554,0,0,513,744,40,5130,54,2320,11,54
"151","2020-05-15",161,2,203,513,6280,0.488216560509554,0,0,513,744,34,5164,47,2367,5,47
"152","2020-05-16",155,2,225,483,6280,0.488216560509554,0,0,513,744,35,5199,49,2416,6,49
"153","2020-05-17",153,2,200,472,6280,0.488216560509554,0,0,513,744,42,5241,43,2459,10,43
"154","2020-05-18",150,2,170,465,6280,0.488216560509554,0,0,513,744,33,5274,69,2528,12,69
"155","2020-05-19",148,2,144,452,6280,0.488216560509554,0,0,513,744,36,5310,47,2575,6,47
"156","2020-05-20",135,2,138,440,6280,0.488216560509554,0,0,513,744,30,5340,44,2619,4,44
"157","2020-05-21",125,2,128,429,6280,0.488216560509554,0,0,513,744,32,5372,47,2666,6,47
"158","2020-05-22",118,2,129,409,6280,0.488216560509554,0,0,513,744,26,5398,41,2707,3,41
"159","2020-05-23",118,2,166,390,6280,0.488216560509554,0,0,513,744,36,5434,40,2747,7,40
"160","2020-05-24",105,2,176,379,6280,0.488216560509554,0,0,513,744,28,5462,28,2775,3,28
"161","2020-05-25",104,2,193,371,6280,0.488216560509554,0,0,513,744,33,5495,31,2806,3,31
"162","2020-05-26",103,2,225,363,6280,0.488216560509554,0,0,513,744,27,5522,32,2838,1,32
"163","2020-05-27",104,2,234,338,6280,0.488216560509554,0,0,513,744,19,5541,22,2860,5,22
"164","2020-05-28",104,2,246,325,6280,0.488216560509554,0,0,513,744,19,5560,42,2902,4,42
"165","2020-05-29",97,2,248,308,6280,0.488216560509554,0,0,513,744,36,5596,32,2934,6,32
"166","2020-05-30",87,2,237,293,6280,0.488216560509554,0,0,513,744,28,5624,25,2959,6,25
"167","2020-05-31",92,2,237,269,6280,0.488216560509554,0,0,513,744,23,5647,22,2981,4,22
"168","2020-06-01",90,2,248,251,6280,0.488216560509554,0,0,513,744,18,5665,35,3016,5,35
"169","2020-06-02",82,2,237,238,6280,0.488216560509554,0,0,513,744,21,5686,28,3044,4,28
"170","2020-06-03",79,2,231,238,6280,0.488216560509554,0,0,513,744,16,5702,32,3076,3,32
"171","2020-06-04",77,2,231,225,6280,0.488216560509554,0,0,513,744,13,5715,41,3117,2,41
"172","2020-06-05",70,2,205,226,6280,0.488216560509554,0,0,513,744,18,5733,37,3154,6,37
"173","2020-06-06",69,2,209,216,6280,0.488216560509554,0,0,513,744,15,5748,40,3194,5,40
"174","2020-06-07",67,2,208,195,6280,0.488216560509554,0,0,513,744,13,5761,45,3239,3,45
"175","2020-03-13",2,3,115,244,7502,0.288856304985337,0,0,691,2212,35,90,33,76,16,33
"176","2020-03-14",11,3,143,355,7502,0.288856304985337,0,0,691,2212,48,138,32,108,27,32
"177","2020-03-15",21,3,149,477,7502,0.288856304985337,0,0,691,2212,57,195,26,134,42,26
"178","2020-03-16",40,3,220,581,7502,0.288856304985337,0,0,691,2212,79,274,25,159,59,25
"179","2020-03-17",59,3,238,685,7502,0.288856304985337,0,0,691,2212,87,361,38,197,60,38
"180","2020-03-18",89,3,243,777,7502,0.288856304985337,0,0,691,2212,114,475,46,243,87,46
"181","2020-03-19",119,3,214,863,7502,0.288856304985337,0,0,691,2212,107,582,43,286,85,43
"182","2020-03-20",155,3,243,962,7502,0.288856304985337,0,0,691,2212,126,708,40,326,106,40
"183","2020-03-21",190,3,268,1049,7502,0.288856304985337,0,0,691,2212,132,840,35,361,118,35
"184","2020-03-22",223,3,293,1106,7502,0.288856304985337,0,0,691,2212,158,998,26,387,139,26
"185","2020-03-23",251,3,297,1160,7502,0.288856304985337,0,0,691,2212,159,1157,27,414,137,27
"186","2020-03-24",271,3,293,1208,7502,0.288856304985337,0,0,691,2212,190,1347,16,430,158,16
"187","2020-03-25",285,3,280,1221,7502,0.288856304985337,0,0,691,2212,169,1516,29,459,144,29
"188","2020-03-26",306,3,282,1267,7502,0.288856304985337,0,0,691,2212,226,1742,47,506,210,47
"189","2020-03-27",316,3,296,1314,7502,0.288856304985337,0,0,691,2212,154,1896,35,541,140,35
"190","2020-03-28",312,3,308,1332,7502,0.288856304985337,0,0,691,2212,222,2118,16,557,203,16
"191","2020-03-29",321,3,304,1333,7502,0.288856304985337,0,0,691,2212,179,2297,26,583,159,26
"192","2020-03-30",331,3,289,1380,7502,0.288856304985337,0,0,691,2212,225,2522,29,612,202,29
"193","2020-03-31",345,3,269,1360,7502,0.288856304985337,0,0,691,2212,224,2746,41,653,209,41
"194","2020-04-01",364,3,257,1381,7502,0.288856304985337,0,0,691,2212,187,2933,24,677,172,24
"195","2020-04-02",380,3,268,1401,7502,0.288856304985337,0,0,691,2212,221,3154,19,696,201,19
"196","2020-04-03",376,3,257,1406,7502,0.288856304985337,0,0,691,2212,222,3376,35,731,203,35
"197","2020-04-04",380,3,274,1410,7502,0.288856304985337,0,0,691,2212,248,3624,22,753,226,22
"198","2020-04-05",392,3,304,1401,7502,0.288856304985337,0,0,691,2212,186,3810,18,771,165,18
"199","2020-04-06",398,3,315,1400,7502,0.288856304985337,0,0,691,2212,226,4036,29,800,203,29
"200","2020-04-07",404,3,285,1426,7502,0.288856304985337,0,0,691,2212,174,4210,34,834,163,34
"201","2020-04-08",406,3,298,1430,7502,0.288856304985337,0,0,691,2212,172,4382,31,865,161,31
"202","2020-04-09",392,3,302,1410,7502,0.288856304985337,0,0,691,2212,153,4535,25,890,138,25
"203","2020-04-10",406,3,312,1373,7502,0.288856304985337,0,0,691,2212,204,4739,29,919,185,29
"204","2020-04-11",412,3,313,1379,7502,0.288856304985337,0,0,691,2212,148,4887,45,964,133,45
"205","2020-04-12",408,3,326,1349,7502,0.288856304985337,0,0,691,2212,132,5019,32,996,122,32
"206","2020-04-13",398,3,319,1338,7502,0.288856304985337,0,0,691,2212,134,5153,41,1037,119,41
"207","2020-04-14",400,3,325,1321,7502,0.288856304985337,0,0,691,2212,96,5249,33,1070,83,33
"208","2020-04-15",384,3,316,1277,7502,0.288856304985337,0,0,691,2212,119,5368,58,1128,104,58
"209","2020-04-16",395,3,323,1271,7502,0.288856304985337,0,0,691,2212,101,5469,37,1165,90,37
"210","2020-04-17",380,3,315,1251,7502,0.288856304985337,0,0,691,2212,93,5562,32,1197,79,32
"211","2020-04-18",390,3,331,1192,7502,0.288856304985337,0,0,691,2212,82,5644,34,1231,69,34
"212","2020-04-19",368,3,330,1157,7502,0.288856304985337,0,0,691,2212,53,5697,44,1275,43,44
"213","2020-04-20",352,3,324,1130,7502,0.288856304985337,0,0,691,2212,56,5753,34,1309,45,34
"214","2020-04-21",340,3,378,1091,7502,0.288856304985337,0,0,691,2212,51,5804,28,1337,40,28
"215","2020-04-22",333,3,369,1088,7502,0.288856304985337,0,0,691,2212,53,5857,24,1361,43,24
"216","2020-04-23",313,3,351,1059,7502,0.288856304985337,0,0,691,2212,52,5909,33,1394,45,33
"217","2020-04-24",300,3,332,1060,7502,0.288856304985337,0,0,691,2212,39,5948,29,1423,28,29
"218","2020-04-25",274,3,360,1024,7502,0.288856304985337,0,0,691,2212,41,5989,24,1447,35,24
"219","2020-04-26",274,3,362,970,7502,0.288856304985337,0,0,691,2212,32,6021,14,1461,23,14
"220","2020-04-27",264,3,349,951,7502,0.288856304985337,0,0,691,2212,36,6057,31,1492,27,31
"221","2020-04-28",247,3,351,921,7502,0.288856304985337,0,0,691,2212,36,6093,15,1507,27,15
"222","2020-04-29",240,3,346,889,7502,0.288856304985337,0,0,691,2212,33,6126,20,1527,19,20
"223","2020-04-30",237,3,342,859,7502,0.288856304985337,0,0,691,2212,25,6151,22,1549,18,22
"224","2020-05-01",243,3,338,826,7502,0.288856304985337,0,0,691,2212,28,6179,23,1572,17,23
"225","2020-05-02",245,3,346,811,7502,0.288856304985337,0,0,691,2212,25,6204,23,1595,18,23
"226","2020-05-03",235,3,324,775,7502,0.288856304985337,0,0,691,2212,30,6234,25,1620,18,25
"227","2020-05-04",230,3,331,754,7502,0.288856304985337,0,0,691,2212,22,6256,29,1649,17,29
"228","2020-05-05",226,3,332,731,7502,0.288856304985337,0,0,691,2212,12,6268,25,1674,8,25
"229","2020-05-06",220,3,338,725,7502,0.288856304985337,0,0,691,2212,21,6289,26,1700,13,26
"230","2020-05-07",207,3,402,704,7502,0.288856304985337,0,0,691,2212,22,6311,26,1726,16,26
"231","2020-05-08",191,3,410,670,7502,0.288856304985337,0,0,691,2212,29,6340,12,1738,17,12
"232","2020-05-09",180,3,418,662,7502,0.288856304985337,0,0,691,2212,16,6356,23,1761,12,23
"233","2020-05-10",173,3,398,651,7502,0.288856304985337,0,0,691,2212,21,6377,38,1799,15,38
"234","2020-05-11",168,3,375,653,7502,0.288856304985337,0,0,691,2212,19,6396,45,1844,11,45
"235","2020-05-12",169,3,389,612,7502,0.288856304985337,0,0,691,2212,17,6413,25,1869,11,25
"236","2020-05-13",160,3,392,614,7502,0.288856304985337,0,0,691,2212,13,6426,49,1918,7,49
"237","2020-05-14",154,3,389,588,7502,0.288856304985337,0,0,691,2212,21,6447,34,1952,12,34
"238","2020-05-15",151,3,384,565,7502,0.288856304985337,0,0,691,2212,22,6469,41,1993,11,41
"239","2020-05-16",144,3,368,544,7502,0.288856304985337,0,0,691,2212,13,6482,30,2023,9,30
"240","2020-05-17",139,3,360,535,7502,0.288856304985337,0,0,691,2212,16,6498,26,2049,12,26
"241","2020-05-18",141,3,346,499,7502,0.288856304985337,0,0,691,2212,22,6520,17,2066,14,17
"242","2020-05-19",135,3,341,476,7502,0.288856304985337,0,0,691,2212,20,6540,34,2100,15,34
"243","2020-05-20",132,3,336,442,7502,0.288856304985337,0,0,691,2212,19,6559,19,2119,8,19
"244","2020-05-21",130,3,394,421,7502,0.288856304985337,0,0,691,2212,12,6571,23,2142,7,23
"245","2020-05-22",129,3,423,407,7502,0.288856304985337,0,0,691,2212,7,6578,21,2163,6,21
"246","2020-05-23",127,3,403,387,7502,0.288856304985337,0,0,691,2212,13,6591,22,2185,9,22
"247","2020-05-24",131,3,392,363,7502,0.288856304985337,0,0,691,2212,14,6605,28,2213,8,28
"248","2020-05-25",124,3,416,351,7502,0.288856304985337,0,0,691,2212,12,6617,24,2237,8,24
"249","2020-05-26",118,3,394,335,7502,0.288856304985337,0,0,691,2212,9,6626,40,2277,7,40
"250","2020-05-27",115,3,397,320,7502,0.288856304985337,0,0,691,2212,9,6635,25,2302,6,25
"251","2020-05-28",106,3,383,302,7502,0.288856304985337,0,0,691,2212,9,6644,34,2336,3,34
"252","2020-05-29",99,3,378,288,7502,0.288856304985337,0,0,691,2212,10,6654,23,2359,9,23
"253","2020-05-30",98,3,355,276,7502,0.288856304985337,0,0,691,2212,6,6660,29,2388,4,29
"254","2020-05-31",88,3,352,266,7502,0.288856304985337,0,0,691,2212,10,6670,34,2422,7,34
"255","2020-06-01",79,3,363,254,7502,0.288856304985337,0,0,691,2212,8,6678,30,2452,7,30
"256","2020-06-02",70,3,366,250,7502,0.288856304985337,0,0,691,2212,11,6689,35,2487,6,35
"257","2020-06-03",62,3,354,250,7502,0.288856304985337,0,0,691,2212,5,6694,26,2513,3,26
"258","2020-06-04",64,3,364,248,7502,0.288856304985337,0,0,691,2212,9,6703,20,2533,3,20
"259","2020-06-05",65,3,356,240,7502,0.288856304985337,0,0,691,2212,2,6705,23,2556,1,23
"260","2020-06-06",65,3,333,233,7502,0.288856304985337,0,0,691,2212,11,6716,34,2590,5,34
"261","2020-06-07",61,3,331,217,7502,0.288856304985337,0,0,691,2212,9,6725,45,2635,7,45
"262","2020-03-13",3,4,94,130,6162,0.575787082116196,0,0,542,1025,143,316,84,223,74,84
"263","2020-03-14",6,4,95,186,6162,0.575787082116196,0,0,542,1025,200,516,83,306,127,83
"264","2020-03-15",11,4,111,240,6162,0.575787082116196,0,0,542,1025,234,750,58,364,161,58
"265","2020-03-16",21,4,120,296,6162,0.575787082116196,0,0,542,1025,355,1105,30,394,277,30
"266","2020-03-17",27,4,123,370,6162,0.575787082116196,0,0,542,1025,451,1556,15,409,373,15
"267","2020-03-18",42,4,110,449,6162,0.575787082116196,0,0,542,1025,483,2039,40,449,406,40
"268","2020-03-19",62,4,102,507,6162,0.575787082116196,0,0,542,1025,568,2607,39,488,503,39
"269","2020-03-20",82,4,105,571,6162,0.575787082116196,0,0,542,1025,832,3439,33,521,782,33
"270","2020-03-21",102,4,105,623,6162,0.575787082116196,0,0,542,1025,731,4170,41,562,692,41
"271","2020-03-22",116,4,162,707,6162,0.575787082116196,0,0,542,1025,602,4772,30,592,560,30
"272","2020-03-23",136,4,213,744,6162,0.575787082116196,0,0,542,1025,757,5529,13,605,712,13
"273","2020-03-24",157,4,236,818,6162,0.575787082116196,0,0,542,1025,469,5998,27,632,452,27
"274","2020-03-25",170,4,237,872,6162,0.575787082116196,0,0,542,1025,418,6416,55,687,394,55
"275","2020-03-26",185,4,230,899,6162,0.575787082116196,0,0,542,1025,351,6767,28,715,332,28
"276","2020-03-27",193,4,270,945,6162,0.575787082116196,0,0,542,1025,271,7038,47,762,250,47
"277","2020-03-28",207,4,301,1001,6162,0.575787082116196,0,0,542,1025,175,7213,46,808,164,46
"278","2020-03-29",235,4,285,1043,6162,0.575787082116196,0,0,542,1025,192,7405,24,832,180,24
"279","2020-03-30",239,4,236,1069,6162,0.575787082116196,0,0,542,1025,99,7504,23,855,94,23
"280","2020-03-31",240,4,198,1090,6162,0.575787082116196,0,0,542,1025,109,7613,13,868,103,13
"281","2020-04-01",248,4,173,1107,6162,0.575787082116196,0,0,542,1025,61,7674,13,881,59,13
"282","2020-04-02",258,4,164,1141,6162,0.575787082116196,0,0,542,1025,52,7726,17,898,49,17
"283","2020-04-03",278,4,187,1143,6162,0.575787082116196,0,0,542,1025,23,7749,23,921,20,23
"284","2020-04-04",293,4,231,1161,6162,0.575787082116196,0,0,542,1025,25,7774,19,940,23,19
"285","2020-04-05",297,4,260,1183,6162,0.575787082116196,0,0,542,1025,21,7795,27,967,21,27
"286","2020-04-06",312,4,253,1215,6162,0.575787082116196,0,0,542,1025,12,7807,28,995,11,28
"287","2020-04-07",329,4,282,1220,6162,0.575787082116196,0,0,542,1025,6,7813,27,1022,5,27
"288","2020-04-08",339,4,279,1216,6162,0.575787082116196,0,0,542,1025,8,7821,11,1033,4,11
"289","2020-04-09",333,4,241,1205,6162,0.575787082116196,0,0,542,1025,15,7836,11,1044,9,11
"290","2020-04-10",340,4,205,1190,6162,0.575787082116196,0,0,542,1025,6,7842,8,1052,2,8
"291","2020-04-11",336,4,206,1190,6162,0.575787082116196,0,0,542,1025,4,7846,19,1071,4,19
"292","2020-04-12",331,4,216,1171,6162,0.575787082116196,0,0,542,1025,5,7851,63,1134,4,63
"293","2020-04-13",335,4,208,1181,6162,0.575787082116196,0,0,542,1025,5,7856,27,1161,1,27
"294","2020-04-14",344,4,200,1177,6162,0.575787082116196,0,0,542,1025,4,7860,15,1176,1,15
"295","2020-04-15",333,4,247,1152,6162,0.575787082116196,0,0,542,1025,2,7862,18,1194,NA,18
"296","2020-04-16",342,4,247,1135,6162,0.575787082116196,0,0,542,1025,7,7869,11,1205,2,11
"297","2020-04-17",332,4,322,1134,6162,0.575787082116196,0,0,542,1025,3,7872,12,1217,1,12
"298","2020-04-18",324,4,340,1124,6162,0.575787082116196,0,0,542,1025,2,7874,10,1227,1,10
"299","2020-04-19",327,4,312,1118,6162,0.575787082116196,0,0,542,1025,2,7876,8,1235,1,8
"300","2020-04-20",311,4,275,1092,6162,0.575787082116196,0,0,542,1025,5,7881,39,1274,2,39
"301","2020-04-21",295,4,210,1043,6162,0.575787082116196,0,0,542,1025,5,7886,13,1287,1,13
"302","2020-04-22",305,4,193,1013,6162,0.575787082116196,0,0,542,1025,NA,NA,11,1298,NA,11
"303","2020-04-23",292,4,184,989,6162,0.575787082116196,0,0,542,1025,5,7891,38,1336,1,38
"304","2020-04-24",287,4,179,968,6162,0.575787082116196,0,0,542,1025,3,7894,57,1393,NA,57
"305","2020-04-25",277,4,234,943,6162,0.575787082116196,0,0,542,1025,1,7895,19,1412,NA,19
"306","2020-04-26",257,4,267,924,6162,0.575787082116196,0,0,542,1025,2,7897,14,1426,NA,14
"307","2020-04-27",254,4,242,904,6162,0.575787082116196,0,0,542,1025,NA,NA,13,1439,NA,13
"308","2020-04-28",249,4,219,865,6162,0.575787082116196,0,0,542,1025,5,7902,49,1488,3,49
"309","2020-04-29",238,4,202,852,6162,0.575787082116196,0,0,542,1025,4,7906,30,1518,1,30
"310","2020-04-30",237,4,186,823,6162,0.575787082116196,0,0,542,1025,1,7907,17,1535,1,17
"311","2020-05-01",226,4,181,782,6162,0.575787082116196,0,0,542,1025,1,7908,23,1558,NA,23
"312","2020-05-02",229,4,174,754,6162,0.575787082116196,0,0,542,1025,1,7909,15,1573,NA,15
"313","2020-05-03",235,4,263,725,6162,0.575787082116196,0,0,542,1025,1,7910,12,1585,1,12
"314","2020-05-04",230,4,304,699,6162,0.575787082116196,0,0,542,1025,1,7911,28,1613,1,28
"315","2020-05-05",221,4,315,695,6162,0.575787082116196,0,0,542,1025,1,7912,21,1634,1,21
"316","2020-05-06",209,4,298,700,6162,0.575787082116196,0,0,542,1025,1,7913,20,1654,NA,20
"317","2020-05-07",210,4,275,685,6162,0.575787082116196,0,0,542,1025,5,7918,24,1678,1,24
"318","2020-05-08",211,4,313,674,6162,0.575787082116196,0,0,542,1025,2,7920,17,1695,NA,17
"319","2020-05-09",210,4,326,649,6162,0.575787082116196,0,0,542,1025,2,7922,9,1704,NA,9
"320","2020-05-10",196,4,301,643,6162,0.575787082116196,0,0,542,1025,2,7924,18,1722,NA,18
"321","2020-05-11",189,4,304,615,6162,0.575787082116196,0,0,542,1025,4,7928,59,1781,NA,59
"322","2020-05-12",188,4,307,602,6162,0.575787082116196,0,0,542,1025,1,7929,28,1809,NA,28
"323","2020-05-13",193,4,311,559,6162,0.575787082116196,0,0,542,1025,NA,NA,79,1888,NA,79
"324","2020-05-14",182,4,291,525,6162,0.575787082116196,0,0,542,1025,NA,NA,65,1953,NA,65
"325","2020-05-15",173,4,254,489,6162,0.575787082116196,0,0,542,1025,4,7933,84,2037,3,84
"326","2020-05-16",168,4,231,471,6162,0.575787082116196,0,0,542,1025,NA,NA,37,2074,NA,37
"327","2020-05-17",160,4,199,467,6162,0.575787082116196,0,0,542,1025,2,7935,23,2097,1,23
"328","2020-05-18",155,4,179,437,6162,0.575787082116196,0,0,542,1025,NA,NA,17,2114,NA,17
"329","2020-05-19",147,4,187,413,6162,0.575787082116196,0,0,542,1025,NA,NA,14,2128,NA,14
"330","2020-05-20",132,4,236,400,6162,0.575787082116196,0,0,542,1025,1,7936,23,2151,NA,23
"331","2020-05-21",128,4,232,388,6162,0.575787082116196,0,0,542,1025,1,7937,18,2169,NA,18
"332","2020-05-22",116,4,231,376,6162,0.575787082116196,0,0,542,1025,1,7938,30,2199,NA,30
"333","2020-05-23",105,4,249,370,6162,0.575787082116196,0,0,542,1025,4,7942,18,2217,NA,18
"334","2020-05-24",103,4,245,372,6162,0.575787082116196,0,0,542,1025,2,7944,27,2244,NA,27
"335","2020-05-25",98,4,241,358,6162,0.575787082116196,0,0,542,1025,1,7945,32,2276,1,32
"336","2020-05-26",105,4,221,341,6162,0.575787082116196,0,0,542,1025,NA,NA,14,2290,NA,14
"337","2020-05-27",99,4,239,322,6162,0.575787082116196,0,0,542,1025,1,7946,14,2304,NA,14
"338","2020-05-28",93,4,243,305,6162,0.575787082116196,0,0,542,1025,1,7947,15,2319,NA,15
"339","2020-05-29",95,4,235,292,6162,0.575787082116196,0,0,542,1025,NA,NA,19,2338,NA,19
"340","2020-05-30",92,4,220,285,6162,0.575787082116196,0,0,542,1025,1,7948,79,2417,NA,79
"341","2020-05-31",87,4,208,281,6162,0.575787082116196,0,0,542,1025,1,7949,45,2462,NA,45
"342","2020-06-01",87,4,190,264,6162,0.575787082116196,0,0,542,1025,1,7950,72,2534,1,72
"343","2020-06-02",79,4,185,258,6162,0.575787082116196,0,0,542,1025,NA,NA,50,2584,NA,50
"344","2020-06-03",90,4,167,256,6162,0.575787082116196,0,0,542,1025,2,7952,64,2648,1,64
"345","2020-06-04",88,4,159,245,6162,0.575787082116196,0,0,542,1025,2,7954,45,2693,1,45
"346","2020-06-05",82,4,166,235,6162,0.575787082116196,0,0,542,1025,NA,NA,71,2764,NA,71
"347","2020-06-06",77,4,183,216,6162,0.575787082116196,0,0,542,1025,NA,NA,82,2846,NA,82
"348","2020-06-07",76,4,170,206,6162,0.575787082116196,0,0,542,1025,NA,NA,64,2910,NA,64
"349","2020-03-13",3,5,57,142,5612,0.285637918745545,0,0,482,801,32,81,24,93,9,24
"350","2020-03-14",8,5,59,200,5612,0.285637918745545,0,0,482,801,45,126,11,104,15,11
"351","2020-03-15",19,5,53,267,5612,0.285637918745545,0,0,482,801,45,171,43,147,24,43
"352","2020-03-16",30,5,56,339,5612,0.285637918745545,0,0,482,801,49,220,28,175,23,28
"353","2020-03-17",46,5,70,394,5612,0.285637918745545,0,0,482,801,41,261,25,200,15,25
"354","2020-03-18",63,5,85,459,5612,0.285637918745545,0,0,482,801,59,320,24,224,28,24
"355","2020-03-19",84,5,115,517,5612,0.285637918745545,0,0,482,801,48,368,43,267,25,43
"356","2020-03-20",107,5,110,567,5612,0.285637918745545,0,0,482,801,67,435,38,305,30,38
"357","2020-03-21",130,5,113,640,5612,0.285637918745545,0,0,482,801,52,487,21,326,24,21
"358","2020-03-22",142,5,111,712,5612,0.285637918745545,0,0,482,801,57,544,23,349,28,23
"359","2020-03-23",157,5,115,737,5612,0.285637918745545,0,0,482,801,47,591,30,379,24,30
"360","2020-03-24",171,5,109,776,5612,0.285637918745545,0,0,482,801,73,664,38,417,47,38
"361","2020-03-25",182,5,114,809,5612,0.285637918745545,0,0,482,801,58,722,41,458,37,41
"362","2020-03-26",201,5,114,860,5612,0.285637918745545,0,0,482,801,69,791,32,490,40,32
"363","2020-03-27",209,5,141,892,5612,0.285637918745545,0,0,482,801,63,854,32,522,39,32
"364","2020-03-28",217,5,171,892,5612,0.285637918745545,0,0,482,801,56,910,28,550,29,28
"365","2020-03-29",231,5,168,907,5612,0.285637918745545,0,0,482,801,66,976,25,575,35,25
"366","2020-03-30",245,5,150,895,5612,0.285637918745545,0,0,482,801,65,1041,12,587,36,12
"367","2020-03-31",245,5,187,912,5612,0.285637918745545,0,0,482,801,72,1113,35,622,46,35
"368","2020-04-01",251,5,206,923,5612,0.285637918745545,0,0,482,801,66,1179,29,651,36,29
"369","2020-04-02",247,5,213,905,5612,0.285637918745545,0,0,482,801,61,1240,35,686,37,35
"370","2020-04-03",257,5,227,909,5612,0.285637918745545,0,0,482,801,81,1321,35,721,49,35
"371","2020-04-04",264,5,204,904,5612,0.285637918745545,0,0,482,801,55,1376,34,755,28,34
"372","2020-04-05",263,5,193,901,5612,0.285637918745545,0,0,482,801,65,1441,25,780,39,25
"373","2020-04-06",258,5,185,902,5612,0.285637918745545,0,0,482,801,56,1497,44,824,26,44
"374","2020-04-07",260,5,211,900,5612,0.285637918745545,0,0,482,801,59,1556,51,875,29,51
"375","2020-04-08",251,5,204,898,5612,0.285637918745545,0,0,482,801,59,1615,25,900,33,25
"376","2020-04-09",245,5,177,891,5612,0.285637918745545,0,0,482,801,60,1675,27,927,31,27
"377","2020-04-10",234,5,197,888,5612,0.285637918745545,0,0,482,801,75,1750,38,965,37,38
"378","2020-04-11",223,5,200,871,5612,0.285637918745545,0,0,482,801,48,1798,40,1005,21,40
"379","2020-04-12",221,5,180,864,5612,0.285637918745545,0,0,482,801,61,1859,27,1032,26,27
"380","2020-04-13",208,5,167,865,5612,0.285637918745545,0,0,482,801,55,1914,21,1053,22,21
"381","2020-04-14",211,5,151,840,5612,0.285637918745545,0,0,482,801,52,1966,31,1084,27,31
"382","2020-04-15",229,5,146,851,5612,0.285637918745545,0,0,482,801,63,2029,24,1108,24,24
"383","2020-04-16",230,5,133,847,5612,0.285637918745545,0,0,482,801,42,2071,38,1146,18,38
"384","2020-04-17",233,5,135,855,5612,0.285637918745545,0,0,482,801,53,2124,16,1162,24,16
"385","2020-04-18",235,5,151,866,5612,0.285637918745545,0,0,482,801,66,2190,33,1195,30,33
"386","2020-04-19",236,5,186,869,5612,0.285637918745545,0,0,482,801,48,2238,29,1224,14,29
"387","2020-04-20",252,5,176,887,5612,0.285637918745545,0,0,482,801,42,2280,22,1246,16,22
"388","2020-04-21",254,5,194,909,5612,0.285637918745545,0,0,482,801,51,2331,36,1282,30,36
"389","2020-04-22",249,5,215,907,5612,0.285637918745545,0,0,482,801,58,2389,20,1302,26,20
"390","2020-04-23",253,5,231,901,5612,0.285637918745545,0,0,482,801,59,2448,16,1318,24,16
"391","2020-04-24",249,5,224,884,5612,0.285637918745545,0,0,482,801,49,2497,26,1344,17,26
"392","2020-04-25",239,5,222,881,5612,0.285637918745545,0,0,482,801,59,2556,36,1380,28,36
"393","2020-04-26",233,5,208,865,5612,0.285637918745545,0,0,482,801,57,2613,24,1404,25,24
"394","2020-04-27",232,5,179,861,5612,0.285637918745545,0,0,482,801,54,2667,53,1457,21,53
"395","2020-04-28",227,5,195,832,5612,0.285637918745545,0,0,482,801,41,2708,48,1505,13,48
"396","2020-04-29",208,5,211,822,5612,0.285637918745545,0,0,482,801,40,2748,32,1537,21,32
"397","2020-04-30",200,5,206,797,5612,0.285637918745545,0,0,482,801,46,2794,29,1566,20,29
"398","2020-05-01",205,5,183,789,5612,0.285637918745545,0,0,482,801,53,2847,38,1604,21,38
"399","2020-05-02",202,5,167,751,5612,0.285637918745545,0,0,482,801,44,2891,29,1633,13,29
"400","2020-05-03",193,5,166,741,5612,0.285637918745545,0,0,482,801,35,2926,20,1653,12,20
"401","2020-05-04",184,5,160,716,5612,0.285637918745545,0,0,482,801,37,2963,26,1679,19,26
"402","2020-05-05",180,5,142,702,5612,0.285637918745545,0,0,482,801,34,2997,36,1715,12,36
"403","2020-05-06",185,5,161,681,5612,0.285637918745545,0,0,482,801,43,3040,28,1743,15,28
"404","2020-05-07",195,5,163,666,5612,0.285637918745545,0,0,482,801,42,3082,34,1777,18,34
"405","2020-05-08",180,5,195,647,5612,0.285637918745545,0,0,482,801,43,3125,25,1802,16,25
"406","2020-05-09",191,5,183,636,5612,0.285637918745545,0,0,482,801,46,3171,48,1850,18,48
"407","2020-05-10",208,5,175,612,5612,0.285637918745545,0,0,482,801,39,3210,25,1875,13,25
"408","2020-05-11",196,5,201,598,5612,0.285637918745545,0,0,482,801,44,3254,36,1911,19,36
"409","2020-05-12",188,5,219,594,5612,0.285637918745545,0,0,482,801,37,3291,44,1955,11,44
"410","2020-05-13",189,5,241,577,5612,0.285637918745545,0,0,482,801,46,3337,45,2000,20,45
"411","2020-05-14",178,5,251,563,5612,0.285637918745545,0,0,482,801,39,3376,42,2042,15,42
"412","2020-05-15",178,5,274,553,5612,0.285637918745545,0,0,482,801,33,3409,32,2074,13,32
"413","2020-05-16",166,5,240,538,5612,0.285637918745545,0,0,482,801,29,3438,31,2105,6,31
"414","2020-05-17",151,5,192,504,5612,0.285637918745545,0,0,482,801,28,3466,31,2136,11,31
"415","2020-05-18",152,5,189,467,5612,0.285637918745545,0,0,482,801,25,3491,23,2159,10,23
"416","2020-05-19",150,5,172,467,5612,0.285637918745545,0,0,482,801,40,3531,28,2187,17,28
"417","2020-05-20",145,5,156,443,5612,0.285637918745545,0,0,482,801,32,3563,48,2235,15,48
"418","2020-05-21",136,5,157,436,5612,0.285637918745545,0,0,482,801,24,3587,63,2298,8,63
"419","2020-05-22",133,5,180,417,5612,0.285637918745545,0,0,482,801,19,3606,56,2354,8,56
"420","2020-05-23",131,5,211,408,5612,0.285637918745545,0,0,482,801,27,3633,38,2392,6,38
"421","2020-05-24",132,5,211,391,5612,0.285637918745545,0,0,482,801,12,3645,37,2429,6,37
"422","2020-05-25",129,5,203,367,5612,0.285637918745545,0,0,482,801,27,3672,32,2461,13,32
"423","2020-05-26",130,5,177,353,5612,0.285637918745545,0,0,482,801,17,3689,26,2487,6,26
"424","2020-05-27",128,5,159,342,5612,0.285637918745545,0,0,482,801,16,3705,23,2510,6,23
"425","2020-05-28",117,5,158,326,5612,0.285637918745545,0,0,482,801,13,3718,22,2532,4,22
"426","2020-05-29",116,5,170,313,5612,0.285637918745545,0,0,482,801,16,3734,19,2551,5,19
"427","2020-05-30",109,5,172,320,5612,0.285637918745545,0,0,482,801,29,3763,24,2575,8,24
"428","2020-05-31",99,5,157,311,5612,0.285637918745545,0,0,482,801,25,3788,20,2595,13,20
"429","2020-06-01",99,5,159,297,5612,0.285637918745545,0,0,482,801,15,3803,24,2619,7,24
"430","2020-06-02",89,5,183,294,5612,0.285637918745545,0,0,482,801,27,3830,31,2650,10,31
"431","2020-06-03",84,5,186,289,5612,0.285637918745545,0,0,482,801,19,3849,25,2675,7,25
"432","2020-06-04",88,5,183,274,5612,0.285637918745545,0,0,482,801,14,3863,21,2696,6,21
"433","2020-06-05",79,5,179,256,5612,0.285637918745545,0,0,482,801,20,3883,41,2737,10,41
"434","2020-06-06",77,5,180,237,5612,0.285637918745545,0,0,482,801,19,3902,33,2770,9,33
"435","2020-06-07",68,5,167,219,5612,0.285637918745545,0,0,482,801,10,3912,51,2821,5,51
"436","2020-03-14",3,6,107,222,8753,0.848623329144293,0,0,804,1985,51,208,20,122,9,20
"437","2020-03-15",11,6,144,332,8753,0.848623329144293,0,0,804,1985,55,263,37,159,8,37
"438","2020-03-16",25,6,152,433,8753,0.848623329144293,0,0,804,1985,62,325,28,187,19,28
"439","2020-03-17",39,6,148,626,8753,0.848623329144293,0,0,804,1985,61,386,35,222,15,35
"440","2020-03-18",57,6,149,871,8753,0.848623329144293,0,0,804,1985,64,450,31,253,18,31
"441","2020-03-19",92,6,133,1139,8753,0.848623329144293,0,0,804,1985,82,532,21,274,24,21
"442","2020-03-20",126,6,137,1387,8753,0.848623329144293,0,0,804,1985,66,598,21,295,25,21
"443","2020-03-21",166,6,131,1732,8753,0.848623329144293,0,0,804,1985,79,677,50,345,25,50
"444","2020-03-22",227,6,114,2113,8753,0.848623329144293,0,0,804,1985,73,750,29,374,18,29
"445","2020-03-23",284,6,118,2538,8753,0.848623329144293,0,0,804,1985,63,813,27,401,15,27
"446","2020-03-24",373,6,174,2976,8753,0.848623329144293,0,0,804,1985,69,882,18,419,15,18
"447","2020-03-25",459,6,200,3452,8753,0.848623329144293,0,0,804,1985,67,949,13,432,14,13
"448","2020-03-26",546,6,227,3926,8753,0.848623329144293,0,0,804,1985,52,1001,25,457,16,25
"449","2020-03-27",692,6,236,4251,8753,0.848623329144293,0,0,804,1985,81,1082,16,473,18,16
"450","2020-03-28",825,6,236,4519,8753,0.848623329144293,0,0,804,1985,58,1140,14,487,10,14
"451","2020-03-29",931,6,235,4755,8753,0.848623329144293,0,0,804,1985,70,1210,35,522,21,35
"452","2020-03-30",1048,6,274,4830,8753,0.848623329144293,0,0,804,1985,78,1288,52,574,29,52
"453","2020-03-31",1139,6,288,4888,8753,0.848623329144293,0,0,804,1985,62,1350,30,604,19,30
"454","2020-04-01",1216,6,277,4785,8753,0.848623329144293,0,0,804,1985,89,1439,16,620,32,16
"455","2020-04-02",1314,6,251,4597,8753,0.848623329144293,0,0,804,1985,56,1495,15,635,19,15
"456","2020-04-03",1350,6,219,4402,8753,0.848623329144293,0,0,804,1985,94,1589,9,644,33,9
"457","2020-04-04",1365,6,214,4095,8753,0.848623329144293,0,0,804,1985,73,1662,22,666,18,22
"458","2020-04-05",1361,6,208,3750,8753,0.848623329144293,0,0,804,1985,76,1738,72,738,25,72
"459","2020-04-06",1328,6,214,3392,8753,0.848623329144293,0,0,804,1985,64,1802,42,780,14,42
"460","2020-04-07",1294,6,232,2949,8753,0.848623329144293,0,0,804,1985,80,1882,21,801,14,21
"461","2020-04-08",1247,6,248,2567,8753,0.848623329144293,0,0,804,1985,76,1958,19,820,14,19
"462","2020-04-09",1140,6,257,2207,8753,0.848623329144293,0,0,804,1985,79,2037,43,863,21,43
"463","2020-04-10",997,6,233,1860,8753,0.848623329144293,0,0,804,1985,74,2111,59,922,10,59
"464","2020-04-11",866,6,206,1553,8753,0.848623329144293,0,0,804,1985,57,2168,32,954,14,32
"465","2020-04-12",738,6,205,1326,8753,0.848623329144293,0,0,804,1985,59,2227,42,996,9,42
"466","2020-04-13",622,6,198,1106,8753,0.848623329144293,0,0,804,1985,65,2292,26,1022,14,26
"467","2020-04-14",497,6,194,914,8753,0.848623329144293,0,0,804,1985,54,2346,47,1069,12,47
"468","2020-04-15",400,6,177,740,8753,0.848623329144293,0,0,804,1985,65,2411,21,1090,10,21
"469","2020-04-16",317,6,182,607,8753,0.848623329144293,0,0,804,1985,63,2474,20,1110,11,20
"470","2020-04-17",269,6,213,491,8753,0.848623329144293,0,0,804,1985,84,2558,20,1130,18,20
"471","2020-04-18",229,6,227,407,8753,0.848623329144293,0,0,804,1985,67,2625,17,1147,15,17
"472","2020-04-19",197,6,266,338,8753,0.848623329144293,0,0,804,1985,74,2699,44,1191,17,44
"473","2020-04-20",173,6,252,272,8753,0.848623329144293,0,0,804,1985,72,2771,31,1222,15,31
"474","2020-04-21",145,6,242,229,8753,0.848623329144293,0,0,804,1985,72,2843,33,1255,12,33
"475","2020-04-22",116,6,223,179,8753,0.848623329144293,0,0,804,1985,65,2908,50,1305,9,50
"476","2020-04-23",91,6,210,149,8753,0.848623329144293,0,0,804,1985,64,2972,34,1339,7,34
"477","2020-04-24",72,6,195,129,8753,0.848623329144293,0,0,804,1985,63,3035,14,1353,8,14
"478","2020-04-25",56,6,254,107,8753,0.848623329144293,0,0,804,1985,67,3102,15,1368,12,15
"479","2020-04-26",49,6,247,99,8753,0.848623329144293,0,0,804,1985,72,3174,8,1376,7,8
"480","2020-04-27",34,6,246,80,8753,0.848623329144293,0,0,804,1985,70,3244,12,1388,15,12
"481","2020-04-28",28,6,244,67,8753,0.848623329144293,0,0,804,1985,54,3298,13,1401,11,13
"482","2020-04-29",24,6,278,61,8753,0.848623329144293,0,0,804,1985,58,3356,51,1452,13,51
"483","2020-04-30",24,6,270,49,8753,0.848623329144293,0,0,804,1985,60,3416,62,1514,15,62
"484","2020-05-01",20,6,288,45,8753,0.848623329144293,0,0,804,1985,50,3466,24,1538,5,24
"485","2020-05-02",18,6,275,42,8753,0.848623329144293,0,0,804,1985,55,3521,25,1563,11,25
"486","2020-05-03",14,6,253,41,8753,0.848623329144293,0,0,804,1985,62,3583,16,1579,11,16
"487","2020-05-04",14,6,233,43,8753,0.848623329144293,0,0,804,1985,82,3665,7,1586,15,7
"488","2020-05-05",16,6,233,39,8753,0.848623329144293,0,0,804,1985,49,3714,11,1597,15,11
"489","2020-05-06",13,6,219,37,8753,0.848623329144293,0,0,804,1985,51,3765,35,1632,9,35
"490","2020-05-07",10,6,208,36,8753,0.848623329144293,0,0,804,1985,57,3822,36,1668,11,36
"491","2020-05-08",11,6,211,33,8753,0.848623329144293,0,0,804,1985,51,3873,16,1684,6,16
"492","2020-05-09",10,6,192,32,8753,0.848623329144293,0,0,804,1985,45,3918,17,1701,6,17
"493","2020-05-10",11,6,197,34,8753,0.848623329144293,0,0,804,1985,46,3964,16,1717,3,16
"494","2020-05-11",12,6,210,35,8753,0.848623329144293,0,0,804,1985,44,4008,25,1742,3,25
"495","2020-05-12",9,6,198,38,8753,0.848623329144293,0,0,804,1985,40,4048,10,1752,4,10
"496","2020-05-13",11,6,196,35,8753,0.848623329144293,0,0,804,1985,58,4106,41,1793,12,41
"497","2020-05-14",11,6,225,35,8753,0.848623329144293,0,0,804,1985,46,4152,58,1851,15,58
"498","2020-05-15",9,6,234,33,8753,0.848623329144293,0,0,804,1985,46,4198,65,1916,8,65
"499","2020-05-16",9,6,246,32,8753,0.848623329144293,0,0,804,1985,38,4236,39,1955,14,39
"500","2020-05-17",8,6,237,29,8753,0.848623329144293,0,0,804,1985,36,4272,75,2030,5,75
"501","2020-05-18",8,6,222,24,8753,0.848623329144293,0,0,804,1985,31,4303,58,2088,8,58
"502","2020-05-19",8,6,259,21,8753,0.848623329144293,0,0,804,1985,39,4342,45,2133,9,45
"503","2020-05-20",7,6,263,23,8753,0.848623329144293,0,0,804,1985,36,4378,44,2177,7,44
"504","2020-05-21",6,6,229,21,8753,0.848623329144293,0,0,804,1985,40,4418,28,2205,4,28
"505","2020-05-22",5,6,223,18,8753,0.848623329144293,0,0,804,1985,35,4453,30,2235,6,30
"506","2020-05-23",4,6,250,16,8753,0.848623329144293,0,0,804,1985,25,4478,30,2265,3,30
"507","2020-05-24",6,6,253,15,8753,0.848623329144293,0,0,804,1985,27,4505,22,2287,3,22
"508","2020-05-25",5,6,244,16,8753,0.848623329144293,0,0,804,1985,22,4527,14,2301,1,14
"509","2020-05-26",6,6,237,16,8753,0.848623329144293,0,0,804,1985,33,4560,19,2320,7,19
"510","2020-05-27",5,6,230,15,8753,0.848623329144293,0,0,804,1985,20,4580,50,2370,3,50
"511","2020-05-28",5,6,251,15,8753,0.848623329144293,0,0,804,1985,28,4608,44,2414,7,44
"512","2020-05-29",7,6,285,16,8753,0.848623329144293,0,0,804,1985,26,4634,44,2458,4,44
"513","2020-05-30",7,6,280,17,8753,0.848623329144293,0,0,804,1985,25,4659,18,2476,4,18
"514","2020-05-31",5,6,253,18,8753,0.848623329144293,0,0,804,1985,20,4679,21,2497,4,21
"515","2020-06-01",5,6,235,17,8753,0.848623329144293,0,0,804,1985,15,4694,8,2505,1,8
"516","2020-06-02",4,6,208,18,8753,0.848623329144293,0,0,804,1985,18,4712,9,2514,NA,9
"517","2020-06-03",3,6,226,15,8753,0.848623329144293,0,0,804,1985,28,4740,5,2519,7,5
"518","2020-06-04",2,6,218,15,8753,0.848623329144293,0,0,804,1985,20,4760,13,2532,2,13
"519","2020-06-05",1,6,203,9,8753,0.848623329144293,0,0,804,1985,14,4774,20,2552,2,20
"520","2020-06-06",1,6,216,8,8753,0.848623329144293,0,0,804,1985,18,4792,11,2563,3,11
"521","2020-06-07",1,6,208,9,8753,0.848623329144293,0,0,804,1985,12,4804,16,2579,6,16
"522","2020-03-13",3,7,72,278,7667,0.183383331159515,0,0,625,803,43,98,64,167,5,64
"523","2020-03-14",5,7,93,374,7667,0.183383331159515,0,0,625,803,32,130,48,215,10,48
"524","2020-03-15",30,7,112,490,7667,0.183383331159515,0,0,625,803,37,167,52,267,17,52
"525","2020-03-16",50,7,125,604,7667,0.183383331159515,0,0,625,803,33,200,31,298,14,31
"526","2020-03-17",72,7,126,716,7667,0.183383331159515,0,0,625,803,42,242,41,339,12,41
"527","2020-03-18",105,7,144,832,7667,0.183383331159515,0,0,625,803,33,275,25,364,15,25
"528","2020-03-19",141,7,134,927,7667,0.183383331159515,0,0,625,803,61,336,18,382,35,18
"529","2020-03-20",174,7,140,997,7667,0.183383331159515,0,0,625,803,42,378,27,409,23,27
"530","2020-03-21",213,7,137,1083,7667,0.183383331159515,0,0,625,803,51,429,47,456,28,47
"531","2020-03-22",244,7,122,1163,7667,0.183383331159515,0,0,625,803,56,485,31,487,25,31
"532","2020-03-23",290,7,118,1219,7667,0.183383331159515,0,0,625,803,51,536,25,512,20,25
"533","2020-03-24",316,7,141,1284,7667,0.183383331159515,0,0,625,803,47,583,31,543,18,31
"534","2020-03-25",333,7,181,1295,7667,0.183383331159515,0,0,625,803,57,640,26,569,31,26
"535","2020-03-26",336,7,184,1313,7667,0.183383331159515,0,0,625,803,60,700,30,599,29,30
"536","2020-03-27",345,7,191,1322,7667,0.183383331159515,0,0,625,803,57,757,41,640,30,41
"537","2020-03-28",356,7,181,1332,7667,0.183383331159515,0,0,625,803,54,811,32,672,31,32
"538","2020-03-29",352,7,166,1345,7667,0.183383331159515,0,0,625,803,54,865,24,696,24,24
"539","2020-03-30",350,7,158,1327,7667,0.183383331159515,0,0,625,803,57,922,34,730,34,34
"540","2020-03-31",349,7,192,1311,7667,0.183383331159515,0,0,625,803,67,989,20,750,34,20
"541","2020-04-01",345,7,230,1316,7667,0.183383331159515,0,0,625,803,46,1035,12,762,27,12
"542","2020-04-02",351,7,218,1315,7667,0.183383331159515,0,0,625,803,58,1093,5,767,28,5
"543","2020-04-03",367,7,222,1304,7667,0.183383331159515,0,0,625,803,59,1152,5,772,29,5
"544","2020-04-04",371,7,226,1289,7667,0.183383331159515,0,0,625,803,63,1215,4,776,34,4
"545","2020-04-05",377,7,236,1280,7667,0.183383331159515,0,0,625,803,61,1276,4,780,35,4
"546","2020-04-06",353,7,242,1288,7667,0.183383331159515,0,0,625,803,59,1335,12,792,30,12
"547","2020-04-07",348,7,266,1248,7667,0.183383331159515,0,0,625,803,76,1411,31,823,45,31
"548","2020-04-08",350,7,258,1254,7667,0.183383331159515,0,0,625,803,54,1465,46,869,29,46
"549","2020-04-09",359,7,252,1235,7667,0.183383331159515,0,0,625,803,61,1526,60,929,34,60
"550","2020-04-10",338,7,247,1236,7667,0.183383331159515,0,0,625,803,59,1585,31,960,34,31
"551","2020-04-11",335,7,259,1250,7667,0.183383331159515,0,0,625,803,53,1638,12,972,30,12
"552","2020-04-12",325,7,276,1257,7667,0.183383331159515,0,0,625,803,55,1693,7,979,25,7
"553","2020-04-13",331,7,268,1231,7667,0.183383331159515,0,0,625,803,60,1753,18,997,30,18
"554","2020-04-14",334,7,261,1215,7667,0.183383331159515,0,0,625,803,53,1806,21,1018,22,21
"555","2020-04-15",337,7,246,1200,7667,0.183383331159515,0,0,625,803,69,1875,12,1030,28,12
"556","2020-04-16",335,7,206,1182,7667,0.183383331159515,0,0,625,803,52,1927,18,1048,19,18
"557","2020-04-17",335,7,198,1198,7667,0.183383331159515,0,0,625,803,60,1987,39,1087,38,39
"558","2020-04-18",323,7,174,1157,7667,0.183383331159515,0,0,625,803,70,2057,83,1170,42,83
"559","2020-04-19",312,7,177,1147,7667,0.183383331159515,0,0,625,803,63,2120,53,1223,35,53
"560","2020-04-20",308,7,196,1132,7667,0.183383331159515,0,0,625,803,67,2187,16,1239,32,16
"561","2020-04-21",311,7,236,1106,7667,0.183383331159515,0,0,625,803,59,2246,14,1253,31,14
"562","2020-04-22",300,7,250,1078,7667,0.183383331159515,0,0,625,803,63,2309,16,1269,32,16
"563","2020-04-23",291,7,288,1053,7667,0.183383331159515,0,0,625,803,62,2371,10,1279,30,10
"564","2020-04-24",287,7,281,1032,7667,0.183383331159515,0,0,625,803,60,2431,11,1290,26,11
"565","2020-04-25",299,7,247,1028,7667,0.183383331159515,0,0,625,803,61,2492,8,1298,24,8
"566","2020-04-26",300,7,236,1009,7667,0.183383331159515,0,0,625,803,73,2565,4,1302,36,4
"567","2020-04-27",290,7,247,978,7667,0.183383331159515,0,0,625,803,49,2614,8,1310,22,8
"568","2020-04-28",278,7,230,955,7667,0.183383331159515,0,0,625,803,42,2656,6,1316,14,6
"569","2020-04-29",273,7,211,941,7667,0.183383331159515,0,0,625,803,53,2709,12,1328,29,12
"570","2020-04-30",256,7,186,915,7667,0.183383331159515,0,0,625,803,48,2757,26,1354,24,26
"571","2020-05-01",267,7,172,889,7667,0.183383331159515,0,0,625,803,47,2804,19,1373,22,19
"572","2020-05-02",248,7,191,854,7667,0.183383331159515,0,0,625,803,56,2860,8,1381,28,8
"573","2020-05-03",246,7,193,834,7667,0.183383331159515,0,0,625,803,50,2910,5,1386,22,5
"574","2020-05-04",236,7,211,826,7667,0.183383331159515,0,0,625,803,48,2958,12,1398,25,12
"575","2020-05-05",237,7,242,810,7667,0.183383331159515,0,0,625,803,52,3010,8,1406,25,8
"576","2020-05-06",218,7,243,780,7667,0.183383331159515,0,0,625,803,44,3054,5,1411,21,5
"577","2020-05-07",219,7,225,777,7667,0.183383331159515,0,0,625,803,53,3107,18,1429,29,18
"578","2020-05-08",196,7,238,763,7667,0.183383331159515,0,0,625,803,31,3138,31,1460,14,31
"579","2020-05-09",184,7,267,727,7667,0.183383331159515,0,0,625,803,35,3173,6,1466,14,6
"580","2020-05-10",180,7,290,744,7667,0.183383331159515,0,0,625,803,38,3211,42,1508,15,42
"581","2020-05-11",184,7,269,711,7667,0.183383331159515,0,0,625,803,45,3256,31,1539,22,31
"582","2020-05-12",166,7,265,700,7667,0.183383331159515,0,0,625,803,44,3300,15,1554,21,15
"583","2020-05-13",183,7,237,679,7667,0.183383331159515,0,0,625,803,35,3335,11,1565,18,11
"584","2020-05-14",175,7,218,647,7667,0.183383331159515,0,0,625,803,29,3364,16,1581,17,16
"585","2020-05-15",175,7,225,617,7667,0.183383331159515,0,0,625,803,42,3406,24,1605,23,24
"586","2020-05-16",175,7,222,601,7667,0.183383331159515,0,0,625,803,40,3446,36,1641,11,36
"587","2020-05-17",171,7,191,584,7667,0.183383331159515,0,0,625,803,36,3482,25,1666,19,25
"588","2020-05-18",166,7,172,559,7667,0.183383331159515,0,0,625,803,24,3506,15,1681,10,15
"589","2020-05-19",177,7,195,522,7667,0.183383331159515,0,0,625,803,37,3543,14,1695,19,14
"590","2020-05-20",159,7,193,508,7667,0.183383331159515,0,0,625,803,37,3580,15,1710,21,15
"591","2020-05-21",155,7,181,484,7667,0.183383331159515,0,0,625,803,28,3608,21,1731,12,21
"592","2020-05-22",144,7,170,456,7667,0.183383331159515,0,0,625,803,33,3641,24,1755,21,24
"593","2020-05-23",139,7,154,426,7667,0.183383331159515,0,0,625,803,40,3681,35,1790,24,35
"594","2020-05-24",131,7,160,417,7667,0.183383331159515,0,0,625,803,29,3710,19,1809,17,19
"595","2020-05-25",129,7,176,395,7667,0.183383331159515,0,0,625,803,29,3739,56,1865,20,56
"596","2020-05-26",108,7,172,382,7667,0.183383331159515,0,0,625,803,25,3764,37,1902,17,37
"597","2020-05-27",109,7,175,363,7667,0.183383331159515,0,0,625,803,23,3787,30,1932,12,30
"598","2020-05-28",107,7,157,344,7667,0.183383331159515,0,0,625,803,18,3805,26,1958,12,26
"599","2020-05-29",113,7,171,325,7667,0.183383331159515,0,0,625,803,14,3819,17,1975,9,17
"600","2020-05-30",113,7,147,309,7667,0.183383331159515,0,0,625,803,23,3842,15,1990,12,15
"601","2020-05-31",103,7,144,301,7667,0.183383331159515,0,0,625,803,22,3864,12,2002,10,12
"602","2020-06-01",95,7,147,280,7667,0.183383331159515,0,0,625,803,26,3890,8,2010,12,8
"603","2020-06-02",93,7,141,261,7667,0.183383331159515,0,0,625,803,22,3912,5,2015,7,5
"604","2020-06-03",89,7,130,235,7667,0.183383331159515,0,0,625,803,23,3935,22,2037,13,22
"605","2020-06-04",86,7,143,229,7667,0.183383331159515,0,0,625,803,15,3950,16,2053,6,16
"606","2020-06-05",75,7,130,215,7667,0.183383331159515,0,0,625,803,22,3972,36,2089,8,36
"607","2020-06-06",64,7,130,204,7667,0.183383331159515,0,0,625,803,18,3990,65,2154,11,65
"608","2020-06-07",62,7,116,192,7667,0.183383331159515,0,0,625,803,17,4007,58,2212,13,58
"609","2020-03-13",2,8,209,191,6645,0.290293453724605,0,0,557,1347,58,152,2,21,7,2
"610","2020-03-14",6,8,259,263,6645,0.290293453724605,0,0,557,1347,53,205,5,26,7,5
"611","2020-03-15",13,8,250,349,6645,0.290293453724605,0,0,557,1347,72,277,29,55,10,29
"612","2020-03-16",23,8,236,431,6645,0.290293453724605,0,0,557,1347,73,350,14,69,17,14
"613","2020-03-17",41,8,240,521,6645,0.290293453724605,0,0,557,1347,69,419,39,108,17,39
"614","2020-03-18",60,8,261,604,6645,0.290293453724605,0,0,557,1347,61,480,32,140,19,32
"615","2020-03-19",94,8,272,679,6645,0.290293453724605,0,0,557,1347,65,545,45,185,17,45
"616","2020-03-20",118,8,278,758,6645,0.290293453724605,0,0,557,1347,63,608,51,236,16,51
"617","2020-03-21",144,8,257,818,6645,0.290293453724605,0,0,557,1347,66,674,26,262,11,26
"618","2020-03-22",163,8,238,866,6645,0.290293453724605,0,0,557,1347,62,736,37,299,15,37
"619","2020-03-23",184,8,219,931,6645,0.290293453724605,0,0,557,1347,63,799,46,345,12,46
"620","2020-03-24",211,8,276,985,6645,0.290293453724605,0,0,557,1347,66,865,33,378,8,33
"621","2020-03-25",229,8,286,1030,6645,0.290293453724605,0,0,557,1347,70,935,50,428,16,50
"622","2020-03-26",230,8,306,1059,6645,0.290293453724605,0,0,557,1347,62,997,33,461,9,33
"623","2020-03-27",252,8,289,1097,6645,0.290293453724605,0,0,557,1347,64,1061,22,483,15,22
"624","2020-03-28",273,8,273,1097,6645,0.290293453724605,0,0,557,1347,71,1132,10,493,19,10
"625","2020-03-29",283,8,277,1110,6645,0.290293453724605,0,0,557,1347,59,1191,20,513,12,20
"626","2020-03-30",292,8,314,1127,6645,0.290293453724605,0,0,557,1347,62,1253,13,526,14,13
"627","2020-03-31",299,8,284,1132,6645,0.290293453724605,0,0,557,1347,70,1323,11,537,15,11
"628","2020-04-01",297,8,286,1129,6645,0.290293453724605,0,0,557,1347,81,1404,46,583,21,46
"629","2020-04-02",301,8,295,1159,6645,0.290293453724605,0,0,557,1347,64,1468,51,634,13,51
"630","2020-04-03",308,8,291,1151,6645,0.290293453724605,0,0,557,1347,60,1528,38,672,12,38
"631","2020-04-04",306,8,274,1147,6645,0.290293453724605,0,0,557,1347,64,1592,28,700,13,28
"632","2020-04-05",322,8,259,1140,6645,0.290293453724605,0,0,557,1347,65,1657,47,747,21,47
"633","2020-04-06",320,8,265,1145,6645,0.290293453724605,0,0,557,1347,66,1723,28,775,12,28
"634","2020-04-07",314,8,263,1137,6645,0.290293453724605,0,0,557,1347,67,1790,58,833,8,58
"635","2020-04-08",317,8,259,1099,6645,0.290293453724605,0,0,557,1347,63,1853,39,872,9,39
"636","2020-04-09",324,8,239,1103,6645,0.290293453724605,0,0,557,1347,77,1930,40,912,13,40
"637","2020-04-10",325,8,266,1095,6645,0.290293453724605,0,0,557,1347,57,1987,32,944,11,32
"638","2020-04-11",311,8,276,1091,6645,0.290293453724605,0,0,557,1347,76,2063,45,989,15,45
"639","2020-04-12",296,8,343,1101,6645,0.290293453724605,0,0,557,1347,68,2131,71,1060,15,71
"640","2020-04-13",308,8,360,1115,6645,0.290293453724605,0,0,557,1347,80,2211,39,1099,14,39
"641","2020-04-14",305,8,364,1105,6645,0.290293453724605,0,0,557,1347,76,2287,55,1154,16,55
"642","2020-04-15",308,8,329,1103,6645,0.290293453724605,0,0,557,1347,69,2356,39,1193,15,39
"643","2020-04-16",300,8,334,1072,6645,0.290293453724605,0,0,557,1347,58,2414,28,1221,9,28
"644","2020-04-17",278,8,380,1072,6645,0.290293453724605,0,0,557,1347,63,2477,37,1258,15,37
"645","2020-04-18",279,8,354,1065,6645,0.290293453724605,0,0,557,1347,62,2539,17,1275,5,17
"646","2020-04-19",285,8,361,1057,6645,0.290293453724605,0,0,557,1347,62,2601,26,1301,13,26
"647","2020-04-20",271,8,362,1035,6645,0.290293453724605,0,0,557,1347,74,2675,42,1343,5,42
"648","2020-04-21",266,8,338,1015,6645,0.290293453724605,0,0,557,1347,68,2743,39,1382,12,39
"649","2020-04-22",266,8,316,995,6645,0.290293453724605,0,0,557,1347,89,2832,70,1452,16,70
"650","2020-04-23",269,8,309,986,6645,0.290293453724605,0,0,557,1347,67,2899,43,1495,14,43
"651","2020-04-24",273,8,300,966,6645,0.290293453724605,0,0,557,1347,70,2969,49,1544,11,49
"652","2020-04-25",281,8,277,933,6645,0.290293453724605,0,0,557,1347,60,3029,25,1569,11,25
"653","2020-04-26",277,8,278,941,6645,0.290293453724605,0,0,557,1347,48,3077,30,1599,7,30
"654","2020-04-27",269,8,291,925,6645,0.290293453724605,0,0,557,1347,63,3140,52,1651,15,52
"655","2020-04-28",264,8,281,915,6645,0.290293453724605,0,0,557,1347,77,3217,23,1674,9,23
"656","2020-04-29",264,8,317,918,6645,0.290293453724605,0,0,557,1347,58,3275,24,1698,15,24
"657","2020-04-30",258,8,331,880,6645,0.290293453724605,0,0,557,1347,62,3337,39,1737,17,39
"658","2020-05-01",250,8,316,835,6645,0.290293453724605,0,0,557,1347,60,3397,34,1771,16,34
"659","2020-05-02",234,8,303,822,6645,0.290293453724605,0,0,557,1347,44,3441,21,1792,8,21
"660","2020-05-03",218,8,325,826,6645,0.290293453724605,0,0,557,1347,64,3505,42,1834,14,42
"661","2020-05-04",217,8,346,807,6645,0.290293453724605,0,0,557,1347,66,3571,33,1867,12,33
"662","2020-05-05",210,8,344,786,6645,0.290293453724605,0,0,557,1347,57,3628,37,1904,14,37
"663","2020-05-06",197,8,338,750,6645,0.290293453724605,0,0,557,1347,48,3676,43,1947,9,43
"664","2020-05-07",187,8,345,715,6645,0.290293453724605,0,0,557,1347,62,3738,30,1977,15,30
"665","2020-05-08",181,8,347,706,6645,0.290293453724605,0,0,557,1347,53,3791,17,1994,15,17
"666","2020-05-09",178,8,346,696,6645,0.290293453724605,0,0,557,1347,41,3832,17,2011,8,17
"667","2020-05-10",170,8,338,682,6645,0.290293453724605,0,0,557,1347,49,3881,50,2061,10,50
"668","2020-05-11",179,8,324,644,6645,0.290293453724605,0,0,557,1347,62,3943,34,2095,5,34
"669","2020-05-12",176,8,326,609,6645,0.290293453724605,0,0,557,1347,38,3981,50,2145,6,50
"670","2020-05-13",172,8,314,597,6645,0.290293453724605,0,0,557,1347,50,4031,30,2175,7,30
"671","2020-05-14",173,8,301,580,6645,0.290293453724605,0,0,557,1347,41,4072,23,2198,7,23
"672","2020-05-15",176,8,281,559,6645,0.290293453724605,0,0,557,1347,40,4112,26,2224,6,26
"673","2020-05-16",168,8,269,525,6645,0.290293453724605,0,0,557,1347,31,4143,12,2236,4,12
"674","2020-05-17",177,8,278,509,6645,0.290293453724605,0,0,557,1347,47,4190,40,2276,7,40
"675","2020-05-18",159,8,289,489,6645,0.290293453724605,0,0,557,1347,31,4221,42,2318,2,42
"676","2020-05-19",150,8,276,479,6645,0.290293453724605,0,0,557,1347,31,4252,44,2362,5,44
"677","2020-05-20",143,8,272,467,6645,0.290293453724605,0,0,557,1347,30,4282,26,2388,5,26
"678","2020-05-21",134,8,295,445,6645,0.290293453724605,0,0,557,1347,34,4316,16,2404,8,16
"679","2020-05-22",125,8,321,422,6645,0.290293453724605,0,0,557,1347,34,4350,11,2415,4,11
"680","2020-05-23",125,8,347,417,6645,0.290293453724605,0,0,557,1347,32,4382,7,2422,4,7
"681","2020-05-24",120,8,333,406,6645,0.290293453724605,0,0,557,1347,29,4411,5,2427,7,5
"682","2020-05-25",114,8,329,405,6645,0.290293453724605,0,0,557,1347,20,4431,43,2470,6,43
"683","2020-05-26",113,8,312,385,6645,0.290293453724605,0,0,557,1347,21,4452,34,2504,1,34
"684","2020-05-27",110,8,310,370,6645,0.290293453724605,0,0,557,1347,22,4474,17,2521,5,17
"685","2020-05-28",103,8,309,367,6645,0.290293453724605,0,0,557,1347,28,4502,11,2532,5,11
"686","2020-05-29",100,8,319,346,6645,0.290293453724605,0,0,557,1347,28,4530,10,2542,5,10
"687","2020-05-30",93,8,307,329,6645,0.290293453724605,0,0,557,1347,25,4555,11,2553,2,11
"688","2020-05-31",85,8,302,317,6645,0.290293453724605,0,0,557,1347,24,4579,11,2564,4,11
"689","2020-06-01",81,8,277,303,6645,0.290293453724605,0,0,557,1347,36,4615,13,2577,9,13
"690","2020-06-02",79,8,289,293,6645,0.290293453724605,0,0,557,1347,19,4634,5,2582,5,5
"691","2020-06-03",74,8,307,280,6645,0.290293453724605,0,0,557,1347,23,4657,5,2587,5,5
"692","2020-06-04",73,8,309,260,6645,0.290293453724605,0,0,557,1347,21,4678,33,2620,5,33
"693","2020-06-05",67,8,303,241,6645,0.290293453724605,0,0,557,1347,16,4694,58,2678,NA,58
"694","2020-06-06",67,8,289,227,6645,0.290293453724605,0,0,557,1347,21,4715,31,2709,2,31
"695","2020-06-07",65,8,284,214,6645,0.290293453724605,0,0,557,1347,23,4738,24,2733,6,24
"696","2020-03-14",2,9,115,69,7797,0.940874695395665,0,0,721,1089,32,100,75,250,24,75
"697","2020-03-15",3,9,120,106,7797,0.940874695395665,0,0,721,1089,44,144,78,328,29,78
"698","2020-03-16",5,9,114,153,7797,0.940874695395665,0,0,721,1089,42,186,46,374,31,46
"699","2020-03-17",9,9,105,197,7797,0.940874695395665,0,0,721,1089,45,231,76,450,31,76
"700","2020-03-18",15,9,154,261,7797,0.940874695395665,0,0,721,1089,55,286,62,512,40,62
"701","2020-03-19",26,9,159,307,7797,0.940874695395665,0,0,721,1089,45,331,71,583,35,71
"702","2020-03-20",36,9,225,398,7797,0.940874695395665,0,0,721,1089,52,383,44,627,43,44
"703","2020-03-21",50,9,263,521,7797,0.940874695395665,0,0,721,1089,63,446,50,677,47,50
"704","2020-03-22",62,9,269,676,7797,0.940874695395665,0,0,721,1089,62,508,21,698,55,21
"705","2020-03-23",83,9,250,928,7797,0.940874695395665,0,0,721,1089,64,572,10,708,54,10
"706","2020-03-24",110,9,233,1122,7797,0.940874695395665,0,0,721,1089,71,643,18,726,61,18
"707","2020-03-25",136,9,203,1316,7797,0.940874695395665,0,0,721,1089,75,718,8,734,64,8
"708","2020-03-26",175,9,191,1569,7797,0.940874695395665,0,0,721,1089,85,803,6,740,74,6
"709","2020-03-27",217,9,195,1868,7797,0.940874695395665,0,0,721,1089,99,902,13,753,89,13
"710","2020-03-28",259,9,196,2205,7797,0.940874695395665,0,0,721,1089,89,991,6,759,77,6
"711","2020-03-29",321,9,193,2499,7797,0.940874695395665,0,0,721,1089,63,1054,20,779,53,20
"712","2020-03-30",386,9,241,2831,7797,0.940874695395665,0,0,721,1089,122,1176,36,815,108,36
"713","2020-03-31",446,9,260,3126,7797,0.940874695395665,0,0,721,1089,95,1271,27,842,88,27
"714","2020-04-01",546,9,231,3412,7797,0.940874695395665,0,0,721,1089,88,1359,16,858,76,16
"715","2020-04-02",635,9,220,3590,7797,0.940874695395665,0,0,721,1089,91,1450,9,867,79,9
"716","2020-04-03",731,9,193,3862,7797,0.940874695395665,0,0,721,1089,100,1550,31,898,90,31
"717","2020-04-04",825,9,180,3943,7797,0.940874695395665,0,0,721,1089,109,1659,48,946,99,48
"718","2020-04-05",935,9,171,4017,7797,0.940874695395665,0,0,721,1089,96,1755,24,970,84,24
"719","2020-04-06",1015,9,169,3971,7797,0.940874695395665,0,0,721,1089,119,1874,21,991,103,21
"720","2020-04-07",1091,9,167,3938,7797,0.940874695395665,0,0,721,1089,91,1965,30,1021,82,30
"721","2020-04-08",1127,9,149,3773,7797,0.940874695395665,0,0,721,1089,113,2078,28,1049,98,28
"722","2020-04-09",1150,9,157,3575,7797,0.940874695395665,0,0,721,1089,119,2197,24,1073,107,24
"723","2020-04-10",1160,9,168,3369,7797,0.940874695395665,0,0,721,1089,90,2287,39,1112,80,39
"724","2020-04-11",1148,9,172,3092,7797,0.940874695395665,0,0,721,1089,116,2403,21,1133,106,21
"725","2020-04-12",1094,9,170,2806,7797,0.940874695395665,0,0,721,1089,95,2498,16,1149,79,16
"726","2020-04-13",1035,9,170,2494,7797,0.940874695395665,0,0,721,1089,128,2626,10,1159,122,10
"727","2020-04-14",987,9,184,2198,7797,0.940874695395665,0,0,721,1089,99,2725,14,1173,85,14
"728","2020-04-15",909,9,185,1907,7797,0.940874695395665,0,0,721,1089,98,2823,52,1225,88,52
"729","2020-04-16",825,9,188,1652,7797,0.940874695395665,0,0,721,1089,107,2930,33,1258,90,33
"730","2020-04-17",732,9,185,1433,7797,0.940874695395665,0,0,721,1089,89,3019,29,1287,78,29
"731","2020-04-18",641,9,235,1232,7797,0.940874695395665,0,0,721,1089,86,3105,17,1304,72,17
"732","2020-04-19",546,9,302,1044,7797,0.940874695395665,0,0,721,1089,81,3186,16,1320,69,16
"733","2020-04-20",481,9,319,874,7797,0.940874695395665,0,0,721,1089,88,3274,16,1336,78,16
"734","2020-04-21",402,9,330,732,7797,0.940874695395665,0,0,721,1089,117,3391,16,1352,105,16
"735","2020-04-22",338,9,292,607,7797,0.940874695395665,0,0,721,1089,101,3492,31,1383,84,31
"736","2020-04-23",284,9,267,491,7797,0.940874695395665,0,0,721,1089,77,3569,18,1401,68,18
"737","2020-04-24",242,9,247,421,7797,0.940874695395665,0,0,721,1089,75,3644,26,1427,61,26
"738","2020-04-25",208,9,245,356,7797,0.940874695395665,0,0,721,1089,62,3706,19,1446,55,19
"739","2020-04-26",188,9,231,305,7797,0.940874695395665,0,0,721,1089,70,3776,54,1500,63,54
"740","2020-04-27",155,9,217,245,7797,0.940874695395665,0,0,721,1089,81,3857,38,1538,72,38
"741","2020-04-28",128,9,187,212,7797,0.940874695395665,0,0,721,1089,61,3918,37,1575,52,37
"742","2020-04-29",115,9,173,173,7797,0.940874695395665,0,0,721,1089,61,3979,20,1595,55,20
"743","2020-04-30",98,9,168,152,7797,0.940874695395665,0,0,721,1089,60,4039,17,1612,53,17
"744","2020-05-01",81,9,163,123,7797,0.940874695395665,0,0,721,1089,48,4087,13,1625,40,13
"745","2020-05-02",69,9,209,109,7797,0.940874695395665,0,0,721,1089,52,4139,18,1643,40,18
"746","2020-05-03",56,9,220,97,7797,0.940874695395665,0,0,721,1089,49,4188,41,1684,40,41
"747","2020-05-04",51,9,245,85,7797,0.940874695395665,0,0,721,1089,34,4222,37,1721,29,37
"748","2020-05-05",46,9,270,77,7797,0.940874695395665,0,0,721,1089,51,4273,19,1740,39,19
"749","2020-05-06",40,9,254,79,7797,0.940874695395665,0,0,721,1089,49,4322,31,1771,39,31
"750","2020-05-07",35,9,232,72,7797,0.940874695395665,0,0,721,1089,47,4369,21,1792,36,21
"751","2020-05-08",30,9,206,65,7797,0.940874695395665,0,0,721,1089,32,4401,15,1807,28,15
"752","2020-05-09",30,9,197,60,7797,0.940874695395665,0,0,721,1089,37,4438,31,1838,26,31
"753","2020-05-10",27,9,256,60,7797,0.940874695395665,0,0,721,1089,32,4470,50,1888,26,50
"754","2020-05-11",23,9,253,53,7797,0.940874695395665,0,0,721,1089,42,4512,40,1928,33,40
"755","2020-05-12",16,9,233,51,7797,0.940874695395665,0,0,721,1089,35,4547,29,1957,26,29
"756","2020-05-13",11,9,259,48,7797,0.940874695395665,0,0,721,1089,22,4569,71,2028,19,71
"757","2020-05-14",11,9,266,44,7797,0.940874695395665,0,0,721,1089,37,4606,36,2064,31,36
"758","2020-05-15",11,9,249,45,7797,0.940874695395665,0,0,721,1089,31,4637,7,2071,26,7
"759","2020-05-16",9,9,236,39,7797,0.940874695395665,0,0,721,1089,32,4669,20,2091,26,20
"760","2020-05-17",11,9,215,42,7797,0.940874695395665,0,0,721,1089,22,4691,17,2108,15,17
"761","2020-05-18",9,9,223,39,7797,0.940874695395665,0,0,721,1089,26,4717,18,2126,19,18
"762","2020-05-19",12,9,210,39,7797,0.940874695395665,0,0,721,1089,18,4735,16,2142,14,16
"763","2020-05-20",11,9,203,37,7797,0.940874695395665,0,0,721,1089,30,4765,22,2164,24,22
"764","2020-05-21",10,9,217,37,7797,0.940874695395665,0,0,721,1089,12,4777,7,2171,10,7
"765","2020-05-22",10,9,263,37,7797,0.940874695395665,0,0,721,1089,21,4798,7,2178,17,7
"766","2020-05-23",12,9,261,37,7797,0.940874695395665,0,0,721,1089,21,4819,6,2184,17,6
"767","2020-05-24",11,9,267,37,7797,0.940874695395665,0,0,721,1089,24,4843,10,2194,17,10
"768","2020-05-25",13,9,273,40,7797,0.940874695395665,0,0,721,1089,20,4863,81,2275,15,81
"769","2020-05-26",9,9,263,39,7797,0.940874695395665,0,0,721,1089,22,4885,36,2311,18,36
"770","2020-05-27",11,9,243,36,7797,0.940874695395665,0,0,721,1089,25,4910,78,2389,22,78
"771","2020-05-28",12,9,221,34,7797,0.940874695395665,0,0,721,1089,21,4931,68,2457,13,68
"772","2020-05-29",15,9,248,32,7797,0.940874695395665,0,0,721,1089,17,4948,73,2530,14,73
"773","2020-05-30",12,9,254,29,7797,0.940874695395665,0,0,721,1089,14,4962,49,2579,13,49
"774","2020-05-31",11,9,276,24,7797,0.940874695395665,0,0,721,1089,22,4984,47,2626,16,47
"775","2020-06-01",11,9,286,25,7797,0.940874695395665,0,0,721,1089,11,4995,33,2659,8,33
"776","2020-06-02",11,9,262,26,7797,0.940874695395665,0,0,721,1089,15,5010,36,2695,13,36
"777","2020-06-03",9,9,240,28,7797,0.940874695395665,0,0,721,1089,16,5026,65,2760,14,65
"778","2020-06-04",7,9,231,24,7797,0.940874695395665,0,0,721,1089,18,5044,28,2788,14,28
"779","2020-06-05",4,9,230,20,7797,0.940874695395665,0,0,721,1089,14,5058,42,2830,9,42
"780","2020-06-06",4,9,216,19,7797,0.940874695395665,0,0,721,1089,15,5073,20,2850,11,20
"781","2020-06-07",6,9,226,20,7797,0.940874695395665,0,0,721,1089,8,5081,25,2875,5,25
"782","2020-03-12",1,10,69,39,2725,0.44256880733945,0,0,221,1253,47,91,10,35,2,10
"783","2020-03-13",1,10,83,53,2725,0.44256880733945,0,0,221,1253,49,140,6,41,15,6
"784","2020-03-14",3,10,81,75,2725,0.44256880733945,0,0,221,1253,50,190,2,43,13,2
"785","2020-03-15",5,10,81,98,2725,0.44256880733945,0,0,221,1253,57,247,3,46,17,3
"786","2020-03-16",10,10,94,130,2725,0.44256880733945,0,0,221,1253,61,308,4,50,25,4
"787","2020-03-17",14,10,143,153,2725,0.44256880733945,0,0,221,1253,78,386,18,68,45,18
"788","2020-03-18",20,10,171,188,2725,0.44256880733945,0,0,221,1253,87,473,1,69,45,1
"789","2020-03-19",25,10,195,203,2725,0.44256880733945,0,0,221,1253,82,555,25,94,41,25
"790","2020-03-20",33,10,192,226,2725,0.44256880733945,0,0,221,1253,102,657,6,100,60,6
"791","2020-03-21",36,10,168,240,2725,0.44256880733945,0,0,221,1253,88,745,6,106,52,6
"792","2020-03-22",41,10,191,264,2725,0.44256880733945,0,0,221,1253,114,859,6,112,66,6
"793","2020-03-23",50,10,200,275,2725,0.44256880733945,0,0,221,1253,93,952,13,125,56,13
"794","2020-03-24",61,10,221,282,2725,0.44256880733945,0,0,221,1253,116,1068,47,172,75,47
"795","2020-03-25",63,10,217,293,2725,0.44256880733945,0,0,221,1253,129,1197,37,209,94,37
"796","2020-03-26",65,10,182,300,2725,0.44256880733945,0,0,221,1253,108,1305,23,232,63,23
"797","2020-03-27",75,10,172,301,2725,0.44256880733945,0,0,221,1253,110,1415,44,276,68,44
"798","2020-03-28",81,10,185,316,2725,0.44256880733945,0,0,221,1253,117,1532,21,297,75,21
"799","2020-03-29",89,10,178,332,2725,0.44256880733945,0,0,221,1253,112,1644,25,322,78,25
"800","2020-03-30",85,10,173,343,2725,0.44256880733945,0,0,221,1253,123,1767,26,348,87,26
"801","2020-03-31",77,10,190,354,2725,0.44256880733945,0,0,221,1253,140,1907,61,409,95,61
"802","2020-04-01",87,10,181,362,2725,0.44256880733945,0,0,221,1253,107,2014,65,474,62,65
"803","2020-04-02",95,10,170,371,2725,0.44256880733945,0,0,221,1253,119,2133,56,530,83,56
"804","2020-04-03",98,10,172,393,2725,0.44256880733945,0,0,221,1253,116,2249,35,565,66,35
"805","2020-04-04",101,10,189,405,2725,0.44256880733945,0,0,221,1253,110,2359,16,581,66,16
"806","2020-04-05",100,10,216,402,2725,0.44256880733945,0,0,221,1253,103,2462,35,616,68,35
"807","2020-04-06",104,10,240,412,2725,0.44256880733945,0,0,221,1253,117,2579,19,635,67,19
"808","2020-04-07",112,10,280,413,2725,0.44256880733945,0,0,221,1253,100,2679,27,662,60,27
"809","2020-04-08",115,10,292,417,2725,0.44256880733945,0,0,221,1253,76,2755,49,711,47,49
"810","2020-04-09",120,10,279,412,2725,0.44256880733945,0,0,221,1253,97,2852,34,745,60,34
"811","2020-04-10",112,10,235,410,2725,0.44256880733945,0,0,221,1253,110,2962,52,797,64,52
"812","2020-04-11",116,10,236,401,2725,0.44256880733945,0,0,221,1253,84,3046,38,835,48,38
"813","2020-04-12",120,10,208,385,2725,0.44256880733945,0,0,221,1253,71,3117,46,881,39,46
"814","2020-04-13",125,10,190,385,2725,0.44256880733945,0,0,221,1253,85,3202,24,905,45,24
"815","2020-04-14",125,10,181,379,2725,0.44256880733945,0,0,221,1253,87,3289,21,926,56,21
"816","2020-04-15",120,10,161,377,2725,0.44256880733945,0,0,221,1253,91,3380,13,939,53,13
"817","2020-04-16",108,10,159,377,2725,0.44256880733945,0,0,221,1253,94,3474,72,1011,50,72
"818","2020-04-17",111,10,144,369,2725,0.44256880733945,0,0,221,1253,81,3555,64,1075,38,64
"819","2020-04-18",107,10,125,371,2725,0.44256880733945,0,0,221,1253,67,3622,32,1107,30,32
"820","2020-04-19",107,10,129,380,2725,0.44256880733945,0,0,221,1253,87,3709,26,1133,40,26
"821","2020-04-20",102,10,138,394,2725,0.44256880733945,0,0,221,1253,80,3789,18,1151,47,18
"822","2020-04-21",96,10,152,401,2725,0.44256880733945,0,0,221,1253,84,3873,18,1169,52,18
"823","2020-04-22",94,10,230,405,2725,0.44256880733945,0,0,221,1253,74,3947,55,1224,36,55
"824","2020-04-23",104,10,238,398,2725,0.44256880733945,0,0,221,1253,54,4001,17,1241,23,17
"825","2020-04-24",101,10,268,395,2725,0.44256880733945,0,0,221,1253,66,4067,13,1254,31,13
"826","2020-04-25",104,10,313,408,2725,0.44256880733945,0,0,221,1253,66,4133,16,1270,33,16
"827","2020-04-26",103,10,284,393,2725,0.44256880733945,0,0,221,1253,78,4211,53,1323,45,53
"828","2020-04-27",106,10,256,398,2725,0.44256880733945,0,0,221,1253,63,4274,59,1382,31,59
"829","2020-04-28",119,10,214,405,2725,0.44256880733945,0,0,221,1253,63,4337,36,1418,33,36
"830","2020-04-29",117,10,201,410,2725,0.44256880733945,0,0,221,1253,50,4387,31,1449,22,31
"831","2020-04-30",118,10,195,399,2725,0.44256880733945,0,0,221,1253,61,4448,17,1466,40,17
"832","2020-05-01",121,10,184,396,2725,0.44256880733945,0,0,221,1253,59,4507,12,1478,28,12
"833","2020-05-02",124,10,166,393,2725,0.44256880733945,0,0,221,1253,63,4570,17,1495,31,17
"834","2020-05-03",124,10,178,394,2725,0.44256880733945,0,0,221,1253,50,4620,46,1541,22,46
"835","2020-05-04",119,10,210,390,2725,0.44256880733945,0,0,221,1253,47,4667,28,1569,19,28
"836","2020-05-05",114,10,232,391,2725,0.44256880733945,0,0,221,1253,54,4721,19,1588,27,19
"837","2020-05-06",120,10,225,394,2725,0.44256880733945,0,0,221,1253,46,4767,8,1596,19,8
"838","2020-05-07",114,10,221,390,2725,0.44256880733945,0,0,221,1253,40,4807,14,1610,20,14
"839","2020-05-08",111,10,235,382,2725,0.44256880733945,0,0,221,1253,39,4846,60,1670,14,60
"840","2020-05-09",105,10,221,368,2725,0.44256880733945,0,0,221,1253,51,4897,26,1696,22,26
"841","2020-05-10",106,10,211,356,2725,0.44256880733945,0,0,221,1253,33,4930,18,1714,13,18
"842","2020-05-11",104,10,199,341,2725,0.44256880733945,0,0,221,1253,49,4979,69,1783,20,69
"843","2020-05-12",92,10,167,338,2725,0.44256880733945,0,0,221,1253,45,5024,28,1811,23,28
"844","2020-05-13",88,10,148,321,2725,0.44256880733945,0,0,221,1253,38,5062,21,1832,14,21
"845","2020-05-14",86,10,132,317,2725,0.44256880733945,0,0,221,1253,48,5110,27,1859,16,27
"846","2020-05-15",94,10,180,306,2725,0.44256880733945,0,0,221,1253,39,5149,25,1884,19,25
"847","2020-05-16",91,10,221,318,2725,0.44256880733945,0,0,221,1253,35,5184,39,1923,12,39
"848","2020-05-17",92,10,201,317,2725,0.44256880733945,0,0,221,1253,34,5218,18,1941,13,18
"849","2020-05-18",88,10,177,312,2725,0.44256880733945,0,0,221,1253,32,5250,10,1951,16,10
"850","2020-05-19",97,10,156,312,2725,0.44256880733945,0,0,221,1253,31,5281,8,1959,16,8
"851","2020-05-20",101,10,159,308,2725,0.44256880733945,0,0,221,1253,35,5316,5,1964,18,5
"852","2020-05-21",106,10,183,306,2725,0.44256880733945,0,0,221,1253,35,5351,3,1967,11,3
"853","2020-05-22",98,10,231,300,2725,0.44256880733945,0,0,221,1253,25,5376,13,1980,8,13
"854","2020-05-23",96,10,225,286,2725,0.44256880733945,0,0,221,1253,29,5405,43,2023,15,43
"855","2020-05-24",91,10,213,279,2725,0.44256880733945,0,0,221,1253,32,5437,22,2045,11,22
"856","2020-05-25",94,10,214,270,2725,0.44256880733945,0,0,221,1253,25,5462,35,2080,15,35
"857","2020-05-26",89,10,208,264,2725,0.44256880733945,0,0,221,1253,32,5494,61,2141,16,61
"858","2020-05-27",79,10,187,251,2725,0.44256880733945,0,0,221,1253,17,5511,35,2176,8,35
"859","2020-05-28",69,10,184,238,2725,0.44256880733945,0,0,221,1253,19,5530,45,2221,8,45
"860","2020-05-29",67,10,188,233,2725,0.44256880733945,0,0,221,1253,18,5548,48,2269,7,48
"861","2020-05-30",69,10,188,221,2725,0.44256880733945,0,0,221,1253,15,5563,34,2303,5,34
"862","2020-05-31",63,10,183,226,2725,0.44256880733945,0,0,221,1253,12,5575,42,2345,2,42
"863","2020-06-01",60,10,166,216,2725,0.44256880733945,0,0,221,1253,15,5590,51,2396,10,51
"864","2020-06-02",59,10,176,207,2725,0.44256880733945,0,0,221,1253,23,5613,27,2423,7,27
"865","2020-06-03",61,10,169,203,2725,0.44256880733945,0,0,221,1253,19,5632,35,2458,5,35
"866","2020-06-04",67,10,177,204,2725,0.44256880733945,0,0,221,1253,14,5646,34,2492,6,34
"867","2020-06-05",66,10,163,211,2725,0.44256880733945,0,0,221,1253,16,5662,26,2518,4,26
"868","2020-06-06",66,10,191,196,2725,0.44256880733945,0,0,221,1253,16,5678,34,2552,9,34
"869","2020-06-07",71,10,178,199,2725,0.44256880733945,0,0,221,1253,11,5689,38,2590,5,38
"870","2020-03-14",10,11,210,253,5888,0.235563858695652,0,0,556,1374,111,355,28,105,24,28
"871","2020-03-15",17,11,242,307,5888,0.235563858695652,0,0,556,1374,123,478,22,127,43,22
"872","2020-03-16",31,11,218,370,5888,0.235563858695652,0,0,556,1374,104,582,66,193,33,66
"873","2020-03-17",43,11,208,440,5888,0.235563858695652,0,0,556,1374,104,686,46,239,36,46
"874","2020-03-18",58,11,213,512,5888,0.235563858695652,0,0,556,1374,109,795,31,270,36,31
"875","2020-03-19",75,11,195,578,5888,0.235563858695652,0,0,556,1374,111,906,27,297,45,27
"876","2020-03-20",95,11,194,628,5888,0.235563858695652,0,0,556,1374,128,1034,35,332,41,35
"877","2020-03-21",110,11,232,687,5888,0.235563858695652,0,0,556,1374,123,1157,50,382,56,50
"878","2020-03-22",128,11,254,710,5888,0.235563858695652,0,0,556,1374,104,1261,50,432,39,50
"879","2020-03-23",150,11,217,737,5888,0.235563858695652,0,0,556,1374,117,1378,36,468,51,36
"880","2020-03-24",161,11,190,749,5888,0.235563858695652,0,0,556,1374,128,1506,45,513,58,45
"881","2020-03-25",168,11,162,776,5888,0.235563858695652,0,0,556,1374,115,1621,39,552,42,39
"882","2020-03-26",184,11,155,785,5888,0.235563858695652,0,0,556,1374,140,1761,41,593,75,41
"883","2020-03-27",202,11,203,792,5888,0.235563858695652,0,0,556,1374,127,1888,45,638,45,45
"884","2020-03-28",210,11,227,827,5888,0.235563858695652,0,0,556,1374,138,2026,54,692,61,54
"885","2020-03-29",213,11,226,853,5888,0.235563858695652,0,0,556,1374,112,2138,42,734,38,42
"886","2020-03-30",201,11,213,882,5888,0.235563858695652,0,0,556,1374,132,2270,29,763,49,29
"887","2020-03-31",206,11,249,901,5888,0.235563858695652,0,0,556,1374,104,2374,32,795,50,32
"888","2020-04-01",223,11,251,896,5888,0.235563858695652,0,0,556,1374,123,2497,29,824,57,29
"889","2020-04-02",220,11,239,896,5888,0.235563858695652,0,0,556,1374,122,2619,30,854,55,30
"890","2020-04-03",220,11,247,913,5888,0.235563858695652,0,0,556,1374,120,2739,30,884,55,30
"891","2020-04-04",221,11,247,919,5888,0.235563858695652,0,0,556,1374,138,2877,41,925,60,41
"892","2020-04-05",240,11,227,907,5888,0.235563858695652,0,0,556,1374,98,2975,52,977,37,52
"893","2020-04-06",257,11,222,907,5888,0.235563858695652,0,0,556,1374,115,3090,40,1017,52,40
"894","2020-04-07",281,11,237,885,5888,0.235563858695652,0,0,556,1374,140,3230,28,1045,54,28
"895","2020-04-08",283,11,218,900,5888,0.235563858695652,0,0,556,1374,115,3345,38,1083,48,38
"896","2020-04-09",278,11,235,906,5888,0.235563858695652,0,0,556,1374,101,3446,42,1125,30,42
"897","2020-04-10",271,11,233,924,5888,0.235563858695652,0,0,556,1374,96,3542,42,1167,39,42
"898","2020-04-11",266,11,216,922,5888,0.235563858695652,0,0,556,1374,110,3652,39,1206,32,39
"899","2020-04-12",254,11,213,890,5888,0.235563858695652,0,0,556,1374,98,3750,42,1248,35,42
"900","2020-04-13",242,11,192,911,5888,0.235563858695652,0,0,556,1374,99,3849,46,1294,36,46
"901","2020-04-14",230,11,171,917,5888,0.235563858695652,0,0,556,1374,107,3956,34,1328,38,34
"902","2020-04-15",226,11,173,933,5888,0.235563858695652,0,0,556,1374,85,4041,40,1368,25,40
"903","2020-04-16",236,11,181,931,5888,0.235563858695652,0,0,556,1374,96,4137,46,1414,34,46
"904","2020-04-17",246,11,224,951,5888,0.235563858695652,0,0,556,1374,96,4233,33,1447,32,33
"905","2020-04-18",255,11,237,943,5888,0.235563858695652,0,0,556,1374,67,4300,26,1473,22,26
"906","2020-04-19",255,11,214,953,5888,0.235563858695652,0,0,556,1374,86,4386,31,1504,32,31
"907","2020-04-20",260,11,190,955,5888,0.235563858695652,0,0,556,1374,70,4456,28,1532,23,28
"908","2020-04-21",262,11,237,960,5888,0.235563858695652,0,0,556,1374,84,4540,71,1603,27,71
"909","2020-04-22",268,11,283,947,5888,0.235563858695652,0,0,556,1374,82,4622,44,1647,26,44
"910","2020-04-23",273,11,278,922,5888,0.235563858695652,0,0,556,1374,80,4702,44,1691,21,44
"911","2020-04-24",277,11,296,924,5888,0.235563858695652,0,0,556,1374,90,4792,33,1724,28,33
"912","2020-04-25",274,11,278,893,5888,0.235563858695652,0,0,556,1374,63,4855,45,1769,18,45
"913","2020-04-26",275,11,260,879,5888,0.235563858695652,0,0,556,1374,57,4912,46,1815,19,46
"914","2020-04-27",280,11,246,852,5888,0.235563858695652,0,0,556,1374,76,4988,26,1841,20,26
"915","2020-04-28",280,11,221,812,5888,0.235563858695652,0,0,556,1374,65,5053,29,1870,20,29
"916","2020-04-29",284,11,206,798,5888,0.235563858695652,0,0,556,1374,57,5110,26,1896,15,26
"917","2020-04-30",281,11,188,785,5888,0.235563858695652,0,0,556,1374,52,5162,35,1931,17,35
"918","2020-05-01",263,11,194,779,5888,0.235563858695652,0,0,556,1374,61,5223,37,1968,11,37
"919","2020-05-02",253,11,202,770,5888,0.235563858695652,0,0,556,1374,56,5279,38,2006,14,38
"920","2020-05-03",244,11,203,750,5888,0.235563858695652,0,0,556,1374,51,5330,26,2032,8,26
"921","2020-05-04",229,11,191,750,5888,0.235563858695652,0,0,556,1374,49,5379,35,2067,8,35
"922","2020-05-05",208,11,180,737,5888,0.235563858695652,0,0,556,1374,45,5424,40,2107,12,40
"923","2020-05-06",185,11,179,722,5888,0.235563858695652,0,0,556,1374,60,5484,42,2149,21,42
"924","2020-05-07",170,11,165,708,5888,0.235563858695652,0,0,556,1374,53,5537,82,2231,10,82
"925","2020-05-08",158,11,160,691,5888,0.235563858695652,0,0,556,1374,37,5574,49,2280,8,49
"926","2020-05-09",160,11,177,672,5888,0.235563858695652,0,0,556,1374,49,5623,46,2326,10,46
"927","2020-05-10",163,11,199,654,5888,0.235563858695652,0,0,556,1374,52,5675,55,2381,16,55
"928","2020-05-11",166,11,227,635,5888,0.235563858695652,0,0,556,1374,52,5727,34,2415,12,34
"929","2020-05-12",177,11,246,628,5888,0.235563858695652,0,0,556,1374,34,5761,44,2459,7,44
"930","2020-05-13",171,11,262,630,5888,0.235563858695652,0,0,556,1374,54,5815,40,2499,10,40
"931","2020-05-14",171,11,315,607,5888,0.235563858695652,0,0,556,1374,34,5849,37,2536,4,37
"932","2020-05-15",186,11,316,598,5888,0.235563858695652,0,0,556,1374,38,5887,36,2572,4,36
"933","2020-05-16",181,11,294,588,5888,0.235563858695652,0,0,556,1374,26,5913,34,2606,8,34
"934","2020-05-17",172,11,256,580,5888,0.235563858695652,0,0,556,1374,36,5949,40,2646,13,40
"935","2020-05-18",174,11,241,560,5888,0.235563858695652,0,0,556,1374,29,5978,37,2683,8,37
"936","2020-05-19",165,11,236,535,5888,0.235563858695652,0,0,556,1374,29,6007,35,2718,9,35
"937","2020-05-20",165,11,251,523,5888,0.235563858695652,0,0,556,1374,19,6026,43,2761,1,43
"938","2020-05-21",161,11,228,501,5888,0.235563858695652,0,0,556,1374,22,6048,72,2833,6,72
"939","2020-05-22",153,11,214,492,5888,0.235563858695652,0,0,556,1374,29,6077,59,2892,7,59
"940","2020-05-23",155,11,171,481,5888,0.235563858695652,0,0,556,1374,22,6099,50,2942,6,50
"941","2020-05-24",153,11,176,472,5888,0.235563858695652,0,0,556,1374,24,6123,42,2984,3,42
"942","2020-05-25",142,11,228,458,5888,0.235563858695652,0,0,556,1374,27,6150,59,3043,8,59
"943","2020-05-26",134,11,226,417,5888,0.235563858695652,0,0,556,1374,24,6174,46,3089,4,46
"944","2020-05-27",134,11,216,401,5888,0.235563858695652,0,0,556,1374,15,6189,50,3139,4,50
"945","2020-05-28",124,11,266,381,5888,0.235563858695652,0,0,556,1374,20,6209,37,3176,4,37
"946","2020-05-29",123,11,251,350,5888,0.235563858695652,0,0,556,1374,24,6233,36,3212,6,36
"947","2020-05-30",109,11,240,331,5888,0.235563858695652,0,0,556,1374,22,6255,43,3255,5,43
"948","2020-05-31",104,11,215,301,5888,0.235563858695652,0,0,556,1374,23,6278,40,3295,4,40
"949","2020-06-01",97,11,192,292,5888,0.235563858695652,0,0,556,1374,18,6296,55,3350,4,55
"950","2020-06-02",93,11,172,286,5888,0.235563858695652,0,0,556,1374,22,6318,44,3394,7,44
"951","2020-06-03",83,11,169,281,5888,0.235563858695652,0,0,556,1374,21,6339,38,3432,2,38
"952","2020-06-04",82,11,143,266,5888,0.235563858695652,0,0,556,1374,12,6351,47,3479,3,47
"953","2020-06-05",67,11,146,255,5888,0.235563858695652,0,0,556,1374,12,6363,40,3519,2,40
"954","2020-06-06",65,11,127,260,5888,0.235563858695652,0,0,556,1374,20,6383,38,3557,5,38
"955","2020-06-07",64,11,117,247,5888,0.235563858695652,0,0,556,1374,16,6399,34,3591,2,34
"956","2020-03-13",1,12,124,225,6677,0.191103789126853,0,0,559,928,47,130,11,78,13,11
"957","2020-03-14",2,12,165,306,6677,0.191103789126853,0,0,559,928,56,186,10,88,24,10
"958","2020-03-15",19,12,182,375,6677,0.191103789126853,0,0,559,928,54,240,22,110,22,22
"959","2020-03-16",30,12,174,458,6677,0.191103789126853,0,0,559,928,56,296,32,142,28,32
"960","2020-03-17",37,12,202,526,6677,0.191103789126853,0,0,559,928,75,371,21,163,42,21
"961","2020-03-18",65,12,208,632,6677,0.191103789126853,0,0,559,928,85,456,13,176,46,13
"962","2020-03-19",91,12,235,700,6677,0.191103789126853,0,0,559,928,72,528,8,184,39,8
"963","2020-03-20",123,12,212,765,6677,0.191103789126853,0,0,559,928,82,610,12,196,54,12
"964","2020-03-21",156,12,214,817,6677,0.191103789126853,0,0,559,928,75,685,10,206,47,10
"965","2020-03-22",179,12,208,896,6677,0.191103789126853,0,0,559,928,104,789,55,261,66,55
"966","2020-03-23",202,12,205,950,6677,0.191103789126853,0,0,559,928,76,865,66,327,47,66
"967","2020-03-24",239,12,207,978,6677,0.191103789126853,0,0,559,928,113,978,60,387,82,60
"968","2020-03-25",251,12,214,996,6677,0.191103789126853,0,0,559,928,107,1085,42,429,70,42
"969","2020-03-26",255,12,238,1021,6677,0.191103789126853,0,0,559,928,95,1180,32,461,66,32
"970","2020-03-27",262,12,238,1068,6677,0.191103789126853,0,0,559,928,100,1280,73,534,67,73
"971","2020-03-28",279,12,215,1066,6677,0.191103789126853,0,0,559,928,113,1393,72,606,74,72
"972","2020-03-29",279,12,200,1089,6677,0.191103789126853,0,0,559,928,113,1506,23,629,86,23
"973","2020-03-30",287,12,210,1083,6677,0.191103789126853,0,0,559,928,105,1611,24,653,74,24
"974","2020-03-31",284,12,185,1090,6677,0.191103789126853,0,0,559,928,108,1719,22,675,76,22
"975","2020-04-01",282,12,179,1085,6677,0.191103789126853,0,0,559,928,104,1823,17,692,64,17
"976","2020-04-02",294,12,196,1090,6677,0.191103789126853,0,0,559,928,115,1938,23,715,77,23
"977","2020-04-03",295,12,203,1086,6677,0.191103789126853,0,0,559,928,92,2030,31,746,63,31
"978","2020-04-04",300,12,241,1076,6677,0.191103789126853,0,0,559,928,118,2148,62,808,85,62
"979","2020-04-05",298,12,245,1096,6677,0.191103789126853,0,0,559,928,110,2258,59,867,66,59
"980","2020-04-06",297,12,257,1103,6677,0.191103789126853,0,0,559,928,134,2392,31,898,94,31
"981","2020-04-07",307,12,241,1095,6677,0.191103789126853,0,0,559,928,97,2489,67,965,61,67
"982","2020-04-08",313,12,229,1090,6677,0.191103789126853,0,0,559,928,92,2581,44,1009,58,44
"983","2020-04-09",311,12,199,1068,6677,0.191103789126853,0,0,559,928,105,2686,22,1031,68,22
"984","2020-04-10",310,12,192,1051,6677,0.191103789126853,0,0,559,928,94,2780,18,1049,70,18
"985","2020-04-11",293,12,182,1045,6677,0.191103789126853,0,0,559,928,98,2878,17,1066,71,17
"986","2020-04-12",287,12,183,1037,6677,0.191103789126853,0,0,559,928,92,2970,38,1104,62,38
"987","2020-04-13",287,12,179,1015,6677,0.191103789126853,0,0,559,928,115,3085,25,1129,78,25
"988","2020-04-14",267,12,221,1006,6677,0.191103789126853,0,0,559,928,108,3193,21,1150,72,21
"989","2020-04-15",258,12,246,1008,6677,0.191103789126853,0,0,559,928,100,3293,69,1219,66,69
"990","2020-04-16",258,12,264,1009,6677,0.191103789126853,0,0,559,928,83,3376,27,1246,54,27
"991","2020-04-17",264,12,274,1014,6677,0.191103789126853,0,0,559,928,92,3468,93,1339,64,93
"992","2020-04-18",258,12,294,1002,6677,0.191103789126853,0,0,559,928,81,3549,68,1407,54,68
"993","2020-04-19",255,12,290,1005,6677,0.191103789126853,0,0,559,928,97,3646,31,1438,68,31
"994","2020-04-20",255,12,300,1017,6677,0.191103789126853,0,0,559,928,79,3725,12,1450,47,12
"995","2020-04-21",274,12,294,1005,6677,0.191103789126853,0,0,559,928,77,3802,8,1458,51,8
"996","2020-04-22",280,12,279,1003,6677,0.191103789126853,0,0,559,928,85,3887,11,1469,50,11
"997","2020-04-23",279,12,260,994,6677,0.191103789126853,0,0,559,928,64,3951,14,1483,37,14
"998","2020-04-24",267,12,243,975,6677,0.191103789126853,0,0,559,928,76,4027,13,1496,43,13
"999","2020-04-25",271,12,229,966,6677,0.191103789126853,0,0,559,928,58,4085,63,1559,41,63
"1000","2020-04-26",279,12,211,947,6677,0.191103789126853,0,0,559,928,81,4166,64,1623,52,64
"1001","2020-04-27",264,12,248,932,6677,0.191103789126853,0,0,559,928,59,4225,24,1647,40,24
"1002","2020-04-28",249,12,248,910,6677,0.191103789126853,0,0,559,928,63,4288,24,1671,35,24
"1003","2020-04-29",236,12,251,888,6677,0.191103789126853,0,0,559,928,70,4358,12,1683,48,12
"1004","2020-04-30",244,12,263,874,6677,0.191103789126853,0,0,559,928,60,4418,9,1692,34,9
"1005","2020-05-01",251,12,273,857,6677,0.191103789126853,0,0,559,928,55,4473,9,1701,33,9
"1006","2020-05-02",250,12,270,834,6677,0.191103789126853,0,0,559,928,57,4530,14,1715,32,14
"1007","2020-05-03",245,12,266,831,6677,0.191103789126853,0,0,559,928,50,4580,95,1810,29,95
"1008","2020-05-04",257,12,239,810,6677,0.191103789126853,0,0,559,928,48,4628,66,1876,26,66
"1009","2020-05-05",253,12,229,780,6677,0.191103789126853,0,0,559,928,62,4690,56,1932,35,56
"1010","2020-05-06",249,12,218,758,6677,0.191103789126853,0,0,559,928,58,4748,31,1963,35,31
"1011","2020-05-07",232,12,226,738,6677,0.191103789126853,0,0,559,928,59,4807,32,1995,28,32
"1012","2020-05-08",207,12,220,716,6677,0.191103789126853,0,0,559,928,44,4851,67,2062,24,67
"1013","2020-05-09",206,12,226,698,6677,0.191103789126853,0,0,559,928,36,4887,62,2124,16,62
"1014","2020-05-10",208,12,229,685,6677,0.191103789126853,0,0,559,928,50,4937,33,2157,21,33
"1015","2020-05-11",189,12,235,669,6677,0.191103789126853,0,0,559,928,42,4979,42,2199,19,42
"1016","2020-05-12",180,12,248,666,6677,0.191103789126853,0,0,559,928,40,5019,59,2258,22,59
"1017","2020-05-13",181,12,273,640,6677,0.191103789126853,0,0,559,928,34,5053,54,2312,17,54
"1018","2020-05-14",170,12,293,632,6677,0.191103789126853,0,0,559,928,30,5083,17,2329,16,17
"1019","2020-05-15",181,12,277,600,6677,0.191103789126853,0,0,559,928,30,5113,16,2345,13,16
"1020","2020-05-16",170,12,308,589,6677,0.191103789126853,0,0,559,928,33,5146,10,2355,12,10
"1021","2020-05-17",164,12,311,582,6677,0.191103789126853,0,0,559,928,39,5185,16,2371,23,16
"1022","2020-05-18",167,12,334,545,6677,0.191103789126853,0,0,559,928,32,5217,7,2378,17,7
"1023","2020-05-19",162,12,324,527,6677,0.191103789126853,0,0,559,928,27,5244,20,2398,15,20
"1024","2020-05-20",155,12,319,502,6677,0.191103789126853,0,0,559,928,35,5279,75,2473,22,75
"1025","2020-05-21",155,12,320,475,6677,0.191103789126853,0,0,559,928,24,5303,40,2513,10,40
"1026","2020-05-22",147,12,323,454,6677,0.191103789126853,0,0,559,928,34,5337,35,2548,16,35
"1027","2020-05-23",139,12,312,458,6677,0.191103789126853,0,0,559,928,34,5371,49,2597,24,49
"1028","2020-05-24",125,12,290,444,6677,0.191103789126853,0,0,559,928,29,5400,29,2626,14,29
"1029","2020-05-25",121,12,268,409,6677,0.191103789126853,0,0,559,928,28,5428,30,2656,13,30
"1030","2020-05-26",122,12,258,399,6677,0.191103789126853,0,0,559,928,26,5454,16,2672,15,16
"1031","2020-05-27",114,12,246,367,6677,0.191103789126853,0,0,559,928,13,5467,61,2733,8,61
"1032","2020-05-28",112,12,260,342,6677,0.191103789126853,0,0,559,928,21,5488,30,2763,12,30
"1033","2020-05-29",109,12,259,354,6677,0.191103789126853,0,0,559,928,17,5505,35,2798,12,35
"1034","2020-05-30",114,12,244,358,6677,0.191103789126853,0,0,559,928,26,5531,24,2822,9,24
"1035","2020-05-31",118,12,233,346,6677,0.191103789126853,0,0,559,928,20,5551,17,2839,12,17
"1036","2020-06-01",112,12,236,319,6677,0.191103789126853,0,0,559,928,18,5569,17,2856,8,17
"1037","2020-06-02",104,12,233,312,6677,0.191103789126853,0,0,559,928,18,5587,26,2882,10,26
"1038","2020-06-03",103,12,225,290,6677,0.191103789126853,0,0,559,928,20,5607,11,2893,8,11
"1039","2020-06-04",98,12,243,265,6677,0.191103789126853,0,0,559,928,13,5620,17,2910,6,17
"1040","2020-06-05",92,12,256,261,6677,0.191103789126853,0,0,559,928,23,5643,17,2927,16,17
"1041","2020-06-06",77,12,258,249,6677,0.191103789126853,0,0,559,928,7,5650,47,2974,4,48
"1042","2020-06-07",63,12,283,229,6677,0.191103789126853,0,0,559,928,11,5661,15,2989,4,15
"1043","2020-03-12",1,13,49,38,3102,0.348484848484849,0,0,237,927,56,82,11,19,NA,11
"1044","2020-03-13",1,13,60,56,3102,0.348484848484849,0,0,237,927,60,142,22,41,7,22
"1045","2020-03-14",1,13,94,94,3102,0.348484848484849,0,0,237,927,59,201,12,53,14,12
"1046","2020-03-15",2,13,124,123,3102,0.348484848484849,0,0,237,927,67,268,7,60,17,7
"1047","2020-03-16",6,13,124,154,3102,0.348484848484849,0,0,237,927,72,340,6,66,20,6
"1048","2020-03-17",11,13,151,185,3102,0.348484848484849,0,0,237,927,58,398,6,72,20,6
"1049","2020-03-18",18,13,174,212,3102,0.348484848484849,0,0,237,927,69,467,23,95,30,23
"1050","2020-03-19",27,13,184,248,3102,0.348484848484849,0,0,237,927,67,534,32,127,27,32
"1051","2020-03-20",36,13,219,284,3102,0.348484848484849,0,0,237,927,72,606,19,146,21,19
"1052","2020-03-21",43,13,225,308,3102,0.348484848484849,0,0,237,927,87,693,21,167,39,21
"1053","2020-03-22",53,13,230,337,3102,0.348484848484849,0,0,237,927,95,788,13,180,44,13
"1054","2020-03-23",64,13,270,342,3102,0.348484848484849,0,0,237,927,66,854,19,199,29,19
"1055","2020-03-24",72,13,282,360,3102,0.348484848484849,0,0,237,927,85,939,14,213,36,14
"1056","2020-03-25",90,13,261,368,3102,0.348484848484849,0,0,237,927,95,1034,13,226,42,13
"1057","2020-03-26",94,13,276,374,3102,0.348484848484849,0,0,237,927,104,1138,17,243,46,17
"1058","2020-03-27",96,13,284,384,3102,0.348484848484849,0,0,237,927,87,1225,35,278,40,35
"1059","2020-03-28",103,13,287,383,3102,0.348484848484849,0,0,237,927,65,1290,35,313,22,35
"1060","2020-03-29",103,13,274,386,3102,0.348484848484849,0,0,237,927,87,1377,33,346,31,33
"1061","2020-03-30",102,13,262,373,3102,0.348484848484849,0,0,237,927,74,1451,13,359,31,13
"1062","2020-03-31",95,13,249,365,3102,0.348484848484849,0,0,237,927,86,1537,51,410,38,51
"1063","2020-04-01",85,13,229,363,3102,0.348484848484849,0,0,237,927,77,1614,46,456,25,46
"1064","2020-04-02",86,13,255,364,3102,0.348484848484849,0,0,237,927,74,1688,41,497,27,41
"1065","2020-04-03",89,13,257,372,3102,0.348484848484849,0,0,237,927,88,1776,45,542,31,45
"1066","2020-04-04",92,13,257,361,3102,0.348484848484849,0,0,237,927,67,1843,20,562,26,20
"1067","2020-04-05",93,13,250,371,3102,0.348484848484849,0,0,237,927,86,1929,28,590,22,28
"1068","2020-04-06",96,13,246,379,3102,0.348484848484849,0,0,237,927,85,2014,18,608,23,18
"1069","2020-04-07",105,13,238,382,3102,0.348484848484849,0,0,237,927,74,2088,54,662,14,54
"1070","2020-04-08",110,13,215,384,3102,0.348484848484849,0,0,237,927,82,2170,29,691,20,29
"1071","2020-04-09",106,13,222,394,3102,0.348484848484849,0,0,237,927,79,2249,19,710,27,19
"1072","2020-04-10",113,13,218,405,3102,0.348484848484849,0,0,237,927,67,2316,33,743,30,33
"1073","2020-04-11",113,13,242,428,3102,0.348484848484849,0,0,237,927,75,2391,31,774,28,31
"1074","2020-04-12",119,13,227,425,3102,0.348484848484849,0,0,237,927,73,2464,17,791,19,17
"1075","2020-04-13",122,13,229,427,3102,0.348484848484849,0,0,237,927,80,2544,12,803,19,12
"1076","2020-04-14",127,13,238,423,3102,0.348484848484849,0,0,237,927,65,2609,15,818,22,15
"1077","2020-04-15",121,13,227,421,3102,0.348484848484849,0,0,237,927,94,2703,15,833,25,15
"1078","2020-04-16",118,13,221,424,3102,0.348484848484849,0,0,237,927,76,2779,9,842,25,9
"1079","2020-04-17",116,13,236,447,3102,0.348484848484849,0,0,237,927,74,2853,19,861,23,19
"1080","2020-04-18",117,13,267,439,3102,0.348484848484849,0,0,237,927,70,2923,22,883,28,22
"1081","2020-04-19",117,13,286,451,3102,0.348484848484849,0,0,237,927,78,3001,55,938,28,55
"1082","2020-04-20",111,13,294,460,3102,0.348484848484849,0,0,237,927,87,3088,22,960,30,22
"1083","2020-04-21",113,13,278,474,3102,0.348484848484849,0,0,237,927,93,3181,46,1006,31,46
"1084","2020-04-22",121,13,304,456,3102,0.348484848484849,0,0,237,927,72,3253,37,1043,30,37
"1085","2020-04-23",139,13,299,478,3102,0.348484848484849,0,0,237,927,71,3324,44,1087,23,44
"1086","2020-04-24",136,13,302,469,3102,0.348484848484849,0,0,237,927,66,3390,33,1120,10,33
"1087","2020-04-25",138,13,285,482,3102,0.348484848484849,0,0,237,927,74,3464,28,1148,18,28
"1088","2020-04-26",140,13,282,500,3102,0.348484848484849,0,0,237,927,72,3536,22,1170,24,22
"1089","2020-04-27",139,13,282,490,3102,0.348484848484849,0,0,237,927,69,3605,13,1183,16,13
"1090","2020-04-28",138,13,295,480,3102,0.348484848484849,0,0,237,927,51,3656,20,1203,12,20
"1091","2020-04-29",139,13,282,467,3102,0.348484848484849,0,0,237,927,66,3722,36,1239,16,36
"1092","2020-04-30",135,13,263,470,3102,0.348484848484849,0,0,237,927,42,3764,32,1271,11,32
"1093","2020-05-01",137,13,287,454,3102,0.348484848484849,0,0,237,927,68,3832,12,1283,12,12
"1094","2020-05-02",133,13,322,450,3102,0.348484848484849,0,0,237,927,49,3881,14,1297,10,14
"1095","2020-05-03",140,13,315,445,3102,0.348484848484849,0,0,237,927,60,3941,12,1309,21,12
"1096","2020-05-04",139,13,307,434,3102,0.348484848484849,0,0,237,927,56,3997,9,1318,16,9
"1097","2020-05-05",131,13,277,423,3102,0.348484848484849,0,0,237,927,51,4048,8,1326,12,8
"1098","2020-05-06",124,13,270,414,3102,0.348484848484849,0,0,237,927,46,4094,36,1362,15,36
"1099","2020-05-07",109,13,263,413,3102,0.348484848484849,0,0,237,927,60,4154,22,1384,24,22
"1100","2020-05-08",101,13,244,402,3102,0.348484848484849,0,0,237,927,51,4205,42,1426,16,42
"1101","2020-05-09",99,13,244,397,3102,0.348484848484849,0,0,237,927,57,4262,14,1440,11,14
"1102","2020-05-10",95,13,237,391,3102,0.348484848484849,0,0,237,927,43,4305,15,1455,10,15
"1103","2020-05-11",98,13,249,392,3102,0.348484848484849,0,0,237,927,43,4348,44,1499,9,44
"1104","2020-05-12",98,13,262,394,3102,0.348484848484849,0,0,237,927,41,4389,34,1533,11,34
"1105","2020-05-13",93,13,267,403,3102,0.348484848484849,0,0,237,927,43,4432,51,1584,7,51
"1106","2020-05-14",106,13,263,384,3102,0.348484848484849,0,0,237,927,38,4470,43,1627,9,43
"1107","2020-05-15",112,13,258,390,3102,0.348484848484849,0,0,237,927,43,4513,50,1677,10,50
"1108","2020-05-16",111,13,279,394,3102,0.348484848484849,0,0,237,927,37,4550,21,1698,8,21
"1109","2020-05-17",100,13,271,377,3102,0.348484848484849,0,0,237,927,30,4580,8,1706,10,8
"1110","2020-05-18",100,13,257,375,3102,0.348484848484849,0,0,237,927,21,4601,14,1720,4,14
"1111","2020-05-19",98,13,255,385,3102,0.348484848484849,0,0,237,927,34,4635,15,1735,9,15
"1112","2020-05-20",104,13,258,387,3102,0.348484848484849,0,0,237,927,25,4660,6,1741,7,6
"1113","2020-05-21",102,13,239,383,3102,0.348484848484849,0,0,237,927,40,4700,13,1754,8,13
"1114","2020-05-22",102,13,248,379,3102,0.348484848484849,0,0,237,927,21,4721,34,1788,5,34
"1115","2020-05-23",105,13,262,368,3102,0.348484848484849,0,0,237,927,38,4759,48,1836,9,48
"1116","2020-05-24",105,13,272,374,3102,0.348484848484849,0,0,237,927,26,4785,39,1875,8,39
"1117","2020-05-25",110,13,257,368,3102,0.348484848484849,0,0,237,927,20,4805,23,1898,9,23
"1118","2020-05-26",114,13,270,362,3102,0.348484848484849,0,0,237,927,25,4830,17,1915,10,17
"1119","2020-05-27",111,13,279,341,3102,0.348484848484849,0,0,237,927,27,4857,12,1927,7,12
"1120","2020-05-28",106,13,288,335,3102,0.348484848484849,0,0,237,927,26,4883,17,1944,6,17
"1121","2020-05-29",102,13,281,324,3102,0.348484848484849,0,0,237,927,30,4913,32,1976,13,32
"1122","2020-05-30",98,13,281,310,3102,0.348484848484849,0,0,237,927,35,4948,21,1997,9,21
"1123","2020-05-31",94,13,305,297,3102,0.348484848484849,0,0,237,927,17,4965,18,2015,5,18
"1124","2020-06-01",87,13,306,285,3102,0.348484848484849,0,0,237,927,18,4983,34,2049,6,34
"1125","2020-06-02",83,13,300,266,3102,0.348484848484849,0,0,237,927,20,5003,38,2087,7,38
"1126","2020-06-03",83,13,292,250,3102,0.348484848484849,0,0,237,927,21,5024,22,2109,8,22
"1127","2020-06-04",86,13,290,230,3102,0.348484848484849,0,0,237,927,15,5039,26,2135,5,26
"1128","2020-06-05",79,13,278,210,3102,0.348484848484849,0,0,237,927,14,5053,21,2156,5,21
"1129","2020-06-06",75,13,265,184,3102,0.348484848484849,0,0,237,927,16,5069,34,2190,6,34
"1130","2020-06-07",76,13,259,177,3102,0.348484848484849,0,0,237,927,15,5084,18,2208,8,18
"1131","2020-03-14",2,14,143,138,7165,0.811444521981856,0,0,638,1217,82,222,17,59,49,17
"1132","2020-03-15",5,14,146,194,7165,0.811444521981856,0,0,638,1217,110,332,41,100,65,41
"1133","2020-03-16",9,14,153,273,7165,0.811444521981856,0,0,638,1217,101,433,27,127,77,27
"1134","2020-03-17",19,14,177,357,7165,0.811444521981856,0,0,638,1217,193,626,9,136,160,9
"1135","2020-03-18",29,14,197,468,7165,0.811444521981856,0,0,638,1217,248,874,9,145,210,9
"1136","2020-03-19",45,14,213,569,7165,0.811444521981856,0,0,638,1217,277,1151,9,154,245,9
"1137","2020-03-20",60,14,211,684,7165,0.811444521981856,0,0,638,1217,270,1421,13,167,243,13
"1138","2020-03-21",81,14,228,798,7165,0.811444521981856,0,0,638,1217,368,1789,4,171,336,4
"1139","2020-03-22",113,14,201,928,7165,0.811444521981856,0,0,638,1217,423,2212,5,176,402,5
"1140","2020-03-23",148,14,201,1050,7165,0.811444521981856,0,0,638,1217,473,2685,5,181,447,5
"1141","2020-03-24",169,14,195,1191,7165,0.811444521981856,0,0,638,1217,507,3192,55,236,481,55
"1142","2020-03-25",209,14,210,1295,7165,0.811444521981856,0,0,638,1217,584,3776,31,267,556,31
"1143","2020-03-26",234,14,219,1464,7165,0.811444521981856,0,0,638,1217,605,4381,39,306,582,39
"1144","2020-03-27",271,14,223,1534,7165,0.811444521981856,0,0,638,1217,471,4852,33,339,449,33
"1145","2020-03-28",305,14,209,1677,7165,0.811444521981856,0,0,638,1217,472,5324,38,377,451,38
"1146","2020-03-29",331,14,198,1772,7165,0.811444521981856,0,0,638,1217,460,5784,26,403,438,26
"1147","2020-03-30",369,14,197,1896,7165,0.811444521981856,0,0,638,1217,354,6138,61,464,347,61
"1148","2020-03-31",420,14,220,1997,7165,0.811444521981856,0,0,638,1217,373,6511,50,514,362,50
"1149","2020-04-01",468,14,212,2055,7165,0.811444521981856,0,0,638,1217,273,6784,31,545,266,31
"1150","2020-04-02",497,14,215,2112,7165,0.811444521981856,0,0,638,1217,224,7008,16,561,216,16
"1151","2020-04-03",524,14,208,2181,7165,0.811444521981856,0,0,638,1217,188,7196,11,572,175,11
"1152","2020-04-04",566,14,197,2272,7165,0.811444521981856,0,0,638,1217,111,7307,13,585,104,13
"1153","2020-04-05",579,14,190,2292,7165,0.811444521981856,0,0,638,1217,95,7402,19,604,90,19
"1154","2020-04-06",594,14,197,2322,7165,0.811444521981856,0,0,638,1217,71,7473,14,618,69,14
"1155","2020-04-07",623,14,202,2307,7165,0.811444521981856,0,0,638,1217,80,7553,40,658,78,40
"1156","2020-04-08",630,14,201,2268,7165,0.811444521981856,0,0,638,1217,40,7593,42,700,37,42
"1157","2020-04-09",650,14,211,2241,7165,0.811444521981856,0,0,638,1217,31,7624,37,737,28,37
"1158","2020-04-10",660,14,214,2224,7165,0.811444521981856,0,0,638,1217,29,7653,14,751,29,14
"1159","2020-04-11",639,14,234,2143,7165,0.811444521981856,0,0,638,1217,17,7670,14,765,16,14
"1160","2020-04-12",651,14,238,2080,7165,0.811444521981856,0,0,638,1217,34,7704,8,773,26,8
"1161","2020-04-13",628,14,263,2012,7165,0.811444521981856,0,0,638,1217,12,7716,15,788,9,15
"1162","2020-04-14",602,14,264,1895,7165,0.811444521981856,0,0,638,1217,15,7731,13,801,14,13
"1163","2020-04-15",572,14,290,1829,7165,0.811444521981856,0,0,638,1217,11,7742,9,810,10,9
"1164","2020-04-16",562,14,304,1722,7165,0.811444521981856,0,0,638,1217,9,7751,12,822,6,12
"1165","2020-04-17",547,14,297,1601,7165,0.811444521981856,0,0,638,1217,10,7761,39,861,9,39
"1166","2020-04-18",530,14,286,1485,7165,0.811444521981856,0,0,638,1217,7,7768,31,892,4,31
"1167","2020-04-19",511,14,294,1358,7165,0.811444521981856,0,0,638,1217,NA,NA,38,930,NA,38
"1168","2020-04-20",498,14,280,1246,7165,0.811444521981856,0,0,638,1217,1,7769,33,963,NA,33
"1169","2020-04-21",461,14,263,1147,7165,0.811444521981856,0,0,638,1217,7,7776,22,985,2,22
"1170","2020-04-22",440,14,259,1054,7165,0.811444521981856,0,0,638,1217,3,7779,12,997,2,12
"1171","2020-04-23",401,14,250,966,7165,0.811444521981856,0,0,638,1217,4,7783,9,1006,4,9
"1172","2020-04-24",360,14,261,865,7165,0.811444521981856,0,0,638,1217,3,7786,9,1015,2,9
"1173","2020-04-25",335,14,239,793,7165,0.811444521981856,0,0,638,1217,2,7788,51,1066,1,51
"1174","2020-04-26",288,14,209,721,7165,0.811444521981856,0,0,638,1217,3,7791,20,1086,NA,20
"1175","2020-04-27",255,14,220,655,7165,0.811444521981856,0,0,638,1217,4,7795,21,1107,2,21
"1176","2020-04-28",236,14,208,619,7165,0.811444521981856,0,0,638,1217,2,7797,25,1132,1,25
"1177","2020-04-29",209,14,208,561,7165,0.811444521981856,0,0,638,1217,2,7799,42,1174,1,42
"1178","2020-04-30",204,14,196,525,7165,0.811444521981856,0,0,638,1217,1,7800,24,1198,NA,24
"1179","2020-05-01",192,14,201,472,7165,0.811444521981856,0,0,638,1217,1,7801,42,1240,1,42
"1180","2020-05-02",177,14,211,441,7165,0.811444521981856,0,0,638,1217,3,7804,24,1264,1,24
"1181","2020-05-03",180,14,215,418,7165,0.811444521981856,0,0,638,1217,4,7808,7,1271,NA,7
"1182","2020-05-04",171,14,226,389,7165,0.811444521981856,0,0,638,1217,4,7812,21,1292,2,21
"1183","2020-05-05",149,14,215,357,7165,0.811444521981856,0,0,638,1217,3,7815,17,1309,2,17
"1184","2020-05-06",135,14,217,320,7165,0.811444521981856,0,0,638,1217,3,7818,14,1323,NA,14
"1185","2020-05-07",119,14,235,296,7165,0.811444521981856,0,0,638,1217,3,7821,21,1344,NA,21
"1186","2020-05-08",113,14,204,292,7165,0.811444521981856,0,0,638,1217,NA,NA,26,1370,NA,26
"1187","2020-05-09",101,14,198,281,7165,0.811444521981856,0,0,638,1217,NA,NA,11,1381,NA,11
"1188","2020-05-10",88,14,241,271,7165,0.811444521981856,0,0,638,1217,4,7825,8,1389,2,8
"1189","2020-05-11",81,14,279,261,7165,0.811444521981856,0,0,638,1217,3,7828,22,1411,2,22
"1190","2020-05-12",83,14,262,250,7165,0.811444521981856,0,0,638,1217,5,7833,10,1421,3,10
"1191","2020-05-13",83,14,284,232,7165,0.811444521981856,0,0,638,1217,2,7835,14,1435,NA,14
"1192","2020-05-14",72,14,281,234,7165,0.811444521981856,0,0,638,1217,1,7836,29,1464,NA,29
"1193","2020-05-15",68,14,278,226,7165,0.811444521981856,0,0,638,1217,3,7839,36,1500,NA,36
"1194","2020-05-16",68,14,267,217,7165,0.811444521981856,0,0,638,1217,2,7841,50,1550,1,50
"1195","2020-05-17",69,14,264,207,7165,0.811444521981856,0,0,638,1217,2,7843,31,1581,2,31
"1196","2020-05-18",75,14,260,210,7165,0.811444521981856,0,0,638,1217,NA,NA,19,1600,NA,19
"1197","2020-05-19",73,14,258,213,7165,0.811444521981856,0,0,638,1217,NA,NA,45,1645,NA,45
"1198","2020-05-20",63,14,244,208,7165,0.811444521981856,0,0,638,1217,3,7846,28,1673,3,28
"1199","2020-05-21",63,14,223,196,7165,0.811444521981856,0,0,638,1217,2,7848,13,1686,1,13
"1200","2020-05-22",57,14,209,180,7165,0.811444521981856,0,0,638,1217,1,7849,7,1693,1,7
"1201","2020-05-23",55,14,221,172,7165,0.811444521981856,0,0,638,1217,1,7850,56,1749,NA,56
"1202","2020-05-24",50,14,213,171,7165,0.811444521981856,0,0,638,1217,NA,NA,31,1780,NA,31
"1203","2020-05-25",43,14,218,166,7165,0.811444521981856,0,0,638,1217,1,7851,26,1806,1,26
"1204","2020-05-26",44,14,241,153,7165,0.811444521981856,0,0,638,1217,1,7852,26,1832,NA,26
"1205","2020-05-27",47,14,230,148,7165,0.811444521981856,0,0,638,1217,1,7853,17,1849,NA,17
"1206","2020-05-28",42,14,233,141,7165,0.811444521981856,0,0,638,1217,3,7856,59,1908,NA,59
"1207","2020-05-29",46,14,219,134,7165,0.811444521981856,0,0,638,1217,3,7859,60,1968,2,60
"1208","2020-05-30",47,14,227,130,7165,0.811444521981856,0,0,638,1217,2,7861,36,2004,1,36
"1209","2020-05-31",46,14,233,122,7165,0.811444521981856,0,0,638,1217,2,7863,22,2026,1,22
"1210","2020-06-01",44,14,232,118,7165,0.811444521981856,0,0,638,1217,NA,NA,16,2042,NA,16
"1211","2020-06-02",43,14,234,113,7165,0.811444521981856,0,0,638,1217,1,7864,20,2062,NA,20
"1212","2020-06-03",44,14,216,107,7165,0.811444521981856,0,0,638,1217,NA,NA,39,2101,NA,39
"1213","2020-06-04",42,14,212,108,7165,0.811444521981856,0,0,638,1217,NA,NA,27,2128,NA,27
"1214","2020-06-05",36,14,218,100,7165,0.811444521981856,0,0,638,1217,NA,NA,22,2150,NA,22
"1215","2020-06-06",32,14,232,96,7165,0.811444521981856,0,0,638,1217,NA,NA,44,2194,NA,44
"1216","2020-06-07",30,14,248,93,7165,0.811444521981856,0,0,638,1217,1,7865,25,2219,NA,25
"1217","2020-03-13",4,15,294,316,9574,0.751618968038437,0,0,881,1767,107,278,28,49,8,28
"1218","2020-03-14",11,15,331,516,9574,0.751618968038437,0,0,881,1767,97,375,25,74,11,25
"1219","2020-03-15",24,15,334,750,9574,0.751618968038437,0,0,881,1767,118,493,31,105,28,31
"1220","2020-03-16",47,15,311,1105,9574,0.751618968038437,0,0,881,1767,114,607,33,138,21,33
"1221","2020-03-17",77,15,272,1552,9574,0.751618968038437,0,0,881,1767,116,723,19,157,25,19
"1222","2020-03-18",120,15,266,2017,9574,0.751618968038437,0,0,881,1767,128,851,33,190,41,33
"1223","2020-03-19",175,15,267,2561,9574,0.751618968038437,0,0,881,1767,115,966,20,210,38,20
"1224","2020-03-20",254,15,273,3359,9574,0.751618968038437,0,0,881,1767,106,1072,27,237,37,27
"1225","2020-03-21",374,15,275,4036,9574,0.751618968038437,0,0,881,1767,128,1200,21,258,38,21
"1226","2020-03-22",515,15,261,4557,9574,0.751618968038437,0,0,881,1767,127,1327,15,273,44,15
"1227","2020-03-23",653,15,231,5185,9574,0.751618968038437,0,0,881,1767,115,1442,8,281,45,8
"1228","2020-03-24",830,15,220,5467,9574,0.751618968038437,0,0,881,1767,140,1582,35,316,42,35
"1229","2020-03-25",1002,15,265,5665,9574,0.751618968038437,0,0,881,1767,99,1681,52,368,33,52
"1230","2020-03-26",1199,15,265,5725,9574,0.751618968038437,0,0,881,1767,114,1795,38,406,33,38
"1231","2020-03-27",1355,15,288,5634,9574,0.751618968038437,0,0,881,1767,106,1901,25,431,30,25
"1232","2020-03-28",1474,15,297,5442,9574,0.751618968038437,0,0,881,1767,107,2008,32,463,33,32
"1233","2020-03-29",1560,15,286,5155,9574,0.751618968038437,0,0,881,1767,123,2131,23,486,33,23
"1234","2020-03-30",1628,15,256,4775,9574,0.751618968038437,0,0,881,1767,105,2236,12,498,33,12
"1235","2020-03-31",1622,15,228,4368,9574,0.751618968038437,0,0,881,1767,111,2347,48,546,40,48
"1236","2020-04-01",1599,15,223,3933,9574,0.751618968038437,0,0,881,1767,106,2453,60,606,28,60
"1237","2020-04-02",1495,15,192,3483,9574,0.751618968038437,0,0,881,1767,104,2557,33,639,25,33
"1238","2020-04-03",1386,15,198,2973,9574,0.751618968038437,0,0,881,1767,108,2665,30,669,20,30
"1239","2020-04-04",1235,15,196,2516,9574,0.751618968038437,0,0,881,1767,108,2773,42,711,40,42
"1240","2020-04-05",1090,15,207,2097,9574,0.751618968038437,0,0,881,1767,116,2889,50,761,41,50
"1241","2020-04-06",930,15,214,1737,9574,0.751618968038437,0,0,881,1767,99,2988,40,801,16,40
"1242","2020-04-07",803,15,226,1401,9574,0.751618968038437,0,0,881,1767,89,3077,65,866,16,65
"1243","2020-04-08",643,15,202,1172,9574,0.751618968038437,0,0,881,1767,122,3199,38,904,33,38
"1244","2020-04-09",539,15,192,979,9574,0.751618968038437,0,0,881,1767,95,3294,25,929,17,25
"1245","2020-04-10",433,15,180,806,9574,0.751618968038437,0,0,881,1767,105,3399,43,972,25,43
"1246","2020-04-11",354,15,194,667,9574,0.751618968038437,0,0,881,1767,102,3501,37,1009,28,37
"1247","2020-04-12",272,15,256,541,9574,0.751618968038437,0,0,881,1767,107,3608,60,1069,26,60
"1248","2020-04-13",228,15,245,457,9574,0.751618968038437,0,0,881,1767,83,3691,33,1102,19,33
"1249","2020-04-14",164,15,234,382,9574,0.751618968038437,0,0,881,1767,87,3778,41,1143,22,41
"1250","2020-04-15",138,15,227,306,9574,0.751618968038437,0,0,881,1767,88,3866,28,1171,9,28
"1251","2020-04-16",97,15,211,275,9574,0.751618968038437,0,0,881,1767,91,3957,19,1190,27,19
"1252","2020-04-17",82,15,203,230,9574,0.751618968038437,0,0,881,1767,96,4053,20,1210,18,20
"1253","2020-04-18",69,15,211,197,9574,0.751618968038437,0,0,881,1767,81,4134,10,1220,17,10
"1254","2020-04-19",59,15,214,164,9574,0.751618968038437,0,0,881,1767,93,4227,26,1246,19,26
"1255","2020-04-20",38,15,226,145,9574,0.751618968038437,0,0,881,1767,84,4311,49,1295,21,49
"1256","2020-04-21",33,15,221,121,9574,0.751618968038437,0,0,881,1767,75,4386,44,1339,20,44
"1257","2020-04-22",30,15,214,105,9574,0.751618968038437,0,0,881,1767,69,4455,50,1389,13,50
"1258","2020-04-23",28,15,239,95,9574,0.751618968038437,0,0,881,1767,87,4542,69,1458,17,69
"1259","2020-04-24",22,15,274,83,9574,0.751618968038437,0,0,881,1767,88,4630,38,1496,13,38
"1260","2020-04-25",22,15,288,73,9574,0.751618968038437,0,0,881,1767,80,4710,16,1512,11,16
"1261","2020-04-26",21,15,268,64,9574,0.751618968038437,0,0,881,1767,69,4779,18,1530,13,18
"1262","2020-04-27",20,15,248,56,9574,0.751618968038437,0,0,881,1767,54,4833,42,1572,7,42
"1263","2020-04-28",17,15,279,49,9574,0.751618968038437,0,0,881,1767,57,4890,31,1603,9,31
"1264","2020-04-29",14,15,279,46,9574,0.751618968038437,0,0,881,1767,62,4952,17,1620,12,17
"1265","2020-04-30",14,15,274,41,9574,0.751618968038437,0,0,881,1767,60,5012,26,1646,12,26
"1266","2020-05-01",13,15,254,39,9574,0.751618968038437,0,0,881,1767,65,5077,19,1665,23,19
"1267","2020-05-02",11,15,234,40,9574,0.751618968038437,0,0,881,1767,57,5134,35,1700,10,35
"1268","2020-05-03",11,15,234,34,9574,0.751618968038437,0,0,881,1767,51,5185,27,1727,7,27
"1269","2020-05-04",9,15,241,29,9574,0.751618968038437,0,0,881,1767,59,5244,41,1768,4,41
"1270","2020-05-05",9,15,232,27,9574,0.751618968038437,0,0,881,1767,54,5298,50,1818,3,50
"1271","2020-05-06",12,15,242,24,9574,0.751618968038437,0,0,881,1767,56,5354,43,1861,11,43
"1272","2020-05-07",13,15,244,27,9574,0.751618968038437,0,0,881,1767,67,5421,26,1887,9,26
"1273","2020-05-08",11,15,229,28,9574,0.751618968038437,0,0,881,1767,50,5471,29,1916,9,29
"1274","2020-05-09",10,15,224,30,9574,0.751618968038437,0,0,881,1767,47,5518,53,1969,6,53
"1275","2020-05-10",8,15,206,31,9574,0.751618968038437,0,0,881,1767,66,5584,64,2033,11,64
"1276","2020-05-11",10,15,252,33,9574,0.751618968038437,0,0,881,1767,47,5631,34,2067,9,34
"1277","2020-05-12",8,15,252,32,9574,0.751618968038437,0,0,881,1767,51,5682,35,2102,5,35
"1278","2020-05-13",6,15,323,28,9574,0.751618968038437,0,0,881,1767,41,5723,18,2120,9,18
"1279","2020-05-14",4,15,374,24,9574,0.751618968038437,0,0,881,1767,36,5759,23,2143,5,23
"1280","2020-05-15",4,15,403,23,9574,0.751618968038437,0,0,881,1767,31,5790,42,2185,8,42
"1281","2020-05-16",5,15,356,22,9574,0.751618968038437,0,0,881,1767,39,5829,26,2211,5,26
"1282","2020-05-17",5,15,310,22,9574,0.751618968038437,0,0,881,1767,41,5870,12,2223,3,12
"1283","2020-05-18",4,15,269,22,9574,0.751618968038437,0,0,881,1767,34,5904,10,2233,5,10
"1284","2020-05-19",4,15,242,21,9574,0.751618968038437,0,0,881,1767,32,5936,49,2282,6,49
"1285","2020-05-20",3,15,228,21,9574,0.751618968038437,0,0,881,1767,38,5974,27,2309,NA,27
"1286","2020-05-21",4,15,216,19,9574,0.751618968038437,0,0,881,1767,29,6003,16,2325,4,16
"1287","2020-05-22",5,15,229,18,9574,0.751618968038437,0,0,881,1767,29,6032,16,2341,5,16
"1288","2020-05-23",4,15,212,17,9574,0.751618968038437,0,0,881,1767,27,6059,11,2352,3,11
"1289","2020-05-24",4,15,207,17,9574,0.751618968038437,0,0,881,1767,30,6089,20,2372,6,20
"1290","2020-05-25",2,15,208,15,9574,0.751618968038437,0,0,881,1767,24,6113,34,2406,3,34
"1291","2020-05-26",2,15,189,14,9574,0.751618968038437,0,0,881,1767,22,6135,26,2432,5,26
"1292","2020-05-27",4,15,177,15,9574,0.751618968038437,0,0,881,1767,21,6156,20,2452,1,20
"1293","2020-05-28",3,15,170,14,9574,0.751618968038437,0,0,881,1767,19,6175,14,2466,3,14
"1294","2020-05-29",2,15,182,12,9574,0.751618968038437,0,0,881,1767,24,6199,38,2504,4,38
"1295","2020-05-30",3,15,250,9,9574,0.751618968038437,0,0,881,1767,11,6210,14,2518,NA,14
"1296","2020-05-31",3,15,263,8,9574,0.751618968038437,0,0,881,1767,21,6231,11,2529,NA,11
"1297","2020-06-01",3,15,298,9,9574,0.751618968038437,0,0,881,1767,17,6248,22,2551,1,22
"1298","2020-06-02",3,15,318,9,9574,0.751618968038437,0,0,881,1767,16,6264,15,2566,1,15
"1299","2020-06-03",2,15,336,10,9574,0.751618968038437,0,0,881,1767,11,6275,15,2581,2,15
"1300","2020-06-04",2,15,334,11,9574,0.751618968038437,0,0,881,1767,13,6288,22,2603,1,22
"1301","2020-06-05",4,15,330,10,9574,0.751618968038437,0,0,881,1767,11,6299,8,2611,1,8
"1302","2020-06-06",3,15,361,9,9574,0.751618968038437,0,0,881,1767,18,6317,13,2624,1,13
"1303","2020-06-07",3,15,364,8,9574,0.751618968038437,0,0,881,1767,11,6328,9,2633,1,9
"1304","2020-03-12",1,16,122,49,4136,0.433027079303675,0,0,396,1314,72,126,66,127,5,66
"1305","2020-03-13",3,16,130,81,4136,0.433027079303675,0,0,396,1314,65,191,56,183,6,56
"1306","2020-03-14",3,16,139,126,4136,0.433027079303675,0,0,396,1314,72,263,66,249,11,66
"1307","2020-03-15",6,16,168,171,4136,0.433027079303675,0,0,396,1314,86,349,46,295,23,46
"1308","2020-03-16",11,16,182,220,4136,0.433027079303675,0,0,396,1314,84,433,28,323,25,28
"1309","2020-03-17",18,16,181,260,4136,0.433027079303675,0,0,396,1314,91,524,42,365,29,42
"1310","2020-03-18",30,16,181,317,4136,0.433027079303675,0,0,396,1314,92,616,44,409,46,44
"1311","2020-03-19",39,16,197,358,4136,0.433027079303675,0,0,396,1314,97,713,49,458,32,49
"1312","2020-03-20",55,16,213,415,4136,0.433027079303675,0,0,396,1314,105,818,40,498,51,40
"1313","2020-03-21",76,16,208,452,4136,0.433027079303675,0,0,396,1314,88,906,26,524,43,26
"1314","2020-03-22",93,16,201,494,4136,0.433027079303675,0,0,396,1314,86,992,29,553,32,29
"1315","2020-03-23",108,16,215,516,4136,0.433027079303675,0,0,396,1314,113,1105,23,576,53,23
"1316","2020-03-24",120,16,212,552,4136,0.433027079303675,0,0,396,1314,102,1207,64,640,46,64
"1317","2020-03-25",126,16,231,572,4136,0.433027079303675,0,0,396,1314,112,1319,49,689,57,49
"1318","2020-03-26",135,16,219,608,4136,0.433027079303675,0,0,396,1314,105,1424,60,749,43,60
"1319","2020-03-27",145,16,229,623,4136,0.433027079303675,0,0,396,1314,121,1545,35,784,45,35
"1320","2020-03-28",144,16,227,634,4136,0.433027079303675,0,0,396,1314,84,1629,40,824,44,40
"1321","2020-03-29",150,16,216,651,4136,0.433027079303675,0,0,396,1314,93,1722,38,862,26,38
"1322","2020-03-30",157,16,204,653,4136,0.433027079303675,0,0,396,1314,117,1839,47,909,49,47
"1323","2020-03-31",164,16,225,665,4136,0.433027079303675,0,0,396,1314,97,1936,33,942,40,33
"1324","2020-04-01",173,16,215,680,4136,0.433027079303675,0,0,396,1314,93,2029,29,971,30,29
"1325","2020-04-02",182,16,221,693,4136,0.433027079303675,0,0,396,1314,112,2141,41,1012,40,41
"1326","2020-04-03",180,16,235,729,4136,0.433027079303675,0,0,396,1314,93,2234,35,1047,29,35
"1327","2020-04-04",186,16,251,729,4136,0.433027079303675,0,0,396,1314,93,2327,32,1079,35,32
"1328","2020-04-05",182,16,230,733,4136,0.433027079303675,0,0,396,1314,95,2422,42,1121,34,42
"1329","2020-04-06",183,16,253,725,4136,0.433027079303675,0,0,396,1314,95,2517,34,1155,32,34
"1330","2020-04-07",191,16,264,721,4136,0.433027079303675,0,0,396,1314,93,2610,39,1194,28,39
"1331","2020-04-08",191,16,246,695,4136,0.433027079303675,0,0,396,1314,87,2697,37,1231,34,37
"1332","2020-04-09",185,16,254,697,4136,0.433027079303675,0,0,396,1314,96,2793,12,1243,36,12
"1333","2020-04-10",196,16,262,709,4136,0.433027079303675,0,0,396,1314,91,2884,38,1281,37,38
"1334","2020-04-11",193,16,269,685,4136,0.433027079303675,0,0,396,1314,88,2972,40,1321,42,40
"1335","2020-04-12",196,16,255,693,4136,0.433027079303675,0,0,396,1314,102,3074,71,1392,41,71
"1336","2020-04-13",199,16,233,675,4136,0.433027079303675,0,0,396,1314,111,3185,52,1444,47,52
"1337","2020-04-14",199,16,239,662,4136,0.433027079303675,0,0,396,1314,90,3275,42,1486,34,42
"1338","2020-04-15",208,16,250,667,4136,0.433027079303675,0,0,396,1314,96,3371,40,1526,30,40
"1339","2020-04-16",207,16,256,657,4136,0.433027079303675,0,0,396,1314,69,3440,52,1578,24,52
"1340","2020-04-17",199,16,249,640,4136,0.433027079303675,0,0,396,1314,88,3528,77,1655,29,77
"1341","2020-04-18",197,16,243,647,4136,0.433027079303675,0,0,396,1314,83,3611,43,1698,26,43
"1342","2020-04-19",201,16,236,624,4136,0.433027079303675,0,0,396,1314,88,3699,37,1735,25,37
"1343","2020-04-20",182,16,227,607,4136,0.433027079303675,0,0,396,1314,69,3768,46,1781,20,46
"1344","2020-04-21",174,16,231,606,4136,0.433027079303675,0,0,396,1314,75,3843,38,1819,23,38
"1345","2020-04-22",161,16,239,609,4136,0.433027079303675,0,0,396,1314,71,3914,24,1843,15,24
"1346","2020-04-23",175,16,227,608,4136,0.433027079303675,0,0,396,1314,76,3990,31,1874,23,31
"1347","2020-04-24",170,16,227,612,4136,0.433027079303675,0,0,396,1314,70,4060,25,1899,20,25
"1348","2020-04-25",176,16,248,607,4136,0.433027079303675,0,0,396,1314,57,4117,27,1926,18,27
"1349","2020-04-26",175,16,244,600,4136,0.433027079303675,0,0,396,1314,98,4215,30,1956,32,30
"1350","2020-04-27",192,16,290,601,4136,0.433027079303675,0,0,396,1314,78,4293,36,1992,22,36
"1351","2020-04-28",191,16,293,606,4136,0.433027079303675,0,0,396,1314,63,4356,31,2023,13,31
"1352","2020-04-29",187,16,290,588,4136,0.433027079303675,0,0,396,1314,78,4434,53,2076,26,53
"1353","2020-04-30",177,16,295,589,4136,0.433027079303675,0,0,396,1314,53,4487,52,2128,20,52
"1354","2020-05-01",174,16,297,568,4136,0.433027079303675,0,0,396,1314,47,4534,33,2161,12,33
"1355","2020-05-02",171,16,288,554,4136,0.433027079303675,0,0,396,1314,61,4595,33,2194,14,33
"1356","2020-05-03",170,16,281,543,4136,0.433027079303675,0,0,396,1314,77,4672,50,2244,23,50
"1357","2020-05-04",163,16,279,532,4136,0.433027079303675,0,0,396,1314,53,4725,50,2294,13,50
"1358","2020-05-05",159,16,285,521,4136,0.433027079303675,0,0,396,1314,54,4779,47,2341,13,47
"1359","2020-05-06",169,16,273,521,4136,0.433027079303675,0,0,396,1314,49,4828,43,2384,11,43
"1360","2020-05-07",161,16,280,510,4136,0.433027079303675,0,0,396,1314,53,4881,44,2428,11,44
"1361","2020-05-08",163,16,276,499,4136,0.433027079303675,0,0,396,1314,49,4930,39,2467,16,39
"1362","2020-05-09",152,16,280,490,4136,0.433027079303675,0,0,396,1314,50,4980,44,2511,14,44
"1363","2020-05-10",140,16,276,477,4136,0.433027079303675,0,0,396,1314,56,5036,38,2549,12,38
"1364","2020-05-11",133,16,275,485,4136,0.433027079303675,0,0,396,1314,38,5074,32,2581,9,32
"1365","2020-05-12",136,16,288,485,4136,0.433027079303675,0,0,396,1314,36,5110,36,2617,10,36
"1366","2020-05-13",131,16,304,494,4136,0.433027079303675,0,0,396,1314,42,5152,31,2648,12,31
"1367","2020-05-14",124,16,299,490,4136,0.433027079303675,0,0,396,1314,38,5190,31,2679,10,31
"1368","2020-05-15",121,16,301,475,4136,0.433027079303675,0,0,396,1314,44,5234,24,2703,15,24
"1369","2020-05-16",134,16,275,463,4136,0.433027079303675,0,0,396,1314,34,5268,37,2740,4,37
"1370","2020-05-17",133,16,251,440,4136,0.433027079303675,0,0,396,1314,37,5305,33,2773,10,33
"1371","2020-05-18",148,16,247,420,4136,0.433027079303675,0,0,396,1314,30,5335,31,2804,10,31
"1372","2020-05-19",139,16,238,419,4136,0.433027079303675,0,0,396,1314,35,5370,26,2830,4,26
"1373","2020-05-20",134,16,276,411,4136,0.433027079303675,0,0,396,1314,34,5404,21,2851,10,21
"1374","2020-05-21",138,16,318,388,4136,0.433027079303675,0,0,396,1314,27,5431,45,2896,8,45
"1375","2020-05-22",141,16,321,368,4136,0.433027079303675,0,0,396,1314,32,5463,50,2946,11,50
"1376","2020-05-23",136,16,303,349,4136,0.433027079303675,0,0,396,1314,31,5494,56,3002,6,56
"1377","2020-05-24",136,16,312,329,4136,0.433027079303675,0,0,396,1314,31,5525,46,3048,6,46
"1378","2020-05-25",122,16,294,323,4136,0.433027079303675,0,0,396,1314,32,5557,42,3090,8,42
"1379","2020-05-26",115,16,277,310,4136,0.433027079303675,0,0,396,1314,26,5583,25,3115,8,25
"1380","2020-05-27",106,16,247,293,4136,0.433027079303675,0,0,396,1314,24,5607,32,3147,6,32
"1381","2020-05-28",103,16,239,275,4136,0.433027079303675,0,0,396,1314,27,5634,34,3181,6,34
"1382","2020-05-29",90,16,211,262,4136,0.433027079303675,0,0,396,1314,23,5657,52,3233,7,52
"1383","2020-05-30",76,16,204,259,4136,0.433027079303675,0,0,396,1314,22,5679,46,3279,3,46
"1384","2020-05-31",70,16,203,248,4136,0.433027079303675,0,0,396,1314,21,5700,33,3312,4,33
"1385","2020-06-01",64,16,194,232,4136,0.433027079303675,0,0,396,1314,21,5721,24,3336,4,24
"1386","2020-06-02",60,16,211,228,4136,0.433027079303675,0,0,396,1314,23,5744,35,3371,5,35
"1387","2020-06-03",61,16,221,228,4136,0.433027079303675,0,0,396,1314,18,5762,49,3420,3,49
"1388","2020-06-04",61,16,195,213,4136,0.433027079303675,0,0,396,1314,12,5774,33,3453,2,33
"1389","2020-06-05",64,16,210,219,4136,0.433027079303675,0,0,396,1314,12,5786,32,3485,3,32
"1390","2020-06-06",64,16,211,219,4136,0.433027079303675,0,0,396,1314,15,5801,32,3517,4,32
"1391","2020-06-07",69,16,246,213,4136,0.433027079303675,0,0,396,1314,13,5814,30,3547,1,30
"1392","2020-03-13",1,17,130,157,5287,0.192926045016077,0,0,489,1525,18,44,45,74,12,45
"1393","2020-03-14",8,17,141,208,5287,0.192926045016077,0,0,489,1525,25,69,20,94,18,20
"1394","2020-03-15",11,17,169,263,5287,0.192926045016077,0,0,489,1525,37,106,13,107,31,13
"1395","2020-03-16",17,17,180,324,5287,0.192926045016077,0,0,489,1525,47,153,8,115,36,8
"1396","2020-03-17",27,17,188,384,5287,0.192926045016077,0,0,489,1525,44,197,8,123,33,8
"1397","2020-03-18",43,17,175,442,5287,0.192926045016077,0,0,489,1525,64,261,51,174,53,51
"1398","2020-03-19",58,17,171,509,5287,0.192926045016077,0,0,489,1525,51,312,27,201,45,27
"1399","2020-03-20",78,17,169,558,5287,0.192926045016077,0,0,489,1525,93,405,77,278,87,77
"1400","2020-03-21",91,17,198,602,5287,0.192926045016077,0,0,489,1525,134,539,62,340,123,62
"1401","2020-03-22",106,17,202,646,5287,0.192926045016077,0,0,489,1525,171,710,56,396,159,56
"1402","2020-03-23",131,17,201,677,5287,0.192926045016077,0,0,489,1525,271,981,34,430,256,34
"1403","2020-03-24",145,17,175,700,5287,0.192926045016077,0,0,489,1525,215,1196,24,454,204,24
"1404","2020-03-25",148,17,167,721,5287,0.192926045016077,0,0,489,1525,226,1422,23,477,214,23
"1405","2020-03-26",156,17,174,713,5287,0.192926045016077,0,0,489,1525,286,1708,28,505,283,28
"1406","2020-03-27",171,17,163,737,5287,0.192926045016077,0,0,489,1525,346,2054,13,518,338,13
"1407","2020-03-28",182,17,162,734,5287,0.192926045016077,0,0,489,1525,397,2451,28,546,389,28
"1408","2020-03-29",200,17,167,739,5287,0.192926045016077,0,0,489,1525,378,2829,15,561,367,15
"1409","2020-03-30",206,17,217,748,5287,0.192926045016077,0,0,489,1525,435,3264,58,619,429,58
"1410","2020-03-31",217,17,194,748,5287,0.192926045016077,0,0,489,1525,439,3703,52,671,429,52
"1411","2020-04-01",231,17,175,781,5287,0.192926045016077,0,0,489,1525,453,4156,24,695,445,24
"1412","2020-04-02",242,17,169,772,5287,0.192926045016077,0,0,489,1525,361,4517,19,714,351,19
"1413","2020-04-03",232,17,166,798,5287,0.192926045016077,0,0,489,1525,460,4977,10,724,458,10
"1414","2020-04-04",240,17,188,801,5287,0.192926045016077,0,0,489,1525,305,5282,7,731,303,7
"1415","2020-04-05",235,17,257,821,5287,0.192926045016077,0,0,489,1525,327,5609,5,736,324,5
"1416","2020-04-06",237,17,240,819,5287,0.192926045016077,0,0,489,1525,252,5861,10,746,245,10
"1417","2020-04-07",231,17,225,825,5287,0.192926045016077,0,0,489,1525,290,6151,12,758,287,12
"1418","2020-04-08",226,17,212,838,5287,0.192926045016077,0,0,489,1525,208,6359,15,773,204,15
"1419","2020-04-09",224,17,242,849,5287,0.192926045016077,0,0,489,1525,178,6537,22,795,177,22
"1420","2020-04-10",226,17,264,844,5287,0.192926045016077,0,0,489,1525,157,6694,23,818,157,23
"1421","2020-04-11",221,17,280,828,5287,0.192926045016077,0,0,489,1525,94,6788,19,837,93,19
"1422","2020-04-12",228,17,275,803,5287,0.192926045016077,0,0,489,1525,91,6879,19,856,91,19
"1423","2020-04-13",220,17,271,802,5287,0.192926045016077,0,0,489,1525,93,6972,16,872,90,16
"1424","2020-04-14",224,17,296,778,5287,0.192926045016077,0,0,489,1525,59,7031,27,899,57,27
"1425","2020-04-15",212,17,264,765,5287,0.192926045016077,0,0,489,1525,65,7096,28,927,64,28
"1426","2020-04-16",211,17,245,768,5287,0.192926045016077,0,0,489,1525,47,7143,21,948,47,21
"1427","2020-04-17",205,17,241,775,5287,0.192926045016077,0,0,489,1525,32,7175,17,965,28,17
"1428","2020-04-18",201,17,222,772,5287,0.192926045016077,0,0,489,1525,40,7215,53,1018,36,53
"1429","2020-04-19",188,17,254,785,5287,0.192926045016077,0,0,489,1525,28,7243,75,1093,26,75
"1430","2020-04-20",192,17,256,794,5287,0.192926045016077,0,0,489,1525,22,7265,58,1151,21,58
"1431","2020-04-21",184,17,263,794,5287,0.192926045016077,0,0,489,1525,16,7281,62,1213,16,62
"1432","2020-04-22",198,17,277,781,5287,0.192926045016077,0,0,489,1525,15,7296,33,1246,14,33
"1433","2020-04-23",195,17,265,773,5287,0.192926045016077,0,0,489,1525,11,7307,24,1270,11,24
"1434","2020-04-24",205,17,231,755,5287,0.192926045016077,0,0,489,1525,10,7317,9,1279,10,9
"1435","2020-04-25",203,17,228,754,5287,0.192926045016077,0,0,489,1525,8,7325,29,1308,7,29
"1436","2020-04-26",209,17,198,769,5287,0.192926045016077,0,0,489,1525,9,7334,21,1329,9,21
"1437","2020-04-27",201,17,185,783,5287,0.192926045016077,0,0,489,1525,3,7337,14,1343,2,14
"1438","2020-04-28",198,17,184,743,5287,0.192926045016077,0,0,489,1525,9,7346,13,1356,6,13
"1439","2020-04-29",199,17,231,750,5287,0.192926045016077,0,0,489,1525,6,7352,19,1375,4,19
"1440","2020-04-30",205,17,275,758,5287,0.192926045016077,0,0,489,1525,7,7359,4,1379,6,4
"1441","2020-05-01",207,17,260,750,5287,0.192926045016077,0,0,489,1525,1,7360,13,1392,1,13
"1442","2020-05-02",205,17,245,727,5287,0.192926045016077,0,0,489,1525,7,7367,44,1436,6,44
"1443","2020-05-03",205,17,239,724,5287,0.192926045016077,0,0,489,1525,6,7373,22,1458,4,22
"1444","2020-05-04",209,17,218,734,5287,0.192926045016077,0,0,489,1525,3,7376,46,1504,2,46
"1445","2020-05-05",220,17,210,714,5287,0.192926045016077,0,0,489,1525,5,7381,53,1557,2,53
"1446","2020-05-06",217,17,233,696,5287,0.192926045016077,0,0,489,1525,6,7387,25,1582,3,25
"1447","2020-05-07",209,17,236,685,5287,0.192926045016077,0,0,489,1525,5,7392,22,1604,5,22
"1448","2020-05-08",204,17,219,679,5287,0.192926045016077,0,0,489,1525,5,7397,16,1620,4,16
"1449","2020-05-09",203,17,217,655,5287,0.192926045016077,0,0,489,1525,3,7400,20,1640,3,20
"1450","2020-05-10",204,17,198,647,5287,0.192926045016077,0,0,489,1525,5,7405,52,1692,3,52
"1451","2020-05-11",204,17,210,634,5287,0.192926045016077,0,0,489,1525,2,7407,34,1726,1,34
"1452","2020-05-12",194,17,199,610,5287,0.192926045016077,0,0,489,1525,4,7411,24,1750,2,24
"1453","2020-05-13",194,17,226,613,5287,0.192926045016077,0,0,489,1525,2,7413,47,1797,1,47
"1454","2020-05-14",187,17,273,595,5287,0.192926045016077,0,0,489,1525,5,7418,34,1831,5,34
"1455","2020-05-15",175,17,319,570,5287,0.192926045016077,0,0,489,1525,4,7422,25,1856,4,25
"1456","2020-05-16",166,17,312,543,5287,0.192926045016077,0,0,489,1525,2,7424,22,1878,1,22
"1457","2020-05-17",152,17,344,531,5287,0.192926045016077,0,0,489,1525,5,7429,23,1901,3,23
"1458","2020-05-18",137,17,349,516,5287,0.192926045016077,0,0,489,1525,2,7431,19,1920,1,19
"1459","2020-05-19",136,17,342,504,5287,0.192926045016077,0,0,489,1525,3,7434,21,1941,3,21
"1460","2020-05-20",127,17,331,482,5287,0.192926045016077,0,0,489,1525,4,7438,24,1965,4,24
"1461","2020-05-21",123,17,320,466,5287,0.192926045016077,0,0,489,1525,4,7442,28,1993,3,28
"1462","2020-05-22",123,17,280,450,5287,0.192926045016077,0,0,489,1525,4,7446,62,2055,3,62
"1463","2020-05-23",128,17,257,433,5287,0.192926045016077,0,0,489,1525,2,7448,52,2107,2,52
"1464","2020-05-24",129,17,229,421,5287,0.192926045016077,0,0,489,1525,6,7454,45,2152,5,45
"1465","2020-05-25",128,17,217,401,5287,0.192926045016077,0,0,489,1525,4,7458,52,2204,3,52
"1466","2020-05-26",123,17,208,393,5287,0.192926045016077,0,0,489,1525,1,7459,23,2227,1,23
"1467","2020-05-27",124,17,242,369,5287,0.192926045016077,0,0,489,1525,1,7460,15,2242,NA,15
"1468","2020-05-28",125,17,256,354,5287,0.192926045016077,0,0,489,1525,4,7464,11,2253,3,11
"1469","2020-05-29",122,17,251,349,5287,0.192926045016077,0,0,489,1525,1,7465,55,2308,1,55
"1470","2020-05-30",121,17,234,341,5287,0.192926045016077,0,0,489,1525,1,7466,31,2339,1,31
"1471","2020-05-31",115,17,210,320,5287,0.192926045016077,0,0,489,1525,1,7467,45,2384,1,45
"1472","2020-06-01",114,17,180,304,5287,0.192926045016077,0,0,489,1525,2,7469,43,2427,2,43
"1473","2020-06-02",114,17,163,298,5287,0.192926045016077,0,0,489,1525,3,7472,32,2459,2,32
"1474","2020-06-03",106,17,149,283,5287,0.192926045016077,0,0,489,1525,6,7478,24,2483,4,24
"1475","2020-06-04",99,17,149,273,5287,0.192926045016077,0,0,489,1525,1,7479,19,2502,1,19
"1476","2020-06-05",96,17,148,255,5287,0.192926045016077,0,0,489,1525,1,7480,42,2544,1,42
"1477","2020-06-06",85,17,141,249,5287,0.192926045016077,0,0,489,1525,1,7481,18,2562,NA,18
"1478","2020-06-07",84,17,137,231,5287,0.192926045016077,0,0,489,1525,3,7484,33,2595,3,33
"1479","2020-03-13",2,18,234,98,4252,0.467074317968015,0,0,354,1383,14,53,13,52,4,13
"1480","2020-03-14",4,18,244,130,4252,0.467074317968015,0,0,354,1383,22,75,8,60,2,8
"1481","2020-03-15",6,18,274,167,4252,0.467074317968015,0,0,354,1383,23,98,8,68,7,8
"1482","2020-03-16",14,18,260,200,4252,0.467074317968015,0,0,354,1383,32,130,6,74,18,6
"1483","2020-03-17",25,18,276,241,4252,0.467074317968015,0,0,354,1383,25,155,35,109,14,35
"1484","2020-03-18",32,18,252,265,4252,0.467074317968015,0,0,354,1383,36,191,38,147,15,38
"1485","2020-03-19",44,18,223,318,4252,0.467074317968015,0,0,354,1383,23,214,40,187,14,40
"1486","2020-03-20",56,18,223,348,4252,0.467074317968015,0,0,354,1383,34,248,29,216,19,29
"1487","2020-03-21",65,18,253,387,4252,0.467074317968015,0,0,354,1383,23,271,19,235,12,19
"1488","2020-03-22",80,18,245,423,4252,0.467074317968015,0,0,354,1383,36,307,36,271,16,36
"1489","2020-03-23",94,18,228,458,4252,0.467074317968015,0,0,354,1383,28,335,33,304,13,33
"1490","2020-03-24",98,18,228,476,4252,0.467074317968015,0,0,354,1383,26,361,31,335,14,31
"1491","2020-03-25",110,18,203,497,4252,0.467074317968015,0,0,354,1383,30,391,23,358,15,23
"1492","2020-03-26",115,18,223,520,4252,0.467074317968015,0,0,354,1383,33,424,10,368,23,10
"1493","2020-03-27",122,18,237,540,4252,0.467074317968015,0,0,354,1383,25,449,8,376,13,8
"1494","2020-03-28",132,18,227,550,4252,0.467074317968015,0,0,354,1383,43,492,34,410,26,34
"1495","2020-03-29",138,18,217,565,4252,0.467074317968015,0,0,354,1383,44,536,27,437,20,27
"1496","2020-03-30",150,18,238,592,4252,0.467074317968015,0,0,354,1383,38,574,27,464,22,27
"1497","2020-03-31",163,18,212,610,4252,0.467074317968015,0,0,354,1383,32,606,34,498,17,34
"1498","2020-04-01",169,18,181,609,4252,0.467074317968015,0,0,354,1383,29,635,18,516,11,18
"1499","2020-04-02",178,18,153,624,4252,0.467074317968015,0,0,354,1383,40,675,7,523,21,7
"1500","2020-04-03",183,18,152,634,4252,0.467074317968015,0,0,354,1383,47,722,12,535,19,12
"1501","2020-04-04",186,18,141,639,4252,0.467074317968015,0,0,354,1383,42,764,36,571,23,36
"1502","2020-04-05",190,18,149,645,4252,0.467074317968015,0,0,354,1383,33,797,40,611,11,40
"1503","2020-04-06",176,18,130,649,4252,0.467074317968015,0,0,354,1383,39,836,34,645,23,34
"1504","2020-04-07",171,18,170,666,4252,0.467074317968015,0,0,354,1383,35,871,58,703,17,58
"1505","2020-04-08",178,18,228,664,4252,0.467074317968015,0,0,354,1383,44,915,53,756,25,53
"1506","2020-04-09",170,18,274,672,4252,0.467074317968015,0,0,354,1383,32,947,30,786,12,30
"1507","2020-04-10",174,18,265,665,4252,0.467074317968015,0,0,354,1383,38,985,10,796,10,10
"1508","2020-04-11",179,18,243,674,4252,0.467074317968015,0,0,354,1383,32,1017,17,813,18,17
"1509","2020-04-12",179,18,222,658,4252,0.467074317968015,0,0,354,1383,37,1054,15,828,19,15
"1510","2020-04-13",185,18,222,660,4252,0.467074317968015,0,0,354,1383,28,1082,9,837,16,9
"1511","2020-04-14",182,18,211,656,4252,0.467074317968015,0,0,354,1383,35,1117,5,842,19,5
"1512","2020-04-15",183,18,190,660,4252,0.467074317968015,0,0,354,1383,39,1156,10,852,20,10
"1513","2020-04-16",189,18,195,651,4252,0.467074317968015,0,0,354,1383,25,1181,9,861,11,9
"1514","2020-04-17",181,18,233,646,4252,0.467074317968015,0,0,354,1383,35,1216,3,864,14,3
"1515","2020-04-18",170,18,320,650,4252,0.467074317968015,0,0,354,1383,37,1253,8,872,17,8
"1516","2020-04-19",158,18,337,651,4252,0.467074317968015,0,0,354,1383,43,1296,6,878,24,6
"1517","2020-04-20",158,18,307,659,4252,0.467074317968015,0,0,354,1383,43,1339,6,884,20,6
"1518","2020-04-21",163,18,267,657,4252,0.467074317968015,0,0,354,1383,40,1379,13,897,18,13
"1519","2020-04-22",158,18,253,666,4252,0.467074317968015,0,0,354,1383,43,1422,68,965,17,68
"1520","2020-04-23",155,18,236,659,4252,0.467074317968015,0,0,354,1383,29,1451,34,999,15,34
"1521","2020-04-24",164,18,234,665,4252,0.467074317968015,0,0,354,1383,33,1484,45,1044,14,45
"1522","2020-04-25",173,18,206,680,4252,0.467074317968015,0,0,354,1383,37,1521,56,1100,14,56
"1523","2020-04-26",192,18,183,701,4252,0.467074317968015,0,0,354,1383,26,1547,36,1136,10,36
"1524","2020-04-27",204,18,177,687,4252,0.467074317968015,0,0,354,1383,41,1588,12,1148,17,12
"1525","2020-04-28",203,18,170,655,4252,0.467074317968015,0,0,354,1383,35,1623,9,1157,11,9
"1526","2020-04-29",201,18,183,653,4252,0.467074317968015,0,0,354,1383,44,1667,11,1168,15,11
"1527","2020-04-30",210,18,205,635,4252,0.467074317968015,0,0,354,1383,31,1698,8,1176,12,8
"1528","2020-05-01",205,18,210,619,4252,0.467074317968015,0,0,354,1383,39,1737,10,1186,15,10
"1529","2020-05-02",200,18,188,610,4252,0.467074317968015,0,0,354,1383,35,1772,15,1201,13,15
"1530","2020-05-03",187,18,178,600,4252,0.467074317968015,0,0,354,1383,37,1809,31,1232,12,31
"1531","2020-05-04",184,18,177,589,4252,0.467074317968015,0,0,354,1383,33,1842,33,1265,13,33
"1532","2020-05-05",182,18,163,577,4252,0.467074317968015,0,0,354,1383,36,1878,43,1308,9,43
"1533","2020-05-06",173,18,150,560,4252,0.467074317968015,0,0,354,1383,36,1914,22,1330,14,22
"1534","2020-05-07",168,18,186,557,4252,0.467074317968015,0,0,354,1383,30,1944,22,1352,12,22
"1535","2020-05-08",165,18,208,546,4252,0.467074317968015,0,0,354,1383,27,1971,36,1388,14,36
"1536","2020-05-09",165,18,208,531,4252,0.467074317968015,0,0,354,1383,26,1997,19,1407,10,19
"1537","2020-05-10",163,18,237,509,4252,0.467074317968015,0,0,354,1383,23,2020,16,1423,6,16
"1538","2020-05-11",146,18,240,506,4252,0.467074317968015,0,0,354,1383,25,2045,10,1433,8,10
"1539","2020-05-12",144,18,226,508,4252,0.467074317968015,0,0,354,1383,36,2081,3,1436,17,3
"1540","2020-05-13",150,18,207,499,4252,0.467074317968015,0,0,354,1383,18,2099,5,1441,5,5
"1541","2020-05-14",145,18,204,471,4252,0.467074317968015,0,0,354,1383,29,2128,6,1447,19,6
"1542","2020-05-15",134,18,218,464,4252,0.467074317968015,0,0,354,1383,28,2156,37,1484,11,37
"1543","2020-05-16",134,18,248,458,4252,0.467074317968015,0,0,354,1383,41,2197,45,1529,22,45
"1544","2020-05-17",131,18,230,445,4252,0.467074317968015,0,0,354,1383,30,2227,22,1551,14,22
"1545","2020-05-18",135,18,210,436,4252,0.467074317968015,0,0,354,1383,23,2250,11,1562,12,11
"1546","2020-05-19",139,18,201,426,4252,0.467074317968015,0,0,354,1383,29,2279,8,1570,11,8
"1547","2020-05-20",134,18,192,423,4252,0.467074317968015,0,0,354,1383,21,2300,18,1588,11,18
"1548","2020-05-21",124,18,199,425,4252,0.467074317968015,0,0,354,1383,28,2328,24,1612,18,24
"1549","2020-05-22",130,18,193,420,4252,0.467074317968015,0,0,354,1383,23,2351,55,1667,9,55
"1550","2020-05-23",122,18,218,406,4252,0.467074317968015,0,0,354,1383,20,2371,32,1699,11,32
"1551","2020-05-24",124,18,208,396,4252,0.467074317968015,0,0,354,1383,25,2396,23,1722,6,23
"1552","2020-05-25",117,18,255,390,4252,0.467074317968015,0,0,354,1383,19,2415,27,1749,9,27
"1553","2020-05-26",106,18,249,374,4252,0.467074317968015,0,0,354,1383,19,2434,20,1769,6,20
"1554","2020-05-27",110,18,239,356,4252,0.467074317968015,0,0,354,1383,15,2449,18,1787,6,18
"1555","2020-05-28",116,18,238,334,4252,0.467074317968015,0,0,354,1383,19,2468,20,1807,6,20
"1556","2020-05-29",108,18,215,319,4252,0.467074317968015,0,0,354,1383,20,2488,27,1834,8,27
"1557","2020-05-30",107,18,202,308,4252,0.467074317968015,0,0,354,1383,19,2507,30,1864,9,30
"1558","2020-05-31",105,18,184,295,4252,0.467074317968015,0,0,354,1383,26,2533,27,1891,19,27
"1559","2020-06-01",102,18,168,291,4252,0.467074317968015,0,0,354,1383,16,2549,22,1913,6,22
"1560","2020-06-02",99,18,168,280,4252,0.467074317968015,0,0,354,1383,15,2564,23,1936,8,23
"1561","2020-06-03",87,18,162,276,4252,0.467074317968015,0,0,354,1383,16,2580,19,1955,6,19
"1562","2020-06-04",87,18,165,255,4252,0.467074317968015,0,0,354,1383,17,2597,23,1978,10,23
"1563","2020-06-05",90,18,193,248,4252,0.467074317968015,0,0,354,1383,23,2620,24,2002,12,24
"1564","2020-06-06",91,18,252,235,4252,0.467074317968015,0,0,354,1383,11,2631,43,2045,3,43
"1565","2020-06-07",84,18,286,224,4252,0.467074317968015,0,0,354,1383,22,2653,17,2062,13,17
"1566","2020-03-13",1,19,43,152,5270,0.170777988614801,0,0,524,875,76,196,56,103,10,56
"1567","2020-03-14",6,19,50,205,5270,0.170777988614801,0,0,524,875,57,253,61,164,9,61
"1568","2020-03-15",12,19,78,276,5270,0.170777988614801,0,0,524,875,54,307,53,217,7,53
"1569","2020-03-16",28,19,87,349,5270,0.170777988614801,0,0,524,875,67,374,35,252,13,35
"1570","2020-03-17",34,19,125,416,5270,0.170777988614801,0,0,524,875,75,449,35,287,19,35
"1571","2020-03-18",52,19,148,470,5270,0.170777988614801,0,0,524,875,78,527,34,321,15,34
"1572","2020-03-19",72,19,171,517,5270,0.170777988614801,0,0,524,875,86,613,21,342,26,21
"1573","2020-03-20",94,19,208,565,5270,0.170777988614801,0,0,524,875,73,686,20,362,18,20
"1574","2020-03-21",115,19,200,602,5270,0.170777988614801,0,0,524,875,84,770,66,428,27,66
"1575","2020-03-22",130,19,213,636,5270,0.170777988614801,0,0,524,875,63,833,48,476,17,48
"1576","2020-03-23",139,19,231,659,5270,0.170777988614801,0,0,524,875,62,895,18,494,15,18
"1577","2020-03-24",162,19,223,674,5270,0.170777988614801,0,0,524,875,64,959,8,502,14,8
"1578","2020-03-25",160,19,239,683,5270,0.170777988614801,0,0,524,875,80,1039,9,511,18,9
"1579","2020-03-26",169,19,228,682,5270,0.170777988614801,0,0,524,875,82,1121,20,531,18,20
"1580","2020-03-27",178,19,210,702,5270,0.170777988614801,0,0,524,875,84,1205,46,577,34,46
"1581","2020-03-28",173,19,172,719,5270,0.170777988614801,0,0,524,875,84,1289,61,638,33,61
"1582","2020-03-29",178,19,169,721,5270,0.170777988614801,0,0,524,875,99,1388,28,666,31,28
"1583","2020-03-30",188,19,151,723,5270,0.170777988614801,0,0,524,875,91,1479,20,686,33,20
"1584","2020-03-31",185,19,139,718,5270,0.170777988614801,0,0,524,875,91,1570,65,751,25,65
"1585","2020-04-01",197,19,172,746,5270,0.170777988614801,0,0,524,875,78,1648,37,788,22,37
"1586","2020-04-02",194,19,201,737,5270,0.170777988614801,0,0,524,875,66,1714,31,819,13,31
"1587","2020-04-03",196,19,219,745,5270,0.170777988614801,0,0,524,875,85,1799,39,858,27,39
"1588","2020-04-04",217,19,203,737,5270,0.170777988614801,0,0,524,875,81,1880,45,903,28,45
"1589","2020-04-05",220,19,217,738,5270,0.170777988614801,0,0,524,875,64,1944,21,924,31,21
"1590","2020-04-06",215,19,223,745,5270,0.170777988614801,0,0,524,875,82,2026,21,945,30,21
"1591","2020-04-07",223,19,239,749,5270,0.170777988614801,0,0,524,875,65,2091,38,983,14,38
"1592","2020-04-08",227,19,253,751,5270,0.170777988614801,0,0,524,875,76,2167,25,1008,21,25
"1593","2020-04-09",229,19,270,777,5270,0.170777988614801,0,0,524,875,82,2249,47,1055,25,47
"1594","2020-04-10",227,19,255,777,5270,0.170777988614801,0,0,524,875,94,2343,33,1088,40,33
"1595","2020-04-11",209,19,261,774,5270,0.170777988614801,0,0,524,875,62,2405,19,1107,19,19
"1596","2020-04-12",216,19,289,788,5270,0.170777988614801,0,0,524,875,66,2471,16,1123,17,16
"1597","2020-04-13",222,19,261,791,5270,0.170777988614801,0,0,524,875,99,2570,9,1132,29,9
"1598","2020-04-14",218,19,269,801,5270,0.170777988614801,0,0,524,875,89,2659,7,1139,25,7
"1599","2020-04-15",219,19,280,808,5270,0.170777988614801,0,0,524,875,101,2760,21,1160,38,21
"1600","2020-04-16",226,19,254,803,5270,0.170777988614801,0,0,524,875,92,2852,24,1184,14,24
"1601","2020-04-17",224,19,259,798,5270,0.170777988614801,0,0,524,875,85,2937,57,1241,25,57
"1602","2020-04-18",233,19,220,807,5270,0.170777988614801,0,0,524,875,72,3009,38,1279,15,38
"1603","2020-04-19",232,19,209,794,5270,0.170777988614801,0,0,524,875,80,3089,11,1290,28,11
"1604","2020-04-20",230,19,231,802,5270,0.170777988614801,0,0,524,875,75,3164,11,1301,15,11
"1605","2020-04-21",233,19,237,793,5270,0.170777988614801,0,0,524,875,80,3244,47,1348,18,47
"1606","2020-04-22",226,19,274,810,5270,0.170777988614801,0,0,524,875,65,3309,71,1419,18,71
"1607","2020-04-23",224,19,278,803,5270,0.170777988614801,0,0,524,875,61,3370,33,1452,14,33
"1608","2020-04-24",218,19,290,798,5270,0.170777988614801,0,0,524,875,72,3442,44,1496,19,44
"1609","2020-04-25",214,19,263,797,5270,0.170777988614801,0,0,524,875,63,3505,22,1518,11,22
"1610","2020-04-26",207,19,245,770,5270,0.170777988614801,0,0,524,875,65,3570,34,1552,12,34
"1611","2020-04-27",200,19,250,774,5270,0.170777988614801,0,0,524,875,68,3638,20,1572,20,20
"1612","2020-04-28",201,19,241,784,5270,0.170777988614801,0,0,524,875,53,3691,12,1584,9,12
"1613","2020-04-29",200,19,208,780,5270,0.170777988614801,0,0,524,875,51,3742,17,1601,12,17
"1614","2020-04-30",200,19,241,754,5270,0.170777988614801,0,0,524,875,56,3798,13,1614,9,13
"1615","2020-05-01",212,19,249,743,5270,0.170777988614801,0,0,524,875,60,3858,15,1629,9,15
"1616","2020-05-02",209,19,240,726,5270,0.170777988614801,0,0,524,875,64,3922,31,1660,14,31
"1617","2020-05-03",207,19,253,722,5270,0.170777988614801,0,0,524,875,63,3985,17,1677,14,17
"1618","2020-05-04",227,19,248,726,5270,0.170777988614801,0,0,524,875,68,4053,8,1685,18,8
"1619","2020-05-05",215,19,244,718,5270,0.170777988614801,0,0,524,875,54,4107,21,1706,13,21
"1620","2020-05-06",220,19,256,700,5270,0.170777988614801,0,0,524,875,57,4164,16,1722,16,16
"1621","2020-05-07",219,19,251,700,5270,0.170777988614801,0,0,524,875,53,4217,8,1730,16,8
"1622","2020-05-08",208,19,227,687,5270,0.170777988614801,0,0,524,875,45,4262,18,1748,15,18
"1623","2020-05-09",215,19,223,675,5270,0.170777988614801,0,0,524,875,40,4302,28,1776,10,28
"1624","2020-05-10",212,19,245,671,5270,0.170777988614801,0,0,524,875,53,4355,31,1807,10,31
"1625","2020-05-11",203,19,252,660,5270,0.170777988614801,0,0,524,875,50,4405,40,1847,8,40
"1626","2020-05-12",204,19,277,638,5270,0.170777988614801,0,0,524,875,48,4453,49,1896,12,49
"1627","2020-05-13",195,19,260,624,5270,0.170777988614801,0,0,524,875,53,4506,39,1935,16,39
"1628","2020-05-14",189,19,241,604,5270,0.170777988614801,0,0,524,875,43,4549,77,2012,10,77
"1629","2020-05-15",187,19,232,590,5270,0.170777988614801,0,0,524,875,49,4598,54,2066,20,54
"1630","2020-05-16",184,19,212,570,5270,0.170777988614801,0,0,524,875,42,4640,30,2096,8,30
"1631","2020-05-17",184,19,228,546,5270,0.170777988614801,0,0,524,875,42,4682,22,2118,12,22
"1632","2020-05-18",168,19,245,522,5270,0.170777988614801,0,0,524,875,46,4728,18,2136,12,18
"1633","2020-05-19",155,19,245,492,5270,0.170777988614801,0,0,524,875,27,4755,20,2156,7,20
"1634","2020-05-20",153,19,237,472,5270,0.170777988614801,0,0,524,875,41,4796,39,2195,20,39
"1635","2020-05-21",152,19,213,450,5270,0.170777988614801,0,0,524,875,36,4832,30,2225,5,30
"1636","2020-05-22",146,19,181,444,5270,0.170777988614801,0,0,524,875,36,4868,11,2236,13,11
"1637","2020-05-23",133,19,168,421,5270,0.170777988614801,0,0,524,875,31,4899,8,2244,8,8
"1638","2020-05-24",125,19,167,417,5270,0.170777988614801,0,0,524,875,38,4937,17,2261,10,17
"1639","2020-05-25",116,19,188,394,5270,0.170777988614801,0,0,524,875,29,4966,63,2324,7,63
"1640","2020-05-26",126,19,189,379,5270,0.170777988614801,0,0,524,875,17,4983,27,2351,5,27
"1641","2020-05-27",124,19,179,357,5270,0.170777988614801,0,0,524,875,35,5018,22,2373,9,22
"1642","2020-05-28",117,19,137,347,5270,0.170777988614801,0,0,524,875,23,5041,72,2445,6,72
"1643","2020-05-29",110,19,133,339,5270,0.170777988614801,0,0,524,875,21,5062,39,2484,5,39
"1644","2020-05-30",102,19,128,322,5270,0.170777988614801,0,0,524,875,16,5078,21,2505,2,21
"1645","2020-05-31",101,19,128,308,5270,0.170777988614801,0,0,524,875,22,5100,20,2525,5,20
"1646","2020-06-01",99,19,127,315,5270,0.170777988614801,0,0,524,875,28,5128,6,2531,10,6
"1647","2020-06-02",88,19,125,301,5270,0.170777988614801,0,0,524,875,24,5152,12,2543,2,12
"1648","2020-06-03",78,19,116,295,5270,0.170777988614801,0,0,524,875,22,5174,10,2553,8,10
"1649","2020-06-04",66,19,149,286,5270,0.170777988614801,0,0,524,875,20,5194,9,2562,3,9
"1650","2020-06-05",69,19,193,258,5270,0.170777988614801,0,0,524,875,18,5212,17,2579,6,17
"1651","2020-06-06",70,19,204,258,5270,0.170777988614801,0,0,524,875,28,5240,7,2586,10,7
"1652","2020-06-07",72,19,188,254,5270,0.170777988614801,0,0,524,875,17,5257,13,2599,6,13
"1653","2020-03-13",2,20,227,68,5275,0.823317535545024,0,0,528,1529,18,56,14,41,NA,14
"1654","2020-03-14",2,20,269,100,5275,0.823317535545024,0,0,528,1529,38,94,31,72,10,31
"1655","2020-03-15",7,20,312,144,5275,0.823317535545024,0,0,528,1529,29,123,37,109,8,37
"1656","2020-03-16",12,20,298,185,5275,0.823317535545024,0,0,528,1529,31,154,24,133,18,24
"1657","2020-03-17",14,20,324,230,5275,0.823317535545024,0,0,528,1529,32,186,37,170,13,37
"1658","2020-03-18",16,20,328,282,5275,0.823317535545024,0,0,528,1529,29,215,45,215,12,45
"1659","2020-03-19",29,20,350,320,5275,0.823317535545024,0,0,528,1529,42,257,41,256,12,41
"1660","2020-03-20",36,20,326,363,5275,0.823317535545024,0,0,528,1529,41,298,60,316,12,60
"1661","2020-03-21",54,20,329,413,5275,0.823317535545024,0,0,528,1529,36,334,42,358,16,42
"1662","2020-03-22",66,20,308,462,5275,0.823317535545024,0,0,528,1529,41,375,55,413,19,55
"1663","2020-03-23",82,20,249,505,5275,0.823317535545024,0,0,528,1529,26,401,64,477,11,64
"1664","2020-03-24",95,20,225,549,5275,0.823317535545024,0,0,528,1529,40,441,73,550,15,73
"1665","2020-03-25",121,20,195,597,5275,0.823317535545024,0,0,528,1529,29,470,37,587,8,37
"1666","2020-03-26",133,20,155,644,5275,0.823317535545024,0,0,528,1529,33,503,50,637,7,50
"1667","2020-03-27",142,20,143,705,5275,0.823317535545024,0,0,528,1529,42,545,58,695,18,58
"1668","2020-03-28",152,20,133,746,5275,0.823317535545024,0,0,528,1529,34,579,51,746,6,51
"1669","2020-03-29",165,20,153,762,5275,0.823317535545024,0,0,528,1529,28,607,48,794,10,48
"1670","2020-03-30",177,20,182,838,5275,0.823317535545024,0,0,528,1529,26,633,43,837,6,43
"1671","2020-03-31",194,20,179,868,5275,0.823317535545024,0,0,528,1529,29,662,49,886,8,49
"1672","2020-04-01",197,20,164,890,5275,0.823317535545024,0,0,528,1529,37,699,36,922,14,36
"1673","2020-04-02",209,20,150,911,5275,0.823317535545024,0,0,528,1529,35,734,61,983,14,61
"1674","2020-04-03",228,20,173,949,5275,0.823317535545024,0,0,528,1529,42,776,44,1027,23,44
"1675","2020-04-04",244,20,212,970,5275,0.823317535545024,0,0,528,1529,31,807,35,1062,9,35
"1676","2020-04-05",240,20,210,979,5275,0.823317535545024,0,0,528,1529,41,848,43,1105,9,43
"1677","2020-04-06",246,20,210,1027,5275,0.823317535545024,0,0,528,1529,39,887,27,1132,12,27
"1678","2020-04-07",257,20,200,1030,5275,0.823317535545024,0,0,528,1529,34,921,37,1169,16,37
"1679","2020-04-08",274,20,203,1062,5275,0.823317535545024,0,0,528,1529,33,954,24,1193,7,24
"1680","2020-04-09",287,20,204,1104,5275,0.823317535545024,0,0,528,1529,32,986,41,1234,11,41
"1681","2020-04-10",286,20,214,1115,5275,0.823317535545024,0,0,528,1529,53,1039,33,1267,20,33
"1682","2020-04-11",275,20,210,1137,5275,0.823317535545024,0,0,528,1529,52,1091,57,1324,22,57
"1683","2020-04-12",292,20,201,1137,5275,0.823317535545024,0,0,528,1529,34,1125,34,1358,15,34
"1684","2020-04-13",305,20,184,1173,5275,0.823317535545024,0,0,528,1529,42,1167,32,1390,16,32
"1685","2020-04-14",309,20,176,1153,5275,0.823317535545024,0,0,528,1529,33,1200,38,1428,12,38
"1686","2020-04-15",306,20,217,1159,5275,0.823317535545024,0,0,528,1529,39,1239,31,1459,13,31
"1687","2020-04-16",298,20,222,1151,5275,0.823317535545024,0,0,528,1529,39,1278,37,1496,17,37
"1688","2020-04-17",304,20,225,1122,5275,0.823317535545024,0,0,528,1529,55,1333,34,1530,23,34
"1689","2020-04-18",314,20,203,1104,5275,0.823317535545024,0,0,528,1529,44,1377,59,1589,19,59
"1690","2020-04-19",313,20,201,1078,5275,0.823317535545024,0,0,528,1529,45,1422,61,1650,12,61
"1691","2020-04-20",302,20,204,1071,5275,0.823317535545024,0,0,528,1529,47,1469,47,1697,16,47
"1692","2020-04-21",290,20,205,1085,5275,0.823317535545024,0,0,528,1529,51,1520,47,1744,18,47
"1693","2020-04-22",289,20,210,1080,5275,0.823317535545024,0,0,528,1529,37,1557,61,1805,12,61
"1694","2020-04-23",304,20,197,1044,5275,0.823317535545024,0,0,528,1529,52,1609,48,1853,23,48
"1695","2020-04-24",307,20,208,1017,5275,0.823317535545024,0,0,528,1529,40,1649,56,1909,13,56
"1696","2020-04-25",306,20,206,979,5275,0.823317535545024,0,0,528,1529,48,1697,39,1948,15,39
"1697","2020-04-26",304,20,244,956,5275,0.823317535545024,0,0,528,1529,53,1750,39,1987,16,39
"1698","2020-04-27",291,20,248,943,5275,0.823317535545024,0,0,528,1529,33,1783,34,2021,7,34
"1699","2020-04-28",301,20,243,909,5275,0.823317535545024,0,0,528,1529,30,1813,44,2065,6,44
"1700","2020-04-29",283,20,237,871,5275,0.823317535545024,0,0,528,1529,42,1855,41,2106,14,41
"1701","2020-04-30",274,20,217,841,5275,0.823317535545024,0,0,528,1529,45,1900,28,2134,9,28
"1702","2020-05-01",254,20,196,811,5275,0.823317535545024,0,0,528,1529,36,1936,51,2185,18,51
"1703","2020-05-02",242,20,195,776,5275,0.823317535545024,0,0,528,1529,37,1973,65,2250,13,65
"1704","2020-05-03",225,20,220,726,5275,0.823317535545024,0,0,528,1529,33,2006,48,2298,11,48
"1705","2020-05-04",232,20,245,664,5275,0.823317535545024,0,0,528,1529,34,2040,38,2336,9,38
"1706","2020-05-05",221,20,220,639,5275,0.823317535545024,0,0,528,1529,30,2070,33,2369,4,33
"1707","2020-05-06",223,20,222,610,5275,0.823317535545024,0,0,528,1529,35,2105,25,2394,12,25
"1708","2020-05-07",202,20,218,595,5275,0.823317535545024,0,0,528,1529,35,2140,32,2426,13,32
"1709","2020-05-08",194,20,210,564,5275,0.823317535545024,0,0,528,1529,34,2174,30,2456,10,30
"1710","2020-05-09",189,20,231,542,5275,0.823317535545024,0,0,528,1529,42,2216,33,2489,15,33
"1711","2020-05-10",185,20,251,516,5275,0.823317535545024,0,0,528,1529,30,2246,37,2526,10,37
"1712","2020-05-11",166,20,267,494,5275,0.823317535545024,0,0,528,1529,35,2281,42,2568,17,42
"1713","2020-05-12",148,20,244,471,5275,0.823317535545024,0,0,528,1529,35,2316,38,2606,12,38
"1714","2020-05-13",141,20,288,435,5275,0.823317535545024,0,0,528,1529,48,2364,27,2633,18,27
"1715","2020-05-14",139,20,287,433,5275,0.823317535545024,0,0,528,1529,23,2387,37,2670,9,37
"1716","2020-05-15",142,20,251,408,5275,0.823317535545024,0,0,528,1529,45,2432,29,2699,24,29
"1717","2020-05-16",145,20,239,393,5275,0.823317535545024,0,0,528,1529,31,2463,44,2743,9,44
"1718","2020-05-17",139,20,213,369,5275,0.823317535545024,0,0,528,1529,31,2494,33,2776,19,33
"1719","2020-05-18",141,20,211,359,5275,0.823317535545024,0,0,528,1529,27,2521,35,2811,11,35
"1720","2020-05-19",133,20,199,329,5275,0.823317535545024,0,0,528,1529,44,2565,41,2852,24,41
"1721","2020-05-20",123,20,195,329,5275,0.823317535545024,0,0,528,1529,42,2607,35,2887,20,35
"1722","2020-05-21",119,20,176,311,5275,0.823317535545024,0,0,528,1529,32,2639,25,2912,14,25
"1723","2020-05-22",109,20,156,301,5275,0.823317535545024,0,0,528,1529,31,2670,40,2952,22,40
"1724","2020-05-23",97,20,135,288,5275,0.823317535545024,0,0,528,1529,33,2703,45,2997,15,45
"1725","2020-05-24",98,20,150,284,5275,0.823317535545024,0,0,528,1529,30,2733,45,3042,11,45
"1726","2020-05-25",88,20,218,267,5275,0.823317535545024,0,0,528,1529,29,2762,35,3077,12,35
"1727","2020-05-26",87,20,231,254,5275,0.823317535545024,0,0,528,1529,26,2788,44,3121,10,44
"1728","2020-05-27",83,20,278,251,5275,0.823317535545024,0,0,528,1529,17,2805,47,3168,7,47
"1729","2020-05-28",79,20,309,247,5275,0.823317535545024,0,0,528,1529,27,2832,39,3207,16,39
"1730","2020-05-29",79,20,334,236,5275,0.823317535545024,0,0,528,1529,24,2856,39,3246,7,39
"1731","2020-05-30",70,20,312,226,5275,0.823317535545024,0,0,528,1529,22,2878,42,3288,6,42
"1732","2020-05-31",70,20,315,224,5275,0.823317535545024,0,0,528,1529,18,2896,62,3350,6,62
"1733","2020-06-01",73,20,293,218,5275,0.823317535545024,0,0,528,1529,26,2922,60,3410,7,60
"1734","2020-06-02",79,20,280,213,5275,0.823317535545024,0,0,528,1529,17,2939,46,3456,6,46
"1735","2020-06-03",82,20,306,211,5275,0.823317535545024,0,0,528,1529,11,2950,47,3503,3,47
"1736","2020-06-04",72,20,293,210,5275,0.823317535545024,0,0,528,1529,14,2964,53,3556,3,53
"1737","2020-06-05",63,20,282,203,5275,0.823317535545024,0,0,528,1529,14,2978,39,3595,7,39
"1738","2020-06-06",64,20,235,193,5275,0.823317535545024,0,0,528,1529,9,2987,29,3624,3,29
"1739","2020-06-07",58,20,214,181,5275,0.823317535545024,0,0,528,1529,8,2995,38,3662,4,38
