"","Date","Absents","Paramset","Infections_or_Exposed_per_day_Patient","Infections_or_Exposed_per_day_HCW","total_infections","nosocomial_proportion","PCR_pooled","LFD_pooled","HCW_symp_test","patient_symp_test","new_hcw_infs","cumulative_hcw_infs","new_pat_infs","cumulative_pats_infs","new_nosocomial_hcw_infs","new_nosocomial_pat_infs"
"1","2020-03-12",1,1,18,49,3854,0.473533990659056,8280,28153,212,461,28,49,6,7,1,6
"2","2020-03-13",2,1,21,72,3854,0.473533990659056,8280,28153,212,461,23,72,3,10,4,3
"3","2020-03-14",12,1,20,95,3854,0.473533990659056,8280,28153,212,461,23,95,3,13,2,3
"4","2020-03-15",14,1,22,123,3854,0.473533990659056,8280,28153,212,461,28,123,3,16,4,3
"5","2020-03-16",13,1,29,149,3854,0.473533990659056,8280,28153,212,461,26,149,6,22,9,6
"6","2020-03-17",18,1,40,177,3854,0.473533990659056,8280,28153,212,461,29,178,9,31,15,9
"7","2020-03-18",26,1,47,211,3854,0.473533990659056,8280,28153,212,461,35,213,9,40,15,9
"8","2020-03-19",35,1,43,244,3854,0.473533990659056,8280,28153,212,461,39,252,10,50,14,10
"9","2020-03-20",50,1,43,280,3854,0.473533990659056,8280,28153,212,461,45,297,11,61,22,11
"10","2020-03-21",65,1,49,312,3854,0.473533990659056,8280,28153,212,461,48,345,9,70,19,9
"11","2020-03-22",74,1,50,339,3854,0.473533990659056,8280,28153,212,461,36,381,7,77,11,7
"12","2020-03-23",82,1,47,360,3854,0.473533990659056,8280,28153,212,461,42,423,7,84,19,7
"13","2020-03-24",88,1,49,384,3854,0.473533990659056,8280,28153,212,461,45,468,9,93,23,9
"14","2020-03-25",93,1,64,412,3854,0.473533990659056,8280,28153,212,461,49,517,17,110,25,17
"15","2020-03-26",96,1,59,424,3854,0.473533990659056,8280,28153,212,461,45,562,13,123,23,13
"16","2020-03-27",114,1,70,442,3854,0.473533990659056,8280,28153,212,461,47,609,9,132,26,9
"17","2020-03-28",131,1,71,464,3854,0.473533990659056,8280,28153,212,461,57,666,9,141,33,9
"18","2020-03-29",137,1,67,485,3854,0.473533990659056,8280,28153,212,461,57,723,15,156,29,15
"19","2020-03-30",142,1,53,510,3854,0.473533990659056,8280,28153,212,461,56,779,1,157,24,1
"20","2020-03-31",141,1,51,524,3854,0.473533990659056,8280,28153,212,461,54,833,5,162,32,5
"21","2020-04-01",148,1,46,540,3854,0.473533990659056,8280,28153,212,461,56,889,2,164,33,2
"22","2020-04-02",153,1,56,553,3854,0.473533990659056,8280,28153,212,461,51,940,15,179,30,15
"23","2020-04-03",190,1,67,564,3854,0.473533990659056,8280,28153,212,461,52,992,16,195,26,16
"24","2020-04-04",199,1,79,577,3854,0.473533990659056,8280,28153,212,461,56,1048,20,215,33,20
"25","2020-04-05",195,1,81,571,3854,0.473533990659056,8280,28153,212,461,55,1103,14,229,35,14
"26","2020-04-06",189,1,83,577,3854,0.473533990659056,8280,28153,212,461,50,1153,14,243,27,14
"27","2020-04-07",193,1,82,588,3854,0.473533990659056,8280,28153,212,461,54,1207,19,262,32,19
"28","2020-04-08",185,1,72,574,3854,0.473533990659056,8280,28153,212,461,48,1255,5,267,29,5
"29","2020-04-09",183,1,71,574,3854,0.473533990659056,8280,28153,212,461,60,1315,10,277,34,10
"30","2020-04-10",192,1,74,591,3854,0.473533990659056,8280,28153,212,461,63,1378,19,296,30,19
"31","2020-04-11",195,1,85,585,3854,0.473533990659056,8280,28153,212,461,50,1428,16,312,29,16
"32","2020-04-12",186,1,83,599,3854,0.473533990659056,8280,28153,212,461,62,1490,11,323,33,11
"33","2020-04-13",182,1,96,589,3854,0.473533990659056,8280,28153,212,461,51,1541,25,348,24,25
"34","2020-04-14",182,1,112,597,3854,0.473533990659056,8280,28153,212,461,54,1595,26,374,30,26
"35","2020-04-15",197,1,117,592,3854,0.473533990659056,8280,28153,212,461,53,1648,22,396,24,22
"36","2020-04-16",204,1,119,592,3854,0.473533990659056,8280,28153,212,461,63,1711,19,415,33,19
"37","2020-04-17",195,1,134,586,3854,0.473533990659056,8280,28153,212,461,42,1753,28,443,23,28
"38","2020-04-18",196,1,127,598,3854,0.473533990659056,8280,28153,212,461,54,1807,16,459,32,16
"39","2020-04-19",183,1,135,601,3854,0.473533990659056,8280,28153,212,461,50,1857,25,484,28,25
"40","2020-04-20",184,1,153,618,3854,0.473533990659056,8280,28153,212,461,64,1921,43,527,31,43
"41","2020-04-21",178,1,163,609,3854,0.473533990659056,8280,28153,212,461,58,1979,32,559,30,32
"42","2020-04-22",169,1,154,627,3854,0.473533990659056,8280,28153,212,461,67,2046,27,586,42,27
"43","2020-04-23",173,1,154,632,3854,0.473533990659056,8280,28153,212,461,59,2105,24,610,30,24
"44","2020-04-24",191,1,141,620,3854,0.473533990659056,8280,28153,212,461,40,2145,14,624,19,14
"45","2020-04-25",185,1,138,623,3854,0.473533990659056,8280,28153,212,461,67,2212,14,638,39,14
"46","2020-04-26",187,1,157,629,3854,0.473533990659056,8280,28153,212,461,54,2266,39,677,24,39
"47","2020-04-27",185,1,144,612,3854,0.473533990659056,8280,28153,212,461,47,2313,25,702,19,25
"48","2020-04-28",187,1,141,607,3854,0.473533990659056,8280,28153,212,461,46,2359,30,732,29,30
"49","2020-04-29",194,1,131,612,3854,0.473533990659056,8280,28153,212,461,69,2428,19,751,34,19
"50","2020-04-30",187,1,124,617,3854,0.473533990659056,8280,28153,212,461,50,2478,16,767,25,16
"51","2020-05-01",176,1,138,605,3854,0.473533990659056,8280,28153,212,461,52,2530,27,794,23,27
"52","2020-05-02",184,1,134,585,3854,0.473533990659056,8280,28153,212,461,36,2566,23,817,15,23
"53","2020-05-03",189,1,127,585,3854,0.473533990659056,8280,28153,212,461,49,2615,13,830,18,13
"54","2020-05-04",183,1,138,569,3854,0.473533990659056,8280,28153,212,461,42,2657,32,862,26,32
"55","2020-05-05",179,1,149,572,3854,0.473533990659056,8280,28153,212,461,61,2718,35,897,32,35
"56","2020-05-06",175,1,168,560,3854,0.473533990659056,8280,28153,212,461,47,2765,49,946,20,49
"57","2020-05-07",177,1,166,553,3854,0.473533990659056,8280,28153,212,461,49,2814,31,977,21,31
"58","2020-05-08",196,1,161,554,3854,0.473533990659056,8280,28153,212,461,43,2857,23,1000,15,23
"59","2020-05-09",198,1,139,550,3854,0.473533990659056,8280,28153,212,461,47,2904,12,1012,21,12
"60","2020-05-10",174,1,150,529,3854,0.473533990659056,8280,28153,212,461,44,2948,30,1042,27,30
"61","2020-05-11",170,1,158,515,3854,0.473533990659056,8280,28153,212,461,39,2987,30,1072,14,30
"62","2020-05-12",169,1,150,511,3854,0.473533990659056,8280,28153,212,461,38,3025,23,1095,23,23
"63","2020-05-13",164,1,144,501,3854,0.473533990659056,8280,28153,212,461,38,3063,30,1125,16,30
"64","2020-05-14",164,1,125,492,3854,0.473533990659056,8280,28153,212,461,45,3108,15,1140,27,15
"65","2020-05-15",167,1,131,473,3854,0.473533990659056,8280,28153,212,461,31,3139,31,1171,12,31
"66","2020-05-16",154,1,125,464,3854,0.473533990659056,8280,28153,212,461,35,3174,23,1194,23,23
"67","2020-05-17",145,1,115,458,3854,0.473533990659056,8280,28153,212,461,31,3205,17,1211,10,17
"68","2020-05-18",137,1,116,425,3854,0.473533990659056,8280,28153,212,461,32,3237,10,1221,17,10
"69","2020-05-19",137,1,105,400,3854,0.473533990659056,8280,28153,212,461,25,3262,17,1238,13,17
"70","2020-05-20",141,1,116,382,3854,0.473533990659056,8280,28153,212,461,35,3297,28,1266,20,28
"71","2020-05-21",137,1,129,370,3854,0.473533990659056,8280,28153,212,461,30,3327,26,1292,19,26
"72","2020-05-22",130,1,118,358,3854,0.473533990659056,8280,28153,212,461,24,3351,16,1308,13,16
"73","2020-05-23",145,1,107,345,3854,0.473533990659056,8280,28153,212,461,20,3371,12,1320,8,12
"74","2020-05-24",132,1,110,342,3854,0.473533990659056,8280,28153,212,461,24,3395,15,1335,11,15
"75","2020-05-25",137,1,98,327,3854,0.473533990659056,8280,28153,212,461,29,3424,13,1348,11,13
"76","2020-05-26",128,1,93,312,3854,0.473533990659056,8280,28153,212,461,26,3450,13,1361,11,13
"77","2020-05-27",119,1,98,303,3854,0.473533990659056,8280,28153,212,461,20,3470,13,1374,8,13
"78","2020-05-28",110,1,87,300,3854,0.473533990659056,8280,28153,212,461,29,3499,5,1379,15,5
"79","2020-05-29",116,1,78,294,3854,0.473533990659056,8280,28153,212,461,25,3524,6,1385,15,6
"80","2020-05-30",108,1,72,283,3854,0.473533990659056,8280,28153,212,461,21,3545,7,1392,10,7
"81","2020-05-31",115,1,65,272,3854,0.473533990659056,8280,28153,212,461,17,3562,4,1396,2,4
"82","2020-06-01",105,1,61,266,3854,0.473533990659056,8280,28153,212,461,16,3578,2,1398,10,2
"83","2020-06-02",107,1,56,252,3854,0.473533990659056,8280,28153,212,461,16,3594,8,1406,9,8
"84","2020-06-03",106,1,57,248,3854,0.473533990659056,8280,28153,212,461,20,3614,11,1417,9,11
"85","2020-06-04",112,1,60,232,3854,0.473533990659056,8280,28153,212,461,16,3630,10,1427,7,10
"86","2020-06-05",101,1,58,233,3854,0.473533990659056,8280,28153,212,461,20,3650,10,1437,8,10
"87","2020-06-06",92,1,70,222,3854,0.473533990659056,8280,28153,212,461,14,3664,17,1454,10,17
"88","2020-06-07",82,1,84,208,3854,0.473533990659056,8280,28153,212,461,12,3676,18,1472,6,18
"89","2020-03-13",2,2,14,39,4835,0.803929679420889,8220,30480,301,293,20,60,5,13,3,5
"90","2020-03-14",5,2,16,66,4835,0.803929679420889,8220,30480,301,293,23,83,13,26,5,13
"91","2020-03-15",7,2,15,93,4835,0.803929679420889,8220,30480,301,293,20,103,10,36,5,10
"92","2020-03-16",10,2,22,113,4835,0.803929679420889,8220,30480,301,293,29,132,11,47,10,11
"93","2020-03-17",17,2,35,135,4835,0.803929679420889,8220,30480,301,293,25,157,7,54,15,7
"94","2020-03-18",20,2,38,154,4835,0.803929679420889,8220,30480,301,293,36,193,6,60,17,6
"95","2020-03-19",22,2,45,183,4835,0.803929679420889,8220,30480,301,293,32,225,15,75,12,15
"96","2020-03-20",29,2,56,207,4835,0.803929679420889,8220,30480,301,293,37,262,11,86,17,11
"97","2020-03-21",47,2,63,246,4835,0.803929679420889,8220,30480,301,293,43,305,14,100,24,14
"98","2020-03-22",57,2,59,272,4835,0.803929679420889,8220,30480,301,293,40,345,15,115,22,15
"99","2020-03-23",57,2,62,307,4835,0.803929679420889,8220,30480,301,293,48,393,15,130,26,15
"100","2020-03-24",59,2,58,341,4835,0.803929679420889,8220,30480,301,293,38,431,12,142,23,12
"101","2020-03-25",71,2,52,376,4835,0.803929679420889,8220,30480,301,293,52,483,16,158,28,16
"102","2020-03-26",83,2,42,416,4835,0.803929679420889,8220,30480,301,293,55,538,15,173,29,15
"103","2020-03-27",104,2,39,465,4835,0.803929679420889,8220,30480,301,293,43,581,13,186,25,13
"104","2020-03-28",105,2,44,507,4835,0.803929679420889,8220,30480,301,293,51,632,28,214,28,28
"105","2020-03-29",138,2,48,544,4835,0.803929679420889,8220,30480,301,293,67,699,24,238,47,24
"106","2020-03-30",148,2,58,581,4835,0.803929679420889,8220,30480,301,293,50,749,28,266,34,28
"107","2020-03-31",143,2,53,637,4835,0.803929679420889,8220,30480,301,293,46,795,20,286,28,20
"108","2020-04-01",156,2,53,673,4835,0.803929679420889,8220,30480,301,293,47,842,19,305,26,19
"109","2020-04-02",174,2,61,705,4835,0.803929679420889,8220,30480,301,293,63,905,29,334,37,29
"110","2020-04-03",229,2,58,751,4835,0.803929679420889,8220,30480,301,293,76,981,20,354,56,20
"111","2020-04-04",250,2,61,785,4835,0.803929679420889,8220,30480,301,293,67,1048,22,376,51,22
"112","2020-04-05",252,2,66,819,4835,0.803929679420889,8220,30480,301,293,70,1118,33,409,49,33
"113","2020-04-06",258,2,57,855,4835,0.803929679420889,8220,30480,301,293,74,1192,17,426,53,17
"114","2020-04-07",265,2,56,885,4835,0.803929679420889,8220,30480,301,293,52,1244,21,447,36,21
"115","2020-04-08",272,2,55,936,4835,0.803929679420889,8220,30480,301,293,55,1299,20,467,37,20
"116","2020-04-09",272,2,62,942,4835,0.803929679420889,8220,30480,301,293,66,1365,19,486,40,19
"117","2020-04-10",290,2,68,986,4835,0.803929679420889,8220,30480,301,293,79,1444,12,498,53,12
"118","2020-04-11",313,2,68,1020,4835,0.803929679420889,8220,30480,301,293,50,1494,31,529,32,31
"119","2020-04-12",280,2,67,1066,4835,0.803929679420889,8220,30480,301,293,63,1557,24,553,42,24
"120","2020-04-13",283,2,66,1102,4835,0.803929679420889,8220,30480,301,293,66,1623,21,574,44,21
"121","2020-04-14",316,2,69,1127,4835,0.803929679420889,8220,30480,301,293,55,1678,20,594,36,20
"122","2020-04-15",326,2,73,1134,4835,0.803929679420889,8220,30480,301,293,64,1742,24,618,47,24
"123","2020-04-16",329,2,87,1139,4835,0.803929679420889,8220,30480,301,293,56,1798,34,652,39,34
"124","2020-04-17",361,2,91,1129,4835,0.803929679420889,8220,30480,301,293,67,1865,21,673,49,21
"125","2020-04-18",382,2,105,1126,4835,0.803929679420889,8220,30480,301,293,56,1921,27,700,34,27
"126","2020-04-19",379,2,109,1122,4835,0.803929679420889,8220,30480,301,293,79,2000,29,729,58,29
"127","2020-04-20",374,2,97,1144,4835,0.803929679420889,8220,30480,301,293,52,2052,27,756,31,27
"128","2020-04-21",354,2,86,1140,4835,0.803929679420889,8220,30480,301,293,73,2125,29,785,48,29
"129","2020-04-22",343,2,94,1100,4835,0.803929679420889,8220,30480,301,293,65,2190,18,803,42,18
"130","2020-04-23",347,2,77,1098,4835,0.803929679420889,8220,30480,301,293,63,2253,17,820,32,17
"131","2020-04-24",390,2,73,1066,4835,0.803929679420889,8220,30480,301,293,62,2315,22,842,36,22
"132","2020-04-25",382,2,65,1061,4835,0.803929679420889,8220,30480,301,293,61,2376,21,863,40,21
"133","2020-04-26",373,2,76,1014,4835,0.803929679420889,8220,30480,301,293,63,2439,21,884,43,21
"134","2020-04-27",355,2,77,966,4835,0.803929679420889,8220,30480,301,293,52,2491,11,895,32,11
"135","2020-04-28",339,2,85,939,4835,0.803929679420889,8220,30480,301,293,42,2533,13,908,25,13
"136","2020-04-29",351,2,81,887,4835,0.803929679420889,8220,30480,301,293,56,2589,15,923,33,15
"137","2020-04-30",345,2,72,857,4835,0.803929679420889,8220,30480,301,293,42,2631,22,945,24,22
"138","2020-05-01",314,2,77,832,4835,0.803929679420889,8220,30480,301,293,46,2677,26,971,25,26
"139","2020-05-02",293,2,63,840,4835,0.803929679420889,8220,30480,301,293,43,2720,28,999,25,28
"140","2020-05-03",290,2,57,808,4835,0.803929679420889,8220,30480,301,293,41,2761,28,1027,25,28
"141","2020-05-04",298,2,71,763,4835,0.803929679420889,8220,30480,301,293,41,2802,29,1056,23,29
"142","2020-05-05",274,2,87,732,4835,0.803929679420889,8220,30480,301,293,36,2838,20,1076,23,20
"143","2020-05-06",249,2,99,699,4835,0.803929679420889,8220,30480,301,293,36,2874,36,1112,18,36
"144","2020-05-07",238,2,86,665,4835,0.803929679420889,8220,30480,301,293,43,2917,23,1135,31,23
"145","2020-05-08",258,2,75,625,4835,0.803929679420889,8220,30480,301,293,36,2953,18,1153,24,18
"146","2020-05-09",271,2,85,604,4835,0.803929679420889,8220,30480,301,293,43,2996,31,1184,21,31
"147","2020-05-10",239,2,86,564,4835,0.803929679420889,8220,30480,301,293,29,3025,24,1208,12,24
"148","2020-05-11",223,2,93,539,4835,0.803929679420889,8220,30480,301,293,29,3054,25,1233,13,25
"149","2020-05-12",217,2,94,497,4835,0.803929679420889,8220,30480,301,293,44,3098,18,1251,22,18
"150","2020-05-13",210,2,101,468,4835,0.803929679420889,8220,30480,301,293,41,3139,33,1284,22,33
"151","2020-05-14",200,2,87,437,4835,0.803929679420889,8220,30480,301,293,40,3179,27,1311,26,27
"152","2020-05-15",179,2,93,414,4835,0.803929679420889,8220,30480,301,293,33,3212,30,1341,20,30
"153","2020-05-16",158,2,106,402,4835,0.803929679420889,8220,30480,301,293,33,3245,30,1371,18,30
"154","2020-05-17",144,2,109,389,4835,0.803929679420889,8220,30480,301,293,28,3273,33,1404,10,33
"155","2020-05-18",129,2,100,368,4835,0.803929679420889,8220,30480,301,293,35,3308,29,1433,20,29
"156","2020-05-19",114,2,96,343,4835,0.803929679420889,8220,30480,301,293,23,3331,29,1462,12,29
"157","2020-05-20",114,2,92,326,4835,0.803929679420889,8220,30480,301,293,33,3364,35,1497,20,35
"158","2020-05-21",111,2,106,314,4835,0.803929679420889,8220,30480,301,293,29,3393,37,1534,11,37
"159","2020-05-22",95,2,104,294,4835,0.803929679420889,8220,30480,301,293,32,3425,29,1563,19,29
"160","2020-05-23",96,2,109,277,4835,0.803929679420889,8220,30480,301,293,26,3451,37,1600,15,37
"161","2020-05-24",108,2,102,259,4835,0.803929679420889,8220,30480,301,293,32,3483,29,1629,20,29
"162","2020-05-25",108,2,100,247,4835,0.803929679420889,8220,30480,301,293,30,3513,22,1651,19,22
"163","2020-05-26",104,2,92,244,4835,0.803929679420889,8220,30480,301,293,20,3533,32,1683,12,32
"164","2020-05-27",101,2,82,240,4835,0.803929679420889,8220,30480,301,293,24,3557,40,1723,13,40
"165","2020-05-28",98,2,79,242,4835,0.803929679420889,8220,30480,301,293,26,3583,25,1748,19,25
"166","2020-05-29",106,2,83,235,4835,0.803929679420889,8220,30480,301,293,20,3603,19,1767,10,19
"167","2020-05-30",97,2,70,219,4835,0.803929679420889,8220,30480,301,293,17,3620,22,1789,13,22
"168","2020-05-31",78,2,58,200,4835,0.803929679420889,8220,30480,301,293,20,3640,14,1803,13,14
"169","2020-06-01",73,2,48,196,4835,0.803929679420889,8220,30480,301,293,15,3655,19,1822,7,19
"170","2020-06-02",68,2,40,174,4835,0.803929679420889,8220,30480,301,293,27,3682,13,1835,19,13
"171","2020-06-03",65,2,44,162,4835,0.803929679420889,8220,30480,301,293,14,3696,15,1850,10,15
"172","2020-06-04",60,2,47,154,4835,0.803929679420889,8220,30480,301,293,11,3707,15,1865,7,15
"173","2020-06-05",51,2,58,147,4835,0.803929679420889,8220,30480,301,293,15,3722,18,1883,10,18
"174","2020-06-06",57,2,54,136,4835,0.803929679420889,8220,30480,301,293,12,3734,17,1900,7,17
"175","2020-06-07",51,2,58,136,4835,0.803929679420889,8220,30480,301,293,10,3744,17,1917,7,17
"176","2020-03-14",3,3,53,95,4815,0.659397715472482,8355,31857,285,956,11,28,7,29,7,7
"177","2020-03-15",13,3,81,126,4815,0.659397715472482,8355,31857,285,956,8,36,12,41,4,12
"178","2020-03-16",16,3,101,154,4815,0.659397715472482,8355,31857,285,956,20,56,11,52,9,11
"179","2020-03-17",13,3,116,187,4815,0.659397715472482,8355,31857,285,956,18,74,4,56,13,4
"180","2020-03-18",18,3,129,232,4815,0.659397715472482,8355,31857,285,956,16,90,5,61,13,5
"181","2020-03-19",28,3,156,274,4815,0.659397715472482,8355,31857,285,956,17,107,11,72,13,11
"182","2020-03-20",47,3,167,308,4815,0.659397715472482,8355,31857,285,956,30,137,13,85,23,13
"183","2020-03-21",71,3,179,345,4815,0.659397715472482,8355,31857,285,956,26,163,11,96,23,11
"184","2020-03-22",80,3,179,384,4815,0.659397715472482,8355,31857,285,956,27,190,15,111,24,15
"185","2020-03-23",85,3,183,419,4815,0.659397715472482,8355,31857,285,956,32,222,18,129,27,18
"186","2020-03-24",92,3,211,468,4815,0.659397715472482,8355,31857,285,956,41,263,14,143,35,14
"187","2020-03-25",101,3,222,515,4815,0.659397715472482,8355,31857,285,956,46,309,17,160,40,17
"188","2020-03-26",108,3,243,563,4815,0.659397715472482,8355,31857,285,956,45,354,23,183,38,23
"189","2020-03-27",144,3,235,585,4815,0.659397715472482,8355,31857,285,956,76,430,9,192,68,9
"190","2020-03-28",171,3,230,586,4815,0.659397715472482,8355,31857,285,956,59,489,10,202,53,10
"191","2020-03-29",172,3,247,620,4815,0.659397715472482,8355,31857,285,956,66,555,9,211,56,9
"192","2020-03-30",171,3,235,684,4815,0.659397715472482,8355,31857,285,956,60,615,11,222,52,11
"193","2020-03-31",179,3,233,687,4815,0.659397715472482,8355,31857,285,956,67,682,15,237,62,15
"194","2020-04-01",192,3,250,720,4815,0.659397715472482,8355,31857,285,956,66,748,10,247,59,10
"195","2020-04-02",202,3,237,746,4815,0.659397715472482,8355,31857,285,956,97,845,18,265,90,18
"196","2020-04-03",243,3,206,773,4815,0.659397715472482,8355,31857,285,956,124,969,17,282,117,17
"197","2020-04-04",234,3,198,791,4815,0.659397715472482,8355,31857,285,956,99,1068,10,292,83,10
"198","2020-04-05",250,3,177,818,4815,0.659397715472482,8355,31857,285,956,123,1191,13,305,113,13
"199","2020-04-06",257,3,179,817,4815,0.659397715472482,8355,31857,285,956,89,1280,11,316,86,11
"200","2020-04-07",248,3,175,825,4815,0.659397715472482,8355,31857,285,956,135,1415,18,334,129,18
"201","2020-04-08",252,3,170,839,4815,0.659397715472482,8355,31857,285,956,128,1543,25,359,118,25
"202","2020-04-09",263,3,147,858,4815,0.659397715472482,8355,31857,285,956,119,1662,27,386,112,27
"203","2020-04-10",285,3,130,878,4815,0.659397715472482,8355,31857,285,956,146,1808,16,402,140,16
"204","2020-04-11",297,3,119,899,4815,0.659397715472482,8355,31857,285,956,127,1935,27,429,122,27
"205","2020-04-12",285,3,139,896,4815,0.659397715472482,8355,31857,285,956,126,2061,16,445,123,16
"206","2020-04-13",286,3,172,912,4815,0.659397715472482,8355,31857,285,956,164,2225,14,459,158,14
"207","2020-04-14",294,3,179,904,4815,0.659397715472482,8355,31857,285,956,114,2339,30,489,108,30
"208","2020-04-15",299,3,223,895,4815,0.659397715472482,8355,31857,285,956,119,2458,26,515,112,26
"209","2020-04-16",293,3,252,903,4815,0.659397715472482,8355,31857,285,956,144,2602,22,537,136,22
"210","2020-04-17",320,3,257,907,4815,0.659397715472482,8355,31857,285,956,119,2721,22,559,112,22
"211","2020-04-18",313,3,244,925,4815,0.659397715472482,8355,31857,285,956,136,2857,34,593,130,34
"212","2020-04-19",318,3,225,914,4815,0.659397715472482,8355,31857,285,956,110,2967,27,620,105,27
"213","2020-04-20",320,3,223,890,4815,0.659397715472482,8355,31857,285,956,133,3100,33,653,125,33
"214","2020-04-21",299,3,231,890,4815,0.659397715472482,8355,31857,285,956,120,3220,43,696,113,43
"215","2020-04-22",294,3,222,889,4815,0.659397715472482,8355,31857,285,956,107,3327,36,732,101,36
"216","2020-04-23",290,3,245,859,4815,0.659397715472482,8355,31857,285,956,106,3433,29,761,101,29
"217","2020-04-24",295,3,242,854,4815,0.659397715472482,8355,31857,285,956,144,3577,37,798,140,37
"218","2020-04-25",318,3,252,851,4815,0.659397715472482,8355,31857,285,956,92,3669,33,831,89,33
"219","2020-04-26",275,3,269,845,4815,0.659397715472482,8355,31857,285,956,105,3774,24,855,99,24
"220","2020-04-27",262,3,262,861,4815,0.659397715472482,8355,31857,285,956,101,3875,29,884,94,29
"221","2020-04-28",258,3,231,853,4815,0.659397715472482,8355,31857,285,956,87,3962,29,913,85,29
"222","2020-04-29",265,3,218,815,4815,0.659397715472482,8355,31857,285,956,73,4035,21,934,66,21
"223","2020-04-30",266,3,233,786,4815,0.659397715472482,8355,31857,285,956,97,4132,28,962,91,28
"224","2020-05-01",290,3,234,769,4815,0.659397715472482,8355,31857,285,956,76,4208,29,991,74,29
"225","2020-05-02",270,3,228,744,4815,0.659397715472482,8355,31857,285,956,80,4288,31,1022,74,31
"226","2020-05-03",267,3,216,714,4815,0.659397715472482,8355,31857,285,956,68,4356,30,1052,63,30
"227","2020-05-04",267,3,212,708,4815,0.659397715472482,8355,31857,285,956,61,4417,28,1080,56,28
"228","2020-05-05",268,3,218,689,4815,0.659397715472482,8355,31857,285,956,68,4485,30,1110,64,30
"229","2020-05-06",248,3,216,666,4815,0.659397715472482,8355,31857,285,956,71,4556,19,1129,67,19
"230","2020-05-07",241,3,219,647,4815,0.659397715472482,8355,31857,285,956,66,4622,34,1163,60,34
"231","2020-05-08",214,3,196,642,4815,0.659397715472482,8355,31857,285,956,53,4675,40,1203,48,40
"232","2020-05-09",206,3,209,608,4815,0.659397715472482,8355,31857,285,956,51,4726,26,1229,43,26
"233","2020-05-10",205,3,218,588,4815,0.659397715472482,8355,31857,285,956,56,4782,26,1255,48,26
"234","2020-05-11",196,3,235,573,4815,0.659397715472482,8355,31857,285,956,41,4823,26,1281,34,26
"235","2020-05-12",193,3,232,564,4815,0.659397715472482,8355,31857,285,956,43,4866,19,1300,38,19
"236","2020-05-13",196,3,251,544,4815,0.659397715472482,8355,31857,285,956,40,4906,27,1327,38,27
"237","2020-05-14",201,3,266,521,4815,0.659397715472482,8355,31857,285,956,32,4938,21,1348,30,21
"238","2020-05-15",219,3,267,517,4815,0.659397715472482,8355,31857,285,956,42,4980,15,1363,37,15
"239","2020-05-16",238,3,246,490,4815,0.659397715472482,8355,31857,285,956,37,5017,26,1389,33,26
"240","2020-05-17",201,3,238,491,4815,0.659397715472482,8355,31857,285,956,24,5041,19,1408,21,19
"241","2020-05-18",188,3,246,454,4815,0.659397715472482,8355,31857,285,956,23,5064,20,1428,22,20
"242","2020-05-19",180,3,263,432,4815,0.659397715472482,8355,31857,285,956,28,5092,22,1450,27,22
"243","2020-05-20",175,3,266,412,4815,0.659397715472482,8355,31857,285,956,30,5122,16,1466,25,16
"244","2020-05-21",165,3,282,405,4815,0.659397715472482,8355,31857,285,956,21,5143,11,1477,18,11
"245","2020-05-22",156,3,262,387,4815,0.659397715472482,8355,31857,285,956,25,5168,13,1490,21,13
"246","2020-05-23",140,3,240,372,4815,0.659397715472482,8355,31857,285,956,14,5182,10,1500,10,10
"247","2020-05-24",138,3,230,346,4815,0.659397715472482,8355,31857,285,956,13,5195,13,1513,11,13
"248","2020-05-25",136,3,224,329,4815,0.659397715472482,8355,31857,285,956,27,5222,15,1528,25,15
"249","2020-05-26",123,3,232,322,4815,0.659397715472482,8355,31857,285,956,14,5236,20,1548,14,20
"250","2020-05-27",119,3,244,304,4815,0.659397715472482,8355,31857,285,956,13,5249,17,1565,11,17
"251","2020-05-28",111,3,249,297,4815,0.659397715472482,8355,31857,285,956,11,5260,13,1578,9,13
"252","2020-05-29",110,3,256,281,4815,0.659397715472482,8355,31857,285,956,6,5266,16,1594,6,16
"253","2020-05-30",107,3,248,259,4815,0.659397715472482,8355,31857,285,956,6,5272,15,1609,6,15
"254","2020-05-31",105,3,233,256,4815,0.659397715472482,8355,31857,285,956,18,5290,24,1633,15,24
"255","2020-06-01",98,3,238,254,4815,0.659397715472482,8355,31857,285,956,5,5295,12,1645,5,12
"256","2020-06-02",90,3,218,240,4815,0.659397715472482,8355,31857,285,956,12,5307,12,1657,10,12
"257","2020-06-03",85,3,210,228,4815,0.659397715472482,8355,31857,285,956,12,5319,11,1668,10,11
"258","2020-06-04",88,3,205,228,4815,0.659397715472482,8355,31857,285,956,12,5331,7,1675,11,7
"259","2020-06-05",67,3,213,234,4815,0.659397715472482,8355,31857,285,956,7,5338,13,1688,7,13
"260","2020-06-06",77,3,236,228,4815,0.659397715472482,8355,31857,285,956,9,5347,14,1702,8,14
"261","2020-06-07",74,3,236,215,4815,0.659397715472482,8355,31857,285,956,9,5356,13,1715,8,13
"262","2020-03-13",1,4,23,26,4225,0.813491124260355,8340,28943,266,444,31,79,13,53,11,13
"263","2020-03-14",2,4,26,37,4225,0.813491124260355,8340,28943,266,444,28,107,2,55,12,2
"264","2020-03-15",2,4,30,50,4225,0.813491124260355,8340,28943,266,444,34,141,40,95,16,40
"265","2020-03-16",3,4,42,60,4225,0.813491124260355,8340,28943,266,444,40,181,30,125,20,30
"266","2020-03-17",6,4,39,85,4225,0.813491124260355,8340,28943,266,444,29,210,36,161,14,36
"267","2020-03-18",10,4,47,106,4225,0.813491124260355,8340,28943,266,444,43,253,39,200,25,39
"268","2020-03-19",14,4,52,131,4225,0.813491124260355,8340,28943,266,444,52,305,44,244,29,44
"269","2020-03-20",24,4,64,149,4225,0.813491124260355,8340,28943,266,444,65,370,28,272,42,28
"270","2020-03-21",38,4,72,177,4225,0.813491124260355,8340,28943,266,444,47,417,20,292,30,20
"271","2020-03-22",45,4,66,200,4225,0.813491124260355,8340,28943,266,444,50,467,21,313,26,21
"272","2020-03-23",52,4,56,231,4225,0.813491124260355,8340,28943,266,444,50,517,21,334,27,21
"273","2020-03-24",52,4,49,257,4225,0.813491124260355,8340,28943,266,444,54,571,27,361,35,27
"274","2020-03-25",57,4,47,282,4225,0.813491124260355,8340,28943,266,444,56,627,31,392,39,31
"275","2020-03-26",62,4,55,303,4225,0.813491124260355,8340,28943,266,444,55,682,21,413,33,21
"276","2020-03-27",82,4,64,341,4225,0.813491124260355,8340,28943,266,444,53,735,29,442,33,29
"277","2020-03-28",88,4,68,374,4225,0.813491124260355,8340,28943,266,444,56,791,20,462,37,20
"278","2020-03-29",101,4,62,394,4225,0.813491124260355,8340,28943,266,444,69,860,15,477,44,15
"279","2020-03-30",102,4,91,437,4225,0.813491124260355,8340,28943,266,444,58,918,26,503,37,26
"280","2020-03-31",112,4,102,463,4225,0.813491124260355,8340,28943,266,444,59,977,16,519,34,16
"281","2020-04-01",125,4,116,493,4225,0.813491124260355,8340,28943,266,444,58,1035,15,534,45,15
"282","2020-04-02",136,4,130,505,4225,0.813491124260355,8340,28943,266,444,71,1106,8,542,42,8
"283","2020-04-03",150,4,123,522,4225,0.813491124260355,8340,28943,266,444,76,1182,9,551,43,9
"284","2020-04-04",184,4,105,533,4225,0.813491124260355,8340,28943,266,444,55,1237,13,564,33,13
"285","2020-04-05",187,4,107,564,4225,0.813491124260355,8340,28943,266,444,58,1295,40,604,44,40
"286","2020-04-06",190,4,118,588,4225,0.813491124260355,8340,28943,266,444,63,1358,22,626,34,22
"287","2020-04-07",189,4,138,612,4225,0.813491124260355,8340,28943,266,444,85,1443,22,648,57,22
"288","2020-04-08",186,4,135,621,4225,0.813491124260355,8340,28943,266,444,64,1507,13,661,43,13
"289","2020-04-09",191,4,116,641,4225,0.813491124260355,8340,28943,266,444,76,1583,14,675,51,14
"290","2020-04-10",220,4,116,669,4225,0.813491124260355,8340,28943,266,444,74,1657,6,681,49,6
"291","2020-04-11",229,4,110,683,4225,0.813491124260355,8340,28943,266,444,60,1717,20,701,40,20
"292","2020-04-12",214,4,109,698,4225,0.813491124260355,8340,28943,266,444,74,1791,49,750,48,49
"293","2020-04-13",195,4,122,733,4225,0.813491124260355,8340,28943,266,444,75,1866,33,783,46,33
"294","2020-04-14",195,4,129,742,4225,0.813491124260355,8340,28943,266,444,67,1933,10,793,39,10
"295","2020-04-15",198,4,145,781,4225,0.813491124260355,8340,28943,266,444,62,1995,20,813,44,20
"296","2020-04-16",196,4,161,823,4225,0.813491124260355,8340,28943,266,444,67,2062,14,827,45,14
"297","2020-04-17",233,4,152,854,4225,0.813491124260355,8340,28943,266,444,65,2127,20,847,46,20
"298","2020-04-18",255,4,141,870,4225,0.813491124260355,8340,28943,266,444,73,2200,50,897,43,50
"299","2020-04-19",249,4,149,912,4225,0.813491124260355,8340,28943,266,444,56,2256,34,931,38,34
"300","2020-04-20",259,4,134,919,4225,0.813491124260355,8340,28943,266,444,60,2316,67,998,41,67
"301","2020-04-21",274,4,131,945,4225,0.813491124260355,8340,28943,266,444,65,2381,23,1021,38,23
"302","2020-04-22",282,4,146,963,4225,0.813491124260355,8340,28943,266,444,55,2436,14,1035,36,14
"303","2020-04-23",296,4,146,955,4225,0.813491124260355,8340,28943,266,444,56,2492,33,1068,32,33
"304","2020-04-24",341,4,156,952,4225,0.813491124260355,8340,28943,266,444,48,2540,44,1112,30,44
"305","2020-04-25",335,4,156,987,4225,0.813491124260355,8340,28943,266,444,60,2600,20,1132,38,20
"306","2020-04-26",326,4,150,972,4225,0.813491124260355,8340,28943,266,444,59,2659,20,1152,42,20
"307","2020-04-27",333,4,134,952,4225,0.813491124260355,8340,28943,266,444,47,2706,21,1173,38,21
"308","2020-04-28",328,4,108,917,4225,0.813491124260355,8340,28943,266,444,55,2761,66,1239,30,66
"309","2020-04-29",334,4,120,875,4225,0.813491124260355,8340,28943,266,444,75,2836,30,1269,41,30
"310","2020-04-30",324,4,125,869,4225,0.813491124260355,8340,28943,266,444,48,2884,20,1289,28,20
"311","2020-05-01",316,4,134,845,4225,0.813491124260355,8340,28943,266,444,66,2950,8,1297,44,8
"312","2020-05-02",306,4,147,819,4225,0.813491124260355,8340,28943,266,444,63,3013,25,1322,42,25
"313","2020-05-03",308,4,163,792,4225,0.813491124260355,8340,28943,266,444,62,3075,39,1361,47,39
"314","2020-05-04",290,4,148,761,4225,0.813491124260355,8340,28943,266,444,41,3116,26,1387,27,26
"315","2020-05-05",282,4,118,721,4225,0.813491124260355,8340,28943,266,444,64,3180,18,1405,36,18
"316","2020-05-06",271,4,103,697,4225,0.813491124260355,8340,28943,266,444,41,3221,69,1474,21,69
"317","2020-05-07",266,4,91,669,4225,0.813491124260355,8340,28943,266,444,42,3263,52,1526,26,52
"318","2020-05-08",256,4,88,638,4225,0.813491124260355,8340,28943,266,444,64,3327,26,1552,38,26
"319","2020-05-09",256,4,83,620,4225,0.813491124260355,8340,28943,266,444,43,3370,46,1598,29,46
"320","2020-05-10",219,4,81,603,4225,0.813491124260355,8340,28943,266,444,52,3422,24,1622,33,24
"321","2020-05-11",211,4,80,590,4225,0.813491124260355,8340,28943,266,444,40,3462,55,1677,19,55
"322","2020-05-12",203,4,96,562,4225,0.813491124260355,8340,28943,266,444,39,3501,62,1739,23,62
"323","2020-05-13",197,4,118,540,4225,0.813491124260355,8340,28943,266,444,47,3548,52,1791,29,52
"324","2020-05-14",189,4,121,528,4225,0.813491124260355,8340,28943,266,444,45,3593,50,1841,18,50
"325","2020-05-15",178,4,118,506,4225,0.813491124260355,8340,28943,266,444,46,3639,21,1862,20,21
"326","2020-05-16",168,4,108,486,4225,0.813491124260355,8340,28943,266,444,32,3671,18,1880,24,18
"327","2020-05-17",170,4,110,466,4225,0.813491124260355,8340,28943,266,444,40,3711,54,1934,19,54
"328","2020-05-18",160,4,105,459,4225,0.813491124260355,8340,28943,266,444,28,3739,51,1985,16,51
"329","2020-05-19",147,4,101,434,4225,0.813491124260355,8340,28943,266,444,32,3771,60,2045,20,60
"330","2020-05-20",145,4,109,425,4225,0.813491124260355,8340,28943,266,444,46,3817,29,2074,30,29
"331","2020-05-21",147,4,129,403,4225,0.813491124260355,8340,28943,266,444,34,3851,41,2115,20,41
"332","2020-05-22",139,4,119,413,4225,0.813491124260355,8340,28943,266,444,31,3882,39,2154,15,39
"333","2020-05-23",151,4,113,400,4225,0.813491124260355,8340,28943,266,444,29,3911,59,2213,17,59
"334","2020-05-24",130,4,103,375,4225,0.813491124260355,8340,28943,266,444,29,3940,59,2272,15,59
"335","2020-05-25",126,4,111,360,4225,0.813491124260355,8340,28943,266,444,26,3966,39,2311,20,39
"336","2020-05-26",123,4,100,334,4225,0.813491124260355,8340,28943,266,444,32,3998,18,2329,23,18
"337","2020-05-27",121,4,94,321,4225,0.813491124260355,8340,28943,266,444,25,4023,14,2343,16,14
"338","2020-05-28",121,4,97,306,4225,0.813491124260355,8340,28943,266,444,23,4046,19,2362,14,19
"339","2020-05-29",123,4,91,286,4225,0.813491124260355,8340,28943,266,444,27,4073,33,2395,18,33
"340","2020-05-30",112,4,91,257,4225,0.813491124260355,8340,28943,266,444,28,4101,24,2419,20,24
"341","2020-05-31",110,4,81,239,4225,0.813491124260355,8340,28943,266,444,25,4126,20,2439,16,20
"342","2020-06-01",101,4,74,232,4225,0.813491124260355,8340,28943,266,444,14,4140,47,2486,9,47
"343","2020-06-02",98,4,71,210,4225,0.813491124260355,8340,28943,266,444,17,4157,24,2510,11,24
"344","2020-06-03",88,4,85,199,4225,0.813491124260355,8340,28943,266,444,26,4183,47,2557,17,47
"345","2020-06-04",77,4,80,184,4225,0.813491124260355,8340,28943,266,444,13,4196,28,2585,10,28
"346","2020-06-05",77,4,75,179,4225,0.813491124260355,8340,28943,266,444,21,4217,17,2602,11,17
"347","2020-06-06",77,4,64,175,4225,0.813491124260355,8340,28943,266,444,18,4235,39,2641,11,39
"348","2020-06-07",70,4,55,166,4225,0.813491124260355,8340,28943,266,444,15,4250,25,2666,10,25
"349","2020-03-13",1,5,14,40,4656,0.754939862542955,8430,30535,235,318,9,19,8,17,1,8
"350","2020-03-14",4,5,19,55,4656,0.754939862542955,8430,30535,235,318,8,27,8,25,1,8
"351","2020-03-15",4,5,25,71,4656,0.754939862542955,8430,30535,235,318,10,37,4,29,4,4
"352","2020-03-16",7,5,32,93,4656,0.754939862542955,8430,30535,235,318,13,50,11,40,5,11
"353","2020-03-17",10,5,34,107,4656,0.754939862542955,8430,30535,235,318,13,63,10,50,8,10
"354","2020-03-18",17,5,29,135,4656,0.754939862542955,8430,30535,235,318,9,72,11,61,3,11
"355","2020-03-19",17,5,27,163,4656,0.754939862542955,8430,30535,235,318,18,90,11,72,13,11
"356","2020-03-20",21,5,33,190,4656,0.754939862542955,8430,30535,235,318,20,110,21,93,18,21
"357","2020-03-21",30,5,30,216,4656,0.754939862542955,8430,30535,235,318,25,135,16,109,14,16
"358","2020-03-22",40,5,32,238,4656,0.754939862542955,8430,30535,235,318,29,164,11,120,25,11
"359","2020-03-23",43,5,37,271,4656,0.754939862542955,8430,30535,235,318,27,191,12,132,20,12
"360","2020-03-24",48,5,39,295,4656,0.754939862542955,8430,30535,235,318,42,233,13,145,39,13
"361","2020-03-25",58,5,33,317,4656,0.754939862542955,8430,30535,235,318,34,267,21,166,27,21
"362","2020-03-26",69,5,53,362,4656,0.754939862542955,8430,30535,235,318,42,309,13,179,32,13
"363","2020-03-27",92,5,53,405,4656,0.754939862542955,8430,30535,235,318,54,363,22,201,48,22
"364","2020-03-28",115,5,53,442,4656,0.754939862542955,8430,30535,235,318,53,416,16,217,45,16
"365","2020-03-29",122,5,53,464,4656,0.754939862542955,8430,30535,235,318,65,481,25,242,59,25
"366","2020-03-30",120,5,52,510,4656,0.754939862542955,8430,30535,235,318,73,554,20,262,64,20
"367","2020-03-31",123,5,51,551,4656,0.754939862542955,8430,30535,235,318,70,624,17,279,62,17
"368","2020-04-01",133,5,57,573,4656,0.754939862542955,8430,30535,235,318,87,711,12,291,74,12
"369","2020-04-02",143,5,53,606,4656,0.754939862542955,8430,30535,235,318,93,804,18,309,86,18
"370","2020-04-03",175,5,51,635,4656,0.754939862542955,8430,30535,235,318,102,906,12,321,96,12
"371","2020-04-04",174,5,52,657,4656,0.754939862542955,8430,30535,235,318,102,1008,19,340,95,19
"372","2020-04-05",196,5,60,682,4656,0.754939862542955,8430,30535,235,318,106,1114,27,367,92,27
"373","2020-04-06",210,5,69,696,4656,0.754939862542955,8430,30535,235,318,99,1213,28,395,89,28
"374","2020-04-07",207,5,59,736,4656,0.754939862542955,8430,30535,235,318,134,1347,50,445,128,50
"375","2020-04-08",202,5,58,748,4656,0.754939862542955,8430,30535,235,318,137,1484,39,484,126,39
"376","2020-04-09",207,5,60,779,4656,0.754939862542955,8430,30535,235,318,144,1628,51,535,139,51
"377","2020-04-10",251,5,61,802,4656,0.754939862542955,8430,30535,235,318,117,1745,36,571,113,36
"378","2020-04-11",284,5,56,815,4656,0.754939862542955,8430,30535,235,318,145,1890,41,612,136,41
"379","2020-04-12",251,5,55,835,4656,0.754939862542955,8430,30535,235,318,124,2014,31,643,118,31
"380","2020-04-13",242,5,59,836,4656,0.754939862542955,8430,30535,235,318,150,2164,17,660,144,17
"381","2020-04-14",254,5,70,852,4656,0.754939862542955,8430,30535,235,318,152,2316,35,695,150,35
"382","2020-04-15",256,5,75,875,4656,0.754939862542955,8430,30535,235,318,153,2469,42,737,144,42
"383","2020-04-16",266,5,77,914,4656,0.754939862542955,8430,30535,235,318,136,2605,26,763,128,26
"384","2020-04-17",298,5,76,927,4656,0.754939862542955,8430,30535,235,318,152,2757,43,806,150,43
"385","2020-04-18",304,5,69,939,4656,0.754939862542955,8430,30535,235,318,159,2916,34,840,150,34
"386","2020-04-19",320,5,72,946,4656,0.754939862542955,8430,30535,235,318,161,3077,32,872,153,32
"387","2020-04-20",321,5,76,964,4656,0.754939862542955,8430,30535,235,318,114,3191,39,911,108,39
"388","2020-04-21",311,5,76,964,4656,0.754939862542955,8430,30535,235,318,148,3339,41,952,142,41
"389","2020-04-22",329,5,82,983,4656,0.754939862542955,8430,30535,235,318,133,3472,35,987,124,35
"390","2020-04-23",324,5,80,1006,4656,0.754939862542955,8430,30535,235,318,134,3606,29,1016,126,29
"391","2020-04-24",342,5,88,1023,4656,0.754939862542955,8430,30535,235,318,141,3747,11,1027,134,11
"392","2020-04-25",344,5,83,1016,4656,0.754939862542955,8430,30535,235,318,167,3914,44,1071,157,44
"393","2020-04-26",316,5,89,1004,4656,0.754939862542955,8430,30535,235,318,114,4028,21,1092,108,21
"394","2020-04-27",301,5,91,984,4656,0.754939862542955,8430,30535,235,318,104,4132,34,1126,101,34
"395","2020-04-28",313,5,95,960,4656,0.754939862542955,8430,30535,235,318,109,4241,22,1148,103,22
"396","2020-04-29",313,5,77,948,4656,0.754939862542955,8430,30535,235,318,97,4338,19,1167,94,19
"397","2020-04-30",327,5,82,924,4656,0.754939862542955,8430,30535,235,318,80,4418,19,1186,75,19
"398","2020-05-01",330,5,76,884,4656,0.754939862542955,8430,30535,235,318,82,4500,16,1202,79,16
"399","2020-05-02",329,5,77,885,4656,0.754939862542955,8430,30535,235,318,92,4592,24,1226,86,24
"400","2020-05-03",303,5,69,873,4656,0.754939862542955,8430,30535,235,318,79,4671,54,1280,78,54
"401","2020-05-04",303,5,77,840,4656,0.754939862542955,8430,30535,235,318,70,4741,42,1322,64,42
"402","2020-05-05",292,5,73,801,4656,0.754939862542955,8430,30535,235,318,84,4825,31,1353,80,31
"403","2020-05-06",290,5,79,773,4656,0.754939862542955,8430,30535,235,318,82,4907,32,1385,77,32
"404","2020-05-07",274,5,73,751,4656,0.754939862542955,8430,30535,235,318,50,4957,25,1410,44,25
"405","2020-05-08",285,5,84,736,4656,0.754939862542955,8430,30535,235,318,53,5010,38,1448,50,38
"406","2020-05-09",293,5,85,695,4656,0.754939862542955,8430,30535,235,318,52,5062,28,1476,47,28
"407","2020-05-10",272,5,92,661,4656,0.754939862542955,8430,30535,235,318,42,5104,26,1502,37,26
"408","2020-05-11",269,5,95,645,4656,0.754939862542955,8430,30535,235,318,36,5140,25,1527,32,25
"409","2020-05-12",252,5,91,622,4656,0.754939862542955,8430,30535,235,318,36,5176,24,1551,32,24
"410","2020-05-13",231,5,92,593,4656,0.754939862542955,8430,30535,235,318,26,5202,18,1569,22,18
"411","2020-05-14",233,5,83,545,4656,0.754939862542955,8430,30535,235,318,31,5233,18,1587,29,18
"412","2020-05-15",213,5,81,516,4656,0.754939862542955,8430,30535,235,318,28,5261,28,1615,27,28
"413","2020-05-16",194,5,82,472,4656,0.754939862542955,8430,30535,235,318,29,5290,19,1634,23,19
"414","2020-05-17",195,5,89,425,4656,0.754939862542955,8430,30535,235,318,28,5318,49,1683,24,49
"415","2020-05-18",173,5,98,422,4656,0.754939862542955,8430,30535,235,318,30,5348,37,1720,27,37
"416","2020-05-19",167,5,100,398,4656,0.754939862542955,8430,30535,235,318,19,5367,36,1756,14,36
"417","2020-05-20",156,5,91,383,4656,0.754939862542955,8430,30535,235,318,19,5386,19,1775,17,19
"418","2020-05-21",136,5,81,374,4656,0.754939862542955,8430,30535,235,318,22,5408,20,1795,18,20
"419","2020-05-22",117,5,75,362,4656,0.754939862542955,8430,30535,235,318,16,5424,31,1826,14,31
"420","2020-05-23",117,5,75,341,4656,0.754939862542955,8430,30535,235,318,14,5438,21,1847,12,21
"421","2020-05-24",99,5,76,321,4656,0.754939862542955,8430,30535,235,318,18,5456,17,1864,17,17
"422","2020-05-25",99,5,67,318,4656,0.754939862542955,8430,30535,235,318,10,5466,28,1892,9,28
"423","2020-05-26",95,5,66,300,4656,0.754939862542955,8430,30535,235,318,10,5476,19,1911,10,19
"424","2020-05-27",93,5,61,282,4656,0.754939862542955,8430,30535,235,318,10,5486,30,1941,10,30
"425","2020-05-28",94,5,55,274,4656,0.754939862542955,8430,30535,235,318,8,5494,24,1965,7,24
"426","2020-05-29",92,5,52,264,4656,0.754939862542955,8430,30535,235,318,11,5505,32,1997,9,32
"427","2020-05-30",90,5,47,256,4656,0.754939862542955,8430,30535,235,318,14,5519,37,2034,12,37
"428","2020-05-31",88,5,44,246,4656,0.754939862542955,8430,30535,235,318,8,5527,28,2062,7,28
"429","2020-06-01",80,5,47,231,4656,0.754939862542955,8430,30535,235,318,11,5538,27,2089,9,27
"430","2020-06-02",75,5,49,221,4656,0.754939862542955,8430,30535,235,318,2,5540,27,2116,2,27
"431","2020-06-03",81,5,45,226,4656,0.754939862542955,8430,30535,235,318,5,5545,24,2140,4,24
"432","2020-06-04",78,5,50,213,4656,0.754939862542955,8430,30535,235,318,9,5554,25,2165,8,25
"433","2020-06-05",77,5,51,209,4656,0.754939862542955,8430,30535,235,318,4,5558,22,2187,4,22
"434","2020-06-06",83,5,53,196,4656,0.754939862542955,8430,30535,235,318,8,5566,19,2206,7,19
"435","2020-06-07",77,5,47,188,4656,0.754939862542955,8430,30535,235,318,5,5571,13,2219,3,13
"436","2020-03-13",2,6,50,42,4318,0.795275590551181,8430,30107,235,673,12,42,3,17,4,3
"437","2020-03-14",5,6,49,63,4318,0.795275590551181,8430,30107,235,673,16,58,13,30,5,13
"438","2020-03-15",9,6,69,87,4318,0.795275590551181,8430,30107,235,673,19,77,6,36,7,6
"439","2020-03-16",12,6,58,108,4318,0.795275590551181,8430,30107,235,673,29,106,11,47,11,11
"440","2020-03-17",12,6,59,133,4318,0.795275590551181,8430,30107,235,673,29,135,4,51,14,4
"441","2020-03-18",17,6,58,163,4318,0.795275590551181,8430,30107,235,673,26,161,7,58,15,8
"442","2020-03-19",22,6,78,187,4318,0.795275590551181,8430,30107,235,673,43,204,1,59,24,1
"443","2020-03-20",41,6,75,216,4318,0.795275590551181,8430,30107,235,673,36,240,8,67,23,8
"444","2020-03-21",55,6,74,237,4318,0.795275590551181,8430,30107,235,673,38,278,2,69,25,2
"445","2020-03-22",56,6,67,265,4318,0.795275590551181,8430,30107,235,673,49,327,7,76,36,7
"446","2020-03-23",56,6,63,309,4318,0.795275590551181,8430,30107,235,673,51,378,4,80,39,4
"447","2020-03-24",66,6,77,338,4318,0.795275590551181,8430,30107,235,673,38,416,19,99,25,19
"448","2020-03-25",73,6,74,359,4318,0.795275590551181,8430,30107,235,673,44,460,11,110,35,11
"449","2020-03-26",75,6,87,383,4318,0.795275590551181,8430,30107,235,673,44,504,7,117,32,7
"450","2020-03-27",102,6,89,411,4318,0.795275590551181,8430,30107,235,673,58,562,5,122,49,5
"451","2020-03-28",111,6,86,436,4318,0.795275590551181,8430,30107,235,673,68,630,5,127,54,5
"452","2020-03-29",117,6,96,456,4318,0.795275590551181,8430,30107,235,673,53,683,17,144,44,17
"453","2020-03-30",121,6,106,488,4318,0.795275590551181,8430,30107,235,673,78,761,22,166,66,22
"454","2020-03-31",119,6,110,507,4318,0.795275590551181,8430,30107,235,673,65,826,28,194,50,28
"455","2020-04-01",129,6,116,530,4318,0.795275590551181,8430,30107,235,673,84,910,25,219,73,25
"456","2020-04-02",139,6,126,553,4318,0.795275590551181,8430,30107,235,673,67,977,20,239,56,20
"457","2020-04-03",160,6,114,571,4318,0.795275590551181,8430,30107,235,673,70,1047,27,266,55,27
"458","2020-04-04",175,6,98,594,4318,0.795275590551181,8430,30107,235,673,91,1138,17,283,79,17
"459","2020-04-05",182,6,86,619,4318,0.795275590551181,8430,30107,235,673,93,1231,23,306,76,23
"460","2020-04-06",189,6,77,626,4318,0.795275590551181,8430,30107,235,673,80,1311,34,340,61,34
"461","2020-04-07",195,6,99,674,4318,0.795275590551181,8430,30107,235,673,84,1395,26,366,73,26
"462","2020-04-08",200,6,103,673,4318,0.795275590551181,8430,30107,235,673,99,1494,8,374,79,8
"463","2020-04-09",219,6,126,712,4318,0.795275590551181,8430,30107,235,673,95,1589,11,385,78,11
"464","2020-04-10",257,6,128,734,4318,0.795275590551181,8430,30107,235,673,91,1680,23,408,71,23
"465","2020-04-11",268,6,137,753,4318,0.795275590551181,8430,30107,235,673,101,1781,12,420,85,12
"466","2020-04-12",256,6,133,753,4318,0.795275590551181,8430,30107,235,673,102,1883,19,439,87,19
"467","2020-04-13",252,6,146,764,4318,0.795275590551181,8430,30107,235,673,81,1964,35,474,69,35
"468","2020-04-14",250,6,159,774,4318,0.795275590551181,8430,30107,235,673,79,2043,31,505,62,31
"469","2020-04-15",247,6,148,794,4318,0.795275590551181,8430,30107,235,673,115,2158,40,545,102,40
"470","2020-04-16",244,6,143,803,4318,0.795275590551181,8430,30107,235,673,102,2260,29,574,88,29
"471","2020-04-17",265,6,118,813,4318,0.795275590551181,8430,30107,235,673,117,2377,15,589,103,15
"472","2020-04-18",261,6,104,812,4318,0.795275590551181,8430,30107,235,673,89,2466,23,612,83,23
"473","2020-04-19",232,6,75,823,4318,0.795275590551181,8430,30107,235,673,88,2554,18,630,71,18
"474","2020-04-20",231,6,80,824,4318,0.795275590551181,8430,30107,235,673,79,2633,33,663,68,33
"475","2020-04-21",227,6,79,824,4318,0.795275590551181,8430,30107,235,673,96,2729,24,687,85,24
"476","2020-04-22",231,6,76,808,4318,0.795275590551181,8430,30107,235,673,69,2798,20,707,53,20
"477","2020-04-23",229,6,106,797,4318,0.795275590551181,8430,30107,235,673,64,2862,35,742,51,35
"478","2020-04-24",253,6,106,778,4318,0.795275590551181,8430,30107,235,673,58,2920,22,764,47,22
"479","2020-04-25",263,6,93,781,4318,0.795275590551181,8430,30107,235,673,82,3002,17,781,68,17
"480","2020-04-26",267,6,81,779,4318,0.795275590551181,8430,30107,235,673,79,3081,18,799,70,18
"481","2020-04-27",268,6,108,748,4318,0.795275590551181,8430,30107,235,673,90,3171,22,821,75,22
"482","2020-04-28",270,6,123,738,4318,0.795275590551181,8430,30107,235,673,64,3235,40,861,54,40
"483","2020-04-29",264,6,146,722,4318,0.795275590551181,8430,30107,235,673,69,3304,46,907,58,46
"484","2020-04-30",259,6,169,712,4318,0.795275590551181,8430,30107,235,673,63,3367,27,934,51,27
"485","2020-05-01",246,6,157,701,4318,0.795275590551181,8430,30107,235,673,63,3430,17,951,49,17
"486","2020-05-02",237,6,146,663,4318,0.795275590551181,8430,30107,235,673,57,3487,57,1008,48,57
"487","2020-05-03",245,6,149,639,4318,0.795275590551181,8430,30107,235,673,56,3543,38,1046,49,38
"488","2020-05-04",243,6,139,633,4318,0.795275590551181,8430,30107,235,673,60,3603,24,1070,47,24
"489","2020-05-05",231,6,130,628,4318,0.795275590551181,8430,30107,235,673,49,3652,44,1114,41,44
"490","2020-05-06",236,6,123,619,4318,0.795275590551181,8430,30107,235,673,57,3709,18,1132,49,18
"491","2020-05-07",228,6,153,602,4318,0.795275590551181,8430,30107,235,673,56,3765,24,1156,45,24
"492","2020-05-08",228,6,170,571,4318,0.795275590551181,8430,30107,235,673,56,3821,14,1170,39,14
"493","2020-05-09",237,6,176,551,4318,0.795275590551181,8430,30107,235,673,37,3858,27,1197,33,27
"494","2020-05-10",186,6,173,546,4318,0.795275590551181,8430,30107,235,673,33,3891,38,1235,26,38
"495","2020-05-11",173,6,173,537,4318,0.795275590551181,8430,30107,235,673,41,3932,26,1261,32,26
"496","2020-05-12",172,6,182,535,4318,0.795275590551181,8430,30107,235,673,47,3979,38,1299,31,38
"497","2020-05-13",161,6,179,520,4318,0.795275590551181,8430,30107,235,673,31,4010,25,1324,24,25
"498","2020-05-14",169,6,177,510,4318,0.795275590551181,8430,30107,235,673,29,4039,18,1342,22,18
"499","2020-05-15",184,6,191,509,4318,0.795275590551181,8430,30107,235,673,29,4068,35,1377,19,35
"500","2020-05-16",178,6,175,504,4318,0.795275590551181,8430,30107,235,673,39,4107,22,1399,29,22
"501","2020-05-17",184,6,162,514,4318,0.795275590551181,8430,30107,235,673,28,4135,14,1413,23,14
"502","2020-05-18",191,6,144,503,4318,0.795275590551181,8430,30107,235,673,36,4171,14,1427,29,14
"503","2020-05-19",186,6,160,489,4318,0.795275590551181,8430,30107,235,673,31,4202,17,1444,23,17
"504","2020-05-20",186,6,147,470,4318,0.795275590551181,8430,30107,235,673,32,4234,26,1470,24,26
"505","2020-05-21",179,6,129,458,4318,0.795275590551181,8430,30107,235,673,15,4249,14,1484,13,14
"506","2020-05-22",173,6,136,463,4318,0.795275590551181,8430,30107,235,673,41,4290,27,1511,31,27
"507","2020-05-23",160,6,150,457,4318,0.795275590551181,8430,30107,235,673,26,4316,10,1521,22,10
"508","2020-05-24",148,6,137,435,4318,0.795275590551181,8430,30107,235,673,27,4343,18,1539,19,18
"509","2020-05-25",141,6,119,413,4318,0.795275590551181,8430,30107,235,673,31,4374,17,1556,24,17
"510","2020-05-26",137,6,121,400,4318,0.795275590551181,8430,30107,235,673,18,4392,11,1567,15,11
"511","2020-05-27",135,6,113,374,4318,0.795275590551181,8430,30107,235,673,16,4408,14,1581,11,14
"512","2020-05-28",134,6,104,368,4318,0.795275590551181,8430,30107,235,673,19,4427,8,1589,17,8
"513","2020-05-29",126,6,124,349,4318,0.795275590551181,8430,30107,235,673,16,4443,21,1610,15,21
"514","2020-05-30",125,6,108,346,4318,0.795275590551181,8430,30107,235,673,22,4465,13,1623,15,13
"515","2020-05-31",130,6,103,335,4318,0.795275590551181,8430,30107,235,673,15,4480,12,1635,10,12
"516","2020-06-01",121,6,92,304,4318,0.795275590551181,8430,30107,235,673,17,4497,9,1644,11,9
"517","2020-06-02",108,6,75,280,4318,0.795275590551181,8430,30107,235,673,24,4521,8,1652,17,8
"518","2020-06-03",106,6,67,278,4318,0.795275590551181,8430,30107,235,673,17,4538,8,1660,13,8
"519","2020-06-04",103,6,71,256,4318,0.795275590551181,8430,30107,235,673,14,4552,4,1664,13,4
"520","2020-06-05",94,6,73,252,4318,0.795275590551181,8430,30107,235,673,11,4563,18,1682,7,18
"521","2020-06-06",89,6,64,239,4318,0.795275590551181,8430,30107,235,673,4,4567,12,1694,3,12
"522","2020-06-07",90,6,60,220,4318,0.795275590551181,8430,30107,235,673,9,4576,4,1698,8,4
"523","2020-03-13",1,7,7,83,3855,0.466926070038911,8355,27997,177,264,8,17,14,44,2,14
"524","2020-03-14",15,7,9,113,3855,0.466926070038911,8355,27997,177,264,10,27,9,53,2,9
"525","2020-03-15",16,7,22,132,3855,0.466926070038911,8355,27997,177,264,22,49,NA,NA,11,NA
"526","2020-03-16",11,7,34,158,3855,0.466926070038911,8355,27997,177,264,12,61,6,59,5,6
"527","2020-03-17",16,7,38,189,3855,0.466926070038911,8355,27997,177,264,20,81,12,71,10,12
"528","2020-03-18",24,7,53,226,3855,0.466926070038911,8355,27997,177,264,19,100,10,81,9,10
"529","2020-03-19",31,7,56,273,3855,0.466926070038911,8355,27997,177,264,22,122,8,89,17,8
"530","2020-03-20",45,7,62,297,3855,0.466926070038911,8355,27997,177,264,31,153,13,102,26,13
"531","2020-03-21",73,7,65,326,3855,0.466926070038911,8355,27997,177,264,24,177,9,111,21,9
"532","2020-03-22",95,7,59,371,3855,0.466926070038911,8355,27997,177,264,28,205,16,127,25,16
"533","2020-03-23",103,7,60,408,3855,0.466926070038911,8355,27997,177,264,41,246,6,133,36,6
"534","2020-03-24",116,7,53,429,3855,0.466926070038911,8355,27997,177,264,34,280,9,142,27,9
"535","2020-03-25",127,7,48,458,3855,0.466926070038911,8355,27997,177,264,47,327,19,161,36,19
"536","2020-03-26",137,7,55,450,3855,0.466926070038911,8355,27997,177,264,65,392,15,176,55,15
"537","2020-03-27",166,7,54,459,3855,0.466926070038911,8355,27997,177,264,65,457,5,181,58,5
"538","2020-03-28",174,7,50,485,3855,0.466926070038911,8355,27997,177,264,58,515,7,188,50,7
"539","2020-03-29",159,7,49,499,3855,0.466926070038911,8355,27997,177,264,69,584,9,197,64,9
"540","2020-03-30",159,7,54,511,3855,0.466926070038911,8355,27997,177,264,62,646,27,224,55,27
"541","2020-03-31",157,7,49,522,3855,0.466926070038911,8355,27997,177,264,79,725,29,253,73,29
"542","2020-04-01",151,7,52,512,3855,0.466926070038911,8355,27997,177,264,78,803,35,288,69,35
"543","2020-04-02",156,7,47,528,3855,0.466926070038911,8355,27997,177,264,94,897,19,307,88,19
"544","2020-04-03",167,7,53,536,3855,0.466926070038911,8355,27997,177,264,123,1020,31,338,112,31
"545","2020-04-04",177,7,54,542,3855,0.466926070038911,8355,27997,177,264,80,1100,43,381,77,43
"546","2020-04-05",177,7,56,548,3855,0.466926070038911,8355,27997,177,264,115,1215,19,400,100,19
"547","2020-04-06",175,7,61,568,3855,0.466926070038911,8355,27997,177,264,108,1323,38,438,97,38
"548","2020-04-07",171,7,63,577,3855,0.466926070038911,8355,27997,177,264,130,1453,29,467,123,29
"549","2020-04-08",178,7,64,593,3855,0.466926070038911,8355,27997,177,264,119,1572,27,494,115,27
"550","2020-04-09",182,7,79,586,3855,0.466926070038911,8355,27997,177,264,106,1678,15,509,104,15
"551","2020-04-10",191,7,88,593,3855,0.466926070038911,8355,27997,177,264,108,1786,28,537,106,28
"552","2020-04-11",196,7,79,622,3855,0.466926070038911,8355,27997,177,264,140,1926,33,570,137,33
"553","2020-04-12",187,7,91,639,3855,0.466926070038911,8355,27997,177,264,131,2057,29,599,122,29
"554","2020-04-13",169,7,78,643,3855,0.466926070038911,8355,27997,177,264,118,2175,43,642,113,43
"555","2020-04-14",179,7,71,643,3855,0.466926070038911,8355,27997,177,264,111,2286,21,663,106,21
"556","2020-04-15",180,7,76,649,3855,0.466926070038911,8355,27997,177,264,135,2421,19,682,127,19
"557","2020-04-16",188,7,76,641,3855,0.466926070038911,8355,27997,177,264,110,2531,13,695,106,13
"558","2020-04-17",211,7,64,617,3855,0.466926070038911,8355,27997,177,264,127,2658,33,728,119,33
"559","2020-04-18",222,7,59,612,3855,0.466926070038911,8355,27997,177,264,153,2811,19,747,146,19
"560","2020-04-19",216,7,63,613,3855,0.466926070038911,8355,27997,177,264,106,2917,20,767,100,20
"561","2020-04-20",221,7,77,631,3855,0.466926070038911,8355,27997,177,264,134,3051,38,805,126,38
"562","2020-04-21",219,7,94,626,3855,0.466926070038911,8355,27997,177,264,169,3220,41,846,164,41
"563","2020-04-22",220,7,97,634,3855,0.466926070038911,8355,27997,177,264,97,3317,50,896,97,50
"564","2020-04-23",213,7,100,623,3855,0.466926070038911,8355,27997,177,264,133,3450,47,943,128,47
"565","2020-04-24",222,7,83,619,3855,0.466926070038911,8355,27997,177,264,104,3554,38,981,95,38
"566","2020-04-25",215,7,92,636,3855,0.466926070038911,8355,27997,177,264,130,3684,40,1021,125,40
"567","2020-04-26",207,7,86,613,3855,0.466926070038911,8355,27997,177,264,92,3776,18,1039,86,18
"568","2020-04-27",203,7,86,606,3855,0.466926070038911,8355,27997,177,264,97,3873,33,1072,92,33
"569","2020-04-28",195,7,89,598,3855,0.466926070038911,8355,27997,177,264,82,3955,41,1113,80,41
"570","2020-04-29",198,7,92,611,3855,0.466926070038911,8355,27997,177,264,92,4047,13,1126,81,13
"571","2020-04-30",194,7,100,613,3855,0.466926070038911,8355,27997,177,264,76,4123,12,1138,69,12
"572","2020-05-01",214,7,109,599,3855,0.466926070038911,8355,27997,177,264,81,4204,13,1151,78,13
"573","2020-05-02",206,7,99,585,3855,0.466926070038911,8355,27997,177,264,85,4289,23,1174,78,23
"574","2020-05-03",189,7,99,555,3855,0.466926070038911,8355,27997,177,264,61,4350,11,1185,59,11
"575","2020-05-04",190,7,99,548,3855,0.466926070038911,8355,27997,177,264,64,4414,9,1194,60,9
"576","2020-05-05",188,7,105,537,3855,0.466926070038911,8355,27997,177,264,53,4467,37,1231,51,37
"577","2020-05-06",178,7,101,532,3855,0.466926070038911,8355,27997,177,264,57,4524,35,1266,54,35
"578","2020-05-07",176,7,115,520,3855,0.466926070038911,8355,27997,177,264,50,4574,35,1301,47,35
"579","2020-05-08",163,7,126,506,3855,0.466926070038911,8355,27997,177,264,46,4620,36,1337,40,36
"580","2020-05-09",175,7,117,488,3855,0.466926070038911,8355,27997,177,264,56,4676,27,1364,50,27
"581","2020-05-10",173,7,129,482,3855,0.466926070038911,8355,27997,177,264,45,4721,36,1400,41,36
"582","2020-05-11",161,7,135,477,3855,0.466926070038911,8355,27997,177,264,45,4766,19,1419,40,19
"583","2020-05-12",159,7,140,459,3855,0.466926070038911,8355,27997,177,264,28,4794,56,1475,23,56
"584","2020-05-13",157,7,141,461,3855,0.466926070038911,8355,27997,177,264,24,4818,38,1513,21,38
"585","2020-05-14",158,7,126,453,3855,0.466926070038911,8355,27997,177,264,23,4841,18,1531,20,18
"586","2020-05-15",161,7,124,431,3855,0.466926070038911,8355,27997,177,264,34,4875,33,1564,30,33
"587","2020-05-16",153,7,121,436,3855,0.466926070038911,8355,27997,177,264,17,4892,19,1583,14,19
"588","2020-05-17",148,7,114,421,3855,0.466926070038911,8355,27997,177,264,25,4917,11,1594,16,11
"589","2020-05-18",146,7,114,407,3855,0.466926070038911,8355,27997,177,264,21,4938,20,1614,17,20
"590","2020-05-19",130,7,96,412,3855,0.466926070038911,8355,27997,177,264,16,4954,12,1626,14,12
"591","2020-05-20",135,7,95,384,3855,0.466926070038911,8355,27997,177,264,16,4970,39,1665,12,39
"592","2020-05-21",128,7,93,368,3855,0.466926070038911,8355,27997,177,264,23,4993,49,1714,21,49
"593","2020-05-22",119,7,79,353,3855,0.466926070038911,8355,27997,177,264,15,5008,23,1737,11,23
"594","2020-05-23",117,7,65,349,3855,0.466926070038911,8355,27997,177,264,22,5030,18,1755,20,18
"595","2020-05-24",118,7,55,346,3855,0.466926070038911,8355,27997,177,264,17,5047,10,1765,14,10
"596","2020-05-25",122,7,52,333,3855,0.466926070038911,8355,27997,177,264,16,5063,9,1774,14,9
"597","2020-05-26",133,7,52,319,3855,0.466926070038911,8355,27997,177,264,16,5079,10,1784,13,10
"598","2020-05-27",128,7,48,312,3855,0.466926070038911,8355,27997,177,264,11,5090,10,1794,8,10
"599","2020-05-28",122,7,53,296,3855,0.466926070038911,8355,27997,177,264,13,5103,13,1807,11,13
"600","2020-05-29",124,7,56,287,3855,0.466926070038911,8355,27997,177,264,10,5113,5,1812,10,5
"601","2020-05-30",121,7,59,286,3855,0.466926070038911,8355,27997,177,264,20,5133,2,1814,13,2
"602","2020-05-31",107,7,79,279,3855,0.466926070038911,8355,27997,177,264,12,5145,3,1817,10,3
"603","2020-06-01",99,7,68,261,3855,0.466926070038911,8355,27997,177,264,8,5153,1,1818,7,1
"604","2020-06-02",85,7,75,252,3855,0.466926070038911,8355,27997,177,264,10,5163,5,1823,10,5
"605","2020-06-03",80,7,76,243,3855,0.466926070038911,8355,27997,177,264,9,5172,14,1837,8,14
"606","2020-06-04",74,7,79,233,3855,0.466926070038911,8355,27997,177,264,10,5182,10,1847,5,10
"607","2020-06-05",76,7,68,215,3855,0.466926070038911,8355,27997,177,264,6,5188,12,1859,6,12
"608","2020-06-06",78,7,56,204,3855,0.466926070038911,8355,27997,177,264,8,5196,15,1874,7,15
"609","2020-06-07",75,7,51,201,3855,0.466926070038911,8355,27997,177,264,3,5199,17,1891,2,17
"610","2020-03-07",1,8,0,0,4549,0.704110793581007,8325,30104,277,869,NA,NA,NA,NA,NA,NA
"611","2020-03-08",1,8,0,0,4549,0.704110793581007,8325,30104,277,869,NA,NA,NA,NA,NA,NA
"612","2020-03-09",0,8,0,0,4549,0.704110793581007,8325,30104,277,869,NA,NA,NA,NA,NA,NA
"613","2020-03-10",0,8,0,0,4549,0.704110793581007,8325,30104,277,869,NA,NA,1,1,NA,1
"614","2020-03-11",0,8,0,0,4549,0.704110793581007,8325,30104,277,869,9,9,2,3,NA,2
"615","2020-03-12",0,8,0,0,4549,0.704110793581007,8325,30104,277,869,14,23,9,12,NA,9
"616","2020-03-13",4,8,41,42,4549,0.704110793581007,8325,30104,277,869,21,44,7,19,NA,7
"617","2020-03-14",5,8,52,60,4549,0.704110793581007,8325,30104,277,869,17,61,12,31,3,12
"618","2020-03-15",4,8,58,83,4549,0.704110793581007,8325,30104,277,869,13,74,10,41,5,10
"619","2020-03-16",5,8,60,110,4549,0.704110793581007,8325,30104,277,869,25,99,7,48,14,7
"620","2020-03-17",7,8,67,135,4549,0.704110793581007,8325,30104,277,869,21,120,13,61,11,13
"621","2020-03-18",14,8,80,163,4549,0.704110793581007,8325,30104,277,869,29,149,7,68,12,7
"622","2020-03-19",17,8,92,192,4549,0.704110793581007,8325,30104,277,869,17,166,17,85,7,17
"623","2020-03-20",23,8,104,227,4549,0.704110793581007,8325,30104,277,869,16,182,14,99,8,15
"624","2020-03-21",40,8,121,273,4549,0.704110793581007,8325,30104,277,869,23,205,4,103,12,4
"625","2020-03-22",57,8,138,314,4549,0.704110793581007,8325,30104,277,869,28,233,6,109,8,6
"626","2020-03-23",64,8,127,347,4549,0.704110793581007,8325,30104,277,869,20,253,7,116,10,7
"627","2020-03-24",77,8,134,383,4549,0.704110793581007,8325,30104,277,869,41,294,14,130,24,14
"628","2020-03-25",87,8,155,427,4549,0.704110793581007,8325,30104,277,869,31,325,12,142,16,12
"629","2020-03-26",97,8,150,476,4549,0.704110793581007,8325,30104,277,869,36,361,7,149,25,7
"630","2020-03-27",122,8,184,515,4549,0.704110793581007,8325,30104,277,869,39,400,1,150,24,1
"631","2020-03-28",153,8,211,550,4549,0.704110793581007,8325,30104,277,869,31,431,4,154,20,4
"632","2020-03-29",154,8,204,586,4549,0.704110793581007,8325,30104,277,869,40,471,13,167,31,13
"633","2020-03-30",159,8,227,602,4549,0.704110793581007,8325,30104,277,869,46,517,10,177,31,10
"634","2020-03-31",170,8,227,635,4549,0.704110793581007,8325,30104,277,869,33,550,20,197,19,20
"635","2020-04-01",174,8,232,685,4549,0.704110793581007,8325,30104,277,869,36,586,14,211,21,14
"636","2020-04-02",181,8,213,711,4549,0.704110793581007,8325,30104,277,869,49,635,8,219,30,8
"637","2020-04-03",217,8,209,726,4549,0.704110793581007,8325,30104,277,869,40,675,12,231,27,12
"638","2020-04-04",243,8,204,787,4549,0.704110793581007,8325,30104,277,869,40,715,14,245,31,14
"639","2020-04-05",249,8,206,794,4549,0.704110793581007,8325,30104,277,869,44,759,25,270,26,25
"640","2020-04-06",242,8,195,826,4549,0.704110793581007,8325,30104,277,869,44,803,15,285,27,15
"641","2020-04-07",240,8,196,856,4549,0.704110793581007,8325,30104,277,869,38,841,16,301,24,16
"642","2020-04-08",255,8,169,848,4549,0.704110793581007,8325,30104,277,869,51,892,12,313,36,12
"643","2020-04-09",263,8,187,879,4549,0.704110793581007,8325,30104,277,869,48,940,16,329,33,16
"644","2020-04-10",289,8,208,894,4549,0.704110793581007,8325,30104,277,869,48,988,7,336,32,7
"645","2020-04-11",270,8,243,917,4549,0.704110793581007,8325,30104,277,869,36,1024,5,341,24,5
"646","2020-04-12",264,8,242,916,4549,0.704110793581007,8325,30104,277,869,63,1087,7,348,48,7
"647","2020-04-13",269,8,257,942,4549,0.704110793581007,8325,30104,277,869,59,1146,21,369,40,21
"648","2020-04-14",268,8,273,948,4549,0.704110793581007,8325,30104,277,869,69,1215,23,392,45,23
"649","2020-04-15",265,8,265,935,4549,0.704110793581007,8325,30104,277,869,45,1260,19,411,33,19
"650","2020-04-16",267,8,260,952,4549,0.704110793581007,8325,30104,277,869,49,1309,35,446,35,35
"651","2020-04-17",315,8,268,963,4549,0.704110793581007,8325,30104,277,869,37,1346,20,466,30,20
"652","2020-04-18",309,8,267,976,4549,0.704110793581007,8325,30104,277,869,62,1408,27,493,39,27
"653","2020-04-19",318,8,262,962,4549,0.704110793581007,8325,30104,277,869,68,1476,25,518,49,25
"654","2020-04-20",320,8,232,960,4549,0.704110793581007,8325,30104,277,869,45,1521,14,532,32,14
"655","2020-04-21",328,8,215,956,4549,0.704110793581007,8325,30104,277,869,54,1575,19,551,41,19
"656","2020-04-22",326,8,216,945,4549,0.704110793581007,8325,30104,277,869,51,1626,21,572,36,21
"657","2020-04-23",321,8,223,923,4549,0.704110793581007,8325,30104,277,869,54,1680,17,589,32,17
"658","2020-04-24",337,8,221,912,4549,0.704110793581007,8325,30104,277,869,54,1734,24,613,41,24
"659","2020-04-25",346,8,214,892,4549,0.704110793581007,8325,30104,277,869,47,1781,26,639,33,26
"660","2020-04-26",326,8,203,854,4549,0.704110793581007,8325,30104,277,869,44,1825,18,657,31,18
"661","2020-04-27",326,8,204,837,4549,0.704110793581007,8325,30104,277,869,56,1881,16,673,34,16
"662","2020-04-28",301,8,181,791,4549,0.704110793581007,8325,30104,277,869,48,1929,20,693,32,20
"663","2020-04-29",298,8,161,758,4549,0.704110793581007,8325,30104,277,869,55,1984,22,715,29,22
"664","2020-04-30",305,8,154,750,4549,0.704110793581007,8325,30104,277,869,49,2033,25,740,30,25
"665","2020-05-01",292,8,191,701,4549,0.704110793581007,8325,30104,277,869,40,2073,19,759,22,19
"666","2020-05-02",281,8,188,684,4549,0.704110793581007,8325,30104,277,869,25,2098,11,770,16,11
"667","2020-05-03",250,8,171,660,4549,0.704110793581007,8325,30104,277,869,34,2132,11,781,23,11
"668","2020-05-04",225,8,149,636,4549,0.704110793581007,8325,30104,277,869,42,2174,17,798,27,17
"669","2020-05-05",216,8,150,601,4549,0.704110793581007,8325,30104,277,869,46,2220,17,815,27,17
"670","2020-05-06",205,8,163,576,4549,0.704110793581007,8325,30104,277,869,33,2253,13,828,21,13
"671","2020-05-07",196,8,172,562,4549,0.704110793581007,8325,30104,277,869,40,2293,16,844,24,16
"672","2020-05-08",190,8,154,532,4549,0.704110793581007,8325,30104,277,869,48,2341,25,869,24,25
"673","2020-05-09",196,8,151,509,4549,0.704110793581007,8325,30104,277,869,38,2379,24,893,25,24
"674","2020-05-10",164,8,150,491,4549,0.704110793581007,8325,30104,277,869,33,2412,26,919,24,26
"675","2020-05-11",163,8,160,483,4549,0.704110793581007,8325,30104,277,869,42,2454,27,946,29,27
"676","2020-05-12",153,8,188,458,4549,0.704110793581007,8325,30104,277,869,35,2489,17,963,19,17
"677","2020-05-13",153,8,187,439,4549,0.704110793581007,8325,30104,277,869,40,2529,20,983,26,20
"678","2020-05-14",144,8,190,431,4549,0.704110793581007,8325,30104,277,869,29,2558,21,1004,20,21
"679","2020-05-15",141,8,204,401,4549,0.704110793581007,8325,30104,277,869,39,2597,31,1035,24,31
"680","2020-05-16",149,8,211,381,4549,0.704110793581007,8325,30104,277,869,40,2637,28,1063,28,28
"681","2020-05-17",154,8,204,365,4549,0.704110793581007,8325,30104,277,869,43,2680,19,1082,24,19
"682","2020-05-18",143,8,196,352,4549,0.704110793581007,8325,30104,277,869,41,2721,37,1119,20,37
"683","2020-05-19",131,8,188,339,4549,0.704110793581007,8325,30104,277,869,32,2753,22,1141,23,22
"684","2020-05-20",123,8,192,333,4549,0.704110793581007,8325,30104,277,869,33,2786,23,1164,25,23
"685","2020-05-21",116,8,182,324,4549,0.704110793581007,8325,30104,277,869,39,2825,17,1181,25,17
"686","2020-05-22",117,8,161,307,4549,0.704110793581007,8325,30104,277,869,41,2866,19,1200,27,19
"687","2020-05-23",107,8,159,300,4549,0.704110793581007,8325,30104,277,869,29,2895,14,1214,22,14
"688","2020-05-24",98,8,182,291,4549,0.704110793581007,8325,30104,277,869,27,2922,13,1227,15,13
"689","2020-05-25",100,8,208,288,4549,0.704110793581007,8325,30104,277,869,30,2952,21,1248,22,21
"690","2020-05-26",95,8,223,280,4549,0.704110793581007,8325,30104,277,869,30,2982,10,1258,23,10
"691","2020-05-27",99,8,219,273,4549,0.704110793581007,8325,30104,277,869,29,3011,11,1269,19,11
"692","2020-05-28",99,8,219,258,4549,0.704110793581007,8325,30104,277,869,26,3037,23,1292,19,23
"693","2020-05-29",91,8,218,243,4549,0.704110793581007,8325,30104,277,869,25,3062,15,1307,21,15
"694","2020-05-30",81,8,223,233,4549,0.704110793581007,8325,30104,277,869,24,3086,14,1321,18,14
"695","2020-05-31",76,8,219,233,4549,0.704110793581007,8325,30104,277,869,35,3121,13,1334,28,13
"696","2020-06-01",74,8,196,228,4549,0.704110793581007,8325,30104,277,869,22,3143,17,1351,10,17
"697","2020-06-02",78,8,189,224,4549,0.704110793581007,8325,30104,277,869,10,3153,13,1364,9,13
"698","2020-06-03",70,8,183,220,4549,0.704110793581007,8325,30104,277,869,20,3173,8,1372,15,8
"699","2020-06-04",76,8,162,209,4549,0.704110793581007,8325,30104,277,869,23,3196,8,1380,15,8
"700","2020-06-05",77,8,164,202,4549,0.704110793581007,8325,30104,277,869,10,3206,12,1392,4,12
"701","2020-06-06",81,8,160,199,4549,0.704110793581007,8325,30104,277,869,15,3221,18,1410,11,18
"702","2020-06-07",85,8,145,183,4549,0.704110793581007,8325,30104,277,869,11,3232,12,1422,8,12
"703","2020-03-14",3,9,51,19,5678,0.959140542444523,8445,32243,353,581,8,21,17,51,7,17
"704","2020-03-15",4,9,48,24,5678,0.959140542444523,8445,32243,353,581,10,31,7,58,5,7
"705","2020-03-16",3,9,45,31,5678,0.959140542444523,8445,32243,353,581,10,41,17,75,8,17
"706","2020-03-17",4,9,39,41,5678,0.959140542444523,8445,32243,353,581,14,55,31,106,12,31
"707","2020-03-18",5,9,39,48,5678,0.959140542444523,8445,32243,353,581,11,66,22,128,10,22
"708","2020-03-19",7,9,33,62,5678,0.959140542444523,8445,32243,353,581,16,82,24,152,14,24
"709","2020-03-20",9,9,37,79,5678,0.959140542444523,8445,32243,353,581,19,101,18,170,16,18
"710","2020-03-21",11,9,46,93,5678,0.959140542444523,8445,32243,353,581,19,120,8,178,19,8
"711","2020-03-22",23,9,48,120,5678,0.959140542444523,8445,32243,353,581,24,144,6,184,23,6
"712","2020-03-23",24,9,57,141,5678,0.959140542444523,8445,32243,353,581,26,170,8,192,24,8
"713","2020-03-24",20,9,65,163,5678,0.959140542444523,8445,32243,353,581,37,207,36,228,27,36
"714","2020-03-25",24,9,66,186,5678,0.959140542444523,8445,32243,353,581,39,246,28,256,37,28
"715","2020-03-26",32,9,58,233,5678,0.959140542444523,8445,32243,353,581,44,290,9,265,37,9
"716","2020-03-27",38,9,55,251,5678,0.959140542444523,8445,32243,353,581,40,330,7,272,35,7
"717","2020-03-28",45,9,45,276,5678,0.959140542444523,8445,32243,353,581,33,363,8,280,28,8
"718","2020-03-29",50,9,46,322,5678,0.959140542444523,8445,32243,353,581,47,410,12,292,45,12
"719","2020-03-30",54,9,52,364,5678,0.959140542444523,8445,32243,353,581,44,454,26,318,41,26
"720","2020-03-31",62,9,57,394,5678,0.959140542444523,8445,32243,353,581,57,511,8,326,55,8
"721","2020-04-01",69,9,60,428,5678,0.959140542444523,8445,32243,353,581,79,590,10,336,79,10
"722","2020-04-02",78,9,60,477,5678,0.959140542444523,8445,32243,353,581,72,662,22,358,69,22
"723","2020-04-03",100,9,71,528,5678,0.959140542444523,8445,32243,353,581,70,732,19,377,69,19
"724","2020-04-04",115,9,63,573,5678,0.959140542444523,8445,32243,353,581,91,823,21,398,89,21
"725","2020-04-05",171,9,51,609,5678,0.959140542444523,8445,32243,353,581,86,909,21,419,83,21
"726","2020-04-06",185,9,52,667,5678,0.959140542444523,8445,32243,353,581,89,998,13,432,86,13
"727","2020-04-07",194,9,57,717,5678,0.959140542444523,8445,32243,353,581,101,1099,33,465,99,33
"728","2020-04-08",212,9,55,792,5678,0.959140542444523,8445,32243,353,581,133,1232,27,492,128,27
"729","2020-04-09",230,9,51,867,5678,0.959140542444523,8445,32243,353,581,94,1326,21,513,91,21
"730","2020-04-10",265,9,67,942,5678,0.959140542444523,8445,32243,353,581,92,1418,20,533,90,20
"731","2020-04-11",270,9,75,1016,5678,0.959140542444523,8445,32243,353,581,114,1532,18,551,112,18
"732","2020-04-12",297,9,84,1111,5678,0.959140542444523,8445,32243,353,581,116,1648,22,573,113,22
"733","2020-04-13",295,9,70,1177,5678,0.959140542444523,8445,32243,353,581,91,1739,18,591,91,18
"734","2020-04-14",289,9,80,1248,5678,0.959140542444523,8445,32243,353,581,128,1867,7,598,123,7
"735","2020-04-15",311,9,94,1324,5678,0.959140542444523,8445,32243,353,581,124,1991,9,607,122,9
"736","2020-04-16",335,9,102,1423,5678,0.959140542444523,8445,32243,353,581,128,2119,33,640,124,33
"737","2020-04-17",462,9,113,1481,5678,0.959140542444523,8445,32243,353,581,161,2280,18,658,155,18
"738","2020-04-18",509,9,118,1560,5678,0.959140542444523,8445,32243,353,581,125,2405,28,686,121,28
"739","2020-04-19",487,9,125,1610,5678,0.959140542444523,8445,32243,353,581,145,2550,20,706,140,20
"740","2020-04-20",506,9,127,1688,5678,0.959140542444523,8445,32243,353,581,126,2676,16,722,125,16
"741","2020-04-21",514,9,129,1718,5678,0.959140542444523,8445,32243,353,581,109,2785,36,758,102,36
"742","2020-04-22",511,9,121,1714,5678,0.959140542444523,8445,32243,353,581,138,2923,20,778,132,20
"743","2020-04-23",512,9,115,1699,5678,0.959140542444523,8445,32243,353,581,129,3052,39,817,128,39
"744","2020-04-24",569,9,104,1699,5678,0.959140542444523,8445,32243,353,581,125,3177,36,853,123,36
"745","2020-04-25",573,9,92,1711,5678,0.959140542444523,8445,32243,353,581,132,3309,13,866,129,13
"746","2020-04-26",553,9,93,1677,5678,0.959140542444523,8445,32243,353,581,113,3422,15,881,111,15
"747","2020-04-27",573,9,117,1625,5678,0.959140542444523,8445,32243,353,581,119,3541,31,912,114,31
"748","2020-04-28",573,9,134,1589,5678,0.959140542444523,8445,32243,353,581,104,3645,26,938,102,26
"749","2020-04-29",579,9,133,1533,5678,0.959140542444523,8445,32243,353,581,91,3736,25,963,87,25
"750","2020-04-30",575,9,136,1476,5678,0.959140542444523,8445,32243,353,581,102,3838,43,1006,99,43
"751","2020-05-01",575,9,160,1416,5678,0.959140542444523,8445,32243,353,581,106,3944,20,1026,103,20
"752","2020-05-02",567,9,169,1354,5678,0.959140542444523,8445,32243,353,581,109,4053,16,1042,107,16
"753","2020-05-03",505,9,159,1265,5678,0.959140542444523,8445,32243,353,581,84,4137,9,1051,82,9
"754","2020-05-04",467,9,167,1223,5678,0.959140542444523,8445,32243,353,581,80,4217,11,1062,75,11
"755","2020-05-05",452,9,171,1181,5678,0.959140542444523,8445,32243,353,581,83,4300,17,1079,80,17
"756","2020-05-06",433,9,168,1121,5678,0.959140542444523,8445,32243,353,581,74,4374,38,1117,71,38
"757","2020-05-07",407,9,177,1055,5678,0.959140542444523,8445,32243,353,581,57,4431,38,1155,55,38
"758","2020-05-08",374,9,169,977,5678,0.959140542444523,8445,32243,353,581,66,4497,41,1196,64,41
"759","2020-05-09",353,9,164,922,5678,0.959140542444523,8445,32243,353,581,60,4557,15,1211,59,15
"760","2020-05-10",324,9,155,858,5678,0.959140542444523,8445,32243,353,581,33,4590,13,1224,31,13
"761","2020-05-11",321,9,144,797,5678,0.959140542444523,8445,32243,353,581,57,4647,15,1239,53,15
"762","2020-05-12",299,9,135,734,5678,0.959140542444523,8445,32243,353,581,35,4682,37,1276,34,37
"763","2020-05-13",294,9,113,689,5678,0.959140542444523,8445,32243,353,581,33,4715,15,1291,30,15
"764","2020-05-14",282,9,98,654,5678,0.959140542444523,8445,32243,353,581,46,4761,24,1315,42,24
"765","2020-05-15",249,9,90,596,5678,0.959140542444523,8445,32243,353,581,34,4795,38,1353,34,38
"766","2020-05-16",245,9,94,552,5678,0.959140542444523,8445,32243,353,581,37,4832,18,1371,36,18
"767","2020-05-17",222,9,110,504,5678,0.959140542444523,8445,32243,353,581,40,4872,27,1398,36,27
"768","2020-05-18",205,9,115,461,5678,0.959140542444523,8445,32243,353,581,26,4898,18,1416,22,18
"769","2020-05-19",192,9,122,423,5678,0.959140542444523,8445,32243,353,581,26,4924,11,1427,26,11
"770","2020-05-20",178,9,137,405,5678,0.959140542444523,8445,32243,353,581,17,4941,11,1438,17,11
"771","2020-05-21",180,9,147,368,5678,0.959140542444523,8445,32243,353,581,25,4966,9,1447,25,9
"772","2020-05-22",160,9,145,355,5678,0.959140542444523,8445,32243,353,581,19,4985,2,1449,18,2
"773","2020-05-23",150,9,132,327,5678,0.959140542444523,8445,32243,353,581,20,5005,4,1453,19,4
"774","2020-05-24",137,9,121,310,5678,0.959140542444523,8445,32243,353,581,21,5026,11,1464,21,11
"775","2020-05-25",131,9,112,280,5678,0.959140542444523,8445,32243,353,581,24,5050,26,1490,22,26
"776","2020-05-26",123,9,92,261,5678,0.959140542444523,8445,32243,353,581,12,5062,10,1500,11,10
"777","2020-05-27",116,9,72,247,5678,0.959140542444523,8445,32243,353,581,17,5079,4,1504,16,4
"778","2020-05-28",100,9,78,226,5678,0.959140542444523,8445,32243,353,581,19,5098,16,1520,19,16
"779","2020-05-29",89,9,79,202,5678,0.959140542444523,8445,32243,353,581,20,5118,9,1529,18,9
"780","2020-05-30",77,9,78,181,5678,0.959140542444523,8445,32243,353,581,16,5134,10,1539,15,10
"781","2020-05-31",69,9,70,165,5678,0.959140542444523,8445,32243,353,581,10,5144,5,1544,8,5
"782","2020-06-01",60,9,63,141,5678,0.959140542444523,8445,32243,353,581,15,5159,2,1546,14,2
"783","2020-06-02",51,9,66,125,5678,0.959140542444523,8445,32243,353,581,12,5171,10,1556,12,10
"784","2020-06-03",48,9,63,112,5678,0.959140542444523,8445,32243,353,581,14,5185,13,1569,13,13
"785","2020-06-04",48,9,56,99,5678,0.959140542444523,8445,32243,353,581,3,5188,4,1573,3,4
"786","2020-06-05",42,9,41,89,5678,0.959140542444523,8445,32243,353,581,13,5201,6,1579,12,6
"787","2020-06-06",37,9,52,82,5678,0.959140542444523,8445,32243,353,581,7,5208,5,1584,7,5
"788","2020-06-07",28,9,37,72,5678,0.959140542444523,8445,32243,353,581,12,5220,7,1591,11,7
"789","2020-03-07",1,10,0,0,5694,0.94801545486477,8175,31395,318,596,NA,NA,NA,NA,NA,NA
"790","2020-03-08",1,10,0,0,5694,0.94801545486477,8175,31395,318,596,NA,NA,NA,NA,NA,NA
"791","2020-03-09",0,10,0,0,5694,0.94801545486477,8175,31395,318,596,NA,NA,NA,NA,NA,NA
"792","2020-03-10",0,10,0,0,5694,0.94801545486477,8175,31395,318,596,NA,NA,NA,NA,NA,NA
"793","2020-03-11",0,10,0,0,5694,0.94801545486477,8175,31395,318,596,15,15,2,2,NA,2
"794","2020-03-12",0,10,0,0,5694,0.94801545486477,8175,31395,318,596,11,26,2,4,NA,2
"795","2020-03-13",0,10,0,0,5694,0.94801545486477,8175,31395,318,596,13,39,6,10,3,6
"796","2020-03-14",4,10,55,23,5694,0.94801545486477,8175,31395,318,596,27,66,3,13,11,3
"797","2020-03-15",7,10,49,34,5694,0.94801545486477,8175,31395,318,596,27,93,1,14,10,1
"798","2020-03-16",8,10,56,44,5694,0.94801545486477,8175,31395,318,596,20,113,5,19,9,5
"799","2020-03-17",8,10,47,63,5694,0.94801545486477,8175,31395,318,596,22,135,15,34,15,15
"800","2020-03-18",10,10,44,79,5694,0.94801545486477,8175,31395,318,596,20,155,4,38,14,4
"801","2020-03-19",13,10,39,95,5694,0.94801545486477,8175,31395,318,596,33,188,13,51,24,13
"802","2020-03-20",20,10,40,118,5694,0.94801545486477,8175,31395,318,596,32,220,12,63,20,12
"803","2020-03-21",27,10,41,128,5694,0.94801545486477,8175,31395,318,596,45,265,17,80,39,17
"804","2020-03-22",29,10,49,152,5694,0.94801545486477,8175,31395,318,596,41,306,9,89,22,9
"805","2020-03-23",27,10,55,174,5694,0.94801545486477,8175,31395,318,596,50,356,14,103,40,14
"806","2020-03-24",35,10,61,214,5694,0.94801545486477,8175,31395,318,596,43,399,4,107,33,4
"807","2020-03-25",37,10,62,228,5694,0.94801545486477,8175,31395,318,596,50,449,7,114,30,7
"808","2020-03-26",38,10,60,239,5694,0.94801545486477,8175,31395,318,596,66,515,3,117,57,3
"809","2020-03-27",42,10,71,262,5694,0.94801545486477,8175,31395,318,596,67,582,3,120,53,3
"810","2020-03-28",44,10,77,291,5694,0.94801545486477,8175,31395,318,596,69,651,11,131,57,11
"811","2020-03-29",57,10,80,315,5694,0.94801545486477,8175,31395,318,596,63,714,12,143,54,12
"812","2020-03-30",64,10,77,355,5694,0.94801545486477,8175,31395,318,596,70,784,12,155,54,12
"813","2020-03-31",67,10,67,417,5694,0.94801545486477,8175,31395,318,596,83,867,6,161,73,6
"814","2020-04-01",82,10,64,456,5694,0.94801545486477,8175,31395,318,596,75,942,4,165,64,4
"815","2020-04-02",93,10,67,510,5694,0.94801545486477,8175,31395,318,596,92,1034,12,177,83,12
"816","2020-04-03",125,10,74,556,5694,0.94801545486477,8175,31395,318,596,95,1129,11,188,86,11
"817","2020-04-04",172,10,99,613,5694,0.94801545486477,8175,31395,318,596,79,1208,10,198,66,10
"818","2020-04-05",170,10,102,693,5694,0.94801545486477,8175,31395,318,596,86,1294,9,207,77,9
"819","2020-04-06",170,10,99,768,5694,0.94801545486477,8175,31395,318,596,96,1390,3,210,90,3
"820","2020-04-07",186,10,112,849,5694,0.94801545486477,8175,31395,318,596,92,1482,9,219,81,9
"821","2020-04-08",197,10,115,931,5694,0.94801545486477,8175,31395,318,596,113,1595,6,225,95,6
"822","2020-04-09",210,10,113,1024,5694,0.94801545486477,8175,31395,318,596,89,1684,15,240,74,15
"823","2020-04-10",302,10,137,1119,5694,0.94801545486477,8175,31395,318,596,108,1792,12,252,92,12
"824","2020-04-11",296,10,154,1218,5694,0.94801545486477,8175,31395,318,596,107,1899,10,262,91,10
"825","2020-04-12",317,10,149,1278,5694,0.94801545486477,8175,31395,318,596,108,2007,11,273,94,11
"826","2020-04-13",346,10,142,1364,5694,0.94801545486477,8175,31395,318,596,117,2124,13,286,108,13
"827","2020-04-14",344,10,146,1434,5694,0.94801545486477,8175,31395,318,596,130,2254,16,302,110,16
"828","2020-04-15",362,10,139,1501,5694,0.94801545486477,8175,31395,318,596,107,2361,12,314,98,12
"829","2020-04-16",388,10,138,1618,5694,0.94801545486477,8175,31395,318,596,92,2453,29,343,78,29
"830","2020-04-17",491,10,131,1640,5694,0.94801545486477,8175,31395,318,596,91,2544,21,364,84,21
"831","2020-04-18",545,10,120,1677,5694,0.94801545486477,8175,31395,318,596,90,2634,26,390,81,26
"832","2020-04-19",541,10,113,1720,5694,0.94801545486477,8175,31395,318,596,104,2738,20,410,92,20
"833","2020-04-20",541,10,108,1759,5694,0.94801545486477,8175,31395,318,596,117,2855,10,420,102,10
"834","2020-04-21",551,10,95,1764,5694,0.94801545486477,8175,31395,318,596,103,2958,9,429,93,9
"835","2020-04-22",568,10,97,1778,5694,0.94801545486477,8175,31395,318,596,80,3038,18,447,71,18
"836","2020-04-23",580,10,116,1794,5694,0.94801545486477,8175,31395,318,596,103,3141,7,454,95,7
"837","2020-04-24",653,10,130,1801,5694,0.94801545486477,8175,31395,318,596,78,3219,13,467,63,13
"838","2020-04-25",626,10,122,1778,5694,0.94801545486477,8175,31395,318,596,99,3318,7,474,85,7
"839","2020-04-26",563,10,137,1720,5694,0.94801545486477,8175,31395,318,596,56,3374,18,492,48,18
"840","2020-04-27",563,10,134,1687,5694,0.94801545486477,8175,31395,318,596,73,3447,15,507,65,15
"841","2020-04-28",560,10,135,1630,5694,0.94801545486477,8175,31395,318,596,64,3511,20,527,56,20
"842","2020-04-29",571,10,131,1538,5694,0.94801545486477,8175,31395,318,596,65,3576,14,541,49,14
"843","2020-04-30",563,10,117,1513,5694,0.94801545486477,8175,31395,318,596,67,3643,7,548,57,7
"844","2020-05-01",528,10,136,1415,5694,0.94801545486477,8175,31395,318,596,63,3706,15,563,55,15
"845","2020-05-02",525,10,133,1343,5694,0.94801545486477,8175,31395,318,596,92,3798,4,567,79,4
"846","2020-05-03",506,10,153,1252,5694,0.94801545486477,8175,31395,318,596,53,3851,10,577,47,10
"847","2020-05-04",486,10,161,1172,5694,0.94801545486477,8175,31395,318,596,38,3889,21,598,28,21
"848","2020-05-05",457,10,169,1079,5694,0.94801545486477,8175,31395,318,596,55,3944,16,614,42,16
"849","2020-05-06",428,10,182,1004,5694,0.94801545486477,8175,31395,318,596,46,3990,26,640,40,26
"850","2020-05-07",403,10,192,918,5694,0.94801545486477,8175,31395,318,596,45,4035,10,650,34,10
"851","2020-05-08",357,10,190,865,5694,0.94801545486477,8175,31395,318,596,37,4072,5,655,26,5
"852","2020-05-09",362,10,186,804,5694,0.94801545486477,8175,31395,318,596,34,4106,20,675,27,20
"853","2020-05-10",305,10,153,727,5694,0.94801545486477,8175,31395,318,596,29,4135,17,692,22,17
"854","2020-05-11",278,10,129,662,5694,0.94801545486477,8175,31395,318,596,40,4175,15,707,35,15
"855","2020-05-12",278,10,138,593,5694,0.94801545486477,8175,31395,318,596,36,4211,17,724,22,17
"856","2020-05-13",256,10,141,547,5694,0.94801545486477,8175,31395,318,596,36,4247,24,748,25,24
"857","2020-05-14",249,10,147,514,5694,0.94801545486477,8175,31395,318,596,24,4271,11,759,21,11
"858","2020-05-15",224,10,139,466,5694,0.94801545486477,8175,31395,318,596,34,4305,26,785,29,26
"859","2020-05-16",198,10,139,425,5694,0.94801545486477,8175,31395,318,596,34,4339,24,809,22,24
"860","2020-05-17",180,10,158,394,5694,0.94801545486477,8175,31395,318,596,22,4361,18,827,14,18
"861","2020-05-18",171,10,141,354,5694,0.94801545486477,8175,31395,318,596,32,4393,14,841,26,14
"862","2020-05-19",155,10,156,304,5694,0.94801545486477,8175,31395,318,596,18,4411,12,853,13,12
"863","2020-05-20",139,10,148,283,5694,0.94801545486477,8175,31395,318,596,24,4435,14,867,17,14
"864","2020-05-21",124,10,144,263,5694,0.94801545486477,8175,31395,318,596,27,4462,20,887,24,20
"865","2020-05-22",104,10,130,242,5694,0.94801545486477,8175,31395,318,596,15,4477,16,903,10,16
"866","2020-05-23",94,10,132,228,5694,0.94801545486477,8175,31395,318,596,16,4493,21,924,9,21
"867","2020-05-24",86,10,131,214,5694,0.94801545486477,8175,31395,318,596,19,4512,11,935,17,11
"868","2020-05-25",79,10,124,192,5694,0.94801545486477,8175,31395,318,596,18,4530,16,951,15,16
"869","2020-05-26",65,10,114,178,5694,0.94801545486477,8175,31395,318,596,19,4549,10,961,13,10
"870","2020-05-27",61,10,112,157,5694,0.94801545486477,8175,31395,318,596,22,4571,7,968,15,7
"871","2020-05-28",58,10,110,146,5694,0.94801545486477,8175,31395,318,596,18,4589,12,980,15,12
"872","2020-05-29",53,10,119,136,5694,0.94801545486477,8175,31395,318,596,12,4601,15,995,9,15
"873","2020-05-30",50,10,117,131,5694,0.94801545486477,8175,31395,318,596,17,4618,6,1001,14,6
"874","2020-05-31",46,10,120,125,5694,0.94801545486477,8175,31395,318,596,10,4628,4,1005,9,4
"875","2020-06-01",39,10,98,116,5694,0.94801545486477,8175,31395,318,596,11,4639,2,1007,10,2
"876","2020-06-02",35,10,94,103,5694,0.94801545486477,8175,31395,318,596,11,4650,3,1010,7,3
"877","2020-06-03",38,10,85,95,5694,0.94801545486477,8175,31395,318,596,9,4659,7,1017,8,7
"878","2020-06-04",33,10,78,83,5694,0.94801545486477,8175,31395,318,596,12,4671,10,1027,10,10
"879","2020-06-05",36,10,69,80,5694,0.94801545486477,8175,31395,318,596,5,4676,15,1042,4,15
"880","2020-06-06",34,10,60,75,5694,0.94801545486477,8175,31395,318,596,10,4686,9,1051,7,9
"881","2020-06-07",26,10,60,73,5694,0.94801545486477,8175,31395,318,596,14,4700,13,1064,13,13
"882","2020-03-07",1,11,0,0,5624,0.799075391180654,8370,32255,313,490,NA,NA,NA,NA,NA,NA
"883","2020-03-08",1,11,0,0,5624,0.799075391180654,8370,32255,313,490,NA,NA,NA,NA,NA,NA
"884","2020-03-09",0,11,0,0,5624,0.799075391180654,8370,32255,313,490,NA,NA,NA,NA,NA,NA
"885","2020-03-10",0,11,0,0,5624,0.799075391180654,8370,32255,313,490,NA,NA,NA,NA,NA,NA
"886","2020-03-11",0,11,0,0,5624,0.799075391180654,8370,32255,313,490,21,21,7,7,NA,7
"887","2020-03-12",1,11,29,28,5624,0.799075391180654,8370,32255,313,490,21,42,6,13,1,6
"888","2020-03-13",4,11,34,56,5624,0.799075391180654,8370,32255,313,490,21,63,5,18,5,5
"889","2020-03-14",5,11,31,77,5624,0.799075391180654,8370,32255,313,490,32,95,25,43,6,25
"890","2020-03-15",15,11,25,99,5624,0.799075391180654,8370,32255,313,490,31,126,31,74,9,31
"891","2020-03-16",18,11,29,123,5624,0.799075391180654,8370,32255,313,490,28,154,27,101,13,27
"892","2020-03-17",21,11,42,163,5624,0.799075391180654,8370,32255,313,490,34,188,31,132,16,31
"893","2020-03-18",25,11,62,198,5624,0.799075391180654,8370,32255,313,490,47,235,29,161,25,29
"894","2020-03-19",35,11,68,238,5624,0.799075391180654,8370,32255,313,490,51,286,42,203,28,42
"895","2020-03-20",47,11,75,274,5624,0.799075391180654,8370,32255,313,490,44,330,34,237,23,34
"896","2020-03-21",55,11,64,327,5624,0.799075391180654,8370,32255,313,490,48,378,47,284,28,47
"897","2020-03-22",72,11,61,375,5624,0.799075391180654,8370,32255,313,490,49,427,34,318,33,34
"898","2020-03-23",83,11,59,435,5624,0.799075391180654,8370,32255,313,490,56,483,33,351,38,33
"899","2020-03-24",87,11,86,487,5624,0.799075391180654,8370,32255,313,490,68,551,53,404,50,53
"900","2020-03-25",103,11,96,550,5624,0.799075391180654,8370,32255,313,490,77,628,55,459,56,55
"901","2020-03-26",117,11,94,607,5624,0.799075391180654,8370,32255,313,490,76,704,50,509,62,50
"902","2020-03-27",158,11,86,677,5624,0.799075391180654,8370,32255,313,490,61,765,32,541,46,32
"903","2020-03-28",185,11,107,751,5624,0.799075391180654,8370,32255,313,490,52,817,56,597,36,56
"904","2020-03-29",219,11,119,785,5624,0.799075391180654,8370,32255,313,490,77,894,56,653,61,56
"905","2020-03-30",224,11,129,833,5624,0.799075391180654,8370,32255,313,490,93,987,41,694,65,41
"906","2020-03-31",216,11,117,915,5624,0.799075391180654,8370,32255,313,490,53,1040,43,737,35,43
"907","2020-04-01",221,11,132,986,5624,0.799075391180654,8370,32255,313,490,82,1122,47,784,65,47
"908","2020-04-02",236,11,129,1031,5624,0.799075391180654,8370,32255,313,490,82,1204,43,827,61,43
"909","2020-04-03",310,11,114,1093,5624,0.799075391180654,8370,32255,313,490,80,1284,23,850,67,23
"910","2020-04-04",333,11,111,1178,5624,0.799075391180654,8370,32255,313,490,71,1355,34,884,58,34
"911","2020-04-05",344,11,92,1200,5624,0.799075391180654,8370,32255,313,490,96,1451,20,904,82,20
"912","2020-04-06",362,11,75,1293,5624,0.799075391180654,8370,32255,313,490,84,1535,24,928,57,24
"913","2020-04-07",377,11,72,1399,5624,0.799075391180654,8370,32255,313,490,73,1608,22,950,52,22
"914","2020-04-08",387,11,96,1430,5624,0.799075391180654,8370,32255,313,490,87,1695,21,971,60,21
"915","2020-04-09",388,11,96,1496,5624,0.799075391180654,8370,32255,313,490,82,1777,15,986,73,15
"916","2020-04-10",474,11,119,1520,5624,0.799075391180654,8370,32255,313,490,83,1860,13,999,67,13
"917","2020-04-11",486,11,110,1567,5624,0.799075391180654,8370,32255,313,490,90,1950,12,1011,64,12
"918","2020-04-12",461,11,92,1570,5624,0.799075391180654,8370,32255,313,490,86,2036,33,1044,68,33
"919","2020-04-13",471,11,85,1615,5624,0.799075391180654,8370,32255,313,490,93,2129,50,1094,71,50
"920","2020-04-14",487,11,77,1612,5624,0.799075391180654,8370,32255,313,490,67,2196,30,1124,46,30
"921","2020-04-15",511,11,80,1603,5624,0.799075391180654,8370,32255,313,490,72,2268,59,1183,55,59
"922","2020-04-16",529,11,76,1581,5624,0.799075391180654,8370,32255,313,490,96,2364,59,1242,71,59
"923","2020-04-17",555,11,66,1576,5624,0.799075391180654,8370,32255,313,490,94,2458,50,1292,73,50
"924","2020-04-18",594,11,86,1535,5624,0.799075391180654,8370,32255,313,490,82,2540,41,1333,62,41
"925","2020-04-19",533,11,98,1480,5624,0.799075391180654,8370,32255,313,490,77,2617,29,1362,55,29
"926","2020-04-20",514,11,100,1429,5624,0.799075391180654,8370,32255,313,490,66,2683,35,1397,50,35
"927","2020-04-21",493,11,128,1378,5624,0.799075391180654,8370,32255,313,490,81,2764,40,1437,59,40
"928","2020-04-22",482,11,135,1298,5624,0.799075391180654,8370,32255,313,490,75,2839,34,1471,56,34
"929","2020-04-23",475,11,147,1272,5624,0.799075391180654,8370,32255,313,490,57,2896,54,1525,36,54
"930","2020-04-24",488,11,152,1228,5624,0.799075391180654,8370,32255,313,490,68,2964,52,1577,48,52
"931","2020-04-25",438,11,158,1169,5624,0.799075391180654,8370,32255,313,490,77,3041,52,1629,53,52
"932","2020-04-26",411,11,164,1094,5624,0.799075391180654,8370,32255,313,490,73,3114,57,1686,44,57
"933","2020-04-27",406,11,151,1058,5624,0.799075391180654,8370,32255,313,490,85,3199,46,1732,57,46
"934","2020-04-28",394,11,155,982,5624,0.799075391180654,8370,32255,313,490,72,3271,23,1755,50,23
"935","2020-04-29",389,11,155,918,5624,0.799075391180654,8370,32255,313,490,54,3325,28,1783,36,28
"936","2020-04-30",359,11,139,877,5624,0.799075391180654,8370,32255,313,490,48,3373,49,1832,35,49
"937","2020-05-01",327,11,125,806,5624,0.799075391180654,8370,32255,313,490,67,3440,38,1870,48,38
"938","2020-05-02",339,11,121,754,5624,0.799075391180654,8370,32255,313,490,52,3492,35,1905,34,35
"939","2020-05-03",311,11,129,701,5624,0.799075391180654,8370,32255,313,490,42,3534,25,1930,33,25
"940","2020-05-04",287,11,142,663,5624,0.799075391180654,8370,32255,313,490,62,3596,36,1966,41,36
"941","2020-05-05",261,11,148,614,5624,0.799075391180654,8370,32255,313,490,53,3649,36,2002,36,36
"942","2020-05-06",242,11,153,574,5624,0.799075391180654,8370,32255,313,490,51,3700,32,2034,33,32
"943","2020-05-07",244,11,161,535,5624,0.799075391180654,8370,32255,313,490,51,3751,32,2066,31,32
"944","2020-05-08",225,11,182,492,5624,0.799075391180654,8370,32255,313,490,51,3802,24,2090,34,24
"945","2020-05-09",199,11,170,454,5624,0.799075391180654,8370,32255,313,490,45,3847,38,2128,28,38
"946","2020-05-10",189,11,159,429,5624,0.799075391180654,8370,32255,313,490,46,3893,29,2157,34,29
"947","2020-05-11",179,11,167,394,5624,0.799075391180654,8370,32255,313,490,55,3948,41,2198,35,41
"948","2020-05-12",166,11,173,363,5624,0.799075391180654,8370,32255,313,490,47,3995,39,2237,32,39
"949","2020-05-13",151,11,162,351,5624,0.799075391180654,8370,32255,313,490,36,4031,45,2282,24,45
"950","2020-05-14",142,11,140,320,5624,0.799075391180654,8370,32255,313,490,33,4064,54,2336,20,54
"951","2020-05-15",124,11,118,301,5624,0.799075391180654,8370,32255,313,490,31,4095,39,2375,25,39
"952","2020-05-16",119,11,111,288,5624,0.799075391180654,8370,32255,313,490,30,4125,26,2401,17,26
"953","2020-05-17",97,11,114,267,5624,0.799075391180654,8370,32255,313,490,37,4162,36,2437,22,36
"954","2020-05-18",87,11,99,242,5624,0.799075391180654,8370,32255,313,490,24,4186,47,2484,10,47
"955","2020-05-19",87,11,89,223,5624,0.799075391180654,8370,32255,313,490,29,4215,55,2539,13,55
"956","2020-05-20",88,11,82,209,5624,0.799075391180654,8370,32255,313,490,38,4253,45,2584,23,45
"957","2020-05-21",81,11,69,200,5624,0.799075391180654,8370,32255,313,490,27,4280,61,2645,14,61
"958","2020-05-22",79,11,66,186,5624,0.799075391180654,8370,32255,313,490,31,4311,31,2676,20,31
"959","2020-05-23",82,11,51,177,5624,0.799075391180654,8370,32255,313,490,32,4343,31,2707,20,31
"960","2020-05-24",68,11,48,167,5624,0.799075391180654,8370,32255,313,490,19,4362,33,2740,12,33
"961","2020-05-25",65,11,68,155,5624,0.799075391180654,8370,32255,313,490,25,4387,30,2770,15,30
"962","2020-05-26",61,11,80,156,5624,0.799075391180654,8370,32255,313,490,29,4416,40,2810,18,40
"963","2020-05-27",60,11,77,145,5624,0.799075391180654,8370,32255,313,490,21,4437,47,2857,12,47
"964","2020-05-28",59,11,85,128,5624,0.799075391180654,8370,32255,313,490,24,4461,47,2904,10,47
"965","2020-05-29",60,11,82,122,5624,0.799075391180654,8370,32255,313,490,19,4480,54,2958,10,54
"966","2020-05-30",50,11,82,128,5624,0.799075391180654,8370,32255,313,490,17,4497,37,2995,10,37
"967","2020-05-31",49,11,74,121,5624,0.799075391180654,8370,32255,313,490,23,4520,31,3026,11,31
"968","2020-06-01",44,11,70,121,5624,0.799075391180654,8370,32255,313,490,16,4536,35,3061,12,35
"969","2020-06-02",41,11,60,115,5624,0.799075391180654,8370,32255,313,490,16,4552,26,3087,9,26
"970","2020-06-03",38,11,58,113,5624,0.799075391180654,8370,32255,313,490,16,4568,23,3110,10,23
"971","2020-06-04",35,11,74,109,5624,0.799075391180654,8370,32255,313,490,23,4591,37,3147,13,37
"972","2020-06-05",29,11,93,104,5624,0.799075391180654,8370,32255,313,490,20,4611,39,3186,12,39
"973","2020-06-06",36,11,86,101,5624,0.799075391180654,8370,32255,313,490,15,4626,51,3237,9,51
"974","2020-06-07",36,11,79,94,5624,0.799075391180654,8370,32255,313,490,16,4642,39,3276,9,39
"975","2020-03-12",1,12,14,40,3901,0.576262496795693,8280,27848,215,498,11,14,7,13,1,7
"976","2020-03-13",2,12,21,60,3901,0.576262496795693,8280,27848,215,498,12,26,5,18,3,5
"977","2020-03-14",5,12,28,83,3901,0.576262496795693,8280,27848,215,498,11,37,5,23,5,5
"978","2020-03-15",12,12,38,103,3901,0.576262496795693,8280,27848,215,498,13,50,6,29,7,6
"979","2020-03-16",14,12,44,132,3901,0.576262496795693,8280,27848,215,498,10,60,13,42,5,13
"980","2020-03-17",18,12,40,157,3901,0.576262496795693,8280,27848,215,498,26,86,5,47,16,5
"981","2020-03-18",27,12,45,189,3901,0.576262496795693,8280,27848,215,498,21,107,8,55,9,8
"982","2020-03-19",34,12,53,219,3901,0.576262496795693,8280,27848,215,498,28,135,11,66,22,11
"983","2020-03-20",47,12,51,248,3901,0.576262496795693,8280,27848,215,498,20,155,20,86,13,20
"984","2020-03-21",68,12,57,282,3901,0.576262496795693,8280,27848,215,498,30,185,16,102,17,16
"985","2020-03-22",74,12,64,315,3901,0.576262496795693,8280,27848,215,498,28,213,12,114,21,12
"986","2020-03-23",80,12,70,343,3901,0.576262496795693,8280,27848,215,498,35,248,6,120,29,6
"987","2020-03-24",84,12,74,366,3901,0.576262496795693,8280,27848,215,498,35,283,2,122,28,2
"988","2020-03-25",85,12,68,388,3901,0.576262496795693,8280,27848,215,498,41,324,6,128,30,6
"989","2020-03-26",93,12,69,415,3901,0.576262496795693,8280,27848,215,498,36,360,14,142,30,14
"990","2020-03-27",119,12,72,428,3901,0.576262496795693,8280,27848,215,498,52,412,14,156,41,14
"991","2020-03-28",119,12,86,451,3901,0.576262496795693,8280,27848,215,498,55,467,15,171,47,15
"992","2020-03-29",137,12,102,495,3901,0.576262496795693,8280,27848,215,498,44,511,12,183,33,12
"993","2020-03-30",138,12,119,510,3901,0.576262496795693,8280,27848,215,498,63,574,31,214,52,31
"994","2020-03-31",142,12,115,517,3901,0.576262496795693,8280,27848,215,498,55,629,30,244,48,30
"995","2020-04-01",149,12,108,526,3901,0.576262496795693,8280,27848,215,498,55,684,23,267,45,23
"996","2020-04-02",156,12,119,551,3901,0.576262496795693,8280,27848,215,498,50,734,28,295,42,28
"997","2020-04-03",164,12,119,586,3901,0.576262496795693,8280,27848,215,498,54,788,21,316,40,21
"998","2020-04-04",195,12,118,605,3901,0.576262496795693,8280,27848,215,498,53,841,7,323,48,7
"999","2020-04-05",194,12,130,627,3901,0.576262496795693,8280,27848,215,498,63,904,17,340,53,17
"1000","2020-04-06",192,12,123,659,3901,0.576262496795693,8280,27848,215,498,68,972,40,380,58,40
"1001","2020-04-07",201,12,119,651,3901,0.576262496795693,8280,27848,215,498,68,1040,35,415,57,35
"1002","2020-04-08",219,12,115,649,3901,0.576262496795693,8280,27848,215,498,58,1098,26,441,45,26
"1003","2020-04-09",214,12,106,677,3901,0.576262496795693,8280,27848,215,498,63,1161,15,456,58,15
"1004","2020-04-10",250,12,100,702,3901,0.576262496795693,8280,27848,215,498,86,1247,19,475,70,19
"1005","2020-04-11",259,12,114,692,3901,0.576262496795693,8280,27848,215,498,67,1314,10,485,56,10
"1006","2020-04-12",237,12,120,702,3901,0.576262496795693,8280,27848,215,498,64,1378,19,504,55,19
"1007","2020-04-13",227,12,117,705,3901,0.576262496795693,8280,27848,215,498,94,1472,32,536,82,32
"1008","2020-04-14",217,12,118,698,3901,0.576262496795693,8280,27848,215,498,69,1541,25,561,59,25
"1009","2020-04-15",214,12,125,702,3901,0.576262496795693,8280,27848,215,498,105,1646,35,596,93,35
"1010","2020-04-16",229,12,133,692,3901,0.576262496795693,8280,27848,215,498,93,1739,39,635,84,39
"1011","2020-04-17",236,12,139,690,3901,0.576262496795693,8280,27848,215,498,86,1825,20,655,77,20
"1012","2020-04-18",243,12,134,681,3901,0.576262496795693,8280,27848,215,498,93,1918,21,676,82,21
"1013","2020-04-19",243,12,136,697,3901,0.576262496795693,8280,27848,215,498,96,2014,30,706,83,30
"1014","2020-04-20",239,12,141,689,3901,0.576262496795693,8280,27848,215,498,86,2100,25,731,74,25
"1015","2020-04-21",233,12,143,703,3901,0.576262496795693,8280,27848,215,498,98,2198,14,745,85,14
"1016","2020-04-22",225,12,136,719,3901,0.576262496795693,8280,27848,215,498,81,2279,38,783,72,38
"1017","2020-04-23",222,12,130,712,3901,0.576262496795693,8280,27848,215,498,85,2364,27,810,78,27
"1018","2020-04-24",251,12,136,708,3901,0.576262496795693,8280,27848,215,498,84,2448,28,838,72,28
"1019","2020-04-25",255,12,121,699,3901,0.576262496795693,8280,27848,215,498,95,2543,31,869,87,31
"1020","2020-04-26",242,12,127,711,3901,0.576262496795693,8280,27848,215,498,71,2614,22,891,64,22
"1021","2020-04-27",243,12,113,687,3901,0.576262496795693,8280,27848,215,498,65,2679,13,904,53,13
"1022","2020-04-28",243,12,108,669,3901,0.576262496795693,8280,27848,215,498,70,2749,9,913,60,9
"1023","2020-04-29",247,12,97,653,3901,0.576262496795693,8280,27848,215,498,57,2806,27,940,48,27
"1024","2020-04-30",241,12,108,635,3901,0.576262496795693,8280,27848,215,498,77,2883,27,967,74,27
"1025","2020-05-01",245,12,108,618,3901,0.576262496795693,8280,27848,215,498,59,2942,31,998,47,31
"1026","2020-05-02",240,12,114,592,3901,0.576262496795693,8280,27848,215,498,62,3004,35,1033,54,35
"1027","2020-05-03",226,12,118,572,3901,0.576262496795693,8280,27848,215,498,57,3061,37,1070,48,37
"1028","2020-05-04",212,12,129,552,3901,0.576262496795693,8280,27848,215,498,51,3112,17,1087,41,17
"1029","2020-05-05",218,12,126,538,3901,0.576262496795693,8280,27848,215,498,49,3161,12,1099,41,12
"1030","2020-05-06",202,12,143,520,3901,0.576262496795693,8280,27848,215,498,57,3218,8,1107,45,8
"1031","2020-05-07",195,12,142,503,3901,0.576262496795693,8280,27848,215,498,59,3277,3,1110,44,3
"1032","2020-05-08",178,12,131,467,3901,0.576262496795693,8280,27848,215,498,45,3322,22,1132,37,22
"1033","2020-05-09",183,12,154,463,3901,0.576262496795693,8280,27848,215,498,48,3370,12,1144,40,12
"1034","2020-05-10",162,12,150,439,3901,0.576262496795693,8280,27848,215,498,40,3410,12,1156,28,12
"1035","2020-05-11",145,12,147,427,3901,0.576262496795693,8280,27848,215,498,48,3458,8,1164,41,8
"1036","2020-05-12",126,12,150,435,3901,0.576262496795693,8280,27848,215,498,33,3491,26,1190,28,26
"1037","2020-05-13",126,12,153,428,3901,0.576262496795693,8280,27848,215,498,41,3532,28,1218,32,28
"1038","2020-05-14",128,12,157,430,3901,0.576262496795693,8280,27848,215,498,42,3574,26,1244,30,26
"1039","2020-05-15",129,12,160,423,3901,0.576262496795693,8280,27848,215,498,38,3612,21,1265,30,21
"1040","2020-05-16",116,12,162,416,3901,0.576262496795693,8280,27848,215,498,41,3653,18,1283,36,18
"1041","2020-05-17",122,12,169,403,3901,0.576262496795693,8280,27848,215,498,32,3685,18,1301,23,18
"1042","2020-05-18",136,12,172,406,3901,0.576262496795693,8280,27848,215,498,37,3722,14,1315,30,14
"1043","2020-05-19",142,12,165,393,3901,0.576262496795693,8280,27848,215,498,36,3758,18,1333,28,18
"1044","2020-05-20",147,12,175,383,3901,0.576262496795693,8280,27848,215,498,35,3793,29,1362,31,29
"1045","2020-05-21",141,12,179,375,3901,0.576262496795693,8280,27848,215,498,33,3826,30,1392,28,30
"1046","2020-05-22",142,12,178,366,3901,0.576262496795693,8280,27848,215,498,39,3865,14,1406,34,14
"1047","2020-05-23",148,12,184,358,3901,0.576262496795693,8280,27848,215,498,28,3893,17,1423,24,17
"1048","2020-05-24",130,12,181,357,3901,0.576262496795693,8280,27848,215,498,18,3911,19,1442,14,19
"1049","2020-05-25",118,12,171,353,3901,0.576262496795693,8280,27848,215,498,24,3935,24,1466,22,24
"1050","2020-05-26",107,12,165,338,3901,0.576262496795693,8280,27848,215,498,18,3953,16,1482,12,16
"1051","2020-05-27",108,12,181,332,3901,0.576262496795693,8280,27848,215,498,22,3975,18,1500,18,18
"1052","2020-05-28",112,12,172,328,3901,0.576262496795693,8280,27848,215,498,17,3992,10,1510,11,10
"1053","2020-05-29",108,12,162,307,3901,0.576262496795693,8280,27848,215,498,20,4012,13,1523,16,13
"1054","2020-05-30",95,12,153,289,3901,0.576262496795693,8280,27848,215,498,10,4022,18,1541,9,18
"1055","2020-05-31",99,12,132,282,3901,0.576262496795693,8280,27848,215,498,19,4041,8,1549,12,8
"1056","2020-06-01",103,12,127,273,3901,0.576262496795693,8280,27848,215,498,21,4062,9,1558,17,9
"1057","2020-06-02",101,12,108,258,3901,0.576262496795693,8280,27848,215,498,15,4077,5,1563,12,5
"1058","2020-06-03",93,12,105,250,3901,0.576262496795693,8280,27848,215,498,12,4089,28,1591,10,28
"1059","2020-06-04",86,12,100,235,3901,0.576262496795693,8280,27848,215,498,9,4098,10,1601,6,10
"1060","2020-06-05",87,12,95,227,3901,0.576262496795693,8280,27848,215,498,17,4115,8,1609,13,8
"1061","2020-06-06",100,12,98,208,3901,0.576262496795693,8280,27848,215,498,13,4128,8,1617,10,8
"1062","2020-06-07",92,12,102,191,3901,0.576262496795693,8280,27848,215,498,5,4133,2,1619,2,2
"1063","2020-03-07",1,13,0,0,5609,0.916740952041362,8385,32416,305,420,NA,NA,NA,NA,NA,NA
"1064","2020-03-08",1,13,0,0,5609,0.916740952041362,8385,32416,305,420,NA,NA,NA,NA,NA,NA
"1065","2020-03-09",0,13,0,0,5609,0.916740952041362,8385,32416,305,420,NA,NA,NA,NA,NA,NA
"1066","2020-03-10",0,13,0,0,5609,0.916740952041362,8385,32416,305,420,NA,NA,NA,NA,NA,NA
"1067","2020-03-11",0,13,0,0,5609,0.916740952041362,8385,32416,305,420,14,14,2,2,NA,2
"1068","2020-03-12",0,13,0,0,5609,0.916740952041362,8385,32416,305,420,14,28,3,5,NA,3
"1069","2020-03-13",2,13,15,25,5609,0.916740952041362,8385,32416,305,420,12,40,3,8,2,3
"1070","2020-03-14",8,13,23,31,5609,0.916740952041362,8385,32416,305,420,15,55,4,12,4,4
"1071","2020-03-15",8,13,33,39,5609,0.916740952041362,8385,32416,305,420,16,71,7,19,3,7
"1072","2020-03-16",6,13,39,47,5609,0.916740952041362,8385,32416,305,420,22,93,11,30,9,11
"1073","2020-03-17",6,13,45,56,5609,0.916740952041362,8385,32416,305,420,14,107,3,33,5,3
"1074","2020-03-18",8,13,45,68,5609,0.916740952041362,8385,32416,305,420,29,136,4,37,15,4
"1075","2020-03-19",11,13,45,80,5609,0.916740952041362,8385,32416,305,420,32,168,1,38,23,1
"1076","2020-03-20",17,13,56,103,5609,0.916740952041362,8385,32416,305,420,36,204,7,45,16,7
"1077","2020-03-21",19,13,60,125,5609,0.916740952041362,8385,32416,305,420,32,236,4,49,20,4
"1078","2020-03-22",24,13,53,146,5609,0.916740952041362,8385,32416,305,420,35,271,7,56,22,7
"1079","2020-03-23",25,13,56,166,5609,0.916740952041362,8385,32416,305,420,45,316,7,63,37,7
"1080","2020-03-24",32,13,53,187,5609,0.916740952041362,8385,32416,305,420,32,348,9,72,23,9
"1081","2020-03-25",38,13,60,209,5609,0.916740952041362,8385,32416,305,420,45,393,6,78,37,6
"1082","2020-03-26",44,13,59,232,5609,0.916740952041362,8385,32416,305,420,55,448,20,98,41,20
"1083","2020-03-27",51,13,70,271,5609,0.916740952041362,8385,32416,305,420,63,511,8,106,51,8
"1084","2020-03-28",69,13,79,298,5609,0.916740952041362,8385,32416,305,420,65,576,7,113,54,7
"1085","2020-03-29",77,13,85,341,5609,0.916740952041362,8385,32416,305,420,44,620,8,121,39,8
"1086","2020-03-30",87,13,87,398,5609,0.916740952041362,8385,32416,305,420,75,695,6,127,59,6
"1087","2020-03-31",91,13,73,445,5609,0.916740952041362,8385,32416,305,420,70,765,11,138,63,11
"1088","2020-04-01",99,13,75,477,5609,0.916740952041362,8385,32416,305,420,49,814,7,145,37,7
"1089","2020-04-02",111,13,86,534,5609,0.916740952041362,8385,32416,305,420,78,892,11,156,66,11
"1090","2020-04-03",148,13,90,585,5609,0.916740952041362,8385,32416,305,420,72,964,7,163,59,7
"1091","2020-04-04",174,13,93,631,5609,0.916740952041362,8385,32416,305,420,71,1035,9,172,59,9
"1092","2020-04-05",185,13,97,678,5609,0.916740952041362,8385,32416,305,420,74,1109,15,187,54,15
"1093","2020-04-06",195,13,97,734,5609,0.916740952041362,8385,32416,305,420,64,1173,14,201,57,14
"1094","2020-04-07",209,13,101,775,5609,0.916740952041362,8385,32416,305,420,89,1262,3,204,77,3
"1095","2020-04-08",218,13,107,828,5609,0.916740952041362,8385,32416,305,420,77,1339,7,211,59,7
"1096","2020-04-09",233,13,110,918,5609,0.916740952041362,8385,32416,305,420,91,1430,15,226,70,15
"1097","2020-04-10",284,13,115,972,5609,0.916740952041362,8385,32416,305,420,81,1511,8,234,64,8
"1098","2020-04-11",291,13,129,1017,5609,0.916740952041362,8385,32416,305,420,72,1583,7,241,53,7
"1099","2020-04-12",300,13,124,1092,5609,0.916740952041362,8385,32416,305,420,79,1662,11,252,66,11
"1100","2020-04-13",305,13,121,1167,5609,0.916740952041362,8385,32416,305,420,77,1739,15,267,62,15
"1101","2020-04-14",315,13,130,1222,5609,0.916740952041362,8385,32416,305,420,86,1825,23,290,70,23
"1102","2020-04-15",332,13,130,1275,5609,0.916740952041362,8385,32416,305,420,90,1915,13,303,77,13
"1103","2020-04-16",343,13,155,1337,5609,0.916740952041362,8385,32416,305,420,112,2027,13,316,94,13
"1104","2020-04-17",423,13,172,1374,5609,0.916740952041362,8385,32416,305,420,87,2114,18,334,77,18
"1105","2020-04-18",467,13,160,1399,5609,0.916740952041362,8385,32416,305,420,90,2204,11,345,68,11
"1106","2020-04-19",441,13,163,1438,5609,0.916740952041362,8385,32416,305,420,97,2301,11,356,74,11
"1107","2020-04-20",453,13,164,1509,5609,0.916740952041362,8385,32416,305,420,91,2392,16,372,78,16
"1108","2020-04-21",462,13,179,1504,5609,0.916740952041362,8385,32416,305,420,84,2476,17,389,66,17
"1109","2020-04-22",486,13,173,1548,5609,0.916740952041362,8385,32416,305,420,106,2582,11,400,83,11
"1110","2020-04-23",478,13,166,1517,5609,0.916740952041362,8385,32416,305,420,92,2674,11,411,77,11
"1111","2020-04-24",568,13,163,1533,5609,0.916740952041362,8385,32416,305,420,112,2786,14,425,98,14
"1112","2020-04-25",548,13,143,1500,5609,0.916740952041362,8385,32416,305,420,88,2874,13,438,73,13
"1113","2020-04-26",509,13,138,1529,5609,0.916740952041362,8385,32416,305,420,69,2943,18,456,56,18
"1114","2020-04-27",501,13,125,1517,5609,0.916740952041362,8385,32416,305,420,68,3011,20,476,57,20
"1115","2020-04-28",483,13,122,1518,5609,0.916740952041362,8385,32416,305,420,73,3084,14,490,57,14
"1116","2020-04-29",472,13,133,1485,5609,0.916740952041362,8385,32416,305,420,81,3165,5,495,67,5
"1117","2020-04-30",485,13,119,1444,5609,0.916740952041362,8385,32416,305,420,80,3245,16,511,62,16
"1118","2020-05-01",452,13,119,1408,5609,0.916740952041362,8385,32416,305,420,54,3299,10,521,47,10
"1119","2020-05-02",452,13,109,1356,5609,0.916740952041362,8385,32416,305,420,84,3383,11,532,68,11
"1120","2020-05-03",467,13,109,1292,5609,0.916740952041362,8385,32416,305,420,67,3450,4,536,55,4
"1121","2020-05-04",473,13,114,1224,5609,0.916740952041362,8385,32416,305,420,62,3512,16,552,53,16
"1122","2020-05-05",457,13,116,1189,5609,0.916740952041362,8385,32416,305,420,59,3571,10,562,47,10
"1123","2020-05-06",437,13,110,1113,5609,0.916740952041362,8385,32416,305,420,53,3624,17,579,41,17
"1124","2020-05-07",430,13,135,1059,5609,0.916740952041362,8385,32416,305,420,49,3673,14,593,37,14
"1125","2020-05-08",451,13,147,1012,5609,0.916740952041362,8385,32416,305,420,59,3732,21,614,46,21
"1126","2020-05-09",423,13,153,955,5609,0.916740952041362,8385,32416,305,420,33,3765,13,627,28,13
"1127","2020-05-10",372,13,158,892,5609,0.916740952041362,8385,32416,305,420,39,3804,13,640,30,13
"1128","2020-05-11",351,13,156,844,5609,0.916740952041362,8385,32416,305,420,58,3862,20,660,44,20
"1129","2020-05-12",336,13,168,771,5609,0.916740952041362,8385,32416,305,420,38,3900,12,672,31,12
"1130","2020-05-13",337,13,182,730,5609,0.916740952041362,8385,32416,305,420,40,3940,16,688,31,16
"1131","2020-05-14",318,13,185,688,5609,0.916740952041362,8385,32416,305,420,31,3971,11,699,27,11
"1132","2020-05-15",266,13,172,630,5609,0.916740952041362,8385,32416,305,420,36,4007,16,715,30,16
"1133","2020-05-16",261,13,181,573,5609,0.916740952041362,8385,32416,305,420,28,4035,12,727,24,12
"1134","2020-05-17",225,13,195,534,5609,0.916740952041362,8385,32416,305,420,16,4051,20,747,11,20
"1135","2020-05-18",202,13,188,497,5609,0.916740952041362,8385,32416,305,420,33,4084,23,770,18,23
"1136","2020-05-19",187,13,183,461,5609,0.916740952041362,8385,32416,305,420,24,4108,20,790,16,20
"1137","2020-05-20",171,13,176,418,5609,0.916740952041362,8385,32416,305,420,41,4149,13,803,35,13
"1138","2020-05-21",161,13,168,382,5609,0.916740952041362,8385,32416,305,420,29,4178,11,814,19,11
"1139","2020-05-22",144,13,162,350,5609,0.916740952041362,8385,32416,305,420,32,4210,9,823,22,9
"1140","2020-05-23",135,13,146,321,5609,0.916740952041362,8385,32416,305,420,18,4228,12,835,9,12
"1141","2020-05-24",126,13,117,294,5609,0.916740952041362,8385,32416,305,420,23,4251,9,844,18,9
"1142","2020-05-25",115,13,116,263,5609,0.916740952041362,8385,32416,305,420,24,4275,11,855,19,11
"1143","2020-05-26",111,13,120,241,5609,0.916740952041362,8385,32416,305,420,24,4299,15,870,19,15
"1144","2020-05-27",100,13,119,228,5609,0.916740952041362,8385,32416,305,420,19,4318,12,882,13,12
"1145","2020-05-28",91,13,124,210,5609,0.916740952041362,8385,32416,305,420,22,4340,2,884,16,2
"1146","2020-05-29",74,13,127,192,5609,0.916740952041362,8385,32416,305,420,24,4364,3,887,21,3
"1147","2020-05-30",76,13,115,168,5609,0.916740952041362,8385,32416,305,420,17,4381,4,891,9,4
"1148","2020-05-31",72,13,101,152,5609,0.916740952041362,8385,32416,305,420,20,4401,8,899,13,8
"1149","2020-06-01",68,13,96,131,5609,0.916740952041362,8385,32416,305,420,13,4414,6,905,9,6
"1150","2020-06-02",61,13,102,120,5609,0.916740952041362,8385,32416,305,420,16,4430,8,913,9,8
"1151","2020-06-03",57,13,101,110,5609,0.916740952041362,8385,32416,305,420,21,4451,10,923,16,10
"1152","2020-06-04",54,13,117,95,5609,0.916740952041362,8385,32416,305,420,22,4473,12,935,18,12
"1153","2020-06-05",51,13,116,93,5609,0.916740952041362,8385,32416,305,420,15,4488,10,945,9,10
"1154","2020-06-06",45,13,108,88,5609,0.916740952041362,8385,32416,305,420,11,4499,9,954,10,9
"1155","2020-06-07",38,13,112,78,5609,0.916740952041362,8385,32416,305,420,9,4508,8,962,6,8
"1156","2020-03-14",2,14,28,28,5476,0.906135865595325,8205,31952,282,598,21,63,1,33,13,1
"1157","2020-03-15",2,14,43,36,5476,0.906135865595325,8205,31952,282,598,24,87,22,55,13,22
"1158","2020-03-16",2,14,50,56,5476,0.906135865595325,8205,31952,282,598,21,108,7,62,13,7
"1159","2020-03-17",2,14,45,74,5476,0.906135865595325,8205,31952,282,598,25,133,13,75,17,13
"1160","2020-03-18",6,14,42,90,5476,0.906135865595325,8205,31952,282,598,33,166,8,83,21,8
"1161","2020-03-19",11,14,52,103,5476,0.906135865595325,8205,31952,282,598,26,192,17,100,16,17
"1162","2020-03-20",15,14,52,129,5476,0.906135865595325,8205,31952,282,598,35,227,11,111,21,11
"1163","2020-03-21",28,14,52,154,5476,0.906135865595325,8205,31952,282,598,26,253,13,124,20,13
"1164","2020-03-22",30,14,63,179,5476,0.906135865595325,8205,31952,282,598,39,292,5,129,33,5
"1165","2020-03-23",39,14,65,199,5476,0.906135865595325,8205,31952,282,598,54,346,4,133,40,4
"1166","2020-03-24",46,14,72,232,5476,0.906135865595325,8205,31952,282,598,46,392,17,150,39,17
"1167","2020-03-25",50,14,83,271,5476,0.906135865595325,8205,31952,282,598,39,431,8,158,30,8
"1168","2020-03-26",57,14,97,306,5476,0.906135865595325,8205,31952,282,598,47,478,19,177,40,19
"1169","2020-03-27",70,14,87,367,5476,0.906135865595325,8205,31952,282,598,55,533,15,192,45,15
"1170","2020-03-28",102,14,78,409,5476,0.906135865595325,8205,31952,282,598,58,591,17,209,50,17
"1171","2020-03-29",114,14,69,460,5476,0.906135865595325,8205,31952,282,598,41,632,19,228,36,19
"1172","2020-03-30",111,14,71,498,5476,0.906135865595325,8205,31952,282,598,64,696,22,250,55,22
"1173","2020-03-31",119,14,80,532,5476,0.906135865595325,8205,31952,282,598,62,758,20,270,49,20
"1174","2020-04-01",127,14,79,576,5476,0.906135865595325,8205,31952,282,598,52,810,20,290,44,20
"1175","2020-04-02",140,14,83,638,5476,0.906135865595325,8205,31952,282,598,62,872,28,318,54,28
"1176","2020-04-03",181,14,95,724,5476,0.906135865595325,8205,31952,282,598,55,927,4,322,43,4
"1177","2020-04-04",208,14,86,786,5476,0.906135865595325,8205,31952,282,598,75,1002,12,334,60,12
"1178","2020-04-05",222,14,81,861,5476,0.906135865595325,8205,31952,282,598,69,1071,6,340,55,6
"1179","2020-04-06",223,14,80,902,5476,0.906135865595325,8205,31952,282,598,66,1137,7,347,56,7
"1180","2020-04-07",228,14,87,973,5476,0.906135865595325,8205,31952,282,598,81,1218,30,377,68,30
"1181","2020-04-08",244,14,103,1043,5476,0.906135865595325,8205,31952,282,598,72,1290,18,395,60,18
"1182","2020-04-09",259,14,110,1103,5476,0.906135865595325,8205,31952,282,598,74,1364,33,428,58,33
"1183","2020-04-10",331,14,109,1189,5476,0.906135865595325,8205,31952,282,598,70,1434,14,442,56,14
"1184","2020-04-11",374,14,113,1220,5476,0.906135865595325,8205,31952,282,598,69,1503,36,478,57,36
"1185","2020-04-12",369,14,108,1263,5476,0.906135865595325,8205,31952,282,598,63,1566,13,491,54,13
"1186","2020-04-13",376,14,101,1326,5476,0.906135865595325,8205,31952,282,598,76,1642,27,518,70,27
"1187","2020-04-14",399,14,118,1334,5476,0.906135865595325,8205,31952,282,598,82,1724,38,556,69,38
"1188","2020-04-15",422,14,135,1337,5476,0.906135865595325,8205,31952,282,598,77,1801,24,580,66,24
"1189","2020-04-16",442,14,133,1368,5476,0.906135865595325,8205,31952,282,598,76,1877,17,597,69,17
"1190","2020-04-17",514,14,131,1365,5476,0.906135865595325,8205,31952,282,598,81,1958,6,603,73,6
"1191","2020-04-18",495,14,142,1410,5476,0.906135865595325,8205,31952,282,598,67,2025,3,606,56,3
"1192","2020-04-19",486,14,140,1406,5476,0.906135865595325,8205,31952,282,598,79,2104,5,611,69,5
"1193","2020-04-20",478,14,159,1404,5476,0.906135865595325,8205,31952,282,598,78,2182,5,616,61,5
"1194","2020-04-21",471,14,181,1395,5476,0.906135865595325,8205,31952,282,598,69,2251,5,621,56,5
"1195","2020-04-22",459,14,186,1379,5476,0.906135865595325,8205,31952,282,598,67,2318,6,627,54,6
"1196","2020-04-23",460,14,176,1348,5476,0.906135865595325,8205,31952,282,598,65,2383,32,659,54,32
"1197","2020-04-24",479,14,188,1360,5476,0.906135865595325,8205,31952,282,598,62,2445,22,681,52,22
"1198","2020-04-25",490,14,184,1336,5476,0.906135865595325,8205,31952,282,598,69,2514,12,693,55,12
"1199","2020-04-26",462,14,173,1295,5476,0.906135865595325,8205,31952,282,598,66,2580,7,700,52,7
"1200","2020-04-27",462,14,160,1274,5476,0.906135865595325,8205,31952,282,598,43,2623,32,732,31,32
"1201","2020-04-28",452,14,163,1210,5476,0.906135865595325,8205,31952,282,598,59,2682,24,756,49,24
"1202","2020-04-29",456,14,158,1166,5476,0.906135865595325,8205,31952,282,598,59,2741,28,784,46,28
"1203","2020-04-30",429,14,155,1152,5476,0.906135865595325,8205,31952,282,598,60,2801,42,826,46,42
"1204","2020-05-01",434,14,162,1120,5476,0.906135865595325,8205,31952,282,598,67,2868,18,844,54,18
"1205","2020-05-02",413,14,166,1078,5476,0.906135865595325,8205,31952,282,598,45,2913,10,854,36,10
"1206","2020-05-03",372,14,161,1020,5476,0.906135865595325,8205,31952,282,598,49,2962,29,883,41,29
"1207","2020-05-04",349,14,145,961,5476,0.906135865595325,8205,31952,282,598,53,3015,11,894,49,11
"1208","2020-05-05",344,14,155,929,5476,0.906135865595325,8205,31952,282,598,45,3060,12,906,40,12
"1209","2020-05-06",322,14,140,906,5476,0.906135865595325,8205,31952,282,598,53,3113,11,917,39,11
"1210","2020-05-07",320,14,153,875,5476,0.906135865595325,8205,31952,282,598,48,3161,48,965,42,48
"1211","2020-05-08",283,14,175,827,5476,0.906135865595325,8205,31952,282,598,38,3199,44,1009,28,44
"1212","2020-05-09",275,14,171,781,5476,0.906135865595325,8205,31952,282,598,34,3233,32,1041,26,32
"1213","2020-05-10",256,14,170,750,5476,0.906135865595325,8205,31952,282,598,48,3281,30,1071,32,30
"1214","2020-05-11",250,14,151,694,5476,0.906135865595325,8205,31952,282,598,47,3328,32,1103,41,32
"1215","2020-05-12",240,14,149,656,5476,0.906135865595325,8205,31952,282,598,57,3385,38,1141,41,38
"1216","2020-05-13",237,14,154,615,5476,0.906135865595325,8205,31952,282,598,53,3438,21,1162,43,21
"1217","2020-05-14",235,14,142,569,5476,0.906135865595325,8205,31952,282,598,44,3482,36,1198,35,36
"1218","2020-05-15",222,14,136,540,5476,0.906135865595325,8205,31952,282,598,48,3530,35,1233,39,35
"1219","2020-05-16",215,14,144,526,5476,0.906135865595325,8205,31952,282,598,49,3579,28,1261,39,28
"1220","2020-05-17",200,14,145,483,5476,0.906135865595325,8205,31952,282,598,53,3632,19,1280,46,19
"1221","2020-05-18",196,14,139,455,5476,0.906135865595325,8205,31952,282,598,35,3667,12,1292,29,12
"1222","2020-05-19",188,14,130,430,5476,0.906135865595325,8205,31952,282,598,35,3702,31,1323,28,31
"1223","2020-05-20",189,14,130,405,5476,0.906135865595325,8205,31952,282,598,36,3738,17,1340,27,17
"1224","2020-05-21",174,14,122,379,5476,0.906135865595325,8205,31952,282,598,28,3766,16,1356,23,16
"1225","2020-05-22",150,14,106,362,5476,0.906135865595325,8205,31952,282,598,34,3800,22,1378,33,22
"1226","2020-05-23",145,14,102,331,5476,0.906135865595325,8205,31952,282,598,38,3838,31,1409,27,31
"1227","2020-05-24",130,14,102,301,5476,0.906135865595325,8205,31952,282,598,27,3865,20,1429,21,20
"1228","2020-05-25",117,14,102,284,5476,0.906135865595325,8205,31952,282,598,24,3889,15,1444,22,15
"1229","2020-05-26",103,14,104,268,5476,0.906135865595325,8205,31952,282,598,31,3920,23,1467,28,23
"1230","2020-05-27",86,14,108,236,5476,0.906135865595325,8205,31952,282,598,17,3937,20,1487,14,20
"1231","2020-05-28",79,14,90,215,5476,0.906135865595325,8205,31952,282,598,33,3970,9,1496,28,9
"1232","2020-05-29",73,14,98,203,5476,0.906135865595325,8205,31952,282,598,23,3993,25,1521,20,25
"1233","2020-05-30",67,14,104,182,5476,0.906135865595325,8205,31952,282,598,33,4026,15,1536,26,15
"1234","2020-05-31",62,14,101,176,5476,0.906135865595325,8205,31952,282,598,28,4054,12,1548,24,12
"1235","2020-06-01",65,14,99,158,5476,0.906135865595325,8205,31952,282,598,18,4072,11,1559,17,11
"1236","2020-06-02",61,14,103,151,5476,0.906135865595325,8205,31952,282,598,11,4083,5,1564,9,5
"1237","2020-06-03",60,14,93,137,5476,0.906135865595325,8205,31952,282,598,26,4109,7,1571,23,7
"1238","2020-06-04",58,14,87,128,5476,0.906135865595325,8205,31952,282,598,15,4124,8,1579,12,8
"1239","2020-06-05",54,14,88,120,5476,0.906135865595325,8205,31952,282,598,21,4145,6,1585,16,6
"1240","2020-06-06",49,14,90,118,5476,0.906135865595325,8205,31952,282,598,13,4158,5,1590,10,5
"1241","2020-06-07",49,14,90,115,5476,0.906135865595325,8205,31952,282,598,13,4171,4,1594,13,4
"1242","2020-03-13",4,15,79,79,4475,0.598882681564246,8220,30845,195,719,34,83,2,9,2,2
"1243","2020-03-14",5,15,55,107,4475,0.598882681564246,8220,30845,195,719,30,113,2,11,7,2
"1244","2020-03-15",11,15,89,141,4475,0.598882681564246,8220,30845,195,719,19,132,8,19,7,8
"1245","2020-03-16",21,15,118,181,4475,0.598882681564246,8220,30845,195,719,26,158,13,32,7,13
"1246","2020-03-17",21,15,133,209,4475,0.598882681564246,8220,30845,195,719,32,190,9,41,10,9
"1247","2020-03-18",30,15,161,252,4475,0.598882681564246,8220,30845,195,719,41,231,15,56,13,15
"1248","2020-03-19",42,15,180,296,4475,0.598882681564246,8220,30845,195,719,55,286,13,69,22,13
"1249","2020-03-20",61,15,171,353,4475,0.598882681564246,8220,30845,195,719,40,326,13,82,14,13
"1250","2020-03-21",84,15,150,386,4475,0.598882681564246,8220,30845,195,719,44,370,13,95,17,13
"1251","2020-03-22",102,15,142,421,4475,0.598882681564246,8220,30845,195,719,51,421,10,105,27,10
"1252","2020-03-23",108,15,130,455,4475,0.598882681564246,8220,30845,195,719,54,475,13,118,22,13
"1253","2020-03-24",121,15,133,487,4475,0.598882681564246,8220,30845,195,719,36,511,6,124,26,6
"1254","2020-03-25",135,15,143,514,4475,0.598882681564246,8220,30845,195,719,54,565,3,127,29,3
"1255","2020-03-26",138,15,136,542,4475,0.598882681564246,8220,30845,195,719,41,606,13,140,23,13
"1256","2020-03-27",159,15,133,552,4475,0.598882681564246,8220,30845,195,719,42,648,7,147,23,7
"1257","2020-03-28",170,15,126,560,4475,0.598882681564246,8220,30845,195,719,62,710,11,158,26,11
"1258","2020-03-29",166,15,123,584,4475,0.598882681564246,8220,30845,195,719,44,754,7,165,25,7
"1259","2020-03-30",157,15,128,594,4475,0.598882681564246,8220,30845,195,719,46,800,7,172,22,7
"1260","2020-03-31",167,15,124,607,4475,0.598882681564246,8220,30845,195,719,48,848,8,180,31,8
"1261","2020-04-01",169,15,117,620,4475,0.598882681564246,8220,30845,195,719,46,894,8,188,19,8
"1262","2020-04-02",177,15,106,636,4475,0.598882681564246,8220,30845,195,719,60,954,6,194,39,6
"1263","2020-04-03",198,15,106,650,4475,0.598882681564246,8220,30845,195,719,61,1015,10,204,34,10
"1264","2020-04-04",211,15,95,649,4475,0.598882681564246,8220,30845,195,719,51,1066,13,217,26,13
"1265","2020-04-05",215,15,120,671,4475,0.598882681564246,8220,30845,195,719,55,1121,8,225,32,8
"1266","2020-04-06",227,15,124,674,4475,0.598882681564246,8220,30845,195,719,54,1175,11,236,32,11
"1267","2020-04-07",221,15,122,711,4475,0.598882681564246,8220,30845,195,719,63,1238,16,252,22,16
"1268","2020-04-08",224,15,114,724,4475,0.598882681564246,8220,30845,195,719,58,1296,14,266,25,14
"1269","2020-04-09",228,15,111,734,4475,0.598882681564246,8220,30845,195,719,53,1349,24,290,26,24
"1270","2020-04-10",239,15,103,740,4475,0.598882681564246,8220,30845,195,719,57,1406,19,309,38,19
"1271","2020-04-11",238,15,106,721,4475,0.598882681564246,8220,30845,195,719,72,1478,15,324,40,15
"1272","2020-04-12",251,15,143,735,4475,0.598882681564246,8220,30845,195,719,60,1538,18,342,32,18
"1273","2020-04-13",243,15,155,747,4475,0.598882681564246,8220,30845,195,719,63,1601,9,351,40,9
"1274","2020-04-14",237,15,134,753,4475,0.598882681564246,8220,30845,195,719,62,1663,14,365,30,14
"1275","2020-04-15",240,15,129,761,4475,0.598882681564246,8220,30845,195,719,64,1727,20,385,31,20
"1276","2020-04-16",234,15,122,763,4475,0.598882681564246,8220,30845,195,719,53,1780,10,395,25,10
"1277","2020-04-17",253,15,127,766,4475,0.598882681564246,8220,30845,195,719,46,1826,6,401,25,6
"1278","2020-04-18",256,15,157,765,4475,0.598882681564246,8220,30845,195,719,41,1867,9,410,26,9
"1279","2020-04-19",241,15,173,757,4475,0.598882681564246,8220,30845,195,719,51,1918,16,426,26,16
"1280","2020-04-20",241,15,217,740,4475,0.598882681564246,8220,30845,195,719,67,1985,24,450,43,24
"1281","2020-04-21",238,15,194,721,4475,0.598882681564246,8220,30845,195,719,50,2035,26,476,29,26
"1282","2020-04-22",230,15,177,702,4475,0.598882681564246,8220,30845,195,719,57,2092,21,497,29,21
"1283","2020-04-23",243,15,180,700,4475,0.598882681564246,8220,30845,195,719,60,2152,16,513,29,16
"1284","2020-04-24",244,15,205,691,4475,0.598882681564246,8220,30845,195,719,64,2216,8,521,31,8
"1285","2020-04-25",244,15,189,672,4475,0.598882681564246,8220,30845,195,719,63,2279,25,546,33,25
"1286","2020-04-26",239,15,166,662,4475,0.598882681564246,8220,30845,195,719,42,2321,15,561,23,15
"1287","2020-04-27",240,15,163,639,4475,0.598882681564246,8220,30845,195,719,54,2375,20,581,29,20
"1288","2020-04-28",223,15,202,643,4475,0.598882681564246,8220,30845,195,719,51,2426,14,595,27,14
"1289","2020-04-29",218,15,185,657,4475,0.598882681564246,8220,30845,195,719,55,2481,20,615,37,20
"1290","2020-04-30",210,15,164,644,4475,0.598882681564246,8220,30845,195,719,52,2533,21,636,28,21
"1291","2020-05-01",205,15,146,653,4475,0.598882681564246,8220,30845,195,719,47,2580,21,657,26,21
"1292","2020-05-02",220,15,157,662,4475,0.598882681564246,8220,30845,195,719,36,2616,16,673,14,16
"1293","2020-05-03",199,15,169,657,4475,0.598882681564246,8220,30845,195,719,40,2656,18,691,14,18
"1294","2020-05-04",189,15,170,645,4475,0.598882681564246,8220,30845,195,719,42,2698,22,713,19,22
"1295","2020-05-05",200,15,160,638,4475,0.598882681564246,8220,30845,195,719,44,2742,23,736,20,23
"1296","2020-05-06",208,15,211,633,4475,0.598882681564246,8220,30845,195,719,60,2802,18,754,24,18
"1297","2020-05-07",206,15,223,607,4475,0.598882681564246,8220,30845,195,719,43,2845,25,779,16,25
"1298","2020-05-08",239,15,208,610,4475,0.598882681564246,8220,30845,195,719,35,2880,33,812,15,33
"1299","2020-05-09",219,15,215,600,4475,0.598882681564246,8220,30845,195,719,38,2918,15,827,17,15
"1300","2020-05-10",223,15,203,593,4475,0.598882681564246,8220,30845,195,719,40,2958,22,849,20,22
"1301","2020-05-11",210,15,228,570,4475,0.598882681564246,8220,30845,195,719,35,2993,25,874,16,25
"1302","2020-05-12",208,15,244,554,4475,0.598882681564246,8220,30845,195,719,43,3036,28,902,26,28
"1303","2020-05-13",203,15,259,550,4475,0.598882681564246,8220,30845,195,719,42,3078,28,930,25,28
"1304","2020-05-14",196,15,252,534,4475,0.598882681564246,8220,30845,195,719,38,3116,14,944,17,14
"1305","2020-05-15",193,15,226,543,4475,0.598882681564246,8220,30845,195,719,30,3146,19,963,8,19
"1306","2020-05-16",192,15,198,509,4475,0.598882681564246,8220,30845,195,719,34,3180,20,983,16,20
"1307","2020-05-17",179,15,220,503,4475,0.598882681564246,8220,30845,195,719,27,3207,16,999,17,16
"1308","2020-05-18",188,15,226,486,4475,0.598882681564246,8220,30845,195,719,35,3242,15,1014,14,15
"1309","2020-05-19",167,15,248,471,4475,0.598882681564246,8220,30845,195,719,38,3280,12,1026,16,12
"1310","2020-05-20",162,15,234,464,4475,0.598882681564246,8220,30845,195,719,26,3306,13,1039,12,13
"1311","2020-05-21",158,15,219,454,4475,0.598882681564246,8220,30845,195,719,25,3331,12,1051,10,12
"1312","2020-05-22",164,15,222,435,4475,0.598882681564246,8220,30845,195,719,23,3354,6,1057,7,6
"1313","2020-05-23",168,15,255,419,4475,0.598882681564246,8220,30845,195,719,30,3384,8,1065,18,8
"1314","2020-05-24",153,15,272,404,4475,0.598882681564246,8220,30845,195,719,35,3419,2,1067,20,2
"1315","2020-05-25",137,15,254,390,4475,0.598882681564246,8220,30845,195,719,24,3443,12,1079,12,12
"1316","2020-05-26",126,15,212,378,4475,0.598882681564246,8220,30845,195,719,16,3459,10,1089,6,10
"1317","2020-05-27",120,15,175,356,4475,0.598882681564246,8220,30845,195,719,25,3484,7,1096,16,7
"1318","2020-05-28",123,15,158,340,4475,0.598882681564246,8220,30845,195,719,18,3502,9,1105,7,9
"1319","2020-05-29",115,15,159,330,4475,0.598882681564246,8220,30845,195,719,18,3520,10,1115,12,10
"1320","2020-05-30",111,15,154,316,4475,0.598882681564246,8220,30845,195,719,24,3544,13,1128,12,13
"1321","2020-05-31",128,15,144,308,4475,0.598882681564246,8220,30845,195,719,23,3567,24,1152,11,24
"1322","2020-06-01",125,15,161,285,4475,0.598882681564246,8220,30845,195,719,15,3582,6,1158,10,6
"1323","2020-06-02",125,15,155,271,4475,0.598882681564246,8220,30845,195,719,21,3603,15,1173,10,15
"1324","2020-06-03",128,15,179,263,4475,0.598882681564246,8220,30845,195,719,16,3619,14,1187,8,14
"1325","2020-06-04",122,15,179,246,4475,0.598882681564246,8220,30845,195,719,20,3639,11,1198,9,11
"1326","2020-06-05",115,15,160,244,4475,0.598882681564246,8220,30845,195,719,14,3653,3,1201,5,3
"1327","2020-06-06",120,15,172,245,4475,0.598882681564246,8220,30845,195,719,15,3668,4,1205,7,4
"1328","2020-06-07",91,15,162,229,4475,0.598882681564246,8220,30845,195,719,20,3688,3,1208,8,3
"1329","2020-03-12",1,16,24,10,5676,0.903453136011276,8415,31882,337,709,12,24,15,23,NA,15
"1330","2020-03-13",2,16,32,19,5676,0.903453136011276,8415,31882,337,709,18,42,11,34,2,11
"1331","2020-03-14",5,16,34,27,5676,0.903453136011276,8415,31882,337,709,18,60,14,48,6,14
"1332","2020-03-15",4,16,43,37,5676,0.903453136011276,8415,31882,337,709,23,83,11,59,11,11
"1333","2020-03-16",3,16,53,50,5676,0.903453136011276,8415,31882,337,709,27,110,14,73,10,14
"1334","2020-03-17",4,16,49,63,5676,0.903453136011276,8415,31882,337,709,27,137,15,88,11,15
"1335","2020-03-18",5,16,61,71,5676,0.903453136011276,8415,31882,337,709,30,167,16,104,14,16
"1336","2020-03-19",6,16,59,89,5676,0.903453136011276,8415,31882,337,709,32,199,23,127,19,23
"1337","2020-03-20",11,16,75,109,5676,0.903453136011276,8415,31882,337,709,41,240,23,150,23,23
"1338","2020-03-21",19,16,83,127,5676,0.903453136011276,8415,31882,337,709,58,298,32,182,37,32
"1339","2020-03-22",24,16,80,152,5676,0.903453136011276,8415,31882,337,709,49,347,37,219,33,37
"1340","2020-03-23",25,16,85,175,5676,0.903453136011276,8415,31882,337,709,47,394,26,245,31,26
"1341","2020-03-24",31,16,80,211,5676,0.903453136011276,8415,31882,337,709,50,444,24,269,38,24
"1342","2020-03-25",40,16,90,236,5676,0.903453136011276,8415,31882,337,709,56,500,34,303,36,34
"1343","2020-03-26",45,16,95,263,5676,0.903453136011276,8415,31882,337,709,79,579,33,336,59,33
"1344","2020-03-27",57,16,102,301,5676,0.903453136011276,8415,31882,337,709,64,643,60,396,47,60
"1345","2020-03-28",76,16,100,341,5676,0.903453136011276,8415,31882,337,709,63,706,53,449,44,53
"1346","2020-03-29",93,16,108,386,5676,0.903453136011276,8415,31882,337,709,69,775,41,490,61,41
"1347","2020-03-30",101,16,113,446,5676,0.903453136011276,8415,31882,337,709,62,837,53,543,48,53
"1348","2020-03-31",105,16,105,490,5676,0.903453136011276,8415,31882,337,709,68,905,43,586,45,43
"1349","2020-04-01",116,16,103,557,5676,0.903453136011276,8415,31882,337,709,92,997,43,629,75,43
"1350","2020-04-02",131,16,104,622,5676,0.903453136011276,8415,31882,337,709,74,1071,38,667,56,38
"1351","2020-04-03",176,16,99,694,5676,0.903453136011276,8415,31882,337,709,80,1151,31,698,68,31
"1352","2020-04-04",186,16,111,757,5676,0.903453136011276,8415,31882,337,709,101,1252,46,744,80,46
"1353","2020-04-05",200,16,120,828,5676,0.903453136011276,8415,31882,337,709,69,1321,34,778,56,34
"1354","2020-04-06",206,16,125,876,5676,0.903453136011276,8415,31882,337,709,86,1407,26,804,70,26
"1355","2020-04-07",219,16,153,958,5676,0.903453136011276,8415,31882,337,709,99,1506,40,844,80,40
"1356","2020-04-08",232,16,169,1030,5676,0.903453136011276,8415,31882,337,709,68,1574,22,866,51,22
"1357","2020-04-09",254,16,185,1107,5676,0.903453136011276,8415,31882,337,709,111,1685,43,909,86,43
"1358","2020-04-10",335,16,190,1148,5676,0.903453136011276,8415,31882,337,709,75,1760,59,968,58,59
"1359","2020-04-11",387,16,209,1219,5676,0.903453136011276,8415,31882,337,709,96,1856,50,1018,77,50
"1360","2020-04-12",398,16,186,1260,5676,0.903453136011276,8415,31882,337,709,83,1939,55,1073,61,55
"1361","2020-04-13",409,16,164,1330,5676,0.903453136011276,8415,31882,337,709,95,2034,53,1126,75,53
"1362","2020-04-14",415,16,178,1381,5676,0.903453136011276,8415,31882,337,709,98,2132,57,1183,85,57
"1363","2020-04-15",428,16,185,1437,5676,0.903453136011276,8415,31882,337,709,81,2213,38,1221,60,38
"1364","2020-04-16",439,16,172,1458,5676,0.903453136011276,8415,31882,337,709,88,2301,42,1263,73,42
"1365","2020-04-17",487,16,189,1485,5676,0.903453136011276,8415,31882,337,709,84,2385,53,1316,71,53
"1366","2020-04-18",482,16,191,1520,5676,0.903453136011276,8415,31882,337,709,102,2487,61,1377,82,61
"1367","2020-04-19",454,16,186,1563,5676,0.903453136011276,8415,31882,337,709,82,2569,46,1423,63,46
"1368","2020-04-20",456,16,202,1546,5676,0.903453136011276,8415,31882,337,709,77,2646,31,1454,62,31
"1369","2020-04-21",456,16,210,1541,5676,0.903453136011276,8415,31882,337,709,85,2731,28,1482,64,28
"1370","2020-04-22",469,16,205,1515,5676,0.903453136011276,8415,31882,337,709,74,2805,31,1513,61,31
"1371","2020-04-23",478,16,190,1526,5676,0.903453136011276,8415,31882,337,709,59,2864,43,1556,48,43
"1372","2020-04-24",526,16,172,1518,5676,0.903453136011276,8415,31882,337,709,79,2943,38,1594,64,38
"1373","2020-04-25",514,16,184,1544,5676,0.903453136011276,8415,31882,337,709,79,3022,34,1628,59,34
"1374","2020-04-26",514,16,179,1523,5676,0.903453136011276,8415,31882,337,709,53,3075,30,1658,39,30
"1375","2020-04-27",516,16,188,1495,5676,0.903453136011276,8415,31882,337,709,62,3137,27,1685,55,27
"1376","2020-04-28",500,16,178,1466,5676,0.903453136011276,8415,31882,337,709,53,3190,25,1710,43,25
"1377","2020-04-29",486,16,155,1411,5676,0.903453136011276,8415,31882,337,709,56,3246,23,1733,40,23
"1378","2020-04-30",486,16,135,1333,5676,0.903453136011276,8415,31882,337,709,55,3301,16,1749,47,16
"1379","2020-05-01",488,16,144,1280,5676,0.903453136011276,8415,31882,337,709,38,3339,49,1798,27,49
"1380","2020-05-02",498,16,149,1239,5676,0.903453136011276,8415,31882,337,709,65,3404,32,1830,46,32
"1381","2020-05-03",454,16,185,1187,5676,0.903453136011276,8415,31882,337,709,42,3446,23,1853,30,23
"1382","2020-05-04",430,16,200,1122,5676,0.903453136011276,8415,31882,337,709,47,3493,13,1866,28,13
"1383","2020-05-05",413,16,192,1062,5676,0.903453136011276,8415,31882,337,709,36,3529,23,1889,22,23
"1384","2020-05-06",397,16,185,1020,5676,0.903453136011276,8415,31882,337,709,44,3573,36,1925,35,36
"1385","2020-05-07",378,16,178,958,5676,0.903453136011276,8415,31882,337,709,45,3618,38,1963,28,38
"1386","2020-05-08",371,16,195,897,5676,0.903453136011276,8415,31882,337,709,33,3651,16,1979,20,16
"1387","2020-05-09",359,16,196,849,5676,0.903453136011276,8415,31882,337,709,40,3691,17,1996,28,17
"1388","2020-05-10",326,16,183,802,5676,0.903453136011276,8415,31882,337,709,40,3731,25,2021,29,25
"1389","2020-05-11",318,16,173,721,5676,0.903453136011276,8415,31882,337,709,45,3776,28,2049,30,28
"1390","2020-05-12",291,16,162,683,5676,0.903453136011276,8415,31882,337,709,32,3808,47,2096,20,47
"1391","2020-05-13",283,16,141,620,5676,0.903453136011276,8415,31882,337,709,28,3836,31,2127,15,31
"1392","2020-05-14",261,16,145,565,5676,0.903453136011276,8415,31882,337,709,37,3873,31,2158,18,31
"1393","2020-05-15",215,16,151,508,5676,0.903453136011276,8415,31882,337,709,23,3896,46,2204,13,46
"1394","2020-05-16",193,16,141,473,5676,0.903453136011276,8415,31882,337,709,20,3916,42,2246,14,42
"1395","2020-05-17",167,16,163,435,5676,0.903453136011276,8415,31882,337,709,26,3942,26,2272,21,26
"1396","2020-05-18",152,16,182,400,5676,0.903453136011276,8415,31882,337,709,27,3969,31,2303,21,31
"1397","2020-05-19",146,16,188,367,5676,0.903453136011276,8415,31882,337,709,31,4000,28,2331,13,28
"1398","2020-05-20",137,16,179,329,5676,0.903453136011276,8415,31882,337,709,34,4034,41,2372,23,41
"1399","2020-05-21",128,16,167,306,5676,0.903453136011276,8415,31882,337,709,24,4058,22,2394,18,22
"1400","2020-05-22",109,16,177,288,5676,0.903453136011276,8415,31882,337,709,18,4076,25,2419,8,25
"1401","2020-05-23",106,16,159,267,5676,0.903453136011276,8415,31882,337,709,31,4107,22,2441,22,22
"1402","2020-05-24",100,16,155,251,5676,0.903453136011276,8415,31882,337,709,22,4129,38,2479,16,38
"1403","2020-05-25",93,16,149,231,5676,0.903453136011276,8415,31882,337,709,28,4157,53,2532,17,53
"1404","2020-05-26",93,16,139,205,5676,0.903453136011276,8415,31882,337,709,18,4175,42,2574,12,42
"1405","2020-05-27",90,16,147,193,5676,0.903453136011276,8415,31882,337,709,21,4196,33,2607,17,33
"1406","2020-05-28",81,16,152,178,5676,0.903453136011276,8415,31882,337,709,13,4209,37,2644,11,37
"1407","2020-05-29",71,16,160,162,5676,0.903453136011276,8415,31882,337,709,17,4226,35,2679,11,35
"1408","2020-05-30",60,16,174,159,5676,0.903453136011276,8415,31882,337,709,12,4238,42,2721,9,42
"1409","2020-05-31",59,16,167,147,5676,0.903453136011276,8415,31882,337,709,22,4260,31,2752,13,31
"1410","2020-06-01",61,16,177,142,5676,0.903453136011276,8415,31882,337,709,18,4278,26,2778,10,26
"1411","2020-06-02",52,16,165,124,5676,0.903453136011276,8415,31882,337,709,24,4302,34,2812,17,34
"1412","2020-06-03",48,16,149,108,5676,0.903453136011276,8415,31882,337,709,18,4320,30,2842,11,30
"1413","2020-06-04",43,16,145,102,5676,0.903453136011276,8415,31882,337,709,12,4332,22,2864,7,22
"1414","2020-06-05",39,16,139,92,5676,0.903453136011276,8415,31882,337,709,15,4347,27,2891,10,27
"1415","2020-06-06",42,16,124,86,5676,0.903453136011276,8415,31882,337,709,16,4363,25,2916,14,25
"1416","2020-06-07",34,16,110,77,5676,0.903453136011276,8415,31882,337,709,10,4373,19,2935,7,19
"1417","2020-03-13",3,17,24,42,4723,0.770273131484226,8520,30768,232,530,8,15,16,27,4,16
"1418","2020-03-14",5,17,36,58,4723,0.770273131484226,8520,30768,232,530,4,19,15,42,4,15
"1419","2020-03-15",7,17,41,77,4723,0.770273131484226,8520,30768,232,530,6,25,5,47,5,5
"1420","2020-03-16",8,17,45,106,4723,0.770273131484226,8520,30768,232,530,7,32,7,54,3,7
"1421","2020-03-17",10,17,48,135,4723,0.770273131484226,8520,30768,232,530,11,43,4,58,10,4
"1422","2020-03-18",12,17,38,159,4723,0.770273131484226,8520,30768,232,530,7,50,6,64,7,6
"1423","2020-03-19",22,17,35,199,4723,0.770273131484226,8520,30768,232,530,14,64,1,65,9,1
"1424","2020-03-20",35,17,38,225,4723,0.770273131484226,8520,30768,232,530,18,82,4,69,15,4
"1425","2020-03-21",51,17,34,260,4723,0.770273131484226,8520,30768,232,530,18,100,13,82,17,13
"1426","2020-03-22",57,17,28,301,4723,0.770273131484226,8520,30768,232,530,28,128,12,94,22,12
"1427","2020-03-23",60,17,30,345,4723,0.770273131484226,8520,30768,232,530,23,151,14,108,20,14
"1428","2020-03-24",70,17,51,368,4723,0.770273131484226,8520,30768,232,530,23,174,16,124,17,16
"1429","2020-03-25",79,17,55,391,4723,0.770273131484226,8520,30768,232,530,32,206,9,133,26,9
"1430","2020-03-26",86,17,54,419,4723,0.770273131484226,8520,30768,232,530,58,264,9,142,58,9
"1431","2020-03-27",88,17,52,451,4723,0.770273131484226,8520,30768,232,530,31,295,4,146,31,4
"1432","2020-03-28",107,17,51,492,4723,0.770273131484226,8520,30768,232,530,39,334,3,149,34,3
"1433","2020-03-29",117,17,59,510,4723,0.770273131484226,8520,30768,232,530,60,394,4,153,56,4
"1434","2020-03-30",132,17,75,549,4723,0.770273131484226,8520,30768,232,530,57,451,15,168,51,15
"1435","2020-03-31",138,17,92,569,4723,0.770273131484226,8520,30768,232,530,50,501,12,180,48,12
"1436","2020-04-01",146,17,109,614,4723,0.770273131484226,8520,30768,232,530,54,555,9,189,53,9
"1437","2020-04-02",153,17,118,626,4723,0.770273131484226,8520,30768,232,530,68,623,11,200,66,11
"1438","2020-04-03",194,17,122,667,4723,0.770273131484226,8520,30768,232,530,79,702,14,214,75,14
"1439","2020-04-04",198,17,132,717,4723,0.770273131484226,8520,30768,232,530,69,771,12,226,65,12
"1440","2020-04-05",232,17,123,759,4723,0.770273131484226,8520,30768,232,530,77,848,6,232,73,6
"1441","2020-04-06",239,17,142,784,4723,0.770273131484226,8520,30768,232,530,88,936,8,240,84,8
"1442","2020-04-07",246,17,143,806,4723,0.770273131484226,8520,30768,232,530,94,1030,2,242,87,2
"1443","2020-04-08",259,17,120,849,4723,0.770273131484226,8520,30768,232,530,116,1146,6,248,114,6
"1444","2020-04-09",270,17,117,881,4723,0.770273131484226,8520,30768,232,530,121,1267,5,253,118,5
"1445","2020-04-10",321,17,107,908,4723,0.770273131484226,8520,30768,232,530,132,1399,24,277,129,24
"1446","2020-04-11",350,17,109,930,4723,0.770273131484226,8520,30768,232,530,133,1532,12,289,128,12
"1447","2020-04-12",303,17,106,968,4723,0.770273131484226,8520,30768,232,530,161,1693,19,308,158,19
"1448","2020-04-13",294,17,133,972,4723,0.770273131484226,8520,30768,232,530,131,1824,11,319,129,11
"1449","2020-04-14",293,17,140,970,4723,0.770273131484226,8520,30768,232,530,150,1974,7,326,148,7
"1450","2020-04-15",294,17,162,1008,4723,0.770273131484226,8520,30768,232,530,153,2127,29,355,150,29
"1451","2020-04-16",299,17,158,1030,4723,0.770273131484226,8520,30768,232,530,189,2316,16,371,184,16
"1452","2020-04-17",315,17,135,1057,4723,0.770273131484226,8520,30768,232,530,164,2480,22,393,161,22
"1453","2020-04-18",365,17,127,1056,4723,0.770273131484226,8520,30768,232,530,189,2669,28,421,185,28
"1454","2020-04-19",362,17,128,1033,4723,0.770273131484226,8520,30768,232,530,148,2817,19,440,145,19
"1455","2020-04-20",353,17,143,1022,4723,0.770273131484226,8520,30768,232,530,195,3012,20,460,190,20
"1456","2020-04-21",356,17,143,1052,4723,0.770273131484226,8520,30768,232,530,174,3186,18,478,170,18
"1457","2020-04-22",359,17,141,1026,4723,0.770273131484226,8520,30768,232,530,128,3314,19,497,127,19
"1458","2020-04-23",358,17,153,1002,4723,0.770273131484226,8520,30768,232,530,142,3456,23,520,138,23
"1459","2020-04-24",381,17,157,962,4723,0.770273131484226,8520,30768,232,530,130,3586,9,529,128,9
"1460","2020-04-25",344,17,136,952,4723,0.770273131484226,8520,30768,232,530,159,3745,7,536,158,7
"1461","2020-04-26",325,17,132,937,4723,0.770273131484226,8520,30768,232,530,149,3894,10,546,146,10
"1462","2020-04-27",304,17,130,927,4723,0.770273131484226,8520,30768,232,530,105,3999,43,589,102,43
"1463","2020-04-28",297,17,153,896,4723,0.770273131484226,8520,30768,232,530,110,4109,36,625,110,36
"1464","2020-04-29",294,17,171,872,4723,0.770273131484226,8520,30768,232,530,110,4219,26,651,109,26
"1465","2020-04-30",291,17,176,847,4723,0.770273131484226,8520,30768,232,530,99,4318,21,672,98,21
"1466","2020-05-01",271,17,164,823,4723,0.770273131484226,8520,30768,232,530,85,4403,44,716,83,44
"1467","2020-05-02",272,17,195,791,4723,0.770273131484226,8520,30768,232,530,92,4495,33,749,91,33
"1468","2020-05-03",274,17,196,750,4723,0.770273131484226,8520,30768,232,530,64,4559,29,778,63,29
"1469","2020-05-04",264,17,190,733,4723,0.770273131484226,8520,30768,232,530,105,4664,33,811,102,33
"1470","2020-05-05",254,17,205,712,4723,0.770273131484226,8520,30768,232,530,92,4756,33,844,89,33
"1471","2020-05-06",261,17,185,695,4723,0.770273131484226,8520,30768,232,530,65,4821,27,871,65,27
"1472","2020-05-07",253,17,168,682,4723,0.770273131484226,8520,30768,232,530,71,4892,32,903,68,32
"1473","2020-05-08",284,17,152,664,4723,0.770273131484226,8520,30768,232,530,58,4950,28,931,58,28
"1474","2020-05-09",263,17,158,635,4723,0.770273131484226,8520,30768,232,530,54,5004,30,961,53,30
"1475","2020-05-10",244,17,162,597,4723,0.770273131484226,8520,30768,232,530,56,5060,17,978,55,17
"1476","2020-05-11",237,17,152,582,4723,0.770273131484226,8520,30768,232,530,54,5114,24,1002,52,24
"1477","2020-05-12",226,17,168,555,4723,0.770273131484226,8520,30768,232,530,35,5149,21,1023,34,21
"1478","2020-05-13",212,17,159,527,4723,0.770273131484226,8520,30768,232,530,49,5198,11,1034,46,11
"1479","2020-05-14",201,17,151,499,4723,0.770273131484226,8520,30768,232,530,39,5237,3,1037,36,3
"1480","2020-05-15",186,17,158,469,4723,0.770273131484226,8520,30768,232,530,37,5274,11,1048,35,11
"1481","2020-05-16",186,17,147,448,4723,0.770273131484226,8520,30768,232,530,34,5308,18,1066,30,18
"1482","2020-05-17",155,17,128,421,4723,0.770273131484226,8520,30768,232,530,25,5333,32,1098,25,32
"1483","2020-05-18",153,17,117,416,4723,0.770273131484226,8520,30768,232,530,30,5363,23,1121,29,23
"1484","2020-05-19",150,17,117,400,4723,0.770273131484226,8520,30768,232,530,26,5389,27,1148,25,27
"1485","2020-05-20",138,17,115,380,4723,0.770273131484226,8520,30768,232,530,25,5414,33,1181,25,33
"1486","2020-05-21",136,17,113,357,4723,0.770273131484226,8520,30768,232,530,17,5431,36,1217,16,36
"1487","2020-05-22",120,17,109,365,4723,0.770273131484226,8520,30768,232,530,20,5451,26,1243,19,26
"1488","2020-05-23",121,17,101,359,4723,0.770273131484226,8520,30768,232,530,28,5479,16,1259,27,16
"1489","2020-05-24",129,17,99,344,4723,0.770273131484226,8520,30768,232,530,15,5494,12,1271,15,12
"1490","2020-05-25",129,17,95,340,4723,0.770273131484226,8520,30768,232,530,11,5505,17,1288,11,17
"1491","2020-05-26",127,17,85,318,4723,0.770273131484226,8520,30768,232,530,15,5520,5,1293,12,5
"1492","2020-05-27",133,17,85,306,4723,0.770273131484226,8520,30768,232,530,18,5538,6,1299,18,6
"1493","2020-05-28",126,17,82,286,4723,0.770273131484226,8520,30768,232,530,10,5548,18,1317,8,18
"1494","2020-05-29",116,17,100,278,4723,0.770273131484226,8520,30768,232,530,8,5556,15,1332,7,15
"1495","2020-05-30",119,17,95,267,4723,0.770273131484226,8520,30768,232,530,7,5563,16,1348,6,16
"1496","2020-05-31",117,17,87,256,4723,0.770273131484226,8520,30768,232,530,5,5568,8,1356,4,8
"1497","2020-06-01",103,17,80,240,4723,0.770273131484226,8520,30768,232,530,3,5571,11,1367,3,11
"1498","2020-06-02",92,17,69,238,4723,0.770273131484226,8520,30768,232,530,8,5579,6,1373,8,6
"1499","2020-06-03",84,17,65,221,4723,0.770273131484226,8520,30768,232,530,9,5588,13,1386,8,13
"1500","2020-06-04",84,17,65,208,4723,0.770273131484226,8520,30768,232,530,5,5593,8,1394,5,8
"1501","2020-06-05",81,17,70,185,4723,0.770273131484226,8520,30768,232,530,4,5597,1,1395,4,1
"1502","2020-06-06",84,17,79,173,4723,0.770273131484226,8520,30768,232,530,1,5598,12,1407,1,12
"1503","2020-06-07",70,17,69,162,4723,0.770273131484226,8520,30768,232,530,3,5601,4,1411,3,4
"1504","2020-03-14",2,18,58,27,5293,0.898923105989042,8415,30706,317,715,5,23,10,46,4,10
"1505","2020-03-15",2,18,48,49,5293,0.898923105989042,8415,30706,317,715,11,34,6,52,9,6
"1506","2020-03-16",2,18,56,61,5293,0.898923105989042,8415,30706,317,715,10,44,10,62,5,10
"1507","2020-03-17",5,18,55,81,5293,0.898923105989042,8415,30706,317,715,19,63,4,66,16,4
"1508","2020-03-18",9,18,60,100,5293,0.898923105989042,8415,30706,317,715,16,79,6,72,11,6
"1509","2020-03-19",11,18,64,121,5293,0.898923105989042,8415,30706,317,715,19,98,NA,NA,13,NA
"1510","2020-03-20",16,18,68,149,5293,0.898923105989042,8415,30706,317,715,25,123,1,73,15,1
"1511","2020-03-21",25,18,68,169,5293,0.898923105989042,8415,30706,317,715,13,136,9,82,9,9
"1512","2020-03-22",42,18,72,194,5293,0.898923105989042,8415,30706,317,715,26,162,8,90,25,8
"1513","2020-03-23",46,18,74,230,5293,0.898923105989042,8415,30706,317,715,25,187,10,100,21,10
"1514","2020-03-24",46,18,75,252,5293,0.898923105989042,8415,30706,317,715,47,234,18,118,44,18
"1515","2020-03-25",53,18,65,286,5293,0.898923105989042,8415,30706,317,715,26,260,10,128,25,10
"1516","2020-03-26",57,18,77,339,5293,0.898923105989042,8415,30706,317,715,25,285,9,137,22,9
"1517","2020-03-27",81,18,71,388,5293,0.898923105989042,8415,30706,317,715,39,324,15,152,38,15
"1518","2020-03-28",99,18,68,419,5293,0.898923105989042,8415,30706,317,715,46,370,15,167,46,15
"1519","2020-03-29",105,18,58,466,5293,0.898923105989042,8415,30706,317,715,42,412,20,187,39,20
"1520","2020-03-30",109,18,88,503,5293,0.898923105989042,8415,30706,317,715,59,471,12,199,57,12
"1521","2020-03-31",121,18,107,562,5293,0.898923105989042,8415,30706,317,715,81,552,6,205,74,6
"1522","2020-04-01",128,18,133,612,5293,0.898923105989042,8415,30706,317,715,57,609,6,211,56,6
"1523","2020-04-02",147,18,125,662,5293,0.898923105989042,8415,30706,317,715,93,702,9,220,89,9
"1524","2020-04-03",180,18,137,748,5293,0.898923105989042,8415,30706,317,715,74,776,13,233,70,13
"1525","2020-04-04",237,18,162,778,5293,0.898923105989042,8415,30706,317,715,82,858,32,265,78,32
"1526","2020-04-05",229,18,145,857,5293,0.898923105989042,8415,30706,317,715,118,976,19,284,110,19
"1527","2020-04-06",224,18,149,898,5293,0.898923105989042,8415,30706,317,715,112,1088,17,301,105,17
"1528","2020-04-07",240,18,158,976,5293,0.898923105989042,8415,30706,317,715,123,1211,21,322,118,21
"1529","2020-04-08",254,18,146,1025,5293,0.898923105989042,8415,30706,317,715,123,1334,21,343,118,21
"1530","2020-04-09",268,18,131,1053,5293,0.898923105989042,8415,30706,317,715,139,1473,12,355,136,12
"1531","2020-04-10",351,18,140,1090,5293,0.898923105989042,8415,30706,317,715,166,1639,37,392,161,37
"1532","2020-04-11",363,18,157,1149,5293,0.898923105989042,8415,30706,317,715,160,1799,33,425,152,33
"1533","2020-04-12",349,18,156,1204,5293,0.898923105989042,8415,30706,317,715,125,1924,28,453,121,28
"1534","2020-04-13",354,18,189,1225,5293,0.898923105989042,8415,30706,317,715,162,2086,20,473,157,20
"1535","2020-04-14",367,18,161,1249,5293,0.898923105989042,8415,30706,317,715,164,2250,30,503,160,30
"1536","2020-04-15",386,18,157,1282,5293,0.898923105989042,8415,30706,317,715,164,2414,19,522,158,19
"1537","2020-04-16",399,18,142,1287,5293,0.898923105989042,8415,30706,317,715,213,2627,26,548,210,26
"1538","2020-04-17",454,18,150,1305,5293,0.898923105989042,8415,30706,317,715,151,2778,25,573,147,25
"1539","2020-04-18",424,18,144,1350,5293,0.898923105989042,8415,30706,317,715,160,2938,21,594,158,21
"1540","2020-04-19",408,18,142,1335,5293,0.898923105989042,8415,30706,317,715,173,3111,15,609,169,15
"1541","2020-04-20",411,18,153,1352,5293,0.898923105989042,8415,30706,317,715,176,3287,12,621,170,12
"1542","2020-04-21",407,18,176,1395,5293,0.898923105989042,8415,30706,317,715,150,3437,11,632,148,11
"1543","2020-04-22",404,18,193,1369,5293,0.898923105989042,8415,30706,317,715,175,3612,14,646,172,14
"1544","2020-04-23",402,18,209,1368,5293,0.898923105989042,8415,30706,317,715,166,3778,27,673,161,27
"1545","2020-04-24",399,18,219,1351,5293,0.898923105989042,8415,30706,317,715,146,3924,26,699,145,26
"1546","2020-04-25",439,18,223,1359,5293,0.898923105989042,8415,30706,317,715,136,4060,17,716,131,17
"1547","2020-04-26",476,18,199,1320,5293,0.898923105989042,8415,30706,317,715,113,4173,32,748,111,32
"1548","2020-04-27",474,18,192,1311,5293,0.898923105989042,8415,30706,317,715,135,4308,22,770,132,22
"1549","2020-04-28",444,18,189,1272,5293,0.898923105989042,8415,30706,317,715,120,4428,20,790,114,20
"1550","2020-04-29",442,18,176,1227,5293,0.898923105989042,8415,30706,317,715,76,4504,19,809,75,19
"1551","2020-04-30",430,18,147,1182,5293,0.898923105989042,8415,30706,317,715,143,4647,11,820,139,11
"1552","2020-05-01",471,18,139,1125,5293,0.898923105989042,8415,30706,317,715,67,4714,29,849,64,29
"1553","2020-05-02",447,18,142,1070,5293,0.898923105989042,8415,30706,317,715,80,4794,18,867,79,18
"1554","2020-05-03",368,18,131,1009,5293,0.898923105989042,8415,30706,317,715,75,4869,37,904,72,37
"1555","2020-05-04",361,18,107,950,5293,0.898923105989042,8415,30706,317,715,66,4935,30,934,62,30
"1556","2020-05-05",361,18,145,920,5293,0.898923105989042,8415,30706,317,715,80,5015,33,967,79,33
"1557","2020-05-06",349,18,154,872,5293,0.898923105989042,8415,30706,317,715,58,5073,35,1002,58,35
"1558","2020-05-07",349,18,177,823,5293,0.898923105989042,8415,30706,317,715,41,5114,40,1042,40,40
"1559","2020-05-08",326,18,185,787,5293,0.898923105989042,8415,30706,317,715,52,5166,29,1071,50,29
"1560","2020-05-09",311,18,185,738,5293,0.898923105989042,8415,30706,317,715,44,5210,26,1097,44,26
"1561","2020-05-10",292,18,178,695,5293,0.898923105989042,8415,30706,317,715,35,5245,9,1106,32,9
"1562","2020-05-11",273,18,155,643,5293,0.898923105989042,8415,30706,317,715,40,5285,11,1117,38,11
"1563","2020-05-12",262,18,182,593,5293,0.898923105989042,8415,30706,317,715,30,5315,22,1139,30,22
"1564","2020-05-13",249,18,202,556,5293,0.898923105989042,8415,30706,317,715,31,5346,27,1166,29,27
"1565","2020-05-14",232,18,171,508,5293,0.898923105989042,8415,30706,317,715,38,5384,30,1196,37,30
"1566","2020-05-15",188,18,180,478,5293,0.898923105989042,8415,30706,317,715,14,5398,13,1209,14,13
"1567","2020-05-16",177,18,166,436,5293,0.898923105989042,8415,30706,317,715,20,5418,15,1224,18,15
"1568","2020-05-17",160,18,141,391,5293,0.898923105989042,8415,30706,317,715,18,5436,40,1264,18,40
"1569","2020-05-18",146,18,125,358,5293,0.898923105989042,8415,30706,317,715,18,5454,17,1281,16,17
"1570","2020-05-19",126,18,115,327,5293,0.898923105989042,8415,30706,317,715,13,5467,34,1315,11,34
"1571","2020-05-20",114,18,134,299,5293,0.898923105989042,8415,30706,317,715,20,5487,23,1338,18,23
"1572","2020-05-21",106,18,162,282,5293,0.898923105989042,8415,30706,317,715,21,5508,21,1359,21,21
"1573","2020-05-22",106,18,155,264,5293,0.898923105989042,8415,30706,317,715,17,5525,12,1371,16,12
"1574","2020-05-23",109,18,145,247,5293,0.898923105989042,8415,30706,317,715,16,5541,22,1393,13,22
"1575","2020-05-24",92,18,130,232,5293,0.898923105989042,8415,30706,317,715,11,5552,27,1420,10,27
"1576","2020-05-25",92,18,112,213,5293,0.898923105989042,8415,30706,317,715,5,5557,16,1436,5,16
"1577","2020-05-26",90,18,106,205,5293,0.898923105989042,8415,30706,317,715,14,5571,11,1447,13,11
"1578","2020-05-27",90,18,99,199,5293,0.898923105989042,8415,30706,317,715,5,5576,14,1461,4,14
"1579","2020-05-28",86,18,99,187,5293,0.898923105989042,8415,30706,317,715,11,5587,23,1484,9,23
"1580","2020-05-29",80,18,82,177,5293,0.898923105989042,8415,30706,317,715,7,5594,20,1504,6,20
"1581","2020-05-30",69,18,67,180,5293,0.898923105989042,8415,30706,317,715,11,5605,15,1519,11,15
"1582","2020-05-31",69,18,60,172,5293,0.898923105989042,8415,30706,317,715,8,5613,17,1536,7,17
"1583","2020-06-01",63,18,52,163,5293,0.898923105989042,8415,30706,317,715,9,5622,10,1546,8,10
"1584","2020-06-02",56,18,61,152,5293,0.898923105989042,8415,30706,317,715,5,5627,15,1561,3,15
"1585","2020-06-03",53,18,64,149,5293,0.898923105989042,8415,30706,317,715,3,5630,3,1564,3,3
"1586","2020-06-04",49,18,68,141,5293,0.898923105989042,8415,30706,317,715,2,5632,8,1572,1,8
"1587","2020-06-05",55,18,69,121,5293,0.898923105989042,8415,30706,317,715,6,5638,7,1579,6,7
"1588","2020-06-06",57,18,78,119,5293,0.898923105989042,8415,30706,317,715,4,5642,8,1587,2,8
"1589","2020-06-07",48,18,80,105,5293,0.898923105989042,8415,30706,317,715,4,5646,6,1593,4,6
"1590","2020-03-13",1,19,26,44,3296,0.625910194174757,8250,25878,179,385,28,56,3,21,6,3
"1591","2020-03-14",7,19,33,61,3296,0.625910194174757,8250,25878,179,385,22,78,2,23,6,2
"1592","2020-03-15",10,19,40,74,3296,0.625910194174757,8250,25878,179,385,22,100,3,26,11,3
"1593","2020-03-16",10,19,44,99,3296,0.625910194174757,8250,25878,179,385,24,124,8,34,9,8
"1594","2020-03-17",15,19,52,120,3296,0.625910194174757,8250,25878,179,385,40,164,10,44,17,10
"1595","2020-03-18",22,19,46,148,3296,0.625910194174757,8250,25878,179,385,38,202,21,65,24,21
"1596","2020-03-19",26,19,51,157,3296,0.625910194174757,8250,25878,179,385,43,245,18,83,27,18
"1597","2020-03-20",35,19,51,168,3296,0.625910194174757,8250,25878,179,385,42,287,13,96,32,13
"1598","2020-03-21",45,19,45,187,3296,0.625910194174757,8250,25878,179,385,60,347,11,107,47,11
"1599","2020-03-22",50,19,40,204,3296,0.625910194174757,8250,25878,179,385,62,409,8,115,44,8
"1600","2020-03-23",55,19,36,216,3296,0.625910194174757,8250,25878,179,385,77,486,8,123,62,8
"1601","2020-03-24",57,19,46,245,3296,0.625910194174757,8250,25878,179,385,73,559,30,153,57,30
"1602","2020-03-25",58,19,51,253,3296,0.625910194174757,8250,25878,179,385,95,654,22,175,79,22
"1603","2020-03-26",67,19,48,271,3296,0.625910194174757,8250,25878,179,385,79,733,14,189,64,14
"1604","2020-03-27",77,19,44,293,3296,0.625910194174757,8250,25878,179,385,90,823,10,199,73,10
"1605","2020-03-28",87,19,46,307,3296,0.625910194174757,8250,25878,179,385,103,926,30,229,93,30
"1606","2020-03-29",94,19,54,330,3296,0.625910194174757,8250,25878,179,385,85,1011,29,258,66,29
"1607","2020-03-30",97,19,57,353,3296,0.625910194174757,8250,25878,179,385,92,1103,35,293,76,35
"1608","2020-03-31",100,19,66,356,3296,0.625910194174757,8250,25878,179,385,137,1240,13,306,120,13
"1609","2020-04-01",106,19,75,366,3296,0.625910194174757,8250,25878,179,385,131,1371,33,339,114,33
"1610","2020-04-02",111,19,68,388,3296,0.625910194174757,8250,25878,179,385,110,1481,29,368,94,29
"1611","2020-04-03",120,19,67,402,3296,0.625910194174757,8250,25878,179,385,136,1617,16,384,120,16
"1612","2020-04-04",117,19,71,415,3296,0.625910194174757,8250,25878,179,385,156,1773,13,397,125,13
"1613","2020-04-05",116,19,85,421,3296,0.625910194174757,8250,25878,179,385,113,1886,12,409,98,12
"1614","2020-04-06",120,19,78,427,3296,0.625910194174757,8250,25878,179,385,172,2058,6,415,162,6
"1615","2020-04-07",127,19,87,432,3296,0.625910194174757,8250,25878,179,385,186,2244,6,421,165,6
"1616","2020-04-08",127,19,85,444,3296,0.625910194174757,8250,25878,179,385,148,2392,27,448,135,27
"1617","2020-04-09",124,19,83,459,3296,0.625910194174757,8250,25878,179,385,149,2541,22,470,137,22
"1618","2020-04-10",133,19,79,467,3296,0.625910194174757,8250,25878,179,385,141,2682,37,507,130,37
"1619","2020-04-11",141,19,73,469,3296,0.625910194174757,8250,25878,179,385,166,2848,17,524,152,17
"1620","2020-04-12",150,19,74,488,3296,0.625910194174757,8250,25878,179,385,125,2973,8,532,113,8
"1621","2020-04-13",142,19,78,509,3296,0.625910194174757,8250,25878,179,385,175,3148,11,543,157,11
"1622","2020-04-14",136,19,93,541,3296,0.625910194174757,8250,25878,179,385,130,3278,6,549,115,6
"1623","2020-04-15",138,19,88,538,3296,0.625910194174757,8250,25878,179,385,135,3413,20,569,120,20
"1624","2020-04-16",148,19,110,535,3296,0.625910194174757,8250,25878,179,385,103,3516,12,581,91,12
"1625","2020-04-17",169,19,120,537,3296,0.625910194174757,8250,25878,179,385,141,3657,6,587,128,6
"1626","2020-04-18",185,19,120,553,3296,0.625910194174757,8250,25878,179,385,109,3766,22,609,91,22
"1627","2020-04-19",167,19,115,582,3296,0.625910194174757,8250,25878,179,385,102,3868,22,631,91,22
"1628","2020-04-20",172,19,110,576,3296,0.625910194174757,8250,25878,179,385,112,3980,17,648,100,17
"1629","2020-04-21",174,19,100,581,3296,0.625910194174757,8250,25878,179,385,98,4078,43,691,87,43
"1630","2020-04-22",181,19,99,584,3296,0.625910194174757,8250,25878,179,385,85,4163,28,719,75,28
"1631","2020-04-23",180,19,104,584,3296,0.625910194174757,8250,25878,179,385,112,4275,30,749,105,30
"1632","2020-04-24",188,19,114,582,3296,0.625910194174757,8250,25878,179,385,76,4351,27,776,66,27
"1633","2020-04-25",184,19,123,585,3296,0.625910194174757,8250,25878,179,385,82,4433,28,804,69,28
"1634","2020-04-26",195,19,131,571,3296,0.625910194174757,8250,25878,179,385,65,4498,32,836,51,32
"1635","2020-04-27",194,19,121,568,3296,0.625910194174757,8250,25878,179,385,78,4576,27,863,76,27
"1636","2020-04-28",188,19,117,568,3296,0.625910194174757,8250,25878,179,385,45,4621,35,898,35,35
"1637","2020-04-29",191,19,120,560,3296,0.625910194174757,8250,25878,179,385,59,4680,21,919,45,21
"1638","2020-04-30",195,19,124,564,3296,0.625910194174757,8250,25878,179,385,49,4729,20,939,44,20
"1639","2020-05-01",196,19,114,544,3296,0.625910194174757,8250,25878,179,385,47,4776,15,954,37,15
"1640","2020-05-02",192,19,108,517,3296,0.625910194174757,8250,25878,179,385,41,4817,18,972,29,18
"1641","2020-05-03",182,19,101,493,3296,0.625910194174757,8250,25878,179,385,43,4860,24,996,32,24
"1642","2020-05-04",174,19,93,480,3296,0.625910194174757,8250,25878,179,385,45,4905,29,1025,30,29
"1643","2020-05-05",177,19,94,484,3296,0.625910194174757,8250,25878,179,385,48,4953,32,1057,35,32
"1644","2020-05-06",170,19,96,463,3296,0.625910194174757,8250,25878,179,385,37,4990,34,1091,23,34
"1645","2020-05-07",161,19,101,464,3296,0.625910194174757,8250,25878,179,385,39,5029,31,1122,31,31
"1646","2020-05-08",158,19,104,462,3296,0.625910194174757,8250,25878,179,385,19,5048,45,1167,16,45
"1647","2020-05-09",172,19,107,453,3296,0.625910194174757,8250,25878,179,385,30,5078,25,1192,22,25
"1648","2020-05-10",162,19,115,444,3296,0.625910194174757,8250,25878,179,385,22,5100,18,1210,11,18
"1649","2020-05-11",149,19,118,440,3296,0.625910194174757,8250,25878,179,385,20,5120,29,1239,15,29
"1650","2020-05-12",144,19,109,421,3296,0.625910194174757,8250,25878,179,385,22,5142,27,1266,16,27
"1651","2020-05-13",147,19,109,422,3296,0.625910194174757,8250,25878,179,385,27,5169,29,1295,18,29
"1652","2020-05-14",147,19,101,408,3296,0.625910194174757,8250,25878,179,385,20,5189,17,1312,14,17
"1653","2020-05-15",151,19,126,415,3296,0.625910194174757,8250,25878,179,385,16,5205,11,1323,10,11
"1654","2020-05-16",137,19,134,426,3296,0.625910194174757,8250,25878,179,385,18,5223,21,1344,12,21
"1655","2020-05-17",125,19,131,426,3296,0.625910194174757,8250,25878,179,385,18,5241,14,1358,10,14
"1656","2020-05-18",124,19,147,433,3296,0.625910194174757,8250,25878,179,385,15,5256,7,1365,12,7
"1657","2020-05-19",115,19,140,420,3296,0.625910194174757,8250,25878,179,385,14,5270,5,1370,11,5
"1658","2020-05-20",106,19,124,406,3296,0.625910194174757,8250,25878,179,385,16,5286,8,1378,11,8
"1659","2020-05-21",100,19,117,401,3296,0.625910194174757,8250,25878,179,385,13,5299,2,1380,8,2
"1660","2020-05-22",112,19,121,408,3296,0.625910194174757,8250,25878,179,385,11,5310,1,1381,6,1
"1661","2020-05-23",115,19,106,394,3296,0.625910194174757,8250,25878,179,385,13,5323,1,1382,7,1
"1662","2020-05-24",121,19,96,387,3296,0.625910194174757,8250,25878,179,385,10,5333,4,1386,7,4
"1663","2020-05-25",127,19,101,379,3296,0.625910194174757,8250,25878,179,385,8,5341,23,1409,5,23
"1664","2020-05-26",127,19,92,374,3296,0.625910194174757,8250,25878,179,385,16,5357,26,1435,8,26
"1665","2020-05-27",125,19,90,364,3296,0.625910194174757,8250,25878,179,385,8,5365,11,1446,4,11
"1666","2020-05-28",119,19,102,357,3296,0.625910194174757,8250,25878,179,385,5,5370,16,1462,2,16
"1667","2020-05-29",117,19,91,344,3296,0.625910194174757,8250,25878,179,385,10,5380,12,1474,7,12
"1668","2020-05-30",119,19,82,339,3296,0.625910194174757,8250,25878,179,385,16,5396,11,1485,7,11
"1669","2020-05-31",102,19,90,326,3296,0.625910194174757,8250,25878,179,385,13,5409,7,1492,8,7
"1670","2020-06-01",103,19,86,312,3296,0.625910194174757,8250,25878,179,385,9,5418,6,1498,5,6
"1671","2020-06-02",96,19,77,295,3296,0.625910194174757,8250,25878,179,385,5,5423,3,1501,4,3
"1672","2020-06-03",99,19,71,275,3296,0.625910194174757,8250,25878,179,385,11,5434,12,1513,6,12
"1673","2020-06-04",102,19,68,262,3296,0.625910194174757,8250,25878,179,385,8,5442,18,1531,5,18
"1674","2020-06-05",99,19,61,239,3296,0.625910194174757,8250,25878,179,385,5,5447,27,1558,1,27
"1675","2020-06-06",105,19,75,232,3296,0.625910194174757,8250,25878,179,385,7,5454,10,1568,1,10
"1676","2020-06-07",99,19,76,216,3296,0.625910194174757,8250,25878,179,385,5,5459,11,1579,2,11
"1677","2020-03-13",1,20,38,13,5279,0.951884826671718,8325,31432,347,587,11,25,5,10,2,5
"1678","2020-03-14",1,20,50,21,5279,0.951884826671718,8325,31432,347,587,6,31,9,19,4,9
"1679","2020-03-15",2,20,55,31,5279,0.951884826671718,8325,31432,347,587,8,39,12,31,4,12
"1680","2020-03-16",2,20,69,41,5279,0.951884826671718,8325,31432,347,587,8,47,13,44,5,13
"1681","2020-03-17",6,20,91,55,5279,0.951884826671718,8325,31432,347,587,9,56,10,54,4,10
"1682","2020-03-18",7,20,95,65,5279,0.951884826671718,8325,31432,347,587,14,70,9,63,10,9
"1683","2020-03-19",11,20,115,79,5279,0.951884826671718,8325,31432,347,587,12,82,9,72,7,9
"1684","2020-03-20",16,20,105,97,5279,0.951884826671718,8325,31432,347,587,24,106,18,90,18,18
"1685","2020-03-21",20,20,91,115,5279,0.951884826671718,8325,31432,347,587,27,133,14,104,20,14
"1686","2020-03-22",31,20,82,138,5279,0.951884826671718,8325,31432,347,587,26,159,8,112,22,8
"1687","2020-03-23",32,20,73,156,5279,0.951884826671718,8325,31432,347,587,27,186,12,124,24,12
"1688","2020-03-24",29,20,107,188,5279,0.951884826671718,8325,31432,347,587,25,211,12,136,24,12
"1689","2020-03-25",36,20,110,220,5279,0.951884826671718,8325,31432,347,587,31,242,14,150,26,14
"1690","2020-03-26",45,20,100,257,5279,0.951884826671718,8325,31432,347,587,37,279,7,157,33,7
"1691","2020-03-27",52,20,87,288,5279,0.951884826671718,8325,31432,347,587,48,327,19,176,44,19
"1692","2020-03-28",70,20,68,302,5279,0.951884826671718,8325,31432,347,587,37,364,22,198,34,22
"1693","2020-03-29",82,20,70,332,5279,0.951884826671718,8325,31432,347,587,52,416,14,212,44,14
"1694","2020-03-30",84,20,92,362,5279,0.951884826671718,8325,31432,347,587,68,484,21,233,62,21
"1695","2020-03-31",86,20,83,397,5279,0.951884826671718,8325,31432,347,587,59,543,10,243,50,10
"1696","2020-04-01",93,20,69,448,5279,0.951884826671718,8325,31432,347,587,59,602,14,257,51,14
"1697","2020-04-02",98,20,85,487,5279,0.951884826671718,8325,31432,347,587,81,683,19,276,73,19
"1698","2020-04-03",140,20,93,533,5279,0.951884826671718,8325,31432,347,587,94,777,17,293,84,17
"1699","2020-04-04",140,20,103,594,5279,0.951884826671718,8325,31432,347,587,89,866,13,306,84,13
"1700","2020-04-05",169,20,109,639,5279,0.951884826671718,8325,31432,347,587,97,963,21,327,91,21
"1701","2020-04-06",180,20,107,696,5279,0.951884826671718,8325,31432,347,587,87,1050,15,342,81,15
"1702","2020-04-07",175,20,123,751,5279,0.951884826671718,8325,31432,347,587,78,1128,18,360,71,18
"1703","2020-04-08",179,20,126,844,5279,0.951884826671718,8325,31432,347,587,100,1228,18,378,95,18
"1704","2020-04-09",192,20,119,888,5279,0.951884826671718,8325,31432,347,587,147,1375,21,399,138,21
"1705","2020-04-10",276,20,122,924,5279,0.951884826671718,8325,31432,347,587,103,1478,26,425,97,26
"1706","2020-04-11",324,20,114,979,5279,0.951884826671718,8325,31432,347,587,117,1595,34,459,107,34
"1707","2020-04-12",301,20,123,1034,5279,0.951884826671718,8325,31432,347,587,140,1735,26,485,130,26
"1708","2020-04-13",307,20,130,1041,5279,0.951884826671718,8325,31432,347,587,159,1894,25,510,151,25
"1709","2020-04-14",325,20,106,1106,5279,0.951884826671718,8325,31432,347,587,132,2026,27,537,126,27
"1710","2020-04-15",344,20,97,1154,5279,0.951884826671718,8325,31432,347,587,131,2157,35,572,123,35
"1711","2020-04-16",354,20,119,1181,5279,0.951884826671718,8325,31432,347,587,171,2328,38,610,165,38
"1712","2020-04-17",381,20,114,1251,5279,0.951884826671718,8325,31432,347,587,140,2468,41,651,137,41
"1713","2020-04-18",420,20,126,1284,5279,0.951884826671718,8325,31432,347,587,143,2611,27,678,142,27
"1714","2020-04-19",397,20,118,1326,5279,0.951884826671718,8325,31432,347,587,154,2765,32,710,147,32
"1715","2020-04-20",393,20,113,1359,5279,0.951884826671718,8325,31432,347,587,174,2939,30,740,168,30
"1716","2020-04-21",403,20,127,1358,5279,0.951884826671718,8325,31432,347,587,103,3042,39,779,100,39
"1717","2020-04-22",413,20,127,1388,5279,0.951884826671718,8325,31432,347,587,154,3196,31,810,150,31
"1718","2020-04-23",430,20,151,1377,5279,0.951884826671718,8325,31432,347,587,114,3310,23,833,108,23
"1719","2020-04-24",485,20,161,1389,5279,0.951884826671718,8325,31432,347,587,141,3451,28,861,140,28
"1720","2020-04-25",470,20,139,1397,5279,0.951884826671718,8325,31432,347,587,125,3576,17,878,118,17
"1721","2020-04-26",450,20,128,1367,5279,0.951884826671718,8325,31432,347,587,169,3745,25,903,162,25
"1722","2020-04-27",463,20,137,1384,5279,0.951884826671718,8325,31432,347,587,118,3863,15,918,114,15
"1723","2020-04-28",437,20,152,1357,5279,0.951884826671718,8325,31432,347,587,141,4004,28,946,134,28
"1724","2020-04-29",436,20,147,1303,5279,0.951884826671718,8325,31432,347,587,107,4111,26,972,100,26
"1725","2020-04-30",420,20,173,1273,5279,0.951884826671718,8325,31432,347,587,106,4217,15,987,95,15
"1726","2020-05-01",443,20,161,1249,5279,0.951884826671718,8325,31432,347,587,96,4313,21,1008,94,21
"1727","2020-05-02",451,20,145,1220,5279,0.951884826671718,8325,31432,347,587,92,4405,15,1023,87,15
"1728","2020-05-03",425,20,127,1179,5279,0.951884826671718,8325,31432,347,587,97,4502,20,1043,92,20
"1729","2020-05-04",403,20,122,1143,5279,0.951884826671718,8325,31432,347,587,78,4580,25,1068,73,25
"1730","2020-05-05",407,20,128,1110,5279,0.951884826671718,8325,31432,347,587,102,4682,31,1099,98,31
"1731","2020-05-06",411,20,144,1061,5279,0.951884826671718,8325,31432,347,587,58,4740,19,1118,53,19
"1732","2020-05-07",414,20,162,997,5279,0.951884826671718,8325,31432,347,587,64,4804,29,1147,60,29
"1733","2020-05-08",396,20,185,939,5279,0.951884826671718,8325,31432,347,587,70,4874,39,1186,69,39
"1734","2020-05-09",367,20,159,905,5279,0.951884826671718,8325,31432,347,587,51,4925,32,1218,46,32
"1735","2020-05-10",363,20,142,825,5279,0.951884826671718,8325,31432,347,587,54,4979,35,1253,51,35
"1736","2020-05-11",351,20,135,781,5279,0.951884826671718,8325,31432,347,587,62,5041,28,1281,58,28
"1737","2020-05-12",327,20,149,726,5279,0.951884826671718,8325,31432,347,587,49,5090,29,1310,48,29
"1738","2020-05-13",305,20,135,665,5279,0.951884826671718,8325,31432,347,587,39,5129,46,1356,35,46
"1739","2020-05-14",285,20,130,638,5279,0.951884826671718,8325,31432,347,587,38,5167,36,1392,38,36
"1740","2020-05-15",251,20,139,594,5279,0.951884826671718,8325,31432,347,587,32,5199,26,1418,25,26
"1741","2020-05-16",245,20,135,533,5279,0.951884826671718,8325,31432,347,587,31,5230,44,1462,29,44
"1742","2020-05-17",211,20,137,490,5279,0.951884826671718,8325,31432,347,587,47,5277,38,1500,44,38
"1743","2020-05-18",194,20,133,454,5279,0.951884826671718,8325,31432,347,587,27,5304,32,1532,26,32
"1744","2020-05-19",187,20,118,415,5279,0.951884826671718,8325,31432,347,587,17,5321,37,1569,17,37
"1745","2020-05-20",171,20,109,387,5279,0.951884826671718,8325,31432,347,587,21,5342,26,1595,18,26
"1746","2020-05-21",164,20,96,374,5279,0.951884826671718,8325,31432,347,587,17,5359,25,1620,14,25
"1747","2020-05-22",140,20,91,341,5279,0.951884826671718,8325,31432,347,587,20,5379,28,1648,18,28
"1748","2020-05-23",128,20,76,327,5279,0.951884826671718,8325,31432,347,587,16,5395,16,1664,15,16
"1749","2020-05-24",123,20,77,319,5279,0.951884826671718,8325,31432,347,587,23,5418,14,1678,21,14
"1750","2020-05-25",124,20,96,300,5279,0.951884826671718,8325,31432,347,587,12,5430,15,1693,11,15
"1751","2020-05-26",115,20,87,275,5279,0.951884826671718,8325,31432,347,587,15,5445,26,1719,10,26
"1752","2020-05-27",108,20,83,262,5279,0.951884826671718,8325,31432,347,587,14,5459,24,1743,11,24
"1753","2020-05-28",100,20,82,246,5279,0.951884826671718,8325,31432,347,587,5,5464,16,1759,4,16
"1754","2020-05-29",98,20,85,237,5279,0.951884826671718,8325,31432,347,587,8,5472,25,1784,6,25
"1755","2020-05-30",95,20,77,221,5279,0.951884826671718,8325,31432,347,587,9,5481,21,1805,6,21
"1756","2020-05-31",85,20,68,208,5279,0.951884826671718,8325,31432,347,587,13,5494,15,1820,8,15
"1757","2020-06-01",70,20,59,188,5279,0.951884826671718,8325,31432,347,587,5,5499,13,1833,3,13
"1758","2020-06-02",65,20,61,180,5279,0.951884826671718,8325,31432,347,587,5,5504,22,1855,5,22
"1759","2020-06-03",65,20,59,182,5279,0.951884826671718,8325,31432,347,587,7,5511,13,1868,3,13
"1760","2020-06-04",66,20,57,155,5279,0.951884826671718,8325,31432,347,587,3,5514,22,1890,2,22
"1761","2020-06-05",60,20,54,154,5279,0.951884826671718,8325,31432,347,587,8,5522,20,1910,8,20
"1762","2020-06-06",57,20,56,141,5279,0.951884826671718,8325,31432,347,587,5,5527,20,1930,4,20
"1763","2020-06-07",57,20,58,135,5279,0.951884826671718,8325,31432,347,587,9,5536,20,1950,7,20
