"","Date","Absents","Paramset","Infections_or_Exposed_per_day_Patient","Infections_or_Exposed_per_day_HCW","total_infections","nosocomial_proportion","PCR_pooled","LFD_pooled","HCW_symp_test","patient_symp_test","new_hcw_infs","cumulative_hcw_infs","new_pat_infs","cumulative_pats_infs","new_nosocomial_hcw_infs","new_nosocomial_pat_infs"
"1","2020-03-14",4,1,45,93,3934,0.466192170818505,2115,6711,464,436,23,93,11,40,3,11
"2","2020-03-15",14,1,51,119,3934,0.466192170818505,2115,6711,464,436,26,119,10,50,7,10
"3","2020-03-16",19,1,52,146,3934,0.466192170818505,2115,6711,464,436,27,146,8,58,9,8
"4","2020-03-17",17,1,50,174,3934,0.466192170818505,2115,6711,464,436,29,175,13,71,14,13
"5","2020-03-18",25,1,53,203,3934,0.466192170818505,2115,6711,464,436,35,210,6,77,12,6
"6","2020-03-19",32,1,48,231,3934,0.466192170818505,2115,6711,464,436,31,241,6,83,18,6
"7","2020-03-20",46,1,45,246,3934,0.466192170818505,2115,6711,464,436,27,268,9,92,8,9
"8","2020-03-21",56,1,43,279,3934,0.466192170818505,2115,6711,464,436,38,306,8,100,19,8
"9","2020-03-22",75,1,57,303,3934,0.466192170818505,2115,6711,464,436,36,342,14,114,16,14
"10","2020-03-23",83,1,60,335,3934,0.466192170818505,2115,6711,464,436,45,387,9,123,20,9
"11","2020-03-24",89,1,73,345,3934,0.466192170818505,2115,6711,464,436,45,432,19,142,18,19
"12","2020-03-25",88,1,79,376,3934,0.466192170818505,2115,6711,464,436,55,487,14,156,19,14
"13","2020-03-26",90,1,85,395,3934,0.466192170818505,2115,6711,464,436,51,538,16,172,24,16
"14","2020-03-27",113,1,77,435,3934,0.466192170818505,2115,6711,464,436,55,593,11,183,24,11
"15","2020-03-28",139,1,73,455,3934,0.466192170818505,2115,6711,464,436,47,640,14,197,17,14
"16","2020-03-29",134,1,72,492,3934,0.466192170818505,2115,6711,464,436,61,701,10,207,28,10
"17","2020-03-30",131,1,63,500,3934,0.466192170818505,2115,6711,464,436,46,747,11,218,20,11
"18","2020-03-31",140,1,61,518,3934,0.466192170818505,2115,6711,464,436,54,801,9,227,26,9
"19","2020-04-01",154,1,56,543,3934,0.466192170818505,2115,6711,464,436,64,865,8,235,33,8
"20","2020-04-02",162,1,45,547,3934,0.466192170818505,2115,6711,464,436,44,909,5,240,29,5
"21","2020-04-03",185,1,43,565,3934,0.466192170818505,2115,6711,464,436,55,964,7,247,30,7
"22","2020-04-04",172,1,39,575,3934,0.466192170818505,2115,6711,464,436,50,1014,4,251,28,4
"23","2020-04-05",189,1,40,587,3934,0.466192170818505,2115,6711,464,436,62,1076,6,257,38,6
"24","2020-04-06",193,1,35,577,3934,0.466192170818505,2115,6711,464,436,53,1129,4,261,28,4
"25","2020-04-07",174,1,39,576,3934,0.466192170818505,2115,6711,464,436,52,1181,4,265,24,4
"26","2020-04-08",166,1,39,583,3934,0.466192170818505,2115,6711,464,436,56,1237,6,271,31,6
"27","2020-04-09",177,1,45,598,3934,0.466192170818505,2115,6711,464,436,54,1291,9,280,28,9
"28","2020-04-10",189,1,63,607,3934,0.466192170818505,2115,6711,464,436,58,1349,18,298,26,18
"29","2020-04-11",217,1,77,612,3934,0.466192170818505,2115,6711,464,436,59,1408,25,323,36,25
"30","2020-04-12",192,1,80,617,3934,0.466192170818505,2115,6711,464,436,64,1472,11,334,31,11
"31","2020-04-13",189,1,79,642,3934,0.466192170818505,2115,6711,464,436,65,1537,19,353,36,19
"32","2020-04-14",197,1,93,642,3934,0.466192170818505,2115,6711,464,436,60,1597,23,376,29,23
"33","2020-04-15",201,1,115,658,3934,0.466192170818505,2115,6711,464,436,61,1658,35,411,35,35
"34","2020-04-16",200,1,110,638,3934,0.466192170818505,2115,6711,464,436,48,1706,17,428,32,17
"35","2020-04-17",204,1,112,644,3934,0.466192170818505,2115,6711,464,436,60,1766,14,442,36,14
"36","2020-04-18",186,1,123,621,3934,0.466192170818505,2115,6711,464,436,43,1809,33,475,15,33
"37","2020-04-19",196,1,119,631,3934,0.466192170818505,2115,6711,464,436,66,1875,21,496,29,21
"38","2020-04-20",187,1,120,628,3934,0.466192170818505,2115,6711,464,436,61,1936,22,518,31,22
"39","2020-04-21",190,1,118,625,3934,0.466192170818505,2115,6711,464,436,49,1985,15,533,27,15
"40","2020-04-22",208,1,127,615,3934,0.466192170818505,2115,6711,464,436,51,2036,31,564,25,31
"41","2020-04-23",206,1,125,614,3934,0.466192170818505,2115,6711,464,436,48,2084,15,579,20,15
"42","2020-04-24",224,1,132,626,3934,0.466192170818505,2115,6711,464,436,58,2142,25,604,31,25
"43","2020-04-25",232,1,123,614,3934,0.466192170818505,2115,6711,464,436,49,2191,24,628,22,24
"44","2020-04-26",213,1,131,626,3934,0.466192170818505,2115,6711,464,436,70,2261,29,657,33,29
"45","2020-04-27",211,1,153,630,3934,0.466192170818505,2115,6711,464,436,57,2318,38,695,30,38
"46","2020-04-28",208,1,152,624,3934,0.466192170818505,2115,6711,464,436,53,2371,20,715,24,20
"47","2020-04-29",190,1,167,610,3934,0.466192170818505,2115,6711,464,436,43,2414,48,763,25,48
"48","2020-04-30",190,1,177,609,3934,0.466192170818505,2115,6711,464,436,50,2464,31,794,20,31
"49","2020-05-01",200,1,175,596,3934,0.466192170818505,2115,6711,464,436,46,2510,32,826,22,32
"50","2020-05-02",203,1,160,603,3934,0.466192170818505,2115,6711,464,436,60,2570,28,854,27,28
"51","2020-05-03",190,1,144,595,3934,0.466192170818505,2115,6711,464,436,47,2617,23,877,30,23
"52","2020-05-04",195,1,135,588,3934,0.466192170818505,2115,6711,464,436,49,2666,16,893,24,16
"53","2020-05-05",189,1,125,609,3934,0.466192170818505,2115,6711,464,436,67,2733,15,908,35,15
"54","2020-05-06",193,1,121,604,3934,0.466192170818505,2115,6711,464,436,46,2779,21,929,27,21
"55","2020-05-07",193,1,114,610,3934,0.466192170818505,2115,6711,464,436,53,2832,24,953,23,24
"56","2020-05-08",182,1,132,606,3934,0.466192170818505,2115,6711,464,436,52,2884,39,992,27,39
"57","2020-05-09",195,1,165,600,3934,0.466192170818505,2115,6711,464,436,49,2933,46,1038,24,46
"58","2020-05-10",203,1,167,576,3934,0.466192170818505,2115,6711,464,436,50,2983,35,1073,27,35
"59","2020-05-11",193,1,168,566,3934,0.466192170818505,2115,6711,464,436,50,3033,23,1096,28,23
"60","2020-05-12",190,1,176,546,3934,0.466192170818505,2115,6711,464,436,33,3066,38,1134,19,38
"61","2020-05-13",192,1,169,527,3934,0.466192170818505,2115,6711,464,436,31,3097,26,1160,17,26
"62","2020-05-14",182,1,147,518,3934,0.466192170818505,2115,6711,464,436,40,3137,11,1171,22,11
"63","2020-05-15",187,1,123,506,3934,0.466192170818505,2115,6711,464,436,37,3174,8,1179,14,8
"64","2020-05-16",167,1,128,501,3934,0.466192170818505,2115,6711,464,436,36,3210,31,1210,20,31
"65","2020-05-17",178,1,138,490,3934,0.466192170818505,2115,6711,464,436,43,3253,35,1245,14,35
"66","2020-05-18",175,1,126,469,3934,0.466192170818505,2115,6711,464,436,36,3289,21,1266,17,21
"67","2020-05-19",168,1,106,452,3934,0.466192170818505,2115,6711,464,436,34,3323,4,1270,19,4
"68","2020-05-20",160,1,92,436,3934,0.466192170818505,2115,6711,464,436,31,3354,13,1283,18,13
"69","2020-05-21",160,1,91,418,3934,0.466192170818505,2115,6711,464,436,36,3390,10,1293,18,10
"70","2020-05-22",160,1,96,411,3934,0.466192170818505,2115,6711,464,436,30,3420,25,1318,12,25
"71","2020-05-23",157,1,100,390,3934,0.466192170818505,2115,6711,464,436,23,3443,24,1342,13,24
"72","2020-05-24",141,1,114,376,3934,0.466192170818505,2115,6711,464,436,29,3472,23,1365,17,23
"73","2020-05-25",147,1,121,353,3934,0.466192170818505,2115,6711,464,436,20,3492,30,1395,9,30
"74","2020-05-26",134,1,121,339,3934,0.466192170818505,2115,6711,464,436,22,3514,16,1411,11,16
"75","2020-05-27",130,1,115,329,3934,0.466192170818505,2115,6711,464,436,26,3540,20,1431,14,20
"76","2020-05-28",129,1,99,315,3934,0.466192170818505,2115,6711,464,436,22,3562,5,1436,11,5
"77","2020-05-29",127,1,86,299,3934,0.466192170818505,2115,6711,464,436,20,3582,9,1445,11,9
"78","2020-05-30",146,1,89,294,3934,0.466192170818505,2115,6711,464,436,29,3611,15,1460,12,15
"79","2020-05-31",122,1,72,277,3934,0.466192170818505,2115,6711,464,436,18,3629,12,1472,7,12
"80","2020-06-01",109,1,68,272,3934,0.466192170818505,2115,6711,464,436,19,3648,8,1480,9,8
"81","2020-06-02",101,1,74,259,3934,0.466192170818505,2115,6711,464,436,14,3662,17,1497,6,17
"82","2020-06-03",101,1,76,240,3934,0.466192170818505,2115,6711,464,436,11,3673,11,1508,4,11
"83","2020-06-04",99,1,76,236,3934,0.466192170818505,2115,6711,464,436,18,3691,12,1520,9,12
"84","2020-06-05",102,1,66,223,3934,0.466192170818505,2115,6711,464,436,16,3707,7,1527,10,7
"85","2020-06-06",89,1,62,213,3934,0.466192170818505,2115,6711,464,436,17,3724,14,1541,5,14
"86","2020-06-07",93,1,63,201,3934,0.466192170818505,2115,6711,464,436,11,3735,12,1553,3,12
"87","2020-03-13",3,2,33,43,4706,0.804292392690183,2085,7356,498,308,18,61,2,16,4,2
"88","2020-03-14",6,2,39,55,4706,0.804292392690183,2085,7356,498,308,28,89,5,21,7,5
"89","2020-03-15",8,2,44,69,4706,0.804292392690183,2085,7356,498,308,27,116,6,27,6,6
"90","2020-03-16",10,2,38,93,4706,0.804292392690183,2085,7356,498,308,25,141,6,33,5,6
"91","2020-03-17",12,2,40,114,4706,0.804292392690183,2085,7356,498,308,33,174,7,40,8,7
"92","2020-03-18",12,2,41,147,4706,0.804292392690183,2085,7356,498,308,34,208,11,51,17,11
"93","2020-03-19",14,2,52,175,4706,0.804292392690183,2085,7356,498,308,48,256,7,58,29,7
"94","2020-03-20",21,2,47,200,4706,0.804292392690183,2085,7356,498,308,26,282,7,65,13,7
"95","2020-03-21",34,2,54,253,4706,0.804292392690183,2085,7356,498,308,43,325,12,77,27,12
"96","2020-03-22",42,2,58,282,4706,0.804292392690183,2085,7356,498,308,43,368,14,91,29,14
"97","2020-03-23",50,2,60,322,4706,0.804292392690183,2085,7356,498,308,51,419,12,103,33,12
"98","2020-03-24",58,2,58,363,4706,0.804292392690183,2085,7356,498,308,53,472,20,123,32,20
"99","2020-03-25",77,2,59,412,4706,0.804292392690183,2085,7356,498,308,56,528,9,132,33,9
"100","2020-03-26",91,2,64,456,4706,0.804292392690183,2085,7356,498,308,48,576,15,147,30,15
"101","2020-03-27",113,2,69,489,4706,0.804292392690183,2085,7356,498,308,49,625,10,157,26,10
"102","2020-03-28",141,2,66,527,4706,0.804292392690183,2085,7356,498,308,65,690,11,168,49,11
"103","2020-03-29",155,2,62,593,4706,0.804292392690183,2085,7356,498,308,54,744,16,184,29,16
"104","2020-03-30",152,2,57,626,4706,0.804292392690183,2085,7356,498,308,49,793,17,201,32,17
"105","2020-03-31",160,2,53,655,4706,0.804292392690183,2085,7356,498,308,70,863,15,216,50,15
"106","2020-04-01",171,2,49,687,4706,0.804292392690183,2085,7356,498,308,56,919,17,233,34,17
"107","2020-04-02",176,2,39,719,4706,0.804292392690183,2085,7356,498,308,36,955,14,247,26,14
"108","2020-04-03",211,2,39,751,4706,0.804292392690183,2085,7356,498,308,62,1017,20,267,44,20
"109","2020-04-04",233,2,33,774,4706,0.804292392690183,2085,7356,498,308,60,1077,14,281,37,14
"110","2020-04-05",246,2,34,803,4706,0.804292392690183,2085,7356,498,308,61,1138,12,293,46,12
"111","2020-04-06",247,2,53,832,4706,0.804292392690183,2085,7356,498,308,68,1206,11,304,44,11
"112","2020-04-07",246,2,63,871,4706,0.804292392690183,2085,7356,498,308,70,1276,15,319,42,15
"113","2020-04-08",248,2,78,896,4706,0.804292392690183,2085,7356,498,308,52,1328,16,335,39,16
"114","2020-04-09",260,2,73,922,4706,0.804292392690183,2085,7356,498,308,86,1414,12,347,58,12
"115","2020-04-10",293,2,66,961,4706,0.804292392690183,2085,7356,498,308,66,1480,17,364,49,17
"116","2020-04-11",308,2,68,965,4706,0.804292392690183,2085,7356,498,308,93,1573,13,377,65,13
"117","2020-04-12",274,2,68,961,4706,0.804292392690183,2085,7356,498,308,73,1646,13,390,44,13
"118","2020-04-13",272,2,68,961,4706,0.804292392690183,2085,7356,498,308,75,1721,21,411,47,21
"119","2020-04-14",283,2,91,1007,4706,0.804292392690183,2085,7356,498,308,59,1780,14,425,44,14
"120","2020-04-15",280,2,84,969,4706,0.804292392690183,2085,7356,498,308,59,1839,24,449,48,24
"121","2020-04-16",285,2,90,981,4706,0.804292392690183,2085,7356,498,308,74,1913,15,464,55,15
"122","2020-04-17",336,2,97,994,4706,0.804292392690183,2085,7356,498,308,74,1987,23,487,55,23
"123","2020-04-18",343,2,90,1024,4706,0.804292392690183,2085,7356,498,308,62,2049,29,516,35,29
"124","2020-04-19",359,2,88,1032,4706,0.804292392690183,2085,7356,498,308,64,2113,20,536,41,20
"125","2020-04-20",367,2,96,1031,4706,0.804292392690183,2085,7356,498,308,64,2177,14,550,37,14
"126","2020-04-21",349,2,107,991,4706,0.804292392690183,2085,7356,498,308,55,2232,27,577,32,27
"127","2020-04-22",354,2,102,998,4706,0.804292392690183,2085,7356,498,308,55,2287,30,607,32,30
"128","2020-04-23",351,2,118,983,4706,0.804292392690183,2085,7356,498,308,47,2334,21,628,32,21
"129","2020-04-24",370,2,127,984,4706,0.804292392690183,2085,7356,498,308,50,2384,19,647,28,19
"130","2020-04-25",350,2,123,958,4706,0.804292392690183,2085,7356,498,308,65,2449,33,680,33,33
"131","2020-04-26",300,2,104,927,4706,0.804292392690183,2085,7356,498,308,55,2504,27,707,29,27
"132","2020-04-27",298,2,102,916,4706,0.804292392690183,2085,7356,498,308,47,2551,25,732,34,25
"133","2020-04-28",299,2,109,882,4706,0.804292392690183,2085,7356,498,308,50,2601,24,756,26,24
"134","2020-04-29",298,2,113,845,4706,0.804292392690183,2085,7356,498,308,50,2651,25,781,31,25
"135","2020-04-30",290,2,114,819,4706,0.804292392690183,2085,7356,498,308,43,2694,43,824,26,43
"136","2020-05-01",298,2,114,780,4706,0.804292392690183,2085,7356,498,308,47,2741,43,867,21,43
"137","2020-05-02",285,2,130,762,4706,0.804292392690183,2085,7356,498,308,37,2778,35,902,24,35
"138","2020-05-03",285,2,118,732,4706,0.804292392690183,2085,7356,498,308,33,2811,34,936,17,34
"139","2020-05-04",276,2,117,718,4706,0.804292392690183,2085,7356,498,308,39,2850,27,963,23,27
"140","2020-05-05",258,2,118,685,4706,0.804292392690183,2085,7356,498,308,56,2906,17,980,35,17
"141","2020-05-06",247,2,104,659,4706,0.804292392690183,2085,7356,498,308,50,2956,21,1001,30,21
"142","2020-05-07",241,2,122,634,4706,0.804292392690183,2085,7356,498,308,40,2996,21,1022,23,21
"143","2020-05-08",235,2,128,622,4706,0.804292392690183,2085,7356,498,308,53,3049,29,1051,30,29
"144","2020-05-09",232,2,144,587,4706,0.804292392690183,2085,7356,498,308,43,3092,36,1087,30,36
"145","2020-05-10",195,2,134,552,4706,0.804292392690183,2085,7356,498,308,40,3132,31,1118,21,31
"146","2020-05-11",175,2,143,529,4706,0.804292392690183,2085,7356,498,308,43,3175,23,1141,21,23
"147","2020-05-12",164,2,143,514,4706,0.804292392690183,2085,7356,498,308,43,3218,31,1172,25,31
"148","2020-05-13",163,2,155,492,4706,0.804292392690183,2085,7356,498,308,43,3261,21,1193,28,21
"149","2020-05-14",161,2,137,476,4706,0.804292392690183,2085,7356,498,308,27,3288,23,1216,20,23
"150","2020-05-15",160,2,136,463,4706,0.804292392690183,2085,7356,498,308,39,3327,30,1246,21,30
"151","2020-05-16",178,2,118,439,4706,0.804292392690183,2085,7356,498,308,34,3361,26,1272,18,26
"152","2020-05-17",164,2,99,420,4706,0.804292392690183,2085,7356,498,308,35,3396,28,1300,24,28
"153","2020-05-18",154,2,88,410,4706,0.804292392690183,2085,7356,498,308,40,3436,33,1333,28,33
"154","2020-05-19",155,2,83,397,4706,0.804292392690183,2085,7356,498,308,36,3472,19,1352,21,19
"155","2020-05-20",151,2,70,376,4706,0.804292392690183,2085,7356,498,308,32,3504,24,1376,22,24
"156","2020-05-21",143,2,71,356,4706,0.804292392690183,2085,7356,498,308,25,3529,11,1387,15,11
"157","2020-05-22",133,2,66,341,4706,0.804292392690183,2085,7356,498,308,20,3549,14,1401,9,14
"158","2020-05-23",111,2,55,321,4706,0.804292392690183,2085,7356,498,308,31,3580,17,1418,17,17
"159","2020-05-24",118,2,61,302,4706,0.804292392690183,2085,7356,498,308,21,3601,17,1435,11,17
"160","2020-05-25",125,2,76,297,4706,0.804292392690183,2085,7356,498,308,27,3628,33,1468,12,33
"161","2020-05-26",119,2,74,284,4706,0.804292392690183,2085,7356,498,308,31,3659,18,1486,17,18
"162","2020-05-27",109,2,71,272,4706,0.804292392690183,2085,7356,498,308,24,3683,23,1509,15,23
"163","2020-05-28",111,2,67,265,4706,0.804292392690183,2085,7356,498,308,25,3708,22,1531,15,22
"164","2020-05-29",109,2,66,256,4706,0.804292392690183,2085,7356,498,308,30,3738,17,1548,17,17
"165","2020-05-30",116,2,63,236,4706,0.804292392690183,2085,7356,498,308,15,3753,31,1579,12,31
"166","2020-05-31",103,2,73,232,4706,0.804292392690183,2085,7356,498,308,27,3780,26,1605,13,26
"167","2020-06-01",85,2,69,219,4706,0.804292392690183,2085,7356,498,308,13,3793,19,1624,7,19
"168","2020-06-02",78,2,74,215,4706,0.804292392690183,2085,7356,498,308,26,3819,13,1637,14,13
"169","2020-06-03",77,2,78,191,4706,0.804292392690183,2085,7356,498,308,12,3831,29,1666,7,29
"170","2020-06-04",69,2,74,180,4706,0.804292392690183,2085,7356,498,308,20,3851,15,1681,14,15
"171","2020-06-05",62,2,71,179,4706,0.804292392690183,2085,7356,498,308,15,3866,12,1693,11,12
"172","2020-06-06",52,2,60,172,4706,0.804292392690183,2085,7356,498,308,20,3886,16,1709,11,16
"173","2020-06-07",47,2,52,156,4706,0.804292392690183,2085,7356,498,308,22,3908,18,1727,15,18
"174","2020-03-14",1,3,88,105,4777,0.662968390203056,2115,7377,565,990,16,48,9,44,7,9
"175","2020-03-15",8,3,102,137,4777,0.662968390203056,2115,7377,565,990,25,73,6,50,14,6
"176","2020-03-16",14,3,135,164,4777,0.662968390203056,2115,7377,565,990,27,100,8,58,20,8
"177","2020-03-17",17,3,153,202,4777,0.662968390203056,2115,7377,565,990,26,126,12,70,20,12
"178","2020-03-18",24,3,127,232,4777,0.662968390203056,2115,7377,565,990,28,154,12,82,26,12
"179","2020-03-19",33,3,115,268,4777,0.662968390203056,2115,7377,565,990,26,180,14,96,22,14
"180","2020-03-20",48,3,126,312,4777,0.662968390203056,2115,7377,565,990,44,224,12,108,37,12
"181","2020-03-21",74,3,137,366,4777,0.662968390203056,2115,7377,565,990,51,275,14,122,42,14
"182","2020-03-22",91,3,142,395,4777,0.662968390203056,2115,7377,565,990,53,328,11,133,47,11
"183","2020-03-23",93,3,160,442,4777,0.662968390203056,2115,7377,565,990,54,382,22,155,49,22
"184","2020-03-24",100,3,171,490,4777,0.662968390203056,2115,7377,565,990,67,449,18,173,64,18
"185","2020-03-25",115,3,186,515,4777,0.662968390203056,2115,7377,565,990,74,523,16,189,66,16
"186","2020-03-26",119,3,174,548,4777,0.662968390203056,2115,7377,565,990,80,603,21,210,78,21
"187","2020-03-27",154,3,165,585,4777,0.662968390203056,2115,7377,565,990,81,684,22,232,73,22
"188","2020-03-28",182,3,159,607,4777,0.662968390203056,2115,7377,565,990,88,772,23,255,84,23
"189","2020-03-29",186,3,178,644,4777,0.662968390203056,2115,7377,565,990,107,879,28,283,98,28
"190","2020-03-30",182,3,208,679,4777,0.662968390203056,2115,7377,565,990,130,1009,31,314,123,31
"191","2020-03-31",181,3,242,700,4777,0.662968390203056,2115,7377,565,990,100,1109,33,347,94,33
"192","2020-04-01",185,3,256,734,4777,0.662968390203056,2115,7377,565,990,101,1210,26,373,90,26
"193","2020-04-02",202,3,273,737,4777,0.662968390203056,2115,7377,565,990,125,1335,34,407,118,34
"194","2020-04-03",215,3,271,778,4777,0.662968390203056,2115,7377,565,990,125,1460,41,448,114,41
"195","2020-04-04",220,3,270,800,4777,0.662968390203056,2115,7377,565,990,115,1575,29,477,112,29
"196","2020-04-05",234,3,255,817,4777,0.662968390203056,2115,7377,565,990,146,1721,43,520,142,43
"197","2020-04-06",238,3,226,832,4777,0.662968390203056,2115,7377,565,990,142,1863,23,543,136,23
"198","2020-04-07",244,3,229,842,4777,0.662968390203056,2115,7377,565,990,142,2005,36,579,137,36
"199","2020-04-08",249,3,226,887,4777,0.662968390203056,2115,7377,565,990,127,2132,33,612,121,33
"200","2020-04-09",258,3,232,931,4777,0.662968390203056,2115,7377,565,990,135,2267,27,639,133,27
"201","2020-04-10",306,3,215,933,4777,0.662968390203056,2115,7377,565,990,174,2441,22,661,163,22
"202","2020-04-11",333,3,216,919,4777,0.662968390203056,2115,7377,565,990,128,2569,16,677,124,16
"203","2020-04-12",317,3,234,926,4777,0.662968390203056,2115,7377,565,990,156,2725,17,694,148,17
"204","2020-04-13",319,3,239,959,4777,0.662968390203056,2115,7377,565,990,192,2917,19,713,186,19
"205","2020-04-14",322,3,239,980,4777,0.662968390203056,2115,7377,565,990,129,3046,20,733,119,20
"206","2020-04-15",329,3,222,962,4777,0.662968390203056,2115,7377,565,990,171,3217,28,761,164,28
"207","2020-04-16",319,3,234,960,4777,0.662968390203056,2115,7377,565,990,110,3327,17,778,105,17
"208","2020-04-17",352,3,229,947,4777,0.662968390203056,2115,7377,565,990,150,3477,22,800,143,22
"209","2020-04-18",340,3,235,965,4777,0.662968390203056,2115,7377,565,990,139,3616,34,834,134,34
"210","2020-04-19",324,3,242,957,4777,0.662968390203056,2115,7377,565,990,102,3718,31,865,96,31
"211","2020-04-20",325,3,235,935,4777,0.662968390203056,2115,7377,565,990,132,3850,23,888,127,23
"212","2020-04-21",317,3,226,913,4777,0.662968390203056,2115,7377,565,990,92,3942,37,925,88,37
"213","2020-04-22",317,3,253,898,4777,0.662968390203056,2115,7377,565,990,110,4052,20,945,103,20
"214","2020-04-23",321,3,250,877,4777,0.662968390203056,2115,7377,565,990,115,4167,33,978,106,33
"215","2020-04-24",321,3,249,849,4777,0.662968390203056,2115,7377,565,990,87,4254,29,1007,82,29
"216","2020-04-25",316,3,258,836,4777,0.662968390203056,2115,7377,565,990,85,4339,25,1032,80,25
"217","2020-04-26",297,3,271,824,4777,0.662968390203056,2115,7377,565,990,95,4434,22,1054,90,22
"218","2020-04-27",282,3,260,792,4777,0.662968390203056,2115,7377,565,990,63,4497,43,1097,59,43
"219","2020-04-28",269,3,261,763,4777,0.662968390203056,2115,7377,565,990,89,4586,36,1133,82,36
"220","2020-04-29",259,3,249,725,4777,0.662968390203056,2115,7377,565,990,69,4655,34,1167,67,34
"221","2020-04-30",251,3,236,695,4777,0.662968390203056,2115,7377,565,990,48,4703,47,1214,45,47
"222","2020-05-01",231,3,244,653,4777,0.662968390203056,2115,7377,565,990,52,4755,40,1254,44,40
"223","2020-05-02",225,3,251,628,4777,0.662968390203056,2115,7377,565,990,54,4809,30,1284,51,30
"224","2020-05-03",237,3,247,626,4777,0.662968390203056,2115,7377,565,990,54,4863,35,1319,50,35
"225","2020-05-04",228,3,248,619,4777,0.662968390203056,2115,7377,565,990,56,4919,18,1337,51,18
"226","2020-05-05",220,3,244,602,4777,0.662968390203056,2115,7377,565,990,46,4965,30,1367,41,30
"227","2020-05-06",211,3,236,576,4777,0.662968390203056,2115,7377,565,990,45,5010,11,1378,42,11
"228","2020-05-07",204,3,225,549,4777,0.662968390203056,2115,7377,565,990,41,5051,22,1400,36,22
"229","2020-05-08",212,3,221,536,4777,0.662968390203056,2115,7377,565,990,28,5079,46,1446,26,46
"230","2020-05-09",205,3,228,526,4777,0.662968390203056,2115,7377,565,990,37,5116,28,1474,32,28
"231","2020-05-10",171,3,209,520,4777,0.662968390203056,2115,7377,565,990,29,5145,42,1516,26,42
"232","2020-05-11",170,3,204,522,4777,0.662968390203056,2115,7377,565,990,35,5180,64,1580,30,64
"233","2020-05-12",154,3,206,523,4777,0.662968390203056,2115,7377,565,990,31,5211,35,1615,29,35
"234","2020-05-13",160,3,202,516,4777,0.662968390203056,2115,7377,565,990,28,5239,29,1644,27,29
"235","2020-05-14",171,3,194,515,4777,0.662968390203056,2115,7377,565,990,21,5260,24,1668,19,24
"236","2020-05-15",162,3,178,508,4777,0.662968390203056,2115,7377,565,990,18,5278,25,1693,17,25
"237","2020-05-16",174,3,193,489,4777,0.662968390203056,2115,7377,565,990,23,5301,18,1711,19,18
"238","2020-05-17",181,3,208,466,4777,0.662968390203056,2115,7377,565,990,14,5315,25,1736,12,25
"239","2020-05-18",170,3,217,438,4777,0.662968390203056,2115,7377,565,990,15,5330,13,1749,12,13
"240","2020-05-19",175,3,215,431,4777,0.662968390203056,2115,7377,565,990,26,5356,19,1768,24,19
"241","2020-05-20",176,3,202,416,4777,0.662968390203056,2115,7377,565,990,20,5376,20,1788,16,20
"242","2020-05-21",159,3,201,403,4777,0.662968390203056,2115,7377,565,990,12,5388,22,1810,11,22
"243","2020-05-22",160,3,187,379,4777,0.662968390203056,2115,7377,565,990,12,5400,16,1826,11,16
"244","2020-05-23",150,3,197,362,4777,0.662968390203056,2115,7377,565,990,10,5410,30,1856,8,30
"245","2020-05-24",132,3,209,344,4777,0.662968390203056,2115,7377,565,990,8,5418,22,1878,8,22
"246","2020-05-25",135,3,207,332,4777,0.662968390203056,2115,7377,565,990,6,5424,23,1901,5,23
"247","2020-05-26",126,3,206,319,4777,0.662968390203056,2115,7377,565,990,16,5440,37,1938,13,37
"248","2020-05-27",105,3,227,317,4777,0.662968390203056,2115,7377,565,990,6,5446,17,1955,3,17
"249","2020-05-28",107,3,232,296,4777,0.662968390203056,2115,7377,565,990,11,5457,24,1979,10,24
"250","2020-05-29",115,3,226,286,4777,0.662968390203056,2115,7377,565,990,9,5466,14,1993,7,14
"251","2020-05-30",107,3,225,280,4777,0.662968390203056,2115,7377,565,990,6,5472,26,2019,6,26
"252","2020-05-31",100,3,226,271,4777,0.662968390203056,2115,7377,565,990,9,5481,10,2029,8,10
"253","2020-06-01",87,3,235,256,4777,0.662968390203056,2115,7377,565,990,10,5491,16,2045,9,16
"254","2020-06-02",81,3,221,243,4777,0.662968390203056,2115,7377,565,990,6,5497,18,2063,4,18
"255","2020-06-03",87,3,212,225,4777,0.662968390203056,2115,7377,565,990,1,5498,16,2079,1,16
"256","2020-06-04",78,3,201,200,4777,0.662968390203056,2115,7377,565,990,8,5506,19,2098,7,19
"257","2020-06-05",68,3,201,186,4777,0.662968390203056,2115,7377,565,990,7,5513,17,2115,7,17
"258","2020-06-06",62,3,204,180,4777,0.662968390203056,2115,7377,565,990,7,5520,13,2128,6,13
"259","2020-06-07",65,3,187,169,4777,0.662968390203056,2115,7377,565,990,6,5526,25,2153,4,25
"260","2020-03-14",1,4,16,46,4077,0.804513122393917,1995,6302,472,466,33,112,11,57,8,11
"261","2020-03-15",4,4,32,63,4077,0.804513122393917,1995,6302,472,466,30,142,24,81,12,24
"262","2020-03-16",6,4,40,86,4077,0.804513122393917,1995,6302,472,466,48,190,39,120,23,39
"263","2020-03-17",9,4,41,105,4077,0.804513122393917,1995,6302,472,466,49,239,27,147,24,27
"264","2020-03-18",13,4,43,123,4077,0.804513122393917,1995,6302,472,466,46,285,19,166,24,19
"265","2020-03-19",17,4,53,142,4077,0.804513122393917,1995,6302,472,466,42,327,14,180,33,14
"266","2020-03-20",23,4,54,162,4077,0.804513122393917,1995,6302,472,466,46,373,10,190,30,10
"267","2020-03-21",28,4,51,182,4077,0.804513122393917,1995,6302,472,466,41,414,14,204,27,14
"268","2020-03-22",44,4,44,199,4077,0.804513122393917,1995,6302,472,466,35,449,46,250,23,46
"269","2020-03-23",46,4,49,224,4077,0.804513122393917,1995,6302,472,466,54,503,15,265,30,15
"270","2020-03-24",47,4,42,246,4077,0.804513122393917,1995,6302,472,466,61,564,39,304,38,39
"271","2020-03-25",54,4,51,263,4077,0.804513122393917,1995,6302,472,466,54,618,18,322,35,18
"272","2020-03-26",61,4,60,291,4077,0.804513122393917,1995,6302,472,466,54,672,18,340,33,18
"273","2020-03-27",88,4,71,323,4077,0.804513122393917,1995,6302,472,466,68,740,14,354,43,14
"274","2020-03-28",102,4,63,348,4077,0.804513122393917,1995,6302,472,466,63,803,13,367,36,13
"275","2020-03-29",99,4,55,355,4077,0.804513122393917,1995,6302,472,466,61,864,11,378,40,11
"276","2020-03-30",108,4,71,393,4077,0.804513122393917,1995,6302,472,466,41,905,22,400,29,22
"277","2020-03-31",109,4,77,415,4077,0.804513122393917,1995,6302,472,466,59,964,14,414,40,14
"278","2020-04-01",118,4,91,463,4077,0.804513122393917,1995,6302,472,466,69,1033,19,433,45,19
"279","2020-04-02",127,4,90,487,4077,0.804513122393917,1995,6302,472,466,74,1107,12,445,50,12
"280","2020-04-03",156,4,74,519,4077,0.804513122393917,1995,6302,472,466,74,1181,40,485,45,40
"281","2020-04-04",173,4,63,530,4077,0.804513122393917,1995,6302,472,466,61,1242,47,532,40,47
"282","2020-04-05",168,4,58,573,4077,0.804513122393917,1995,6302,472,466,89,1331,34,566,63,34
"283","2020-04-06",174,4,66,592,4077,0.804513122393917,1995,6302,472,466,56,1387,30,596,32,30
"284","2020-04-07",172,4,86,629,4077,0.804513122393917,1995,6302,472,466,63,1450,22,618,40,22
"285","2020-04-08",176,4,91,634,4077,0.804513122393917,1995,6302,472,466,74,1524,37,655,48,37
"286","2020-04-09",181,4,75,661,4077,0.804513122393917,1995,6302,472,466,63,1587,27,682,42,27
"287","2020-04-10",200,4,77,691,4077,0.804513122393917,1995,6302,472,466,72,1659,20,702,50,20
"288","2020-04-11",200,4,75,713,4077,0.804513122393917,1995,6302,472,466,59,1718,16,718,40,16
"289","2020-04-12",205,4,74,741,4077,0.804513122393917,1995,6302,472,466,60,1778,40,758,31,40
"290","2020-04-13",207,4,101,762,4077,0.804513122393917,1995,6302,472,466,73,1851,17,775,47,17
"291","2020-04-14",208,4,122,763,4077,0.804513122393917,1995,6302,472,466,71,1922,17,792,47,17
"292","2020-04-15",209,4,141,784,4077,0.804513122393917,1995,6302,472,466,66,1988,45,837,33,45
"293","2020-04-16",216,4,154,794,4077,0.804513122393917,1995,6302,472,466,58,2046,54,891,34,54
"294","2020-04-17",247,4,156,797,4077,0.804513122393917,1995,6302,472,466,93,2139,35,926,58,35
"295","2020-04-18",280,4,165,807,4077,0.804513122393917,1995,6302,472,466,61,2200,19,945,40,19
"296","2020-04-19",276,4,151,808,4077,0.804513122393917,1995,6302,472,466,87,2287,48,993,54,48
"297","2020-04-20",272,4,159,793,4077,0.804513122393917,1995,6302,472,466,68,2355,29,1022,45,29
"298","2020-04-21",289,4,160,794,4077,0.804513122393917,1995,6302,472,466,83,2438,14,1036,53,14
"299","2020-04-22",298,4,150,818,4077,0.804513122393917,1995,6302,472,466,66,2504,16,1052,35,16
"300","2020-04-23",295,4,144,823,4077,0.804513122393917,1995,6302,472,466,64,2568,51,1103,44,51
"301","2020-04-24",315,4,119,817,4077,0.804513122393917,1995,6302,472,466,66,2634,73,1176,41,73
"302","2020-04-25",291,4,112,807,4077,0.804513122393917,1995,6302,472,466,65,2699,36,1212,40,36
"303","2020-04-26",279,4,99,802,4077,0.804513122393917,1995,6302,472,466,66,2765,56,1268,42,56
"304","2020-04-27",281,4,98,799,4077,0.804513122393917,1995,6302,472,466,64,2829,26,1294,36,26
"305","2020-04-28",260,4,124,809,4077,0.804513122393917,1995,6302,472,466,64,2893,56,1350,36,56
"306","2020-04-29",260,4,120,787,4077,0.804513122393917,1995,6302,472,466,80,2973,52,1402,58,52
"307","2020-04-30",263,4,132,765,4077,0.804513122393917,1995,6302,472,466,56,3029,32,1434,30,32
"308","2020-05-01",257,4,144,733,4077,0.804513122393917,1995,6302,472,466,58,3087,10,1444,35,10
"309","2020-05-02",262,4,132,728,4077,0.804513122393917,1995,6302,472,466,51,3138,5,1449,31,5
"310","2020-05-03",247,4,133,713,4077,0.804513122393917,1995,6302,472,466,61,3199,12,1461,34,12
"311","2020-05-04",225,4,134,709,4077,0.804513122393917,1995,6302,472,466,51,3250,6,1467,26,6
"312","2020-05-05",223,4,122,692,4077,0.804513122393917,1995,6302,472,466,52,3302,13,1480,29,13
"313","2020-05-06",222,4,137,679,4077,0.804513122393917,1995,6302,472,466,58,3360,56,1536,39,56
"314","2020-05-07",216,4,131,684,4077,0.804513122393917,1995,6302,472,466,54,3414,56,1592,38,56
"315","2020-05-08",225,4,116,664,4077,0.804513122393917,1995,6302,472,466,39,3453,58,1650,24,58
"316","2020-05-09",230,4,103,652,4077,0.804513122393917,1995,6302,472,466,64,3517,52,1702,41,52
"317","2020-05-10",214,4,92,635,4077,0.804513122393917,1995,6302,472,466,55,3572,46,1748,34,46
"318","2020-05-11",225,4,89,615,4077,0.804513122393917,1995,6302,472,466,48,3620,51,1799,30,51
"319","2020-05-12",232,4,99,613,4077,0.804513122393917,1995,6302,472,466,50,3670,21,1820,34,21
"320","2020-05-13",217,4,117,593,4077,0.804513122393917,1995,6302,472,466,50,3720,11,1831,25,11
"321","2020-05-14",219,4,123,567,4077,0.804513122393917,1995,6302,472,466,44,3764,13,1844,22,13
"322","2020-05-15",216,4,113,546,4077,0.804513122393917,1995,6302,472,466,33,3797,16,1860,20,16
"323","2020-05-16",206,4,100,528,4077,0.804513122393917,1995,6302,472,466,26,3823,38,1898,17,38
"324","2020-05-17",205,4,91,501,4077,0.804513122393917,1995,6302,472,466,35,3858,21,1919,26,21
"325","2020-05-18",186,4,83,481,4077,0.804513122393917,1995,6302,472,466,50,3908,21,1940,30,21
"326","2020-05-19",173,4,71,476,4077,0.804513122393917,1995,6302,472,466,33,3941,48,1988,19,48
"327","2020-05-20",182,4,56,455,4077,0.804513122393917,1995,6302,472,466,33,3974,19,2007,14,19
"328","2020-05-21",165,4,49,437,4077,0.804513122393917,1995,6302,472,466,35,4009,24,2031,17,24
"329","2020-05-22",156,4,51,402,4077,0.804513122393917,1995,6302,472,466,27,4036,43,2074,17,43
"330","2020-05-23",151,4,62,375,4077,0.804513122393917,1995,6302,472,466,21,4057,31,2105,13,31
"331","2020-05-24",126,4,69,347,4077,0.804513122393917,1995,6302,472,466,39,4096,34,2139,22,34
"332","2020-05-25",128,4,69,314,4077,0.804513122393917,1995,6302,472,466,28,4124,15,2154,14,15
"333","2020-05-26",122,4,59,300,4077,0.804513122393917,1995,6302,472,466,39,4163,37,2191,26,37
"334","2020-05-27",108,4,69,283,4077,0.804513122393917,1995,6302,472,466,24,4187,24,2215,16,24
"335","2020-05-28",112,4,77,263,4077,0.804513122393917,1995,6302,472,466,30,4217,12,2227,21,12
"336","2020-05-29",99,4,81,254,4077,0.804513122393917,1995,6302,472,466,25,4242,21,2248,18,21
"337","2020-05-30",96,4,74,246,4077,0.804513122393917,1995,6302,472,466,27,4269,11,2259,20,11
"338","2020-05-31",87,4,79,226,4077,0.804513122393917,1995,6302,472,466,21,4290,11,2270,12,11
"339","2020-06-01",78,4,89,212,4077,0.804513122393917,1995,6302,472,466,26,4316,10,2280,17,10
"340","2020-06-02",70,4,100,195,4077,0.804513122393917,1995,6302,472,466,17,4333,6,2286,12,6
"341","2020-06-03",71,4,89,183,4077,0.804513122393917,1995,6302,472,466,24,4357,11,2297,16,11
"342","2020-06-04",61,4,96,164,4077,0.804513122393917,1995,6302,472,466,15,4372,32,2329,11,32
"343","2020-06-05",67,4,102,160,4077,0.804513122393917,1995,6302,472,466,20,4392,23,2352,13,23
"344","2020-06-06",65,4,84,156,4077,0.804513122393917,1995,6302,472,466,9,4401,24,2376,4,24
"345","2020-06-07",57,4,95,146,4077,0.804513122393917,1995,6302,472,466,26,4427,35,2411,17,35
"346","2020-03-12",1,5,18,28,4262,0.739089629282027,2130,7078,378,307,7,15,12,22,1,12
"347","2020-03-13",2,5,21,39,4262,0.739089629282027,2130,7078,378,307,5,20,24,46,1,24
"348","2020-03-14",6,5,21,54,4262,0.739089629282027,2130,7078,378,307,14,34,13,59,5,13
"349","2020-03-15",7,5,30,70,4262,0.739089629282027,2130,7078,378,307,9,43,13,72,7,13
"350","2020-03-16",10,5,31,98,4262,0.739089629282027,2130,7078,378,307,11,54,16,88,5,16
"351","2020-03-17",13,5,30,125,4262,0.739089629282027,2130,7078,378,307,18,72,9,97,11,9
"352","2020-03-18",23,5,35,159,4262,0.739089629282027,2130,7078,378,307,23,95,15,112,13,15
"353","2020-03-19",27,5,30,186,4262,0.739089629282027,2130,7078,378,307,11,106,19,131,8,19
"354","2020-03-20",29,5,34,217,4262,0.739089629282027,2130,7078,378,307,28,134,15,146,22,15
"355","2020-03-21",34,5,31,235,4262,0.739089629282027,2130,7078,378,307,15,149,19,165,12,19
"356","2020-03-22",43,5,27,275,4262,0.739089629282027,2130,7078,378,307,34,183,19,184,27,19
"357","2020-03-23",49,5,23,316,4262,0.739089629282027,2130,7078,378,307,26,209,17,201,22,17
"358","2020-03-24",57,5,19,341,4262,0.739089629282027,2130,7078,378,307,34,243,13,214,26,13
"359","2020-03-25",65,5,21,384,4262,0.739089629282027,2130,7078,378,307,51,294,7,221,45,7
"360","2020-03-26",72,5,32,404,4262,0.739089629282027,2130,7078,378,307,35,329,18,239,28,18
"361","2020-03-27",94,5,32,422,4262,0.739089629282027,2130,7078,378,307,73,402,12,251,62,12
"362","2020-03-28",128,5,43,443,4262,0.739089629282027,2130,7078,378,307,57,459,27,278,50,27
"363","2020-03-29",134,5,48,482,4262,0.739089629282027,2130,7078,378,307,52,511,24,302,44,24
"364","2020-03-30",140,5,56,513,4262,0.739089629282027,2130,7078,378,307,86,597,21,323,79,21
"365","2020-03-31",150,5,64,568,4262,0.739089629282027,2130,7078,378,307,88,685,28,351,78,28
"366","2020-04-01",151,5,69,584,4262,0.739089629282027,2130,7078,378,307,95,780,19,370,85,19
"367","2020-04-02",155,5,72,614,4262,0.739089629282027,2130,7078,378,307,102,882,27,397,91,27
"368","2020-04-03",193,5,63,646,4262,0.739089629282027,2130,7078,378,307,96,978,31,428,91,31
"369","2020-04-04",189,5,61,657,4262,0.739089629282027,2130,7078,378,307,87,1065,13,441,80,13
"370","2020-04-05",205,5,62,686,4262,0.739089629282027,2130,7078,378,307,113,1178,18,459,104,18
"371","2020-04-06",211,5,55,704,4262,0.739089629282027,2130,7078,378,307,112,1290,19,478,104,19
"372","2020-04-07",212,5,58,725,4262,0.739089629282027,2130,7078,378,307,111,1401,28,506,107,28
"373","2020-04-08",218,5,60,724,4262,0.739089629282027,2130,7078,378,307,125,1526,27,533,121,27
"374","2020-04-09",232,5,62,735,4262,0.739089629282027,2130,7078,378,307,141,1667,14,547,133,14
"375","2020-04-10",246,5,62,738,4262,0.739089629282027,2130,7078,378,307,132,1799,31,578,126,31
"376","2020-04-11",249,5,58,734,4262,0.739089629282027,2130,7078,378,307,147,1946,39,617,135,39
"377","2020-04-12",239,5,54,734,4262,0.739089629282027,2130,7078,378,307,151,2097,27,644,142,27
"378","2020-04-13",235,5,46,730,4262,0.739089629282027,2130,7078,378,307,137,2234,34,678,126,34
"379","2020-04-14",230,5,51,703,4262,0.739089629282027,2130,7078,378,307,184,2418,33,711,179,33
"380","2020-04-15",232,5,50,732,4262,0.739089629282027,2130,7078,378,307,139,2557,17,728,134,17
"381","2020-04-16",226,5,52,741,4262,0.739089629282027,2130,7078,378,307,136,2693,33,761,127,33
"382","2020-04-17",253,5,44,756,4262,0.739089629282027,2130,7078,378,307,142,2835,33,794,135,33
"383","2020-04-18",252,5,47,794,4262,0.739089629282027,2130,7078,378,307,155,2990,35,829,151,35
"384","2020-04-19",252,5,42,784,4262,0.739089629282027,2130,7078,378,307,126,3116,31,860,120,31
"385","2020-04-20",258,5,43,793,4262,0.739089629282027,2130,7078,378,307,139,3255,23,883,136,23
"386","2020-04-21",248,5,39,812,4262,0.739089629282027,2130,7078,378,307,135,3390,38,921,130,38
"387","2020-04-22",246,5,44,840,4262,0.739089629282027,2130,7078,378,307,157,3547,28,949,152,28
"388","2020-04-23",254,5,45,831,4262,0.739089629282027,2130,7078,378,307,120,3667,28,977,114,28
"389","2020-04-24",282,5,58,842,4262,0.739089629282027,2130,7078,378,307,109,3776,23,1000,106,23
"390","2020-04-25",277,5,73,823,4262,0.739089629282027,2130,7078,378,307,110,3886,27,1027,104,27
"391","2020-04-26",274,5,83,816,4262,0.739089629282027,2130,7078,378,307,117,4003,49,1076,113,49
"392","2020-04-27",265,5,87,801,4262,0.739089629282027,2130,7078,378,307,100,4103,35,1111,93,35
"393","2020-04-28",266,5,90,821,4262,0.739089629282027,2130,7078,378,307,107,4210,36,1147,104,36
"394","2020-04-29",265,5,119,816,4262,0.739089629282027,2130,7078,378,307,76,4286,47,1194,72,47
"395","2020-04-30",261,5,96,793,4262,0.739089629282027,2130,7078,378,307,79,4365,54,1248,76,54
"396","2020-05-01",277,5,88,772,4262,0.739089629282027,2130,7078,378,307,70,4435,38,1286,63,38
"397","2020-05-02",284,5,81,765,4262,0.739089629282027,2130,7078,378,307,75,4510,32,1318,71,32
"398","2020-05-03",260,5,89,723,4262,0.739089629282027,2130,7078,378,307,89,4599,19,1337,81,19
"399","2020-05-04",260,5,90,707,4262,0.739089629282027,2130,7078,378,307,66,4665,21,1358,61,21
"400","2020-05-05",241,5,92,681,4262,0.739089629282027,2130,7078,378,307,60,4725,35,1393,59,35
"401","2020-05-06",246,5,100,659,4262,0.739089629282027,2130,7078,378,307,45,4770,29,1422,42,29
"402","2020-05-07",244,5,96,648,4262,0.739089629282027,2130,7078,378,307,56,4826,35,1457,48,35
"403","2020-05-08",231,5,93,623,4262,0.739089629282027,2130,7078,378,307,52,4878,34,1491,48,34
"404","2020-05-09",239,5,98,592,4262,0.739089629282027,2130,7078,378,307,52,4930,23,1514,49,23
"405","2020-05-10",233,5,96,584,4262,0.739089629282027,2130,7078,378,307,42,4972,17,1531,40,17
"406","2020-05-11",220,5,82,560,4262,0.739089629282027,2130,7078,378,307,44,5016,37,1568,42,37
"407","2020-05-12",209,5,81,534,4262,0.739089629282027,2130,7078,378,307,41,5057,27,1595,35,27
"408","2020-05-13",202,5,69,520,4262,0.739089629282027,2130,7078,378,307,37,5094,36,1631,35,36
"409","2020-05-14",194,5,73,490,4262,0.739089629282027,2130,7078,378,307,34,5128,40,1671,32,40
"410","2020-05-15",197,5,78,482,4262,0.739089629282027,2130,7078,378,307,39,5167,18,1689,36,18
"411","2020-05-16",187,5,72,458,4262,0.739089629282027,2130,7078,378,307,30,5197,27,1716,23,27
"412","2020-05-17",171,5,80,453,4262,0.739089629282027,2130,7078,378,307,25,5222,23,1739,21,23
"413","2020-05-18",160,5,93,433,4262,0.739089629282027,2130,7078,378,307,26,5248,13,1752,21,13
"414","2020-05-19",152,5,88,402,4262,0.739089629282027,2130,7078,378,307,25,5273,28,1780,24,28
"415","2020-05-20",154,5,84,396,4262,0.739089629282027,2130,7078,378,307,17,5290,35,1815,10,35
"416","2020-05-21",147,5,74,390,4262,0.739089629282027,2130,7078,378,307,21,5311,28,1843,18,28
"417","2020-05-22",130,5,69,373,4262,0.739089629282027,2130,7078,378,307,16,5327,29,1872,15,29
"418","2020-05-23",135,5,69,355,4262,0.739089629282027,2130,7078,378,307,10,5337,22,1894,10,22
"419","2020-05-24",119,5,68,341,4262,0.739089629282027,2130,7078,378,307,18,5355,16,1910,15,16
"420","2020-05-25",120,5,62,328,4262,0.739089629282027,2130,7078,378,307,9,5364,18,1928,7,18
"421","2020-05-26",117,5,57,322,4262,0.739089629282027,2130,7078,378,307,12,5376,28,1956,11,28
"422","2020-05-27",108,5,59,313,4262,0.739089629282027,2130,7078,378,307,15,5391,21,1977,10,21
"423","2020-05-28",107,5,60,287,4262,0.739089629282027,2130,7078,378,307,15,5406,9,1986,9,9
"424","2020-05-29",110,5,59,277,4262,0.739089629282027,2130,7078,378,307,13,5419,11,1997,9,11
"425","2020-05-30",104,5,55,267,4262,0.739089629282027,2130,7078,378,307,7,5426,15,2012,5,15
"426","2020-05-31",104,5,55,258,4262,0.739089629282027,2130,7078,378,307,5,5431,14,2026,5,14
"427","2020-06-01",100,5,50,248,4262,0.739089629282027,2130,7078,378,307,5,5436,9,2035,4,9
"428","2020-06-02",96,5,59,237,4262,0.739089629282027,2130,7078,378,307,9,5445,10,2045,8,10
"429","2020-06-03",84,5,57,219,4262,0.739089629282027,2130,7078,378,307,12,5457,12,2057,7,12
"430","2020-06-04",82,5,56,212,4262,0.739089629282027,2130,7078,378,307,6,5463,12,2069,3,12
"431","2020-06-05",83,5,53,201,4262,0.739089629282027,2130,7078,378,307,5,5468,18,2087,5,18
"432","2020-06-06",81,5,49,190,4262,0.739089629282027,2130,7078,378,307,4,5472,29,2116,3,29
"433","2020-06-07",77,5,40,187,4262,0.739089629282027,2130,7078,378,307,3,5475,19,2135,2,19
"434","2020-03-08",1,6,0,0,4161,0.794760874789714,2070,6531,458,731,NA,NA,NA,NA,NA,NA
"435","2020-03-09",1,6,0,0,4161,0.794760874789714,2070,6531,458,731,NA,NA,NA,NA,NA,NA
"436","2020-03-10",0,6,0,0,4161,0.794760874789714,2070,6531,458,731,NA,NA,2,2,NA,2
"437","2020-03-11",0,6,0,0,4161,0.794760874789714,2070,6531,458,731,8,8,12,14,NA,12
"438","2020-03-12",0,6,0,0,4161,0.794760874789714,2070,6531,458,731,19,27,14,28,NA,14
"439","2020-03-13",3,6,41,35,4161,0.794760874789714,2070,6531,458,731,8,35,16,44,NA,16
"440","2020-03-14",4,6,55,50,4161,0.794760874789714,2070,6531,458,731,20,55,13,57,4,13
"441","2020-03-15",4,6,59,77,4161,0.794760874789714,2070,6531,458,731,15,70,14,71,9,14
"442","2020-03-16",8,6,65,98,4161,0.794760874789714,2070,6531,458,731,13,83,6,77,1,6
"443","2020-03-17",11,6,77,125,4161,0.794760874789714,2070,6531,458,731,28,111,2,79,12,2
"444","2020-03-18",14,6,102,154,4161,0.794760874789714,2070,6531,458,731,20,131,3,82,12,3
"445","2020-03-19",18,6,109,185,4161,0.794760874789714,2070,6531,458,731,30,161,2,84,17,2
"446","2020-03-20",24,6,114,211,4161,0.794760874789714,2070,6531,458,731,41,202,4,88,27,4
"447","2020-03-21",42,6,114,233,4161,0.794760874789714,2070,6531,458,731,41,243,10,98,25,10
"448","2020-03-22",52,6,110,255,4161,0.794760874789714,2070,6531,458,731,24,267,10,108,13,10
"449","2020-03-23",50,6,114,281,4161,0.794760874789714,2070,6531,458,731,35,302,9,117,22,9
"450","2020-03-24",54,6,100,323,4161,0.794760874789714,2070,6531,458,731,44,346,23,140,33,23
"451","2020-03-25",61,6,109,355,4161,0.794760874789714,2070,6531,458,731,41,387,24,164,31,24
"452","2020-03-26",72,6,122,382,4161,0.794760874789714,2070,6531,458,731,47,434,5,169,26,5
"453","2020-03-27",95,6,115,415,4161,0.794760874789714,2070,6531,458,731,61,495,23,192,43,23
"454","2020-03-28",89,6,120,453,4161,0.794760874789714,2070,6531,458,731,54,549,10,202,38,10
"455","2020-03-29",114,6,148,481,4161,0.794760874789714,2070,6531,458,731,44,593,10,212,33,10
"456","2020-03-30",126,6,137,516,4161,0.794760874789714,2070,6531,458,731,60,653,17,229,47,17
"457","2020-03-31",132,6,137,549,4161,0.794760874789714,2070,6531,458,731,53,706,26,255,38,26
"458","2020-04-01",147,6,128,570,4161,0.794760874789714,2070,6531,458,731,63,769,30,285,51,30
"459","2020-04-02",153,6,137,593,4161,0.794760874789714,2070,6531,458,731,68,837,20,305,48,20
"460","2020-04-03",171,6,130,629,4161,0.794760874789714,2070,6531,458,731,67,904,11,316,47,11
"461","2020-04-04",199,6,136,653,4161,0.794760874789714,2070,6531,458,731,85,989,13,329,71,13
"462","2020-04-05",201,6,138,653,4161,0.794760874789714,2070,6531,458,731,76,1065,7,336,62,7
"463","2020-04-06",207,6,127,637,4161,0.794760874789714,2070,6531,458,731,83,1148,28,364,66,28
"464","2020-04-07",202,6,122,668,4161,0.794760874789714,2070,6531,458,731,62,1210,35,399,42,35
"465","2020-04-08",207,6,125,655,4161,0.794760874789714,2070,6531,458,731,84,1294,26,425,63,26
"466","2020-04-09",205,6,127,670,4161,0.794760874789714,2070,6531,458,731,73,1367,17,442,58,17
"467","2020-04-10",238,6,138,661,4161,0.794760874789714,2070,6531,458,731,81,1448,17,459,66,17
"468","2020-04-11",267,6,166,679,4161,0.794760874789714,2070,6531,458,731,92,1540,21,480,75,21
"469","2020-04-12",233,6,172,699,4161,0.794760874789714,2070,6531,458,731,91,1631,31,511,78,31
"470","2020-04-13",222,6,169,704,4161,0.794760874789714,2070,6531,458,731,113,1744,22,533,93,22
"471","2020-04-14",228,6,178,720,4161,0.794760874789714,2070,6531,458,731,85,1829,36,569,74,36
"472","2020-04-15",226,6,161,739,4161,0.794760874789714,2070,6531,458,731,99,1928,27,596,82,27
"473","2020-04-16",239,6,142,750,4161,0.794760874789714,2070,6531,458,731,96,2024,29,625,78,29
"474","2020-04-17",264,6,159,770,4161,0.794760874789714,2070,6531,458,731,100,2124,21,646,90,21
"475","2020-04-18",237,6,163,753,4161,0.794760874789714,2070,6531,458,731,88,2212,23,669,76,23
"476","2020-04-19",228,6,180,760,4161,0.794760874789714,2070,6531,458,731,92,2304,43,712,77,43
"477","2020-04-20",225,6,196,758,4161,0.794760874789714,2070,6531,458,731,102,2406,16,728,79,16
"478","2020-04-21",216,6,205,768,4161,0.794760874789714,2070,6531,458,731,87,2493,30,758,73,30
"479","2020-04-22",223,6,194,775,4161,0.794760874789714,2070,6531,458,731,92,2585,37,795,79,37
"480","2020-04-23",219,6,165,772,4161,0.794760874789714,2070,6531,458,731,106,2691,22,817,82,22
"481","2020-04-24",224,6,151,750,4161,0.794760874789714,2070,6531,458,731,108,2799,17,834,97,17
"482","2020-04-25",238,6,136,746,4161,0.794760874789714,2070,6531,458,731,63,2862,16,850,48,16
"483","2020-04-26",255,6,123,734,4161,0.794760874789714,2070,6531,458,731,95,2957,28,878,82,28
"484","2020-04-27",263,6,121,737,4161,0.794760874789714,2070,6531,458,731,76,3033,28,906,65,28
"485","2020-04-28",266,6,115,724,4161,0.794760874789714,2070,6531,458,731,86,3119,17,923,69,17
"486","2020-04-29",265,6,109,707,4161,0.794760874789714,2070,6531,458,731,60,3179,13,936,52,13
"487","2020-04-30",265,6,105,694,4161,0.794760874789714,2070,6531,458,731,88,3267,4,940,76,4
"488","2020-05-01",273,6,95,664,4161,0.794760874789714,2070,6531,458,731,61,3328,13,953,53,13
"489","2020-05-02",266,6,94,662,4161,0.794760874789714,2070,6531,458,731,80,3408,23,976,68,23
"490","2020-05-03",245,6,97,640,4161,0.794760874789714,2070,6531,458,731,61,3469,23,999,51,23
"491","2020-05-04",233,6,118,622,4161,0.794760874789714,2070,6531,458,731,60,3529,16,1015,51,16
"492","2020-05-05",217,6,109,608,4161,0.794760874789714,2070,6531,458,731,42,3571,32,1047,36,32
"493","2020-05-06",207,6,121,591,4161,0.794760874789714,2070,6531,458,731,55,3626,35,1082,46,35
"494","2020-05-07",201,6,145,586,4161,0.794760874789714,2070,6531,458,731,40,3666,39,1121,33,39
"495","2020-05-08",200,6,138,569,4161,0.794760874789714,2070,6531,458,731,48,3714,38,1159,34,38
"496","2020-05-09",197,6,127,564,4161,0.794760874789714,2070,6531,458,731,39,3753,18,1177,31,18
"497","2020-05-10",194,6,127,553,4161,0.794760874789714,2070,6531,458,731,47,3800,24,1201,37,24
"498","2020-05-11",189,6,134,534,4161,0.794760874789714,2070,6531,458,731,37,3837,17,1218,34,17
"499","2020-05-12",188,6,130,524,4161,0.794760874789714,2070,6531,458,731,44,3881,38,1256,35,38
"500","2020-05-13",183,6,114,508,4161,0.794760874789714,2070,6531,458,731,40,3921,28,1284,22,28
"501","2020-05-14",181,6,96,488,4161,0.794760874789714,2070,6531,458,731,29,3950,21,1305,21,21
"502","2020-05-15",170,6,87,480,4161,0.794760874789714,2070,6531,458,731,48,3998,33,1338,37,33
"503","2020-05-16",164,6,78,474,4161,0.794760874789714,2070,6531,458,731,40,4038,26,1364,32,26
"504","2020-05-17",150,6,94,471,4161,0.794760874789714,2070,6531,458,731,30,4068,28,1392,24,28
"505","2020-05-18",148,6,94,447,4161,0.794760874789714,2070,6531,458,731,37,4105,23,1415,27,23
"506","2020-05-19",150,6,114,427,4161,0.794760874789714,2070,6531,458,731,24,4129,21,1436,18,21
"507","2020-05-20",146,6,117,428,4161,0.794760874789714,2070,6531,458,731,25,4154,17,1453,21,17
"508","2020-05-21",148,6,129,433,4161,0.794760874789714,2070,6531,458,731,28,4182,33,1486,22,33
"509","2020-05-22",141,6,122,431,4161,0.794760874789714,2070,6531,458,731,29,4211,28,1514,23,28
"510","2020-05-23",149,6,132,418,4161,0.794760874789714,2070,6531,458,731,19,4230,25,1539,14,25
"511","2020-05-24",140,6,142,393,4161,0.794760874789714,2070,6531,458,731,30,4260,34,1573,18,34
"512","2020-05-25",134,6,130,390,4161,0.794760874789714,2070,6531,458,731,23,4283,41,1614,14,41
"513","2020-05-26",132,6,136,377,4161,0.794760874789714,2070,6531,458,731,23,4306,34,1648,16,34
"514","2020-05-27",137,6,120,372,4161,0.794760874789714,2070,6531,458,731,24,4330,12,1660,14,12
"515","2020-05-28",130,6,100,369,4161,0.794760874789714,2070,6531,458,731,25,4355,20,1680,17,20
"516","2020-05-29",125,6,97,351,4161,0.794760874789714,2070,6531,458,731,17,4372,20,1700,12,20
"517","2020-05-30",123,6,99,333,4161,0.794760874789714,2070,6531,458,731,17,4389,21,1721,12,21
"518","2020-05-31",119,6,98,316,4161,0.794760874789714,2070,6531,458,731,24,4413,19,1740,16,19
"519","2020-06-01",109,6,79,318,4161,0.794760874789714,2070,6531,458,731,10,4423,15,1755,7,15
"520","2020-06-02",103,6,61,305,4161,0.794760874789714,2070,6531,458,731,20,4443,27,1782,14,27
"521","2020-06-03",94,6,59,278,4161,0.794760874789714,2070,6531,458,731,24,4467,12,1794,19,12
"522","2020-06-04",89,6,68,253,4161,0.794760874789714,2070,6531,458,731,10,4477,18,1812,9,18
"523","2020-06-05",97,6,74,229,4161,0.794760874789714,2070,6531,458,731,16,4493,14,1826,11,14
"524","2020-06-06",89,6,57,210,4161,0.794760874789714,2070,6531,458,731,10,4503,15,1841,5,15
"525","2020-06-07",90,6,52,200,4161,0.794760874789714,2070,6531,458,731,10,4513,12,1853,6,12
"526","2020-03-13",2,7,17,71,3793,0.465594516214079,2070,6376,413,294,12,25,12,31,7,12
"527","2020-03-14",5,7,21,96,3793,0.465594516214079,2070,6376,413,294,12,37,19,50,7,19
"528","2020-03-15",21,7,39,121,3793,0.465594516214079,2070,6376,413,294,13,50,10,60,8,10
"529","2020-03-16",23,7,43,154,3793,0.465594516214079,2070,6376,413,294,19,69,6,66,12,6
"530","2020-03-17",28,7,35,190,3793,0.465594516214079,2070,6376,413,294,17,86,2,68,16,2
"531","2020-03-18",34,7,39,215,3793,0.465594516214079,2070,6376,413,294,24,110,5,73,21,5
"532","2020-03-19",39,7,45,241,3793,0.465594516214079,2070,6376,413,294,25,135,3,76,23,3
"533","2020-03-20",51,7,49,270,3793,0.465594516214079,2070,6376,413,294,26,161,NA,NA,23,NA
"534","2020-03-21",61,7,44,295,3793,0.465594516214079,2070,6376,413,294,21,182,3,79,16,3
"535","2020-03-22",68,7,45,317,3793,0.465594516214079,2070,6376,413,294,28,210,2,81,22,2
"536","2020-03-23",76,7,47,347,3793,0.465594516214079,2070,6376,413,294,39,249,1,82,32,1
"537","2020-03-24",74,7,44,365,3793,0.465594516214079,2070,6376,413,294,30,279,4,86,25,4
"538","2020-03-25",84,7,47,379,3793,0.465594516214079,2070,6376,413,294,49,328,4,90,42,4
"539","2020-03-26",95,7,52,391,3793,0.465594516214079,2070,6376,413,294,56,384,15,105,46,15
"540","2020-03-27",115,7,57,419,3793,0.465594516214079,2070,6376,413,294,63,447,14,119,56,14
"541","2020-03-28",143,7,59,441,3793,0.465594516214079,2070,6376,413,294,64,511,25,144,54,25
"542","2020-03-29",141,7,45,485,3793,0.465594516214079,2070,6376,413,294,80,591,13,157,71,13
"543","2020-03-30",141,7,45,504,3793,0.465594516214079,2070,6376,413,294,71,662,14,171,61,14
"544","2020-03-31",150,7,43,507,3793,0.465594516214079,2070,6376,413,294,73,735,9,180,65,9
"545","2020-04-01",151,7,44,521,3793,0.465594516214079,2070,6376,413,294,87,822,4,184,84,4
"546","2020-04-02",150,7,51,550,3793,0.465594516214079,2070,6376,413,294,104,926,24,208,101,24
"547","2020-04-03",167,7,57,568,3793,0.465594516214079,2070,6376,413,294,92,1018,31,239,87,31
"548","2020-04-04",182,7,50,569,3793,0.465594516214079,2070,6376,413,294,90,1108,44,283,85,44
"549","2020-04-05",187,7,67,578,3793,0.465594516214079,2070,6376,413,294,132,1240,25,308,124,25
"550","2020-04-06",188,7,83,599,3793,0.465594516214079,2070,6376,413,294,104,1344,13,321,91,13
"551","2020-04-07",190,7,87,600,3793,0.465594516214079,2070,6376,413,294,110,1454,36,357,108,36
"552","2020-04-08",199,7,82,608,3793,0.465594516214079,2070,6376,413,294,149,1603,39,396,144,39
"553","2020-04-09",201,7,78,605,3793,0.465594516214079,2070,6376,413,294,112,1715,24,420,109,24
"554","2020-04-10",222,7,67,608,3793,0.465594516214079,2070,6376,413,294,165,1880,12,432,148,12
"555","2020-04-11",218,7,52,598,3793,0.465594516214079,2070,6376,413,294,128,2008,5,437,120,5
"556","2020-04-12",217,7,46,607,3793,0.465594516214079,2070,6376,413,294,119,2127,4,441,112,4
"557","2020-04-13",210,7,54,602,3793,0.465594516214079,2070,6376,413,294,115,2242,11,452,107,11
"558","2020-04-14",202,7,50,603,3793,0.465594516214079,2070,6376,413,294,157,2399,29,481,150,29
"559","2020-04-15",199,7,57,618,3793,0.465594516214079,2070,6376,413,294,148,2547,23,504,142,23
"560","2020-04-16",206,7,62,632,3793,0.465594516214079,2070,6376,413,294,166,2713,8,512,159,8
"561","2020-04-17",214,7,58,637,3793,0.465594516214079,2070,6376,413,294,124,2837,15,527,116,15
"562","2020-04-18",231,7,60,633,3793,0.465594516214079,2070,6376,413,294,112,2949,12,539,108,12
"563","2020-04-19",209,7,71,642,3793,0.465594516214079,2070,6376,413,294,149,3098,25,564,142,25
"564","2020-04-20",204,7,78,643,3793,0.465594516214079,2070,6376,413,294,138,3236,11,575,127,11
"565","2020-04-21",216,7,77,649,3793,0.465594516214079,2070,6376,413,294,150,3386,17,592,144,17
"566","2020-04-22",215,7,81,627,3793,0.465594516214079,2070,6376,413,294,122,3508,43,635,110,43
"567","2020-04-23",205,7,80,639,3793,0.465594516214079,2070,6376,413,294,120,3628,41,676,113,41
"568","2020-04-24",226,7,76,641,3793,0.465594516214079,2070,6376,413,294,134,3762,19,695,126,19
"569","2020-04-25",202,7,78,632,3793,0.465594516214079,2070,6376,413,294,100,3862,18,713,92,18
"570","2020-04-26",217,7,87,626,3793,0.465594516214079,2070,6376,413,294,102,3964,30,743,95,30
"571","2020-04-27",211,7,96,611,3793,0.465594516214079,2070,6376,413,294,91,4055,52,795,84,52
"572","2020-04-28",192,7,100,593,3793,0.465594516214079,2070,6376,413,294,138,4193,29,824,132,29
"573","2020-04-29",191,7,86,585,3793,0.465594516214079,2070,6376,413,294,92,4285,38,862,86,38
"574","2020-04-30",203,7,86,577,3793,0.465594516214079,2070,6376,413,294,97,4382,24,886,92,25
"575","2020-05-01",198,7,81,549,3793,0.465594516214079,2070,6376,413,294,97,4479,15,901,89,15
"576","2020-05-02",199,7,87,529,3793,0.465594516214079,2070,6376,413,294,76,4555,52,953,73,52
"577","2020-05-03",173,7,95,537,3793,0.465594516214079,2070,6376,413,294,67,4622,47,1000,63,47
"578","2020-05-04",169,7,95,504,3793,0.465594516214079,2070,6376,413,294,46,4668,23,1023,40,23
"579","2020-05-05",165,7,94,491,3793,0.465594516214079,2070,6376,413,294,54,4722,19,1042,50,19
"580","2020-05-06",162,7,97,479,3793,0.465594516214079,2070,6376,413,294,45,4767,29,1071,40,29
"581","2020-05-07",151,7,92,482,3793,0.465594516214079,2070,6376,413,294,51,4818,18,1089,49,18
"582","2020-05-08",148,7,88,484,3793,0.465594516214079,2070,6376,413,294,50,4868,10,1099,45,10
"583","2020-05-09",145,7,81,485,3793,0.465594516214079,2070,6376,413,294,52,4920,4,1103,47,4
"584","2020-05-10",145,7,84,474,3793,0.465594516214079,2070,6376,413,294,27,4947,26,1129,25,26
"585","2020-05-11",154,7,67,471,3793,0.465594516214079,2070,6376,413,294,45,4992,19,1148,42,19
"586","2020-05-12",153,7,65,470,3793,0.465594516214079,2070,6376,413,294,31,5023,40,1188,26,40
"587","2020-05-13",154,7,66,462,3793,0.465594516214079,2070,6376,413,294,27,5050,41,1229,25,41
"588","2020-05-14",160,7,67,447,3793,0.465594516214079,2070,6376,413,294,34,5084,34,1263,32,34
"589","2020-05-15",163,7,60,436,3793,0.465594516214079,2070,6376,413,294,33,5117,12,1275,29,12
"590","2020-05-16",166,7,78,424,3793,0.465594516214079,2070,6376,413,294,20,5137,10,1285,17,10
"591","2020-05-17",161,7,70,410,3793,0.465594516214079,2070,6376,413,294,14,5151,18,1303,14,18
"592","2020-05-18",158,7,77,404,3793,0.465594516214079,2070,6376,413,294,26,5177,27,1330,22,27
"593","2020-05-19",150,7,75,410,3793,0.465594516214079,2070,6376,413,294,13,5190,17,1347,11,17
"594","2020-05-20",149,7,88,392,3793,0.465594516214079,2070,6376,413,294,19,5209,10,1357,15,10
"595","2020-05-21",137,7,92,383,3793,0.465594516214079,2070,6376,413,294,16,5225,4,1361,14,4
"596","2020-05-22",131,7,95,374,3793,0.465594516214079,2070,6376,413,294,11,5236,5,1366,8,5
"597","2020-05-23",145,7,103,356,3793,0.465594516214079,2070,6376,413,294,12,5248,7,1373,11,7
"598","2020-05-24",137,7,97,354,3793,0.465594516214079,2070,6376,413,294,7,5255,29,1402,5,29
"599","2020-05-25",120,7,90,333,3793,0.465594516214079,2070,6376,413,294,5,5260,23,1425,3,23
"600","2020-05-26",111,7,78,325,3793,0.465594516214079,2070,6376,413,294,8,5268,23,1448,6,23
"601","2020-05-27",106,7,66,305,3793,0.465594516214079,2070,6376,413,294,9,5277,14,1462,7,14
"602","2020-05-28",112,7,60,291,3793,0.465594516214079,2070,6376,413,294,10,5287,10,1472,8,10
"603","2020-05-29",119,7,59,293,3793,0.465594516214079,2070,6376,413,294,3,5290,6,1478,3,6
"604","2020-05-30",107,7,49,282,3793,0.465594516214079,2070,6376,413,294,8,5298,6,1484,6,6
"605","2020-05-31",100,7,50,270,3793,0.465594516214079,2070,6376,413,294,9,5307,5,1489,7,5
"606","2020-06-01",93,7,57,252,3793,0.465594516214079,2070,6376,413,294,3,5310,7,1496,2,7
"607","2020-06-02",98,7,55,256,3793,0.465594516214079,2070,6376,413,294,3,5313,14,1510,3,14
"608","2020-06-03",98,7,61,247,3793,0.465594516214079,2070,6376,413,294,9,5322,13,1523,7,13
"609","2020-06-04",91,7,60,238,3793,0.465594516214079,2070,6376,413,294,3,5325,7,1530,2,7
"610","2020-06-05",85,7,74,225,3793,0.465594516214079,2070,6376,413,294,5,5330,21,1551,2,21
"611","2020-06-06",84,7,72,221,3793,0.465594516214079,2070,6376,413,294,3,5333,15,1566,3,15
"612","2020-06-07",76,7,69,218,3793,0.465594516214079,2070,6376,413,294,4,5337,14,1580,1,14
"613","2020-03-13",1,8,63,47,4635,0.702481121898598,2070,7087,503,765,12,42,9,23,1,9
"614","2020-03-14",3,8,83,67,4635,0.702481121898598,2070,7087,503,765,13,55,10,33,3,10
"615","2020-03-15",13,8,97,91,4635,0.702481121898598,2070,7087,503,765,22,77,8,41,6,8
"616","2020-03-16",14,8,117,116,4635,0.702481121898598,2070,7087,503,765,24,101,10,51,11,10
"617","2020-03-17",13,8,125,141,4635,0.702481121898598,2070,7087,503,765,8,109,9,60,4,9
"618","2020-03-18",15,8,148,179,4635,0.702481121898598,2070,7087,503,765,21,130,9,69,6,9
"619","2020-03-19",19,8,144,196,4635,0.702481121898598,2070,7087,503,765,17,147,15,84,8,15
"620","2020-03-20",28,8,156,224,4635,0.702481121898598,2070,7087,503,765,19,166,19,103,8,19
"621","2020-03-21",43,8,187,241,4635,0.702481121898598,2070,7087,503,765,20,186,16,119,10,16
"622","2020-03-22",42,8,194,265,4635,0.702481121898598,2070,7087,503,765,28,214,21,140,14,21
"623","2020-03-23",47,8,184,306,4635,0.702481121898598,2070,7087,503,765,19,233,5,145,7,5
"624","2020-03-24",52,8,205,348,4635,0.702481121898598,2070,7087,503,765,34,267,23,168,20,23
"625","2020-03-25",61,8,204,398,4635,0.702481121898598,2070,7087,503,765,26,293,20,188,13,20
"626","2020-03-26",73,8,209,434,4635,0.702481121898598,2070,7087,503,765,33,326,19,207,21,19
"627","2020-03-27",98,8,202,457,4635,0.702481121898598,2070,7087,503,765,33,359,12,219,18,12
"628","2020-03-28",105,8,218,482,4635,0.702481121898598,2070,7087,503,765,30,389,14,233,16,14
"629","2020-03-29",142,8,238,524,4635,0.702481121898598,2070,7087,503,765,43,432,14,247,29,14
"630","2020-03-30",150,8,224,556,4635,0.702481121898598,2070,7087,503,765,48,480,11,258,26,11
"631","2020-03-31",161,8,213,586,4635,0.702481121898598,2070,7087,503,765,37,517,3,261,20,3
"632","2020-04-01",175,8,226,605,4635,0.702481121898598,2070,7087,503,765,41,558,13,274,24,13
"633","2020-04-02",184,8,224,636,4635,0.702481121898598,2070,7087,503,765,52,610,20,294,33,20
"634","2020-04-03",218,8,235,662,4635,0.702481121898598,2070,7087,503,765,47,657,20,314,24,20
"635","2020-04-04",242,8,249,686,4635,0.702481121898598,2070,7087,503,765,38,695,19,333,27,19
"636","2020-04-05",232,8,260,719,4635,0.702481121898598,2070,7087,503,765,40,735,14,347,29,14
"637","2020-04-06",234,8,259,738,4635,0.702481121898598,2070,7087,503,765,45,780,20,367,30,20
"638","2020-04-07",229,8,259,774,4635,0.702481121898598,2070,7087,503,765,43,823,15,382,30,15
"639","2020-04-08",234,8,244,792,4635,0.702481121898598,2070,7087,503,765,57,880,20,402,41,20
"640","2020-04-09",237,8,219,819,4635,0.702481121898598,2070,7087,503,765,34,914,14,416,19,14
"641","2020-04-10",249,8,215,842,4635,0.702481121898598,2070,7087,503,765,66,980,22,438,48,22
"642","2020-04-11",253,8,211,874,4635,0.702481121898598,2070,7087,503,765,66,1046,21,459,45,21
"643","2020-04-12",246,8,207,890,4635,0.702481121898598,2070,7087,503,765,66,1112,21,480,42,21
"644","2020-04-13",242,8,192,900,4635,0.702481121898598,2070,7087,503,765,64,1176,23,503,47,23
"645","2020-04-14",233,8,168,909,4635,0.702481121898598,2070,7087,503,765,69,1245,26,529,44,26
"646","2020-04-15",238,8,169,923,4635,0.702481121898598,2070,7087,503,765,58,1303,17,546,47,17
"647","2020-04-16",244,8,165,955,4635,0.702481121898598,2070,7087,503,765,69,1372,18,564,45,18
"648","2020-04-17",280,8,176,960,4635,0.702481121898598,2070,7087,503,765,59,1431,22,586,41,22
"649","2020-04-18",290,8,196,948,4635,0.702481121898598,2070,7087,503,765,49,1480,24,610,35,24
"650","2020-04-19",308,8,189,961,4635,0.702481121898598,2070,7087,503,765,54,1534,36,646,40,36
"651","2020-04-20",320,8,208,979,4635,0.702481121898598,2070,7087,503,765,52,1586,28,674,32,28
"652","2020-04-21",332,8,199,987,4635,0.702481121898598,2070,7087,503,765,64,1650,20,694,41,20
"653","2020-04-22",339,8,199,977,4635,0.702481121898598,2070,7087,503,765,41,1691,23,717,32,23
"654","2020-04-23",334,8,218,941,4635,0.702481121898598,2070,7087,503,765,50,1741,37,754,32,37
"655","2020-04-24",350,8,239,930,4635,0.702481121898598,2070,7087,503,765,58,1799,20,774,46,20
"656","2020-04-25",361,8,245,910,4635,0.702481121898598,2070,7087,503,765,53,1852,35,809,35,35
"657","2020-04-26",304,8,214,859,4635,0.702481121898598,2070,7087,503,765,53,1905,26,835,43,26
"658","2020-04-27",294,8,219,849,4635,0.702481121898598,2070,7087,503,765,37,1942,14,849,30,14
"659","2020-04-28",286,8,228,816,4635,0.702481121898598,2070,7087,503,765,52,1994,15,864,37,15
"660","2020-04-29",285,8,213,796,4635,0.702481121898598,2070,7087,503,765,54,2048,21,885,37,21
"661","2020-04-30",288,8,209,777,4635,0.702481121898598,2070,7087,503,765,52,2100,16,901,41,16
"662","2020-05-01",306,8,213,745,4635,0.702481121898598,2070,7087,503,765,38,2138,27,928,26,27
"663","2020-05-02",299,8,217,730,4635,0.702481121898598,2070,7087,503,765,62,2200,23,951,38,23
"664","2020-05-03",283,8,224,727,4635,0.702481121898598,2070,7087,503,765,38,2238,20,971,21,20
"665","2020-05-04",270,8,237,722,4635,0.702481121898598,2070,7087,503,765,46,2284,14,985,30,14
"666","2020-05-05",252,8,229,679,4635,0.702481121898598,2070,7087,503,765,33,2317,12,997,22,12
"667","2020-05-06",229,8,228,664,4635,0.702481121898598,2070,7087,503,765,38,2355,10,1007,23,10
"668","2020-05-07",217,8,207,663,4635,0.702481121898598,2070,7087,503,765,47,2402,4,1011,30,4
"669","2020-05-08",202,8,210,642,4635,0.702481121898598,2070,7087,503,765,53,2455,10,1021,39,10
"670","2020-05-09",209,8,202,627,4635,0.702481121898598,2070,7087,503,765,35,2490,8,1029,18,8
"671","2020-05-10",210,8,212,597,4635,0.702481121898598,2070,7087,503,765,38,2528,19,1048,23,19
"672","2020-05-11",194,8,221,565,4635,0.702481121898598,2070,7087,503,765,43,2571,13,1061,30,13
"673","2020-05-12",201,8,220,551,4635,0.702481121898598,2070,7087,503,765,37,2608,14,1075,24,14
"674","2020-05-13",207,8,224,535,4635,0.702481121898598,2070,7087,503,765,35,2643,29,1104,18,29
"675","2020-05-14",208,8,217,530,4635,0.702481121898598,2070,7087,503,765,19,2662,24,1128,11,24
"676","2020-05-15",201,8,201,497,4635,0.702481121898598,2070,7087,503,765,39,2701,33,1161,23,33
"677","2020-05-16",187,8,184,499,4635,0.702481121898598,2070,7087,503,765,43,2744,35,1196,23,35
"678","2020-05-17",188,8,179,480,4635,0.702481121898598,2070,7087,503,765,27,2771,36,1232,20,36
"679","2020-05-18",188,8,169,450,4635,0.702481121898598,2070,7087,503,765,42,2813,21,1253,29,21
"680","2020-05-19",172,8,152,447,4635,0.702481121898598,2070,7087,503,765,27,2840,13,1266,19,13
"681","2020-05-20",157,8,171,425,4635,0.702481121898598,2070,7087,503,765,30,2870,26,1292,20,26
"682","2020-05-21",154,8,171,411,4635,0.702481121898598,2070,7087,503,765,22,2892,23,1315,16,23
"683","2020-05-22",151,8,177,380,4635,0.702481121898598,2070,7087,503,765,34,2926,18,1333,22,18
"684","2020-05-23",139,8,189,358,4635,0.702481121898598,2070,7087,503,765,25,2951,20,1353,15,20
"685","2020-05-24",128,8,215,345,4635,0.702481121898598,2070,7087,503,765,23,2974,30,1383,15,30
"686","2020-05-25",128,8,222,329,4635,0.702481121898598,2070,7087,503,765,18,2992,21,1404,12,21
"687","2020-05-26",123,8,210,305,4635,0.702481121898598,2070,7087,503,765,23,3015,12,1416,14,12
"688","2020-05-27",121,8,206,301,4635,0.702481121898598,2070,7087,503,765,25,3040,19,1435,19,19
"689","2020-05-28",115,8,189,289,4635,0.702481121898598,2070,7087,503,765,23,3063,14,1449,19,14
"690","2020-05-29",108,8,201,278,4635,0.702481121898598,2070,7087,503,765,27,3090,16,1465,19,16
"691","2020-05-30",109,8,194,270,4635,0.702481121898598,2070,7087,503,765,16,3106,7,1472,13,7
"692","2020-05-31",97,8,197,264,4635,0.702481121898598,2070,7087,503,765,13,3119,4,1476,8,4
"693","2020-06-01",92,8,168,256,4635,0.702481121898598,2070,7087,503,765,13,3132,8,1484,8,8
"694","2020-06-02",86,8,159,247,4635,0.702481121898598,2070,7087,503,765,16,3148,7,1491,12,7
"695","2020-06-03",85,8,141,239,4635,0.702481121898598,2070,7087,503,765,11,3159,10,1501,7,10
"696","2020-06-04",84,8,132,234,4635,0.702481121898598,2070,7087,503,765,12,3171,7,1508,8,7
"697","2020-06-05",89,8,144,224,4635,0.702481121898598,2070,7087,503,765,7,3178,8,1516,4,8
"698","2020-06-06",86,8,145,205,4635,0.702481121898598,2070,7087,503,765,15,3193,10,1526,8,10
"699","2020-06-07",84,8,156,193,4635,0.702481121898598,2070,7087,503,765,13,3206,3,1529,7,3
"700","2020-03-14",1,9,41,32,5545,0.96248872858431,2070,7092,595,420,5,12,4,22,2,4
"701","2020-03-15",6,9,50,41,5545,0.96248872858431,2070,7092,595,420,6,18,8,30,4,8
"702","2020-03-16",9,9,49,49,5545,0.96248872858431,2070,7092,595,420,4,22,3,33,2,3
"703","2020-03-17",10,9,62,64,5545,0.96248872858431,2070,7092,595,420,9,31,1,34,3,1
"704","2020-03-18",13,9,67,90,5545,0.96248872858431,2070,7092,595,420,8,39,7,41,6,7
"705","2020-03-19",14,9,67,107,5545,0.96248872858431,2070,7092,595,420,19,58,16,57,15,16
"706","2020-03-20",19,9,70,134,5545,0.96248872858431,2070,7092,595,420,11,69,23,80,7,23
"707","2020-03-21",29,9,66,155,5545,0.96248872858431,2070,7092,595,420,18,87,27,107,17,27
"708","2020-03-22",26,9,74,189,5545,0.96248872858431,2070,7092,595,420,17,104,32,139,15,32
"709","2020-03-23",30,9,65,230,5545,0.96248872858431,2070,7092,595,420,24,128,18,157,23,18
"710","2020-03-24",36,9,79,263,5545,0.96248872858431,2070,7092,595,420,26,154,27,184,21,27
"711","2020-03-25",41,9,81,308,5545,0.96248872858431,2070,7092,595,420,33,187,36,220,29,36
"712","2020-03-26",46,9,80,348,5545,0.96248872858431,2070,7092,595,420,26,213,22,242,24,22
"713","2020-03-27",65,9,88,405,5545,0.96248872858431,2070,7092,595,420,35,248,30,272,33,30
"714","2020-03-28",80,9,73,449,5545,0.96248872858431,2070,7092,595,420,38,286,27,299,35,27
"715","2020-03-29",118,9,65,503,5545,0.96248872858431,2070,7092,595,420,47,333,27,326,44,27
"716","2020-03-30",132,9,69,572,5545,0.96248872858431,2070,7092,595,420,37,370,18,344,35,18
"717","2020-03-31",136,9,70,621,5545,0.96248872858431,2070,7092,595,420,58,428,31,375,53,31
"718","2020-04-01",158,9,96,679,5545,0.96248872858431,2070,7092,595,420,60,488,20,395,54,20
"719","2020-04-02",179,9,105,768,5545,0.96248872858431,2070,7092,595,420,59,547,18,413,56,18
"720","2020-04-03",248,9,119,844,5545,0.96248872858431,2070,7092,595,420,61,608,4,417,54,4
"721","2020-04-04",272,9,115,895,5545,0.96248872858431,2070,7092,595,420,76,684,13,430,75,13
"722","2020-04-05",258,9,125,976,5545,0.96248872858431,2070,7092,595,420,92,776,33,463,88,33
"723","2020-04-06",268,9,150,1064,5545,0.96248872858431,2070,7092,595,420,89,865,22,485,84,22
"724","2020-04-07",285,9,173,1147,5545,0.96248872858431,2070,7092,595,420,101,966,24,509,98,24
"725","2020-04-08",286,9,156,1230,5545,0.96248872858431,2070,7092,595,420,102,1068,17,526,98,17
"726","2020-04-09",304,9,147,1307,5545,0.96248872858431,2070,7092,595,420,134,1202,12,538,131,12
"727","2020-04-10",406,9,137,1356,5545,0.96248872858431,2070,7092,595,420,107,1309,13,551,103,13
"728","2020-04-11",423,9,119,1414,5545,0.96248872858431,2070,7092,595,420,125,1434,13,564,122,13
"729","2020-04-12",422,9,131,1454,5545,0.96248872858431,2070,7092,595,420,86,1520,36,600,83,36
"730","2020-04-13",438,9,121,1480,5545,0.96248872858431,2070,7092,595,420,147,1667,38,638,144,38
"731","2020-04-14",435,9,108,1536,5545,0.96248872858431,2070,7092,595,420,148,1815,23,661,142,23
"732","2020-04-15",460,9,114,1562,5545,0.96248872858431,2070,7092,595,420,117,1932,41,702,114,41
"733","2020-04-16",478,9,146,1568,5545,0.96248872858431,2070,7092,595,420,170,2102,18,720,165,18
"734","2020-04-17",512,9,159,1571,5545,0.96248872858431,2070,7092,595,420,147,2249,48,768,144,48
"735","2020-04-18",553,9,154,1575,5545,0.96248872858431,2070,7092,595,420,128,2377,45,813,127,45
"736","2020-04-19",546,9,133,1587,5545,0.96248872858431,2070,7092,595,420,148,2525,40,853,144,40
"737","2020-04-20",537,9,115,1571,5545,0.96248872858431,2070,7092,595,420,155,2680,29,882,154,29
"738","2020-04-21",540,9,133,1550,5545,0.96248872858431,2070,7092,595,420,167,2847,37,919,166,37
"739","2020-04-22",545,9,138,1516,5545,0.96248872858431,2070,7092,595,420,117,2964,57,976,113,57
"740","2020-04-23",524,9,129,1487,5545,0.96248872858431,2070,7092,595,420,125,3089,36,1012,124,36
"741","2020-04-24",566,9,144,1454,5545,0.96248872858431,2070,7092,595,420,127,3216,23,1035,123,23
"742","2020-04-25",529,9,135,1423,5545,0.96248872858431,2070,7092,595,420,140,3356,10,1045,137,10
"743","2020-04-26",484,9,138,1340,5545,0.96248872858431,2070,7092,595,420,109,3465,46,1091,103,46
"744","2020-04-27",467,9,145,1283,5545,0.96248872858431,2070,7092,595,420,127,3592,22,1113,124,22
"745","2020-04-28",450,9,146,1229,5545,0.96248872858431,2070,7092,595,420,117,3709,15,1128,114,15
"746","2020-04-29",434,9,147,1152,5545,0.96248872858431,2070,7092,595,420,102,3811,9,1137,98,9
"747","2020-04-30",439,9,146,1108,5545,0.96248872858431,2070,7092,595,420,88,3899,25,1162,86,25
"748","2020-05-01",401,9,136,1066,5545,0.96248872858431,2070,7092,595,420,102,4001,45,1207,101,45
"749","2020-05-02",387,9,155,1013,5545,0.96248872858431,2070,7092,595,420,64,4065,49,1256,62,49
"750","2020-05-03",363,9,166,956,5545,0.96248872858431,2070,7092,595,420,75,4140,29,1285,73,29
"751","2020-05-04",362,9,157,924,5545,0.96248872858431,2070,7092,595,420,75,4215,34,1319,73,34
"752","2020-05-05",353,9,156,879,5545,0.96248872858431,2070,7092,595,420,67,4282,20,1339,65,20
"753","2020-05-06",340,9,152,818,5545,0.96248872858431,2070,7092,595,420,79,4361,39,1378,72,39
"754","2020-05-07",323,9,148,781,5545,0.96248872858431,2070,7092,595,420,70,4431,40,1418,66,40
"755","2020-05-08",292,9,152,719,5545,0.96248872858431,2070,7092,595,420,54,4485,30,1448,50,30
"756","2020-05-09",295,9,159,678,5545,0.96248872858431,2070,7092,595,420,76,4561,25,1473,74,25
"757","2020-05-10",253,9,171,625,5545,0.96248872858431,2070,7092,595,420,61,4622,23,1496,57,23
"758","2020-05-11",234,9,179,578,5545,0.96248872858431,2070,7092,595,420,53,4675,17,1513,49,17
"759","2020-05-12",220,9,175,528,5545,0.96248872858431,2070,7092,595,420,39,4714,16,1529,37,16
"760","2020-05-13",212,9,179,483,5545,0.96248872858431,2070,7092,595,420,52,4766,11,1540,49,11
"761","2020-05-14",210,9,167,454,5545,0.96248872858431,2070,7092,595,420,36,4802,3,1543,36,3
"762","2020-05-15",192,9,138,425,5545,0.96248872858431,2070,7092,595,420,31,4833,39,1582,29,39
"763","2020-05-16",174,9,122,392,5545,0.96248872858431,2070,7092,595,420,30,4863,49,1631,30,49
"764","2020-05-17",160,9,137,356,5545,0.96248872858431,2070,7092,595,420,29,4892,19,1650,29,19
"765","2020-05-18",147,9,133,330,5545,0.96248872858431,2070,7092,595,420,50,4942,12,1662,49,12
"766","2020-05-19",132,9,127,309,5545,0.96248872858431,2070,7092,595,420,35,4977,10,1672,35,10
"767","2020-05-20",117,9,108,294,5545,0.96248872858431,2070,7092,595,420,29,5006,15,1687,27,15
"768","2020-05-21",97,9,116,265,5545,0.96248872858431,2070,7092,595,420,26,5032,6,1693,26,6
"769","2020-05-22",94,9,123,242,5545,0.96248872858431,2070,7092,595,420,24,5056,13,1706,23,13
"770","2020-05-23",91,9,136,223,5545,0.96248872858431,2070,7092,595,420,24,5080,21,1727,22,21
"771","2020-05-24",78,9,135,193,5545,0.96248872858431,2070,7092,595,420,25,5105,21,1748,22,21
"772","2020-05-25",70,9,112,168,5545,0.96248872858431,2070,7092,595,420,15,5120,26,1774,15,26
"773","2020-05-26",66,9,105,153,5545,0.96248872858431,2070,7092,595,420,18,5138,23,1797,15,23
"774","2020-05-27",64,9,77,141,5545,0.96248872858431,2070,7092,595,420,12,5150,26,1823,11,26
"775","2020-05-28",61,9,80,128,5545,0.96248872858431,2070,7092,595,420,13,5163,11,1834,13,11
"776","2020-05-29",51,9,93,130,5545,0.96248872858431,2070,7092,595,420,14,5177,17,1851,12,17
"777","2020-05-30",48,9,81,119,5545,0.96248872858431,2070,7092,595,420,17,5194,38,1889,17,38
"778","2020-05-31",44,9,72,111,5545,0.96248872858431,2070,7092,595,420,13,5207,32,1921,13,32
"779","2020-06-01",42,9,83,98,5545,0.96248872858431,2070,7092,595,420,13,5220,32,1953,11,32
"780","2020-06-02",40,9,86,82,5545,0.96248872858431,2070,7092,595,420,11,5231,15,1968,10,15
"781","2020-06-03",36,9,80,75,5545,0.96248872858431,2070,7092,595,420,7,5238,20,1988,7,20
"782","2020-06-04",33,9,84,70,5545,0.96248872858431,2070,7092,595,420,11,5249,25,2013,9,25
"783","2020-06-05",35,9,83,66,5545,0.96248872858431,2070,7092,595,420,12,5261,36,2049,12,36
"784","2020-06-06",27,9,85,61,5545,0.96248872858431,2070,7092,595,420,6,5267,23,2072,5,23
"785","2020-06-07",23,9,77,60,5545,0.96248872858431,2070,7092,595,420,6,5273,21,2093,5,21
"786","2020-03-07",1,10,0,0,5545,0.937240757439134,2130,7537,525,558,NA,NA,NA,NA,NA,NA
"787","2020-03-08",1,10,0,0,5545,0.937240757439134,2130,7537,525,558,NA,NA,NA,NA,NA,NA
"788","2020-03-09",0,10,0,0,5545,0.937240757439134,2130,7537,525,558,NA,NA,NA,NA,NA,NA
"789","2020-03-10",0,10,0,0,5545,0.937240757439134,2130,7537,525,558,NA,NA,1,1,NA,1
"790","2020-03-11",0,10,0,0,5545,0.937240757439134,2130,7537,525,558,11,11,4,5,NA,4
"791","2020-03-12",0,10,0,0,5545,0.937240757439134,2130,7537,525,558,11,22,8,13,1,8
"792","2020-03-13",1,10,49,14,5545,0.937240757439134,2130,7537,525,558,21,43,11,24,7,11
"793","2020-03-14",1,10,50,17,5545,0.937240757439134,2130,7537,525,558,12,55,12,36,5,12
"794","2020-03-15",2,10,57,22,5545,0.937240757439134,2130,7537,525,558,14,69,7,43,6,7
"795","2020-03-16",3,10,46,32,5545,0.937240757439134,2130,7537,525,558,24,93,6,49,16,6
"796","2020-03-17",4,10,62,46,5545,0.937240757439134,2130,7537,525,558,21,114,7,56,12,7
"797","2020-03-18",7,10,74,56,5545,0.937240757439134,2130,7537,525,558,34,148,10,66,21,10
"798","2020-03-19",7,10,62,68,5545,0.937240757439134,2130,7537,525,558,32,180,16,82,16,16
"799","2020-03-20",13,10,55,84,5545,0.937240757439134,2130,7537,525,558,32,212,4,86,22,4
"800","2020-03-21",18,10,61,100,5545,0.937240757439134,2130,7537,525,558,57,269,15,101,41,15
"801","2020-03-22",26,10,62,120,5545,0.937240757439134,2130,7537,525,558,38,307,10,111,28,10
"802","2020-03-23",31,10,69,134,5545,0.937240757439134,2130,7537,525,558,46,353,16,127,36,16
"803","2020-03-24",29,10,65,148,5545,0.937240757439134,2130,7537,525,558,58,411,10,137,41,10
"804","2020-03-25",31,10,85,165,5545,0.937240757439134,2130,7537,525,558,68,479,13,150,48,13
"805","2020-03-26",36,10,85,185,5545,0.937240757439134,2130,7537,525,558,63,542,16,166,49,16
"806","2020-03-27",45,10,104,209,5545,0.937240757439134,2130,7537,525,558,56,598,13,179,47,13
"807","2020-03-28",60,10,117,233,5545,0.937240757439134,2130,7537,525,558,65,663,15,194,55,15
"808","2020-03-29",66,10,107,256,5545,0.937240757439134,2130,7537,525,558,94,757,9,203,81,9
"809","2020-03-30",70,10,96,291,5545,0.937240757439134,2130,7537,525,558,65,822,7,210,58,7
"810","2020-03-31",77,10,87,340,5545,0.937240757439134,2130,7537,525,558,70,892,4,214,62,4
"811","2020-04-01",82,10,82,365,5545,0.937240757439134,2130,7537,525,558,74,966,9,223,62,9
"812","2020-04-02",90,10,92,405,5545,0.937240757439134,2130,7537,525,558,92,1058,3,226,86,3
"813","2020-04-03",125,10,92,450,5545,0.937240757439134,2130,7537,525,558,90,1148,5,231,79,5
"814","2020-04-04",124,10,83,510,5545,0.937240757439134,2130,7537,525,558,86,1234,7,238,74,7
"815","2020-04-05",140,10,88,556,5545,0.937240757439134,2130,7537,525,558,80,1314,6,244,67,6
"816","2020-04-06",160,10,105,594,5545,0.937240757439134,2130,7537,525,558,90,1404,18,262,76,18
"817","2020-04-07",151,10,120,644,5545,0.937240757439134,2130,7537,525,558,102,1506,19,281,97,19
"818","2020-04-08",176,10,113,704,5545,0.937240757439134,2130,7537,525,558,93,1599,15,296,86,15
"819","2020-04-09",184,10,122,784,5545,0.937240757439134,2130,7537,525,558,90,1689,14,310,73,14
"820","2020-04-10",215,10,109,845,5545,0.937240757439134,2130,7537,525,558,104,1793,12,322,88,12
"821","2020-04-11",244,10,106,914,5545,0.937240757439134,2130,7537,525,558,85,1878,15,337,74,15
"822","2020-04-12",272,10,112,978,5545,0.937240757439134,2130,7537,525,558,76,1954,16,353,64,16
"823","2020-04-13",255,10,104,1042,5545,0.937240757439134,2130,7537,525,558,93,2047,16,369,87,16
"824","2020-04-14",272,10,119,1111,5545,0.937240757439134,2130,7537,525,558,118,2165,31,400,105,31
"825","2020-04-15",265,10,112,1143,5545,0.937240757439134,2130,7537,525,558,65,2230,15,415,55,15
"826","2020-04-16",282,10,133,1202,5545,0.937240757439134,2130,7537,525,558,109,2339,18,433,93,18
"827","2020-04-17",398,10,146,1287,5545,0.937240757439134,2130,7537,525,558,87,2426,14,447,76,14
"828","2020-04-18",453,10,144,1322,5545,0.937240757439134,2130,7537,525,558,116,2542,13,460,103,13
"829","2020-04-19",422,10,149,1368,5545,0.937240757439134,2130,7537,525,558,93,2635,17,477,84,17
"830","2020-04-20",441,10,159,1408,5545,0.937240757439134,2130,7537,525,558,88,2723,21,498,78,21
"831","2020-04-21",449,10,167,1431,5545,0.937240757439134,2130,7537,525,558,62,2785,25,523,50,25
"832","2020-04-22",473,10,182,1448,5545,0.937240757439134,2130,7537,525,558,99,2884,18,541,84,18
"833","2020-04-23",495,10,194,1483,5545,0.937240757439134,2130,7537,525,558,77,2961,23,564,56,23
"834","2020-04-24",555,10,206,1437,5545,0.937240757439134,2130,7537,525,558,93,3054,24,588,78,24
"835","2020-04-25",519,10,204,1454,5545,0.937240757439134,2130,7537,525,558,77,3131,21,609,65,21
"836","2020-04-26",510,10,189,1425,5545,0.937240757439134,2130,7537,525,558,66,3197,11,620,56,11
"837","2020-04-27",507,10,207,1401,5545,0.937240757439134,2130,7537,525,558,78,3275,17,637,67,17
"838","2020-04-28",494,10,192,1386,5545,0.937240757439134,2130,7537,525,558,65,3340,21,658,56,21
"839","2020-04-29",511,10,169,1368,5545,0.937240757439134,2130,7537,525,558,44,3384,23,681,39,23
"840","2020-04-30",508,10,161,1349,5545,0.937240757439134,2130,7537,525,558,61,3445,19,700,50,19
"841","2020-05-01",479,10,159,1330,5545,0.937240757439134,2130,7537,525,558,65,3510,19,719,56,19
"842","2020-05-02",491,10,125,1288,5545,0.937240757439134,2130,7537,525,558,68,3578,33,752,58,33
"843","2020-05-03",445,10,121,1257,5545,0.937240757439134,2130,7537,525,558,50,3628,14,766,39,14
"844","2020-05-04",440,10,131,1233,5545,0.937240757439134,2130,7537,525,558,57,3685,21,787,44,21
"845","2020-05-05",436,10,121,1198,5545,0.937240757439134,2130,7537,525,558,43,3728,20,807,33,20
"846","2020-05-06",406,10,130,1194,5545,0.937240757439134,2130,7537,525,558,54,3782,12,819,46,12
"847","2020-05-07",383,10,141,1149,5545,0.937240757439134,2130,7537,525,558,43,3825,22,841,31,22
"848","2020-05-08",405,10,149,1153,5545,0.937240757439134,2130,7537,525,558,44,3869,21,862,33,21
"849","2020-05-09",416,10,165,1098,5545,0.937240757439134,2130,7537,525,558,36,3905,39,901,28,39
"850","2020-05-10",391,10,191,1051,5545,0.937240757439134,2130,7537,525,558,38,3943,14,915,30,14
"851","2020-05-11",384,10,218,1018,5545,0.937240757439134,2130,7537,525,558,38,3981,34,949,28,34
"852","2020-05-12",363,10,189,963,5545,0.937240757439134,2130,7537,525,558,49,4030,26,975,35,26
"853","2020-05-13",361,10,172,895,5545,0.937240757439134,2130,7537,525,558,40,4070,35,1010,33,35
"854","2020-05-14",362,10,186,866,5545,0.937240757439134,2130,7537,525,558,44,4114,13,1023,35,13
"855","2020-05-15",359,10,191,819,5545,0.937240757439134,2130,7537,525,558,33,4147,22,1045,25,22
"856","2020-05-16",327,10,174,761,5545,0.937240757439134,2130,7537,525,558,30,4177,11,1056,24,11
"857","2020-05-17",306,10,151,698,5545,0.937240757439134,2130,7537,525,558,26,4203,14,1070,22,14
"858","2020-05-18",278,10,150,637,5545,0.937240757439134,2130,7537,525,558,26,4229,10,1080,19,10
"859","2020-05-19",274,10,157,601,5545,0.937240757439134,2130,7537,525,558,31,4260,8,1088,28,8
"860","2020-05-20",255,10,143,549,5545,0.937240757439134,2130,7537,525,558,25,4285,4,1092,22,4
"861","2020-05-21",242,10,124,487,5545,0.937240757439134,2130,7537,525,558,26,4311,14,1106,23,14
"862","2020-05-22",186,10,105,443,5545,0.937240757439134,2130,7537,525,558,18,4329,8,1114,13,8
"863","2020-05-23",171,10,88,407,5545,0.937240757439134,2130,7537,525,558,22,4351,7,1121,21,7
"864","2020-05-24",140,10,93,384,5545,0.937240757439134,2130,7537,525,558,21,4372,16,1137,12,16
"865","2020-05-25",136,10,102,357,5545,0.937240757439134,2130,7537,525,558,23,4395,22,1159,16,22
"866","2020-05-26",115,10,101,327,5545,0.937240757439134,2130,7537,525,558,31,4426,9,1168,26,9
"867","2020-05-27",108,10,103,305,5545,0.937240757439134,2130,7537,525,558,15,4441,11,1179,12,11
"868","2020-05-28",92,10,109,287,5545,0.937240757439134,2130,7537,525,558,21,4462,10,1189,14,10
"869","2020-05-29",93,10,122,258,5545,0.937240757439134,2130,7537,525,558,18,4480,9,1198,17,9
"870","2020-05-30",94,10,119,240,5545,0.937240757439134,2130,7537,525,558,16,4496,5,1203,13,5
"871","2020-05-31",89,10,95,216,5545,0.937240757439134,2130,7537,525,558,22,4518,11,1214,17,11
"872","2020-06-01",81,10,90,197,5545,0.937240757439134,2130,7537,525,558,19,4537,12,1226,16,12
"873","2020-06-02",81,10,99,181,5545,0.937240757439134,2130,7537,525,558,17,4554,10,1236,15,10
"874","2020-06-03",78,10,92,166,5545,0.937240757439134,2130,7537,525,558,10,4564,18,1254,7,18
"875","2020-06-04",80,10,86,153,5545,0.937240757439134,2130,7537,525,558,10,4574,12,1266,8,12
"876","2020-06-05",65,10,97,140,5545,0.937240757439134,2130,7537,525,558,11,4585,9,1275,6,9
"877","2020-06-06",57,10,111,124,5545,0.937240757439134,2130,7537,525,558,11,4596,4,1279,8,4
"878","2020-06-07",50,10,98,113,5545,0.937240757439134,2130,7537,525,558,8,4604,4,1283,7,4
"879","2020-03-12",1,11,36,24,5706,0.811952330879776,2025,7033,594,515,24,44,28,48,1,28
"880","2020-03-13",2,11,44,39,5706,0.811952330879776,2025,7033,594,515,30,74,22,70,7,22
"881","2020-03-14",4,11,67,60,5706,0.811952330879776,2025,7033,594,515,31,105,20,90,6,20
"882","2020-03-15",6,11,59,75,5706,0.811952330879776,2025,7033,594,515,32,137,32,122,9,32
"883","2020-03-16",8,11,68,100,5706,0.811952330879776,2025,7033,594,515,27,164,43,165,9,43
"884","2020-03-17",11,11,74,129,5706,0.811952330879776,2025,7033,594,515,41,205,31,196,23,31
"885","2020-03-18",17,11,86,160,5706,0.811952330879776,2025,7033,594,515,33,238,21,217,15,21
"886","2020-03-19",20,11,88,200,5706,0.811952330879776,2025,7033,594,515,44,282,19,236,25,19
"887","2020-03-20",34,11,92,245,5706,0.811952330879776,2025,7033,594,515,55,337,26,262,27,26
"888","2020-03-21",42,11,78,286,5706,0.811952330879776,2025,7033,594,515,65,402,26,288,45,26
"889","2020-03-22",52,11,65,330,5706,0.811952330879776,2025,7033,594,515,44,446,27,315,26,27
"890","2020-03-23",57,11,58,378,5706,0.811952330879776,2025,7033,594,515,69,515,36,351,47,36
"891","2020-03-24",70,11,49,428,5706,0.811952330879776,2025,7033,594,515,67,582,37,388,46,37
"892","2020-03-25",76,11,45,506,5706,0.811952330879776,2025,7033,594,515,54,636,45,433,38,45
"893","2020-03-26",95,11,43,568,5706,0.811952330879776,2025,7033,594,515,61,697,32,465,46,32
"894","2020-03-27",119,11,41,628,5706,0.811952330879776,2025,7033,594,515,74,771,25,490,59,25
"895","2020-03-28",147,11,36,664,5706,0.811952330879776,2025,7033,594,515,63,834,22,512,48,22
"896","2020-03-29",157,11,29,737,5706,0.811952330879776,2025,7033,594,515,82,916,44,556,62,44
"897","2020-03-30",180,11,35,809,5706,0.811952330879776,2025,7033,594,515,80,996,48,604,52,48
"898","2020-03-31",201,11,45,889,5706,0.811952330879776,2025,7033,594,515,64,1060,59,663,48,59
"899","2020-04-01",218,11,66,952,5706,0.811952330879776,2025,7033,594,515,89,1149,38,701,68,38
"900","2020-04-02",231,11,99,1032,5706,0.811952330879776,2025,7033,594,515,66,1215,59,760,46,59
"901","2020-04-03",280,11,92,1100,5706,0.811952330879776,2025,7033,594,515,97,1312,53,813,67,53
"902","2020-04-04",365,11,91,1170,5706,0.811952330879776,2025,7033,594,515,87,1399,44,857,71,44
"903","2020-04-05",366,11,101,1230,5706,0.811952330879776,2025,7033,594,515,75,1474,43,900,58,43
"904","2020-04-06",351,11,104,1299,5706,0.811952330879776,2025,7033,594,515,89,1563,29,929,66,29
"905","2020-04-07",352,11,93,1370,5706,0.811952330879776,2025,7033,594,515,87,1650,46,975,64,46
"906","2020-04-08",380,11,81,1444,5706,0.811952330879776,2025,7033,594,515,107,1757,35,1010,82,35
"907","2020-04-09",397,11,76,1482,5706,0.811952330879776,2025,7033,594,515,98,1855,43,1053,79,43
"908","2020-04-10",516,11,70,1498,5706,0.811952330879776,2025,7033,594,515,76,1931,26,1079,59,26
"909","2020-04-11",528,11,81,1520,5706,0.811952330879776,2025,7033,594,515,81,2012,44,1123,51,44
"910","2020-04-12",505,11,109,1526,5706,0.811952330879776,2025,7033,594,515,80,2092,53,1176,60,53
"911","2020-04-13",509,11,106,1563,5706,0.811952330879776,2025,7033,594,515,97,2189,51,1227,74,51
"912","2020-04-14",500,11,132,1542,5706,0.811952330879776,2025,7033,594,515,101,2290,45,1272,75,45
"913","2020-04-15",507,11,124,1525,5706,0.811952330879776,2025,7033,594,515,74,2364,31,1303,58,31
"914","2020-04-16",506,11,148,1479,5706,0.811952330879776,2025,7033,594,515,96,2460,45,1348,68,45
"915","2020-04-17",506,11,170,1461,5706,0.811952330879776,2025,7033,594,515,73,2533,36,1384,58,36
"916","2020-04-18",474,11,188,1410,5706,0.811952330879776,2025,7033,594,515,93,2626,43,1427,76,43
"917","2020-04-19",454,11,193,1395,5706,0.811952330879776,2025,7033,594,515,73,2699,43,1470,56,43
"918","2020-04-20",448,11,187,1397,5706,0.811952330879776,2025,7033,594,515,65,2764,35,1505,46,35
"919","2020-04-21",476,11,178,1341,5706,0.811952330879776,2025,7033,594,515,79,2843,36,1541,63,36
"920","2020-04-22",460,11,184,1297,5706,0.811952330879776,2025,7033,594,515,66,2909,63,1604,47,63
"921","2020-04-23",453,11,193,1252,5706,0.811952330879776,2025,7033,594,515,72,2981,41,1645,52,41
"922","2020-04-24",459,11,183,1206,5706,0.811952330879776,2025,7033,594,515,54,3035,52,1697,34,52
"923","2020-04-25",454,11,181,1163,5706,0.811952330879776,2025,7033,594,515,64,3099,55,1752,52,55
"924","2020-04-26",449,11,181,1125,5706,0.811952330879776,2025,7033,594,515,67,3166,53,1805,45,53
"925","2020-04-27",442,11,181,1095,5706,0.811952330879776,2025,7033,594,515,56,3222,39,1844,40,39
"926","2020-04-28",401,11,154,1024,5706,0.811952330879776,2025,7033,594,515,59,3281,45,1889,48,45
"927","2020-04-29",384,11,153,996,5706,0.811952330879776,2025,7033,594,515,50,3331,34,1923,34,34
"928","2020-04-30",382,11,126,931,5706,0.811952330879776,2025,7033,594,515,57,3388,31,1954,43,31
"929","2020-05-01",369,11,108,898,5706,0.811952330879776,2025,7033,594,515,38,3426,35,1989,27,35
"930","2020-05-02",345,11,100,855,5706,0.811952330879776,2025,7033,594,515,47,3473,46,2035,34,46
"931","2020-05-03",295,11,120,813,5706,0.811952330879776,2025,7033,594,515,51,3524,35,2070,37,35
"932","2020-05-04",270,11,137,768,5706,0.811952330879776,2025,7033,594,515,60,3584,53,2123,40,53
"933","2020-05-05",268,11,136,738,5706,0.811952330879776,2025,7033,594,515,39,3623,41,2164,28,41
"934","2020-05-06",258,11,115,728,5706,0.811952330879776,2025,7033,594,515,45,3668,37,2201,29,37
"935","2020-05-07",244,11,104,685,5706,0.811952330879776,2025,7033,594,515,36,3704,27,2228,20,27
"936","2020-05-08",219,11,98,642,5706,0.811952330879776,2025,7033,594,515,42,3746,36,2264,27,36
"937","2020-05-09",219,11,104,581,5706,0.811952330879776,2025,7033,594,515,40,3786,30,2294,27,30
"938","2020-05-10",216,11,114,548,5706,0.811952330879776,2025,7033,594,515,40,3826,22,2316,23,22
"939","2020-05-11",209,11,129,516,5706,0.811952330879776,2025,7033,594,515,57,3883,35,2351,40,35
"940","2020-05-12",193,11,116,494,5706,0.811952330879776,2025,7033,594,515,42,3925,35,2386,30,35
"941","2020-05-13",194,11,107,457,5706,0.811952330879776,2025,7033,594,515,50,3975,24,2410,32,24
"942","2020-05-14",180,11,112,412,5706,0.811952330879776,2025,7033,594,515,41,4016,29,2439,30,29
"943","2020-05-15",175,11,125,373,5706,0.811952330879776,2025,7033,594,515,33,4049,23,2462,23,23
"944","2020-05-16",159,11,128,358,5706,0.811952330879776,2025,7033,594,515,29,4078,33,2495,22,33
"945","2020-05-17",138,11,121,325,5706,0.811952330879776,2025,7033,594,515,33,4111,42,2537,18,42
"946","2020-05-18",130,11,120,296,5706,0.811952330879776,2025,7033,594,515,25,4136,40,2577,19,40
"947","2020-05-19",123,11,111,267,5706,0.811952330879776,2025,7033,594,515,34,4170,39,2616,26,39
"948","2020-05-20",106,11,104,248,5706,0.811952330879776,2025,7033,594,515,25,4195,27,2643,18,27
"949","2020-05-21",101,11,90,234,5706,0.811952330879776,2025,7033,594,515,30,4225,28,2671,17,28
"950","2020-05-22",89,11,79,226,5706,0.811952330879776,2025,7033,594,515,25,4250,22,2693,15,22
"951","2020-05-23",96,11,68,214,5706,0.811952330879776,2025,7033,594,515,29,4279,27,2720,17,27
"952","2020-05-24",82,11,65,198,5706,0.811952330879776,2025,7033,594,515,21,4300,38,2758,12,38
"953","2020-05-25",75,11,71,180,5706,0.811952330879776,2025,7033,594,515,28,4328,32,2790,24,32
"954","2020-05-26",70,11,84,163,5706,0.811952330879776,2025,7033,594,515,24,4352,31,2821,16,31
"955","2020-05-27",71,11,102,155,5706,0.811952330879776,2025,7033,594,515,27,4379,40,2861,21,40
"956","2020-05-28",66,11,105,146,5706,0.811952330879776,2025,7033,594,515,17,4396,44,2905,10,44
"957","2020-05-29",52,11,130,140,5706,0.811952330879776,2025,7033,594,515,24,4420,42,2947,16,42
"958","2020-05-30",36,11,126,130,5706,0.811952330879776,2025,7033,594,515,21,4441,37,2984,9,37
"959","2020-05-31",40,11,115,123,5706,0.811952330879776,2025,7033,594,515,15,4456,37,3021,12,37
"960","2020-06-01",34,11,97,120,5706,0.811952330879776,2025,7033,594,515,19,4475,39,3060,10,39
"961","2020-06-02",31,11,102,117,5706,0.811952330879776,2025,7033,594,515,16,4491,23,3083,11,23
"962","2020-06-03",35,11,106,119,5706,0.811952330879776,2025,7033,594,515,16,4507,28,3111,8,28
"963","2020-06-04",34,11,101,107,5706,0.811952330879776,2025,7033,594,515,9,4516,35,3146,4,35
"964","2020-06-05",34,11,88,88,5706,0.811952330879776,2025,7033,594,515,12,4528,24,3170,4,24
"965","2020-06-06",34,11,77,78,5706,0.811952330879776,2025,7033,594,515,16,4544,35,3205,11,35
"966","2020-06-07",30,11,63,77,5706,0.811952330879776,2025,7033,594,515,7,4551,26,3231,3,26
"967","2020-03-12",1,12,23,43,4050,0.584691358024691,2085,6810,390,465,7,21,5,8,1,5
"968","2020-03-13",2,12,22,61,4050,0.584691358024691,2085,6810,390,465,10,31,3,11,1,3
"969","2020-03-14",12,12,23,89,4050,0.584691358024691,2085,6810,390,465,16,47,1,12,7,1
"970","2020-03-15",17,12,23,115,4050,0.584691358024691,2085,6810,390,465,17,64,12,24,4,12
"971","2020-03-16",19,12,27,140,4050,0.584691358024691,2085,6810,390,465,23,87,14,38,17,14
"972","2020-03-17",23,12,22,173,4050,0.584691358024691,2085,6810,390,465,20,107,9,47,14,9
"973","2020-03-18",33,12,30,207,4050,0.584691358024691,2085,6810,390,465,19,126,10,57,13,10
"974","2020-03-19",38,12,33,252,4050,0.584691358024691,2085,6810,390,465,20,146,17,74,16,17
"975","2020-03-20",59,12,36,271,4050,0.584691358024691,2085,6810,390,465,23,169,9,83,19,9
"976","2020-03-21",69,12,43,300,4050,0.584691358024691,2085,6810,390,465,29,198,5,88,22,5
"977","2020-03-22",79,12,47,332,4050,0.584691358024691,2085,6810,390,465,27,225,3,91,19,3
"978","2020-03-23",80,12,52,361,4050,0.584691358024691,2085,6810,390,465,33,258,10,101,27,10
"979","2020-03-24",87,12,61,394,4050,0.584691358024691,2085,6810,390,465,36,294,3,104,27,3
"980","2020-03-25",94,12,60,426,4050,0.584691358024691,2085,6810,390,465,33,327,13,117,22,13
"981","2020-03-26",100,12,71,447,4050,0.584691358024691,2085,6810,390,465,49,376,13,130,37,13
"982","2020-03-27",122,12,65,460,4050,0.584691358024691,2085,6810,390,465,48,424,20,150,40,20
"983","2020-03-28",150,12,67,496,4050,0.584691358024691,2085,6810,390,465,40,464,6,156,29,6
"984","2020-03-29",145,12,62,514,4050,0.584691358024691,2085,6810,390,465,38,502,7,163,27,7
"985","2020-03-30",144,12,72,520,4050,0.584691358024691,2085,6810,390,465,50,552,14,177,41,14
"986","2020-03-31",150,12,81,552,4050,0.584691358024691,2085,6810,390,465,51,603,21,198,41,21
"987","2020-04-01",155,12,80,564,4050,0.584691358024691,2085,6810,390,465,73,676,20,218,63,20
"988","2020-04-02",163,12,83,558,4050,0.584691358024691,2085,6810,390,465,50,726,15,233,44,15
"989","2020-04-03",187,12,85,577,4050,0.584691358024691,2085,6810,390,465,75,801,5,238,59,5
"990","2020-04-04",199,12,87,594,4050,0.584691358024691,2085,6810,390,465,45,846,4,242,35,4
"991","2020-04-05",194,12,81,606,4050,0.584691358024691,2085,6810,390,465,72,918,10,252,65,10
"992","2020-04-06",198,12,78,634,4050,0.584691358024691,2085,6810,390,465,59,977,22,274,50,22
"993","2020-04-07",200,12,77,646,4050,0.584691358024691,2085,6810,390,465,77,1054,25,299,70,25
"994","2020-04-08",202,12,76,632,4050,0.584691358024691,2085,6810,390,465,54,1108,22,321,49,22
"995","2020-04-09",200,12,74,661,4050,0.584691358024691,2085,6810,390,465,82,1190,6,327,66,6
"996","2020-04-10",210,12,79,674,4050,0.584691358024691,2085,6810,390,465,80,1270,16,343,60,16
"997","2020-04-11",203,12,72,715,4050,0.584691358024691,2085,6810,390,465,77,1347,16,359,64,16
"998","2020-04-12",213,12,75,724,4050,0.584691358024691,2085,6810,390,465,78,1425,13,372,68,13
"999","2020-04-13",203,12,83,740,4050,0.584691358024691,2085,6810,390,465,77,1502,34,406,61,34
"1000","2020-04-14",205,12,88,738,4050,0.584691358024691,2085,6810,390,465,71,1573,33,439,61,33
"1001","2020-04-15",204,12,93,739,4050,0.584691358024691,2085,6810,390,465,87,1660,37,476,77,37
"1002","2020-04-16",218,12,91,760,4050,0.584691358024691,2085,6810,390,465,70,1730,40,516,62,40
"1003","2020-04-17",258,12,103,775,4050,0.584691358024691,2085,6810,390,465,78,1808,28,544,69,28
"1004","2020-04-18",273,12,110,754,4050,0.584691358024691,2085,6810,390,465,67,1875,34,578,62,34
"1005","2020-04-19",237,12,109,750,4050,0.584691358024691,2085,6810,390,465,72,1947,24,602,61,24
"1006","2020-04-20",242,12,112,750,4050,0.584691358024691,2085,6810,390,465,67,2014,37,639,57,37
"1007","2020-04-21",235,12,118,736,4050,0.584691358024691,2085,6810,390,465,73,2087,37,676,60,37
"1008","2020-04-22",236,12,128,708,4050,0.584691358024691,2085,6810,390,465,94,2181,22,698,81,22
"1009","2020-04-23",239,12,130,701,4050,0.584691358024691,2085,6810,390,465,73,2254,25,723,57,25
"1010","2020-04-24",227,12,136,676,4050,0.584691358024691,2085,6810,390,465,69,2323,10,733,56,10
"1011","2020-04-25",223,12,145,662,4050,0.584691358024691,2085,6810,390,465,72,2395,9,742,61,9
"1012","2020-04-26",235,12,144,649,4050,0.584691358024691,2085,6810,390,465,72,2467,6,748,60,6
"1013","2020-04-27",220,12,143,632,4050,0.584691358024691,2085,6810,390,465,67,2534,10,758,58,10
"1014","2020-04-28",211,12,137,630,4050,0.584691358024691,2085,6810,390,465,77,2611,36,794,67,36
"1015","2020-04-29",204,12,132,621,4050,0.584691358024691,2085,6810,390,465,62,2673,22,816,47,22
"1016","2020-04-30",194,12,154,600,4050,0.584691358024691,2085,6810,390,465,53,2726,29,845,42,29
"1017","2020-05-01",212,12,173,575,4050,0.584691358024691,2085,6810,390,465,50,2776,29,874,43,29
"1018","2020-05-02",204,12,181,546,4050,0.584691358024691,2085,6810,390,465,60,2836,23,897,48,23
"1019","2020-05-03",197,12,177,532,4050,0.584691358024691,2085,6810,390,465,53,2889,25,922,46,25
"1020","2020-05-04",199,12,165,523,4050,0.584691358024691,2085,6810,390,465,70,2959,22,944,60,22
"1021","2020-05-05",192,12,154,522,4050,0.584691358024691,2085,6810,390,465,53,3012,10,954,44,10
"1022","2020-05-06",192,12,145,512,4050,0.584691358024691,2085,6810,390,465,57,3069,29,983,51,29
"1023","2020-05-07",181,12,134,487,4050,0.584691358024691,2085,6810,390,465,72,3141,24,1007,63,24
"1024","2020-05-08",183,12,143,491,4050,0.584691358024691,2085,6810,390,465,38,3179,14,1021,32,14
"1025","2020-05-09",191,12,160,476,4050,0.584691358024691,2085,6810,390,465,60,3239,17,1038,55,17
"1026","2020-05-10",168,12,155,472,4050,0.584691358024691,2085,6810,390,465,41,3280,7,1045,35,7
"1027","2020-05-11",161,12,156,474,4050,0.584691358024691,2085,6810,390,465,56,3336,9,1054,43,9
"1028","2020-05-12",151,12,147,472,4050,0.584691358024691,2085,6810,390,465,55,3391,24,1078,45,24
"1029","2020-05-13",148,12,156,470,4050,0.584691358024691,2085,6810,390,465,43,3434,36,1114,35,36
"1030","2020-05-14",144,12,153,452,4050,0.584691358024691,2085,6810,390,465,30,3464,26,1140,23,26
"1031","2020-05-15",169,12,150,460,4050,0.584691358024691,2085,6810,390,465,39,3503,19,1159,31,19
"1032","2020-05-16",175,12,146,450,4050,0.584691358024691,2085,6810,390,465,37,3540,17,1176,34,17
"1033","2020-05-17",149,12,149,443,4050,0.584691358024691,2085,6810,390,465,30,3570,13,1189,25,13
"1034","2020-05-18",143,12,152,446,4050,0.584691358024691,2085,6810,390,465,37,3607,8,1197,33,8
"1035","2020-05-19",150,12,144,429,4050,0.584691358024691,2085,6810,390,465,39,3646,7,1204,35,7
"1036","2020-05-20",151,12,135,405,4050,0.584691358024691,2085,6810,390,465,29,3675,5,1209,25,5
"1037","2020-05-21",148,12,120,389,4050,0.584691358024691,2085,6810,390,465,28,3703,5,1214,24,5
"1038","2020-05-22",137,12,106,369,4050,0.584691358024691,2085,6810,390,465,15,3718,8,1222,13,8
"1039","2020-05-23",128,12,110,363,4050,0.584691358024691,2085,6810,390,465,27,3745,14,1236,23,14
"1040","2020-05-24",135,12,101,346,4050,0.584691358024691,2085,6810,390,465,28,3773,12,1248,27,12
"1041","2020-05-25",130,12,129,342,4050,0.584691358024691,2085,6810,390,465,17,3790,14,1262,14,14
"1042","2020-05-26",118,12,122,335,4050,0.584691358024691,2085,6810,390,465,22,3812,5,1267,19,5
"1043","2020-05-27",117,12,117,325,4050,0.584691358024691,2085,6810,390,465,22,3834,18,1285,18,18
"1044","2020-05-28",121,12,116,312,4050,0.584691358024691,2085,6810,390,465,8,3842,21,1306,6,21
"1045","2020-05-29",111,12,107,311,4050,0.584691358024691,2085,6810,390,465,20,3862,24,1330,15,24
"1046","2020-05-30",108,12,115,300,4050,0.584691358024691,2085,6810,390,465,12,3874,13,1343,9,13
"1047","2020-05-31",98,12,125,299,4050,0.584691358024691,2085,6810,390,465,12,3886,14,1357,9,14
"1048","2020-06-01",93,12,118,287,4050,0.584691358024691,2085,6810,390,465,17,3903,17,1374,14,17
"1049","2020-06-02",91,12,114,286,4050,0.584691358024691,2085,6810,390,465,14,3917,22,1396,11,22
"1050","2020-06-03",90,12,125,262,4050,0.584691358024691,2085,6810,390,465,9,3926,13,1409,6,13
"1051","2020-06-04",90,12,114,247,4050,0.584691358024691,2085,6810,390,465,8,3934,21,1430,5,21
"1052","2020-06-05",96,12,111,233,4050,0.584691358024691,2085,6810,390,465,18,3952,18,1448,16,18
"1053","2020-06-06",90,12,104,224,4050,0.584691358024691,2085,6810,390,465,13,3965,13,1461,8,13
"1054","2020-06-07",82,12,99,220,4050,0.584691358024691,2085,6810,390,465,13,3978,18,1479,9,18
"1055","2020-03-08",1,13,0,0,5313,0.912478825522304,2070,7003,521,499,NA,NA,NA,NA,NA,NA
"1056","2020-03-09",1,13,0,0,5313,0.912478825522304,2070,7003,521,499,NA,NA,NA,NA,NA,NA
"1057","2020-03-10",0,13,0,0,5313,0.912478825522304,2070,7003,521,499,NA,NA,3,3,NA,3
"1058","2020-03-11",0,13,0,0,5313,0.912478825522304,2070,7003,521,499,13,13,5,8,NA,5
"1059","2020-03-12",0,13,0,0,5313,0.912478825522304,2070,7003,521,499,15,28,8,16,1,8
"1060","2020-03-13",0,13,0,0,5313,0.912478825522304,2070,7003,521,499,11,39,5,21,4,5
"1061","2020-03-14",2,13,44,22,5313,0.912478825522304,2070,7003,521,499,15,54,4,25,1,4
"1062","2020-03-15",2,13,56,27,5313,0.912478825522304,2070,7003,521,499,16,70,6,31,10,6
"1063","2020-03-16",1,13,52,39,5313,0.912478825522304,2070,7003,521,499,28,98,5,36,10,5
"1064","2020-03-17",2,13,59,51,5313,0.912478825522304,2070,7003,521,499,27,125,5,41,17,5
"1065","2020-03-18",5,13,61,66,5313,0.912478825522304,2070,7003,521,499,34,159,9,50,19,9
"1066","2020-03-19",6,13,78,80,5313,0.912478825522304,2070,7003,521,499,31,190,2,52,13,2
"1067","2020-03-20",9,13,86,93,5313,0.912478825522304,2070,7003,521,499,33,223,3,55,21,3
"1068","2020-03-21",12,13,95,117,5313,0.912478825522304,2070,7003,521,499,23,246,4,59,16,4
"1069","2020-03-22",18,13,98,141,5313,0.912478825522304,2070,7003,521,499,49,295,5,64,28,5
"1070","2020-03-23",23,13,91,168,5313,0.912478825522304,2070,7003,521,499,49,344,3,67,36,3
"1071","2020-03-24",27,13,90,190,5313,0.912478825522304,2070,7003,521,499,41,385,2,69,29,2
"1072","2020-03-25",34,13,83,209,5313,0.912478825522304,2070,7003,521,499,64,449,6,75,53,6
"1073","2020-03-26",42,13,91,241,5313,0.912478825522304,2070,7003,521,499,47,496,10,85,39,10
"1074","2020-03-27",53,13,96,258,5313,0.912478825522304,2070,7003,521,499,49,545,10,95,34,10
"1075","2020-03-28",57,13,100,286,5313,0.912478825522304,2070,7003,521,499,44,589,11,106,35,11
"1076","2020-03-29",83,13,98,307,5313,0.912478825522304,2070,7003,521,499,65,654,9,115,52,9
"1077","2020-03-30",89,13,96,341,5313,0.912478825522304,2070,7003,521,499,64,718,14,129,48,14
"1078","2020-03-31",89,13,95,360,5313,0.912478825522304,2070,7003,521,499,81,799,19,148,68,19
"1079","2020-04-01",91,13,103,408,5313,0.912478825522304,2070,7003,521,499,59,858,15,163,48,15
"1080","2020-04-02",91,13,96,425,5313,0.912478825522304,2070,7003,521,499,73,931,16,179,62,16
"1081","2020-04-03",109,13,103,459,5313,0.912478825522304,2070,7003,521,499,76,1007,7,186,57,7
"1082","2020-04-04",118,13,98,491,5313,0.912478825522304,2070,7003,521,499,57,1064,11,197,44,11
"1083","2020-04-05",109,13,98,533,5313,0.912478825522304,2070,7003,521,499,74,1138,8,205,54,8
"1084","2020-04-06",117,13,94,587,5313,0.912478825522304,2070,7003,521,499,70,1208,7,212,57,7
"1085","2020-04-07",125,13,96,651,5313,0.912478825522304,2070,7003,521,499,69,1277,10,222,57,10
"1086","2020-04-08",144,13,75,725,5313,0.912478825522304,2070,7003,521,499,64,1341,15,237,47,15
"1087","2020-04-09",157,13,87,776,5313,0.912478825522304,2070,7003,521,499,71,1412,12,249,52,12
"1088","2020-04-10",214,13,96,838,5313,0.912478825522304,2070,7003,521,499,70,1482,13,262,55,13
"1089","2020-04-11",240,13,108,944,5313,0.912478825522304,2070,7003,521,499,67,1549,6,268,52,6
"1090","2020-04-12",303,13,117,994,5313,0.912478825522304,2070,7003,521,499,67,1616,9,277,53,9
"1091","2020-04-13",307,13,122,1069,5313,0.912478825522304,2070,7003,521,499,73,1689,8,285,63,8
"1092","2020-04-14",310,13,131,1160,5313,0.912478825522304,2070,7003,521,499,60,1749,10,295,44,10
"1093","2020-04-15",317,13,134,1228,5313,0.912478825522304,2070,7003,521,499,72,1821,7,302,58,7
"1094","2020-04-16",346,13,145,1308,5313,0.912478825522304,2070,7003,521,499,73,1894,5,307,61,5
"1095","2020-04-17",470,13,139,1344,5313,0.912478825522304,2070,7003,521,499,79,1973,4,311,58,4
"1096","2020-04-18",531,13,141,1382,5313,0.912478825522304,2070,7003,521,499,99,2072,4,315,83,4
"1097","2020-04-19",456,13,145,1422,5313,0.912478825522304,2070,7003,521,499,59,2131,4,319,41,4
"1098","2020-04-20",470,13,148,1470,5313,0.912478825522304,2070,7003,521,499,75,2206,4,323,63,4
"1099","2020-04-21",471,13,153,1495,5313,0.912478825522304,2070,7003,521,499,70,2276,6,329,56,6
"1100","2020-04-22",493,13,136,1539,5313,0.912478825522304,2070,7003,521,499,99,2375,11,340,87,11
"1101","2020-04-23",499,13,128,1553,5313,0.912478825522304,2070,7003,521,499,58,2433,4,344,49,4
"1102","2020-04-24",549,13,114,1526,5313,0.912478825522304,2070,7003,521,499,80,2513,17,361,65,17
"1103","2020-04-25",533,13,106,1522,5313,0.912478825522304,2070,7003,521,499,65,2578,19,380,53,19
"1104","2020-04-26",513,13,95,1525,5313,0.912478825522304,2070,7003,521,499,61,2639,23,403,50,23
"1105","2020-04-27",527,13,99,1524,5313,0.912478825522304,2070,7003,521,499,64,2703,23,426,49,23
"1106","2020-04-28",534,13,96,1479,5313,0.912478825522304,2070,7003,521,499,96,2799,21,447,76,21
"1107","2020-04-29",519,13,115,1420,5313,0.912478825522304,2070,7003,521,499,59,2858,38,485,48,38
"1108","2020-04-30",517,13,115,1358,5313,0.912478825522304,2070,7003,521,499,67,2925,14,499,46,14
"1109","2020-05-01",517,13,110,1311,5313,0.912478825522304,2070,7003,521,499,57,2982,7,506,46,7
"1110","2020-05-02",481,13,110,1224,5313,0.912478825522304,2070,7003,521,499,61,3043,9,515,49,9
"1111","2020-05-03",473,13,100,1132,5313,0.912478825522304,2070,7003,521,499,43,3086,22,537,35,22
"1112","2020-05-04",455,13,109,1060,5313,0.912478825522304,2070,7003,521,499,66,3152,12,549,50,12
"1113","2020-05-05",420,13,109,1002,5313,0.912478825522304,2070,7003,521,499,51,3203,18,567,38,18
"1114","2020-05-06",417,13,112,935,5313,0.912478825522304,2070,7003,521,499,49,3252,17,584,42,17
"1115","2020-05-07",395,13,107,862,5313,0.912478825522304,2070,7003,521,499,48,3300,11,595,40,11
"1116","2020-05-08",347,13,101,822,5313,0.912478825522304,2070,7003,521,499,53,3353,19,614,43,19
"1117","2020-05-09",352,13,106,781,5313,0.912478825522304,2070,7003,521,499,45,3398,20,634,37,20
"1118","2020-05-10",297,13,114,715,5313,0.912478825522304,2070,7003,521,499,44,3442,14,648,26,14
"1119","2020-05-11",269,13,122,670,5313,0.912478825522304,2070,7003,521,499,43,3485,5,653,31,5
"1120","2020-05-12",273,13,116,651,5313,0.912478825522304,2070,7003,521,499,38,3523,16,669,33,16
"1121","2020-05-13",248,13,116,612,5313,0.912478825522304,2070,7003,521,499,46,3569,10,679,29,10
"1122","2020-05-14",239,13,130,581,5313,0.912478825522304,2070,7003,521,499,28,3597,15,694,20,15
"1123","2020-05-15",215,13,126,538,5313,0.912478825522304,2070,7003,521,499,40,3637,15,709,29,15
"1124","2020-05-16",215,13,128,515,5313,0.912478825522304,2070,7003,521,499,28,3665,7,716,23,7
"1125","2020-05-17",189,13,129,478,5313,0.912478825522304,2070,7003,521,499,36,3701,24,740,24,24
"1126","2020-05-18",178,13,145,455,5313,0.912478825522304,2070,7003,521,499,33,3734,20,760,22,20
"1127","2020-05-19",157,13,146,442,5313,0.912478825522304,2070,7003,521,499,25,3759,17,777,13,17
"1128","2020-05-20",151,13,143,437,5313,0.912478825522304,2070,7003,521,499,33,3792,9,786,26,9
"1129","2020-05-21",148,13,133,406,5313,0.912478825522304,2070,7003,521,499,38,3830,10,796,33,10
"1130","2020-05-22",143,13,135,374,5313,0.912478825522304,2070,7003,521,499,26,3856,13,809,15,13
"1131","2020-05-23",134,13,120,360,5313,0.912478825522304,2070,7003,521,499,30,3886,12,821,24,12
"1132","2020-05-24",127,13,120,344,5313,0.912478825522304,2070,7003,521,499,19,3905,8,829,15,8
"1133","2020-05-25",126,13,106,335,5313,0.912478825522304,2070,7003,521,499,20,3925,9,838,15,9
"1134","2020-05-26",126,13,104,316,5313,0.912478825522304,2070,7003,521,499,30,3955,5,843,24,5
"1135","2020-05-27",123,13,104,295,5313,0.912478825522304,2070,7003,521,499,29,3984,5,848,20,5
"1136","2020-05-28",111,13,103,278,5313,0.912478825522304,2070,7003,521,499,10,3994,9,857,6,9
"1137","2020-05-29",102,13,102,247,5313,0.912478825522304,2070,7003,521,499,17,4011,8,865,13,8
"1138","2020-05-30",88,13,99,232,5313,0.912478825522304,2070,7003,521,499,22,4033,4,869,19,4
"1139","2020-05-31",85,13,95,217,5313,0.912478825522304,2070,7003,521,499,18,4051,8,877,14,8
"1140","2020-06-01",72,13,100,198,5313,0.912478825522304,2070,7003,521,499,20,4071,9,886,17,9
"1141","2020-06-02",73,13,100,179,5313,0.912478825522304,2070,7003,521,499,14,4085,15,901,11,15
"1142","2020-06-03",73,13,90,163,5313,0.912478825522304,2070,7003,521,499,14,4099,10,911,10,10
"1143","2020-06-04",69,13,88,150,5313,0.912478825522304,2070,7003,521,499,15,4114,7,918,10,7
"1144","2020-06-05",62,13,94,134,5313,0.912478825522304,2070,7003,521,499,15,4129,8,926,11,8
"1145","2020-06-06",60,13,91,115,5313,0.912478825522304,2070,7003,521,499,10,4139,7,933,8,7
"1146","2020-06-07",48,13,86,113,5313,0.912478825522304,2070,7003,521,499,9,4148,3,936,6,3
"1147","2020-03-07",1,14,0,0,5638,0.915750266051791,2010,7087,603,619,NA,NA,NA,NA,NA,NA
"1148","2020-03-08",1,14,0,0,5638,0.915750266051791,2010,7087,603,619,NA,NA,NA,NA,NA,NA
"1149","2020-03-09",0,14,0,0,5638,0.915750266051791,2010,7087,603,619,NA,NA,NA,NA,NA,NA
"1150","2020-03-10",0,14,0,0,5638,0.915750266051791,2010,7087,603,619,NA,NA,NA,NA,NA,NA
"1151","2020-03-11",0,14,0,0,5638,0.915750266051791,2010,7087,603,619,12,12,3,3,2,3
"1152","2020-03-12",0,14,0,0,5638,0.915750266051791,2010,7087,603,619,7,19,11,14,1,11
"1153","2020-03-13",1,14,46,32,5638,0.915750266051791,2010,7087,603,619,16,35,11,25,5,11
"1154","2020-03-14",2,14,47,48,5638,0.915750266051791,2010,7087,603,619,15,50,16,41,9,16
"1155","2020-03-15",5,14,40,73,5638,0.915750266051791,2010,7087,603,619,27,77,7,48,16,7
"1156","2020-03-16",10,14,43,100,5638,0.915750266051791,2010,7087,603,619,21,98,13,61,12,13
"1157","2020-03-17",11,14,47,124,5638,0.915750266051791,2010,7087,603,619,28,126,21,82,19,21
"1158","2020-03-18",17,14,56,152,5638,0.915750266051791,2010,7087,603,619,32,158,27,109,17,27
"1159","2020-03-19",21,14,60,174,5638,0.915750266051791,2010,7087,603,619,34,192,18,127,25,18
"1160","2020-03-20",31,14,62,215,5638,0.915750266051791,2010,7087,603,619,29,221,22,149,22,22
"1161","2020-03-21",40,14,73,260,5638,0.915750266051791,2010,7087,603,619,29,250,17,166,25,17
"1162","2020-03-22",53,14,67,304,5638,0.915750266051791,2010,7087,603,619,32,282,16,182,24,16
"1163","2020-03-23",56,14,84,347,5638,0.915750266051791,2010,7087,603,619,37,319,19,201,28,19
"1164","2020-03-24",63,14,86,401,5638,0.915750266051791,2010,7087,603,619,54,373,8,209,43,8
"1165","2020-03-25",73,14,95,459,5638,0.915750266051791,2010,7087,603,619,43,416,22,231,37,22
"1166","2020-03-26",89,14,103,512,5638,0.915750266051791,2010,7087,603,619,52,468,28,259,40,28
"1167","2020-03-27",111,14,110,572,5638,0.915750266051791,2010,7087,603,619,62,530,20,279,47,20
"1168","2020-03-28",149,14,111,634,5638,0.915750266051791,2010,7087,603,619,65,595,23,302,55,23
"1169","2020-03-29",147,14,131,695,5638,0.915750266051791,2010,7087,603,619,62,657,36,338,53,36
"1170","2020-03-30",157,14,142,785,5638,0.915750266051791,2010,7087,603,619,71,728,16,354,60,16
"1171","2020-03-31",184,14,148,831,5638,0.915750266051791,2010,7087,603,619,63,791,13,367,54,13
"1172","2020-04-01",192,14,146,894,5638,0.915750266051791,2010,7087,603,619,58,849,12,379,49,12
"1173","2020-04-02",202,14,157,969,5638,0.915750266051791,2010,7087,603,619,65,914,31,410,56,31
"1174","2020-04-03",249,14,178,1027,5638,0.915750266051791,2010,7087,603,619,63,977,17,427,46,17
"1175","2020-04-04",298,14,170,1084,5638,0.915750266051791,2010,7087,603,619,63,1040,27,454,54,27
"1176","2020-04-05",324,14,190,1161,5638,0.915750266051791,2010,7087,603,619,55,1095,26,480,42,26
"1177","2020-04-06",314,14,173,1206,5638,0.915750266051791,2010,7087,603,619,48,1143,13,493,41,13
"1178","2020-04-07",315,14,182,1256,5638,0.915750266051791,2010,7087,603,619,79,1222,15,508,64,15
"1179","2020-04-08",334,14,182,1297,5638,0.915750266051791,2010,7087,603,619,53,1275,26,534,47,26
"1180","2020-04-09",346,14,166,1326,5638,0.915750266051791,2010,7087,603,619,65,1340,24,558,52,24
"1181","2020-04-10",421,14,157,1406,5638,0.915750266051791,2010,7087,603,619,63,1403,37,595,54,37
"1182","2020-04-11",436,14,140,1444,5638,0.915750266051791,2010,7087,603,619,79,1482,42,637,58,42
"1183","2020-04-12",432,14,133,1485,5638,0.915750266051791,2010,7087,603,619,86,1568,29,666,70,29
"1184","2020-04-13",440,14,127,1561,5638,0.915750266051791,2010,7087,603,619,57,1625,28,694,44,28
"1185","2020-04-14",441,14,122,1562,5638,0.915750266051791,2010,7087,603,619,73,1698,29,723,62,29
"1186","2020-04-15",459,14,129,1597,5638,0.915750266051791,2010,7087,603,619,90,1788,26,749,78,26
"1187","2020-04-16",474,14,117,1570,5638,0.915750266051791,2010,7087,603,619,60,1848,18,767,49,18
"1188","2020-04-17",530,14,117,1565,5638,0.915750266051791,2010,7087,603,619,70,1918,30,797,56,30
"1189","2020-04-18",552,14,141,1566,5638,0.915750266051791,2010,7087,603,619,53,1971,23,820,42,23
"1190","2020-04-19",536,14,153,1522,5638,0.915750266051791,2010,7087,603,619,72,2043,40,860,61,40
"1191","2020-04-20",543,14,156,1502,5638,0.915750266051791,2010,7087,603,619,63,2106,37,897,50,37
"1192","2020-04-21",548,14,175,1482,5638,0.915750266051791,2010,7087,603,619,82,2188,41,938,58,41
"1193","2020-04-22",541,14,163,1456,5638,0.915750266051791,2010,7087,603,619,77,2265,37,975,67,37
"1194","2020-04-23",537,14,167,1423,5638,0.915750266051791,2010,7087,603,619,73,2338,17,992,65,17
"1195","2020-04-24",563,14,174,1373,5638,0.915750266051791,2010,7087,603,619,51,2389,14,1006,41,14
"1196","2020-04-25",516,14,174,1304,5638,0.915750266051791,2010,7087,603,619,73,2462,16,1022,59,16
"1197","2020-04-26",493,14,169,1267,5638,0.915750266051791,2010,7087,603,619,58,2520,15,1037,50,15
"1198","2020-04-27",464,14,182,1187,5638,0.915750266051791,2010,7087,603,619,58,2578,20,1057,50,20
"1199","2020-04-28",439,14,192,1130,5638,0.915750266051791,2010,7087,603,619,54,2632,19,1076,45,19
"1200","2020-04-29",420,14,194,1064,5638,0.915750266051791,2010,7087,603,619,58,2690,22,1098,44,22
"1201","2020-04-30",410,14,214,973,5638,0.915750266051791,2010,7087,603,619,51,2741,12,1110,38,12
"1202","2020-05-01",370,14,208,913,5638,0.915750266051791,2010,7087,603,619,39,2780,9,1119,32,9
"1203","2020-05-02",349,14,202,865,5638,0.915750266051791,2010,7087,603,619,68,2848,12,1131,58,12
"1204","2020-05-03",306,14,209,810,5638,0.915750266051791,2010,7087,603,619,57,2905,16,1147,46,16
"1205","2020-05-04",289,14,184,772,5638,0.915750266051791,2010,7087,603,619,48,2953,31,1178,39,31
"1206","2020-05-05",265,14,180,729,5638,0.915750266051791,2010,7087,603,619,46,2999,17,1195,33,17
"1207","2020-05-06",267,14,158,682,5638,0.915750266051791,2010,7087,603,619,53,3052,18,1213,47,18
"1208","2020-05-07",250,14,154,637,5638,0.915750266051791,2010,7087,603,619,53,3105,37,1250,45,37
"1209","2020-05-08",221,14,178,592,5638,0.915750266051791,2010,7087,603,619,38,3143,18,1268,31,18
"1210","2020-05-09",215,14,190,557,5638,0.915750266051791,2010,7087,603,619,62,3205,18,1286,53,18
"1211","2020-05-10",214,14,206,522,5638,0.915750266051791,2010,7087,603,619,44,3249,15,1301,32,15
"1212","2020-05-11",214,14,238,504,5638,0.915750266051791,2010,7087,603,619,40,3289,25,1326,35,25
"1213","2020-05-12",206,14,223,469,5638,0.915750266051791,2010,7087,603,619,41,3330,16,1342,37,16
"1214","2020-05-13",181,14,208,437,5638,0.915750266051791,2010,7087,603,619,40,3370,7,1349,35,7
"1215","2020-05-14",165,14,192,411,5638,0.915750266051791,2010,7087,603,619,33,3403,11,1360,22,11
"1216","2020-05-15",152,14,181,380,5638,0.915750266051791,2010,7087,603,619,36,3439,9,1369,30,9
"1217","2020-05-16",159,14,180,342,5638,0.915750266051791,2010,7087,603,619,40,3479,6,1375,33,6
"1218","2020-05-17",134,14,168,289,5638,0.915750266051791,2010,7087,603,619,40,3519,20,1395,29,20
"1219","2020-05-18",125,14,155,276,5638,0.915750266051791,2010,7087,603,619,27,3546,16,1411,21,16
"1220","2020-05-19",120,14,142,273,5638,0.915750266051791,2010,7087,603,619,38,3584,27,1438,33,27
"1221","2020-05-20",121,14,136,261,5638,0.915750266051791,2010,7087,603,619,46,3630,23,1461,41,23
"1222","2020-05-21",123,14,142,238,5638,0.915750266051791,2010,7087,603,619,32,3662,30,1491,24,30
"1223","2020-05-22",111,14,136,225,5638,0.915750266051791,2010,7087,603,619,36,3698,20,1511,30,20
"1224","2020-05-23",102,14,138,214,5638,0.915750266051791,2010,7087,603,619,36,3734,30,1541,29,30
"1225","2020-05-24",95,14,137,198,5638,0.915750266051791,2010,7087,603,619,25,3759,21,1562,21,21
"1226","2020-05-25",87,14,144,175,5638,0.915750266051791,2010,7087,603,619,33,3792,21,1583,27,21
"1227","2020-05-26",78,14,166,171,5638,0.915750266051791,2010,7087,603,619,19,3811,27,1610,16,27
"1228","2020-05-27",70,14,149,153,5638,0.915750266051791,2010,7087,603,619,32,3843,12,1622,29,12
"1229","2020-05-28",61,14,157,142,5638,0.915750266051791,2010,7087,603,619,34,3877,11,1633,28,11
"1230","2020-05-29",57,14,139,131,5638,0.915750266051791,2010,7087,603,619,18,3895,11,1644,16,11
"1231","2020-05-30",51,14,143,119,5638,0.915750266051791,2010,7087,603,619,16,3911,20,1664,12,20
"1232","2020-05-31",41,14,133,110,5638,0.915750266051791,2010,7087,603,619,21,3932,16,1680,18,16
"1233","2020-06-01",42,14,121,100,5638,0.915750266051791,2010,7087,603,619,32,3964,6,1686,25,6
"1234","2020-06-02",37,14,131,97,5638,0.915750266051791,2010,7087,603,619,25,3989,6,1692,20,6
"1235","2020-06-03",33,14,130,88,5638,0.915750266051791,2010,7087,603,619,18,4007,5,1697,11,5
"1236","2020-06-04",31,14,125,82,5638,0.915750266051791,2010,7087,603,619,14,4021,13,1710,10,13
"1237","2020-06-05",28,14,121,81,5638,0.915750266051791,2010,7087,603,619,10,4031,17,1727,9,17
"1238","2020-06-06",22,14,122,78,5638,0.915750266051791,2010,7087,603,619,9,4040,3,1730,7,3
"1239","2020-06-07",25,14,125,74,5638,0.915750266051791,2010,7087,603,619,15,4055,10,1740,10,10
"1240","2020-03-13",1,15,59,79,4687,0.588862812033284,2010,7265,505,662,26,71,6,10,2,6
"1241","2020-03-14",7,15,71,112,4687,0.588862812033284,2010,7265,505,662,25,96,5,15,4,5
"1242","2020-03-15",7,15,83,142,4687,0.588862812033284,2010,7265,505,662,25,121,12,27,2,12
"1243","2020-03-16",10,15,111,190,4687,0.588862812033284,2010,7265,505,662,33,154,13,40,7,13
"1244","2020-03-17",19,15,131,237,4687,0.588862812033284,2010,7265,505,662,37,191,2,42,9,2
"1245","2020-03-18",28,15,121,281,4687,0.588862812033284,2010,7265,505,662,28,219,12,54,11,12
"1246","2020-03-19",37,15,107,313,4687,0.588862812033284,2010,7265,505,662,32,251,8,62,11,8
"1247","2020-03-20",52,15,101,350,4687,0.588862812033284,2010,7265,505,662,37,288,5,67,21,5
"1248","2020-03-21",61,15,89,380,4687,0.588862812033284,2010,7265,505,662,38,326,4,71,23,4
"1249","2020-03-22",115,15,126,399,4687,0.588862812033284,2010,7265,505,662,41,367,8,79,22,8
"1250","2020-03-23",127,15,121,437,4687,0.588862812033284,2010,7265,505,662,46,413,7,86,23,7
"1251","2020-03-24",123,15,141,469,4687,0.588862812033284,2010,7265,505,662,38,451,8,94,18,8
"1252","2020-03-25",128,15,137,494,4687,0.588862812033284,2010,7265,505,662,43,494,7,101,20,7
"1253","2020-03-26",135,15,137,505,4687,0.588862812033284,2010,7265,505,662,38,532,5,106,20,5
"1254","2020-03-27",172,15,115,539,4687,0.588862812033284,2010,7265,505,662,53,585,10,116,30,10
"1255","2020-03-28",192,15,101,569,4687,0.588862812033284,2010,7265,505,662,56,641,10,126,26,10
"1256","2020-03-29",174,15,101,590,4687,0.588862812033284,2010,7265,505,662,73,714,3,129,45,3
"1257","2020-03-30",177,15,107,576,4687,0.588862812033284,2010,7265,505,662,55,769,2,131,30,2
"1258","2020-03-31",179,15,97,585,4687,0.588862812033284,2010,7265,505,662,46,815,7,138,26,7
"1259","2020-04-01",187,15,99,610,4687,0.588862812033284,2010,7265,505,662,52,867,16,154,28,16
"1260","2020-04-02",198,15,101,629,4687,0.588862812033284,2010,7265,505,662,61,928,12,166,33,12
"1261","2020-04-03",218,15,124,654,4687,0.588862812033284,2010,7265,505,662,58,986,12,178,33,12
"1262","2020-04-04",238,15,158,671,4687,0.588862812033284,2010,7265,505,662,52,1038,6,184,25,6
"1263","2020-04-05",219,15,167,700,4687,0.588862812033284,2010,7265,505,662,55,1093,16,200,31,16
"1264","2020-04-06",213,15,161,699,4687,0.588862812033284,2010,7265,505,662,58,1151,20,220,27,20
"1265","2020-04-07",209,15,153,713,4687,0.588862812033284,2010,7265,505,662,52,1203,11,231,29,11
"1266","2020-04-08",222,15,162,722,4687,0.588862812033284,2010,7265,505,662,51,1254,13,244,23,13
"1267","2020-04-09",220,15,172,729,4687,0.588862812033284,2010,7265,505,662,55,1309,11,255,37,11
"1268","2020-04-10",242,15,151,736,4687,0.588862812033284,2010,7265,505,662,60,1369,9,264,37,9
"1269","2020-04-11",238,15,135,721,4687,0.588862812033284,2010,7265,505,662,48,1417,7,271,32,7
"1270","2020-04-12",225,15,146,729,4687,0.588862812033284,2010,7265,505,662,66,1483,5,276,40,5
"1271","2020-04-13",217,15,148,735,4687,0.588862812033284,2010,7265,505,662,47,1530,9,285,24,9
"1272","2020-04-14",230,15,143,739,4687,0.588862812033284,2010,7265,505,662,70,1600,4,289,38,4
"1273","2020-04-15",227,15,157,742,4687,0.588862812033284,2010,7265,505,662,57,1657,10,299,28,10
"1274","2020-04-16",232,15,184,740,4687,0.588862812033284,2010,7265,505,662,64,1721,14,313,33,14
"1275","2020-04-17",245,15,183,769,4687,0.588862812033284,2010,7265,505,662,63,1784,10,323,37,10
"1276","2020-04-18",254,15,167,770,4687,0.588862812033284,2010,7265,505,662,58,1842,12,335,40,12
"1277","2020-04-19",286,15,194,789,4687,0.588862812033284,2010,7265,505,662,62,1904,18,353,37,18
"1278","2020-04-20",283,15,189,805,4687,0.588862812033284,2010,7265,505,662,63,1967,17,370,35,17
"1279","2020-04-21",259,15,178,803,4687,0.588862812033284,2010,7265,505,662,53,2020,14,384,19,14
"1280","2020-04-22",254,15,151,794,4687,0.588862812033284,2010,7265,505,662,45,2065,16,400,28,16
"1281","2020-04-23",255,15,177,800,4687,0.588862812033284,2010,7265,505,662,66,2131,14,414,26,14
"1282","2020-04-24",287,15,237,787,4687,0.588862812033284,2010,7265,505,662,55,2186,9,423,25,9
"1283","2020-04-25",286,15,234,777,4687,0.588862812033284,2010,7265,505,662,37,2223,10,433,19,10
"1284","2020-04-26",242,15,244,776,4687,0.588862812033284,2010,7265,505,662,51,2274,18,451,24,18
"1285","2020-04-27",242,15,233,770,4687,0.588862812033284,2010,7265,505,662,50,2324,22,473,23,22
"1286","2020-04-28",254,15,241,762,4687,0.588862812033284,2010,7265,505,662,46,2370,18,491,24,18
"1287","2020-04-29",255,15,260,777,4687,0.588862812033284,2010,7265,505,662,54,2424,16,507,28,16
"1288","2020-04-30",244,15,242,767,4687,0.588862812033284,2010,7265,505,662,37,2461,11,518,15,11
"1289","2020-05-01",241,15,210,741,4687,0.588862812033284,2010,7265,505,662,47,2508,16,534,17,16
"1290","2020-05-02",272,15,159,721,4687,0.588862812033284,2010,7265,505,662,41,2549,20,554,22,20
"1291","2020-05-03",260,15,144,709,4687,0.588862812033284,2010,7265,505,662,61,2610,19,573,35,19
"1292","2020-05-04",256,15,140,700,4687,0.588862812033284,2010,7265,505,662,29,2639,18,591,8,18
"1293","2020-05-05",242,15,127,673,4687,0.588862812033284,2010,7265,505,662,43,2682,18,609,19,18
"1294","2020-05-06",234,15,167,668,4687,0.588862812033284,2010,7265,505,662,36,2718,19,628,18,19
"1295","2020-05-07",240,15,212,665,4687,0.588862812033284,2010,7265,505,662,49,2767,12,640,26,12
"1296","2020-05-08",243,15,219,639,4687,0.588862812033284,2010,7265,505,662,42,2809,16,656,16,16
"1297","2020-05-09",235,15,243,634,4687,0.588862812033284,2010,7265,505,662,42,2851,8,664,22,8
"1298","2020-05-10",220,15,250,626,4687,0.588862812033284,2010,7265,505,662,43,2894,10,674,21,10
"1299","2020-05-11",208,15,252,593,4687,0.588862812033284,2010,7265,505,662,42,2936,5,679,25,5
"1300","2020-05-12",203,15,240,581,4687,0.588862812033284,2010,7265,505,662,40,2976,6,685,20,6
"1301","2020-05-13",201,15,213,586,4687,0.588862812033284,2010,7265,505,662,33,3009,14,699,8,14
"1302","2020-05-14",196,15,193,581,4687,0.588862812033284,2010,7265,505,662,31,3040,12,711,17,12
"1303","2020-05-15",200,15,163,566,4687,0.588862812033284,2010,7265,505,662,36,3076,9,720,16,9
"1304","2020-05-16",199,15,174,529,4687,0.588862812033284,2010,7265,505,662,32,3108,21,741,16,21
"1305","2020-05-17",195,15,174,514,4687,0.588862812033284,2010,7265,505,662,25,3133,10,751,10,10
"1306","2020-05-18",187,15,159,514,4687,0.588862812033284,2010,7265,505,662,29,3162,15,766,12,15
"1307","2020-05-19",192,15,180,504,4687,0.588862812033284,2010,7265,505,662,42,3204,10,776,15,10
"1308","2020-05-20",193,15,158,483,4687,0.588862812033284,2010,7265,505,662,24,3228,24,800,11,24
"1309","2020-05-21",187,15,152,468,4687,0.588862812033284,2010,7265,505,662,27,3255,20,820,14,20
"1310","2020-05-22",181,15,169,447,4687,0.588862812033284,2010,7265,505,662,27,3282,15,835,11,15
"1311","2020-05-23",175,15,175,424,4687,0.588862812033284,2010,7265,505,662,23,3305,15,850,11,15
"1312","2020-05-24",167,15,190,415,4687,0.588862812033284,2010,7265,505,662,32,3337,14,864,15,14
"1313","2020-05-25",160,15,166,391,4687,0.588862812033284,2010,7265,505,662,24,3361,13,877,11,13
"1314","2020-05-26",148,15,188,376,4687,0.588862812033284,2010,7265,505,662,32,3393,8,885,12,8
"1315","2020-05-27",143,15,176,361,4687,0.588862812033284,2010,7265,505,662,15,3408,5,890,9,5
"1316","2020-05-28",143,15,163,355,4687,0.588862812033284,2010,7265,505,662,18,3426,6,896,5,6
"1317","2020-05-29",140,15,150,343,4687,0.588862812033284,2010,7265,505,662,31,3457,8,904,15,8
"1318","2020-05-30",123,15,138,339,4687,0.588862812033284,2010,7265,505,662,18,3475,6,910,8,6
"1319","2020-05-31",114,15,112,326,4687,0.588862812033284,2010,7265,505,662,18,3493,9,919,12,9
"1320","2020-06-01",117,15,95,318,4687,0.588862812033284,2010,7265,505,662,17,3510,11,930,7,11
"1321","2020-06-02",116,15,92,303,4687,0.588862812033284,2010,7265,505,662,24,3534,10,940,13,10
"1322","2020-06-03",117,15,88,294,4687,0.588862812033284,2010,7265,505,662,22,3556,14,954,10,14
"1323","2020-06-04",114,15,115,275,4687,0.588862812033284,2010,7265,505,662,16,3572,10,964,5,10
"1324","2020-06-05",111,15,122,273,4687,0.588862812033284,2010,7265,505,662,19,3591,19,983,9,19
"1325","2020-06-06",110,15,125,253,4687,0.588862812033284,2010,7265,505,662,23,3614,6,989,7,6
"1326","2020-06-07",113,15,136,247,4687,0.588862812033284,2010,7265,505,662,20,3634,14,1003,7,14
"1327","2020-03-15",1,16,67,43,5567,0.903718340219149,2010,7105,585,771,25,92,24,95,5,24
"1328","2020-03-16",4,16,74,54,5567,0.903718340219149,2010,7105,585,771,25,117,34,129,8,34
"1329","2020-03-17",6,16,65,71,5567,0.903718340219149,2010,7105,585,771,25,142,27,156,13,27
"1330","2020-03-18",9,16,73,93,5567,0.903718340219149,2010,7105,585,771,40,182,35,191,25,35
"1331","2020-03-19",10,16,78,102,5567,0.903718340219149,2010,7105,585,771,22,204,35,226,9,35
"1332","2020-03-20",16,16,81,126,5567,0.903718340219149,2010,7105,585,771,41,245,32,258,29,32
"1333","2020-03-21",26,16,88,136,5567,0.903718340219149,2010,7105,585,771,33,278,45,303,23,45
"1334","2020-03-22",28,16,89,166,5567,0.903718340219149,2010,7105,585,771,31,309,37,340,19,37
"1335","2020-03-23",27,16,89,185,5567,0.903718340219149,2010,7105,585,771,52,361,37,377,34,37
"1336","2020-03-24",31,16,80,208,5567,0.903718340219149,2010,7105,585,771,51,412,50,427,33,50
"1337","2020-03-25",36,16,75,252,5567,0.903718340219149,2010,7105,585,771,66,478,45,472,42,45
"1338","2020-03-26",38,16,72,272,5567,0.903718340219149,2010,7105,585,771,59,537,40,512,37,40
"1339","2020-03-27",52,16,82,326,5567,0.903718340219149,2010,7105,585,771,58,595,48,560,40,48
"1340","2020-03-28",61,16,103,363,5567,0.903718340219149,2010,7105,585,771,51,646,48,608,33,48
"1341","2020-03-29",74,16,109,402,5567,0.903718340219149,2010,7105,585,771,75,721,48,656,58,48
"1342","2020-03-30",92,16,118,469,5567,0.903718340219149,2010,7105,585,771,53,774,31,687,33,31
"1343","2020-03-31",103,16,125,536,5567,0.903718340219149,2010,7105,585,771,63,837,31,718,47,31
"1344","2020-04-01",117,16,122,600,5567,0.903718340219149,2010,7105,585,771,63,900,40,758,44,40
"1345","2020-04-02",135,16,135,672,5567,0.903718340219149,2010,7105,585,771,74,974,48,806,63,48
"1346","2020-04-03",183,16,143,737,5567,0.903718340219149,2010,7105,585,771,68,1042,44,850,52,44
"1347","2020-04-04",211,16,128,786,5567,0.903718340219149,2010,7105,585,771,74,1116,48,898,56,48
"1348","2020-04-05",239,16,127,857,5567,0.903718340219149,2010,7105,585,771,85,1201,50,948,58,50
"1349","2020-04-06",241,16,119,915,5567,0.903718340219149,2010,7105,585,771,75,1276,48,996,63,48
"1350","2020-04-07",240,16,130,959,5567,0.903718340219149,2010,7105,585,771,92,1368,44,1040,72,44
"1351","2020-04-08",258,16,136,1020,5567,0.903718340219149,2010,7105,585,771,88,1456,35,1075,66,35
"1352","2020-04-09",273,16,126,1101,5567,0.903718340219149,2010,7105,585,771,80,1536,33,1108,55,33
"1353","2020-04-10",336,16,144,1157,5567,0.903718340219149,2010,7105,585,771,82,1618,32,1140,67,32
"1354","2020-04-11",366,16,162,1222,5567,0.903718340219149,2010,7105,585,771,106,1724,29,1169,88,29
"1355","2020-04-12",369,16,154,1282,5567,0.903718340219149,2010,7105,585,771,86,1810,33,1202,57,33
"1356","2020-04-13",376,16,167,1323,5567,0.903718340219149,2010,7105,585,771,75,1885,23,1225,56,23
"1357","2020-04-14",380,16,166,1406,5567,0.903718340219149,2010,7105,585,771,90,1975,18,1243,77,18
"1358","2020-04-15",387,16,156,1447,5567,0.903718340219149,2010,7105,585,771,93,2068,26,1269,80,26
"1359","2020-04-16",409,16,155,1468,5567,0.903718340219149,2010,7105,585,771,105,2173,24,1293,90,24
"1360","2020-04-17",499,16,166,1484,5567,0.903718340219149,2010,7105,585,771,81,2254,24,1317,61,24
"1361","2020-04-18",540,16,172,1523,5567,0.903718340219149,2010,7105,585,771,83,2337,44,1361,66,44
"1362","2020-04-19",484,16,170,1513,5567,0.903718340219149,2010,7105,585,771,75,2412,33,1394,65,33
"1363","2020-04-20",495,16,173,1532,5567,0.903718340219149,2010,7105,585,771,81,2493,47,1441,67,47
"1364","2020-04-21",522,16,193,1538,5567,0.903718340219149,2010,7105,585,771,94,2587,29,1470,66,29
"1365","2020-04-22",524,16,187,1567,5567,0.903718340219149,2010,7105,585,771,74,2661,37,1507,59,37
"1366","2020-04-23",521,16,177,1552,5567,0.903718340219149,2010,7105,585,771,70,2731,49,1556,56,49
"1367","2020-04-24",563,16,169,1524,5567,0.903718340219149,2010,7105,585,771,69,2800,48,1604,57,48
"1368","2020-04-25",521,16,178,1469,5567,0.903718340219149,2010,7105,585,771,73,2873,57,1661,60,57
"1369","2020-04-26",504,16,199,1452,5567,0.903718340219149,2010,7105,585,771,57,2930,28,1689,44,28
"1370","2020-04-27",485,16,188,1403,5567,0.903718340219149,2010,7105,585,771,80,3010,38,1727,61,38
"1371","2020-04-28",461,16,183,1373,5567,0.903718340219149,2010,7105,585,771,53,3063,36,1763,38,36
"1372","2020-04-29",462,16,210,1294,5567,0.903718340219149,2010,7105,585,771,69,3132,48,1811,51,48
"1373","2020-04-30",454,16,232,1239,5567,0.903718340219149,2010,7105,585,771,64,3196,31,1842,48,31
"1374","2020-05-01",421,16,221,1175,5567,0.903718340219149,2010,7105,585,771,48,3244,35,1877,33,35
"1375","2020-05-02",439,16,218,1105,5567,0.903718340219149,2010,7105,585,771,51,3295,37,1914,37,37
"1376","2020-05-03",398,16,187,1067,5567,0.903718340219149,2010,7105,585,771,68,3363,44,1958,51,44
"1377","2020-05-04",383,16,189,998,5567,0.903718340219149,2010,7105,585,771,59,3422,47,2005,46,47
"1378","2020-05-05",375,16,193,943,5567,0.903718340219149,2010,7105,585,771,40,3462,41,2046,25,41
"1379","2020-05-06",364,16,181,875,5567,0.903718340219149,2010,7105,585,771,68,3530,40,2086,49,40
"1380","2020-05-07",353,16,191,838,5567,0.903718340219149,2010,7105,585,771,53,3583,27,2113,37,27
"1381","2020-05-08",327,16,177,783,5567,0.903718340219149,2010,7105,585,771,42,3625,36,2149,35,36
"1382","2020-05-09",291,16,157,740,5567,0.903718340219149,2010,7105,585,771,50,3675,29,2178,36,29
"1383","2020-05-10",276,16,144,703,5567,0.903718340219149,2010,7105,585,771,50,3725,41,2219,31,41
"1384","2020-05-11",260,16,163,652,5567,0.903718340219149,2010,7105,585,771,45,3770,27,2246,33,27
"1385","2020-05-12",238,16,166,617,5567,0.903718340219149,2010,7105,585,771,37,3807,37,2283,28,37
"1386","2020-05-13",219,16,180,595,5567,0.903718340219149,2010,7105,585,771,40,3847,36,2319,33,36
"1387","2020-05-14",205,16,179,560,5567,0.903718340219149,2010,7105,585,771,49,3896,34,2353,35,34
"1388","2020-05-15",181,16,161,525,5567,0.903718340219149,2010,7105,585,771,29,3925,25,2378,22,25
"1389","2020-05-16",176,16,166,482,5567,0.903718340219149,2010,7105,585,771,42,3967,21,2399,33,21
"1390","2020-05-17",160,16,152,442,5567,0.903718340219149,2010,7105,585,771,28,3995,26,2425,15,26
"1391","2020-05-18",149,16,137,420,5567,0.903718340219149,2010,7105,585,771,29,4024,23,2448,23,23
"1392","2020-05-19",145,16,150,388,5567,0.903718340219149,2010,7105,585,771,39,4063,15,2463,29,15
"1393","2020-05-20",140,16,163,349,5567,0.903718340219149,2010,7105,585,771,27,4090,31,2494,17,31
"1394","2020-05-21",132,16,167,323,5567,0.903718340219149,2010,7105,585,771,32,4122,33,2527,21,33
"1395","2020-05-22",135,16,162,304,5567,0.903718340219149,2010,7105,585,771,20,4142,36,2563,15,36
"1396","2020-05-23",137,16,153,276,5567,0.903718340219149,2010,7105,585,771,26,4168,34,2597,17,34
"1397","2020-05-24",117,16,136,270,5567,0.903718340219149,2010,7105,585,771,26,4194,45,2642,17,45
"1398","2020-05-25",104,16,138,245,5567,0.903718340219149,2010,7105,585,771,17,4211,50,2692,11,50
"1399","2020-05-26",97,16,145,225,5567,0.903718340219149,2010,7105,585,771,21,4232,39,2731,16,39
"1400","2020-05-27",90,16,139,202,5567,0.903718340219149,2010,7105,585,771,27,4259,28,2759,18,28
"1401","2020-05-28",82,16,113,192,5567,0.903718340219149,2010,7105,585,771,23,4282,17,2776,15,17
"1402","2020-05-29",69,16,111,177,5567,0.903718340219149,2010,7105,585,771,17,4299,32,2808,12,32
"1403","2020-05-30",68,16,103,161,5567,0.903718340219149,2010,7105,585,771,28,4327,26,2834,24,26
"1404","2020-05-31",71,16,94,150,5567,0.903718340219149,2010,7105,585,771,21,4348,30,2864,15,30
"1405","2020-06-01",74,16,87,134,5567,0.903718340219149,2010,7105,585,771,25,4373,12,2876,11,12
"1406","2020-06-02",73,16,86,127,5567,0.903718340219149,2010,7105,585,771,20,4393,22,2898,15,22
"1407","2020-06-03",67,16,90,125,5567,0.903718340219149,2010,7105,585,771,12,4405,18,2916,10,18
"1408","2020-06-04",65,16,88,119,5567,0.903718340219149,2010,7105,585,771,17,4422,12,2928,12,12
"1409","2020-06-05",62,16,94,109,5567,0.903718340219149,2010,7105,585,771,16,4438,35,2963,15,35
"1410","2020-06-06",50,16,111,96,5567,0.903718340219149,2010,7105,585,771,11,4449,21,2984,10,21
"1411","2020-06-07",41,16,110,91,5567,0.903718340219149,2010,7105,585,771,12,4461,26,3010,6,26
"1412","2020-03-15",5,17,63,70,4640,0.752155172413793,2085,7317,522,565,9,42,9,45,4,9
"1413","2020-03-16",6,17,59,83,4640,0.752155172413793,2085,7317,522,565,8,50,5,50,8,5
"1414","2020-03-17",7,17,50,110,4640,0.752155172413793,2085,7317,522,565,15,65,17,67,13,17
"1415","2020-03-18",12,17,35,130,4640,0.752155172413793,2085,7317,522,565,27,92,12,79,21,12
"1416","2020-03-19",14,17,38,157,4640,0.752155172413793,2085,7317,522,565,19,111,4,83,18,4
"1417","2020-03-20",24,17,40,190,4640,0.752155172413793,2085,7317,522,565,30,141,10,93,27,10
"1418","2020-03-21",37,17,43,227,4640,0.752155172413793,2085,7317,522,565,25,166,13,106,24,13
"1419","2020-03-22",47,17,52,244,4640,0.752155172413793,2085,7317,522,565,36,202,9,115,34,9
"1420","2020-03-23",49,17,44,269,4640,0.752155172413793,2085,7317,522,565,49,251,6,121,45,6
"1421","2020-03-24",61,17,64,300,4640,0.752155172413793,2085,7317,522,565,43,294,22,143,40,22
"1422","2020-03-25",72,17,77,329,4640,0.752155172413793,2085,7317,522,565,60,354,15,158,59,15
"1423","2020-03-26",87,17,72,361,4640,0.752155172413793,2085,7317,522,565,49,403,12,170,47,12
"1424","2020-03-27",113,17,87,396,4640,0.752155172413793,2085,7317,522,565,74,477,15,185,69,15
"1425","2020-03-28",133,17,74,426,4640,0.752155172413793,2085,7317,522,565,61,538,9,194,59,9
"1426","2020-03-29",120,17,69,441,4640,0.752155172413793,2085,7317,522,565,76,614,8,202,69,8
"1427","2020-03-30",128,17,72,471,4640,0.752155172413793,2085,7317,522,565,83,697,13,215,80,13
"1428","2020-03-31",126,17,86,498,4640,0.752155172413793,2085,7317,522,565,75,772,14,229,73,14
"1429","2020-04-01",128,17,97,528,4640,0.752155172413793,2085,7317,522,565,91,863,36,265,90,36
"1430","2020-04-02",134,17,105,561,4640,0.752155172413793,2085,7317,522,565,140,1003,22,287,136,22
"1431","2020-04-03",163,17,87,592,4640,0.752155172413793,2085,7317,522,565,109,1112,27,314,105,27
"1432","2020-04-04",194,17,87,641,4640,0.752155172413793,2085,7317,522,565,108,1220,17,331,106,17
"1433","2020-04-05",209,17,80,667,4640,0.752155172413793,2085,7317,522,565,138,1358,30,361,133,30
"1434","2020-04-06",197,17,105,703,4640,0.752155172413793,2085,7317,522,565,143,1501,47,408,138,47
"1435","2020-04-07",203,17,130,716,4640,0.752155172413793,2085,7317,522,565,149,1650,33,441,147,33
"1436","2020-04-08",215,17,134,746,4640,0.752155172413793,2085,7317,522,565,146,1796,20,461,145,20
"1437","2020-04-09",215,17,127,754,4640,0.752155172413793,2085,7317,522,565,158,1954,15,476,157,15
"1438","2020-04-10",257,17,116,783,4640,0.752155172413793,2085,7317,522,565,125,2079,15,491,123,15
"1439","2020-04-11",275,17,111,813,4640,0.752155172413793,2085,7317,522,565,162,2241,15,506,158,15
"1440","2020-04-12",272,17,120,841,4640,0.752155172413793,2085,7317,522,565,145,2386,27,533,144,27
"1441","2020-04-13",266,17,117,892,4640,0.752155172413793,2085,7317,522,565,149,2535,18,551,144,18
"1442","2020-04-14",270,17,140,907,4640,0.752155172413793,2085,7317,522,565,166,2701,14,565,160,14
"1443","2020-04-15",281,17,150,948,4640,0.752155172413793,2085,7317,522,565,139,2840,29,594,136,29
"1444","2020-04-16",295,17,145,978,4640,0.752155172413793,2085,7317,522,565,153,2993,45,639,151,45
"1445","2020-04-17",320,17,139,998,4640,0.752155172413793,2085,7317,522,565,137,3130,34,673,136,34
"1446","2020-04-18",348,17,139,995,4640,0.752155172413793,2085,7317,522,565,130,3260,26,699,130,26
"1447","2020-04-19",334,17,163,1004,4640,0.752155172413793,2085,7317,522,565,143,3403,9,708,141,9
"1448","2020-04-20",345,17,150,1025,4640,0.752155172413793,2085,7317,522,565,135,3538,9,717,128,9
"1449","2020-04-21",350,17,153,1024,4640,0.752155172413793,2085,7317,522,565,124,3662,27,744,121,27
"1450","2020-04-22",343,17,165,1017,4640,0.752155172413793,2085,7317,522,565,104,3766,31,775,101,31
"1451","2020-04-23",346,17,144,1036,4640,0.752155172413793,2085,7317,522,565,118,3884,16,791,116,16
"1452","2020-04-24",397,17,131,1054,4640,0.752155172413793,2085,7317,522,565,107,3991,34,825,106,34
"1453","2020-04-25",361,17,125,1019,4640,0.752155172413793,2085,7317,522,565,125,4116,20,845,123,20
"1454","2020-04-26",359,17,137,1026,4640,0.752155172413793,2085,7317,522,565,82,4198,32,877,81,32
"1455","2020-04-27",347,17,151,995,4640,0.752155172413793,2085,7317,522,565,93,4291,24,901,91,24
"1456","2020-04-28",332,17,130,996,4640,0.752155172413793,2085,7317,522,565,99,4390,21,922,95,21
"1457","2020-04-29",334,17,127,967,4640,0.752155172413793,2085,7317,522,565,73,4463,33,955,72,33
"1458","2020-04-30",323,17,100,952,4640,0.752155172413793,2085,7317,522,565,95,4558,32,987,94,32
"1459","2020-05-01",332,17,103,914,4640,0.752155172413793,2085,7317,522,565,79,4637,23,1010,75,23
"1460","2020-05-02",348,17,103,897,4640,0.752155172413793,2085,7317,522,565,62,4699,32,1042,62,32
"1461","2020-05-03",320,17,106,882,4640,0.752155172413793,2085,7317,522,565,55,4754,42,1084,53,42
"1462","2020-05-04",303,17,115,853,4640,0.752155172413793,2085,7317,522,565,70,4824,21,1105,67,21
"1463","2020-05-05",303,17,134,815,4640,0.752155172413793,2085,7317,522,565,61,4885,29,1134,59,29
"1464","2020-05-06",306,17,140,785,4640,0.752155172413793,2085,7317,522,565,34,4919,16,1150,32,16
"1465","2020-05-07",305,17,153,748,4640,0.752155172413793,2085,7317,522,565,48,4967,26,1176,45,26
"1466","2020-05-08",293,17,154,694,4640,0.752155172413793,2085,7317,522,565,46,5013,27,1203,46,27
"1467","2020-05-09",295,17,150,654,4640,0.752155172413793,2085,7317,522,565,47,5060,38,1241,44,38
"1468","2020-05-10",255,17,151,616,4640,0.752155172413793,2085,7317,522,565,37,5097,32,1273,36,32
"1469","2020-05-11",238,17,142,588,4640,0.752155172413793,2085,7317,522,565,26,5123,40,1313,25,40
"1470","2020-05-12",219,17,150,561,4640,0.752155172413793,2085,7317,522,565,35,5158,25,1338,32,25
"1471","2020-05-13",201,17,160,533,4640,0.752155172413793,2085,7317,522,565,30,5188,28,1366,28,28
"1472","2020-05-14",194,17,150,504,4640,0.752155172413793,2085,7317,522,565,25,5213,17,1383,25,17
"1473","2020-05-15",174,17,154,500,4640,0.752155172413793,2085,7317,522,565,21,5234,15,1398,21,15
"1474","2020-05-16",165,17,156,477,4640,0.752155172413793,2085,7317,522,565,21,5255,12,1410,20,12
"1475","2020-05-17",156,17,157,448,4640,0.752155172413793,2085,7317,522,565,22,5277,29,1439,22,29
"1476","2020-05-18",158,17,161,437,4640,0.752155172413793,2085,7317,522,565,27,5304,30,1469,23,30
"1477","2020-05-19",152,17,153,408,4640,0.752155172413793,2085,7317,522,565,22,5326,19,1488,22,19
"1478","2020-05-20",148,17,144,393,4640,0.752155172413793,2085,7317,522,565,16,5342,17,1505,16,17
"1479","2020-05-21",145,17,159,377,4640,0.752155172413793,2085,7317,522,565,13,5355,25,1530,12,25
"1480","2020-05-22",146,17,150,370,4640,0.752155172413793,2085,7317,522,565,12,5367,28,1558,11,28
"1481","2020-05-23",138,17,152,350,4640,0.752155172413793,2085,7317,522,565,10,5377,25,1583,10,25
"1482","2020-05-24",127,17,167,346,4640,0.752155172413793,2085,7317,522,565,7,5384,22,1605,6,22
"1483","2020-05-25",122,17,174,321,4640,0.752155172413793,2085,7317,522,565,9,5393,11,1616,8,11
"1484","2020-05-26",122,17,180,311,4640,0.752155172413793,2085,7317,522,565,10,5403,13,1629,8,13
"1485","2020-05-27",118,17,161,306,4640,0.752155172413793,2085,7317,522,565,10,5413,9,1638,10,9
"1486","2020-05-28",106,17,146,294,4640,0.752155172413793,2085,7317,522,565,5,5418,12,1650,5,12
"1487","2020-05-29",102,17,135,280,4640,0.752155172413793,2085,7317,522,565,12,5430,28,1678,10,28
"1488","2020-05-30",92,17,122,263,4640,0.752155172413793,2085,7317,522,565,6,5436,11,1689,5,11
"1489","2020-05-31",90,17,117,257,4640,0.752155172413793,2085,7317,522,565,4,5440,10,1699,3,10
"1490","2020-06-01",85,17,118,241,4640,0.752155172413793,2085,7317,522,565,4,5444,15,1714,4,15
"1491","2020-06-02",83,17,128,233,4640,0.752155172413793,2085,7317,522,565,6,5450,15,1729,5,15
"1492","2020-06-03",80,17,106,232,4640,0.752155172413793,2085,7317,522,565,4,5454,13,1742,3,13
"1493","2020-06-04",85,17,108,215,4640,0.752155172413793,2085,7317,522,565,3,5457,11,1753,3,11
"1494","2020-06-05",73,17,114,207,4640,0.752155172413793,2085,7317,522,565,9,5466,10,1763,9,10
"1495","2020-06-06",74,17,104,190,4640,0.752155172413793,2085,7317,522,565,5,5471,15,1778,5,15
"1496","2020-06-07",62,17,101,179,4640,0.752155172413793,2085,7317,522,565,6,5477,9,1787,5,9
"1497","2020-03-14",2,18,64,37,5415,0.906186518928901,1995,6909,496,752,3,17,7,50,1,7
"1498","2020-03-15",7,18,71,50,5415,0.906186518928901,1995,6909,496,752,5,22,12,62,4,12
"1499","2020-03-16",7,18,64,69,5415,0.906186518928901,1995,6909,496,752,10,32,7,69,4,7
"1500","2020-03-17",9,18,56,86,5415,0.906186518928901,1995,6909,496,752,14,46,15,84,9,15
"1501","2020-03-18",12,18,62,110,5415,0.906186518928901,1995,6909,496,752,10,56,23,107,7,23
"1502","2020-03-19",18,18,50,135,5415,0.906186518928901,1995,6909,496,752,14,70,9,116,10,9
"1503","2020-03-20",26,18,40,158,5415,0.906186518928901,1995,6909,496,752,16,86,5,121,14,5
"1504","2020-03-21",34,18,34,170,5415,0.906186518928901,1995,6909,496,752,18,104,10,131,15,10
"1505","2020-03-22",42,18,33,192,5415,0.906186518928901,1995,6909,496,752,20,124,9,140,17,9
"1506","2020-03-23",42,18,31,221,5415,0.906186518928901,1995,6909,496,752,17,141,12,152,14,12
"1507","2020-03-24",43,18,33,243,5415,0.906186518928901,1995,6909,496,752,19,160,10,162,15,10
"1508","2020-03-25",50,18,41,283,5415,0.906186518928901,1995,6909,496,752,25,185,22,184,23,22
"1509","2020-03-26",61,18,53,321,5415,0.906186518928901,1995,6909,496,752,33,218,16,200,30,16
"1510","2020-03-27",78,18,62,368,5415,0.906186518928901,1995,6909,496,752,32,250,30,230,30,30
"1511","2020-03-28",94,18,83,417,5415,0.906186518928901,1995,6909,496,752,38,288,25,255,32,25
"1512","2020-03-29",101,18,90,473,5415,0.906186518928901,1995,6909,496,752,39,327,15,270,33,15
"1513","2020-03-30",110,18,82,521,5415,0.906186518928901,1995,6909,496,752,44,371,11,281,38,11
"1514","2020-03-31",127,18,78,567,5415,0.906186518928901,1995,6909,496,752,61,432,8,289,56,8
"1515","2020-04-01",149,18,72,623,5415,0.906186518928901,1995,6909,496,752,48,480,9,298,42,9
"1516","2020-04-02",158,18,87,691,5415,0.906186518928901,1995,6909,496,752,52,532,22,320,46,22
"1517","2020-04-03",188,18,116,746,5415,0.906186518928901,1995,6909,496,752,72,604,18,338,69,18
"1518","2020-04-04",216,18,141,793,5415,0.906186518928901,1995,6909,496,752,84,688,12,350,79,12
"1519","2020-04-05",221,18,140,874,5415,0.906186518928901,1995,6909,496,752,71,759,20,370,68,20
"1520","2020-04-06",230,18,134,931,5415,0.906186518928901,1995,6909,496,752,73,832,26,396,67,26
"1521","2020-04-07",236,18,149,988,5415,0.906186518928901,1995,6909,496,752,70,902,26,422,66,26
"1522","2020-04-08",239,18,174,1069,5415,0.906186518928901,1995,6909,496,752,95,997,29,451,88,29
"1523","2020-04-09",243,18,165,1106,5415,0.906186518928901,1995,6909,496,752,130,1127,25,476,122,25
"1524","2020-04-10",316,18,139,1208,5415,0.906186518928901,1995,6909,496,752,109,1236,19,495,105,19
"1525","2020-04-11",355,18,118,1235,5415,0.906186518928901,1995,6909,496,752,133,1369,12,507,130,12
"1526","2020-04-12",392,18,93,1262,5415,0.906186518928901,1995,6909,496,752,121,1490,17,524,117,17
"1527","2020-04-13",399,18,93,1278,5415,0.906186518928901,1995,6909,496,752,131,1621,15,539,123,15
"1528","2020-04-14",405,18,115,1349,5415,0.906186518928901,1995,6909,496,752,127,1748,20,559,122,20
"1529","2020-04-15",411,18,122,1382,5415,0.906186518928901,1995,6909,496,752,103,1851,17,576,101,17
"1530","2020-04-16",437,18,114,1443,5415,0.906186518928901,1995,6909,496,752,150,2001,39,615,149,39
"1531","2020-04-17",520,18,98,1470,5415,0.906186518928901,1995,6909,496,752,169,2170,36,651,160,36
"1532","2020-04-18",528,18,98,1454,5415,0.906186518928901,1995,6909,496,752,128,2298,23,674,125,23
"1533","2020-04-19",464,18,105,1475,5415,0.906186518928901,1995,6909,496,752,133,2431,23,697,130,23
"1534","2020-04-20",479,18,94,1494,5415,0.906186518928901,1995,6909,496,752,138,2569,26,723,136,26
"1535","2020-04-21",486,18,93,1505,5415,0.906186518928901,1995,6909,496,752,137,2706,37,760,132,37
"1536","2020-04-22",507,18,134,1500,5415,0.906186518928901,1995,6909,496,752,130,2836,29,789,126,29
"1537","2020-04-23",502,18,157,1481,5415,0.906186518928901,1995,6909,496,752,154,2990,35,824,147,35
"1538","2020-04-24",549,18,153,1466,5415,0.906186518928901,1995,6909,496,752,105,3095,43,867,102,43
"1539","2020-04-25",542,18,133,1468,5415,0.906186518928901,1995,6909,496,752,145,3240,42,909,138,42
"1540","2020-04-26",503,18,146,1425,5415,0.906186518928901,1995,6909,496,752,94,3334,33,942,90,33
"1541","2020-04-27",488,18,182,1370,5415,0.906186518928901,1995,6909,496,752,116,3450,40,982,113,40
"1542","2020-04-28",476,18,173,1370,5415,0.906186518928901,1995,6909,496,752,107,3557,20,1002,105,20
"1543","2020-04-29",465,18,185,1312,5415,0.906186518928901,1995,6909,496,752,111,3668,25,1027,108,25
"1544","2020-04-30",460,18,170,1272,5415,0.906186518928901,1995,6909,496,752,113,3781,22,1049,108,22
"1545","2020-05-01",472,18,161,1235,5415,0.906186518928901,1995,6909,496,752,122,3903,18,1067,121,18
"1546","2020-05-02",450,18,188,1172,5415,0.906186518928901,1995,6909,496,752,102,4005,10,1077,101,10
"1547","2020-05-03",419,18,196,1104,5415,0.906186518928901,1995,6909,496,752,93,4098,15,1092,90,15
"1548","2020-05-04",406,18,173,1019,5415,0.906186518928901,1995,6909,496,752,104,4202,22,1114,99,22
"1549","2020-05-05",399,18,156,961,5415,0.906186518928901,1995,6909,496,752,95,4297,24,1138,92,24
"1550","2020-05-06",382,18,176,898,5415,0.906186518928901,1995,6909,496,752,115,4412,32,1170,115,32
"1551","2020-05-07",358,18,151,845,5415,0.906186518928901,1995,6909,496,752,70,4482,27,1197,64,27
"1552","2020-05-08",303,18,133,789,5415,0.906186518928901,1995,6909,496,752,110,4592,35,1232,107,35
"1553","2020-05-09",286,18,127,744,5415,0.906186518928901,1995,6909,496,752,75,4667,27,1259,73,27
"1554","2020-05-10",265,18,125,674,5415,0.906186518928901,1995,6909,496,752,77,4744,45,1304,76,45
"1555","2020-05-11",241,18,128,626,5415,0.906186518928901,1995,6909,496,752,57,4801,49,1353,53,49
"1556","2020-05-12",224,18,144,575,5415,0.906186518928901,1995,6909,496,752,50,4851,18,1371,47,18
"1557","2020-05-13",212,18,155,536,5415,0.906186518928901,1995,6909,496,752,50,4901,17,1388,46,17
"1558","2020-05-14",206,18,164,482,5415,0.906186518928901,1995,6909,496,752,62,4963,38,1426,61,38
"1559","2020-05-15",181,18,155,441,5415,0.906186518928901,1995,6909,496,752,58,5021,35,1461,57,35
"1560","2020-05-16",179,18,138,409,5415,0.906186518928901,1995,6909,496,752,34,5055,22,1483,33,23
"1561","2020-05-17",170,18,118,377,5415,0.906186518928901,1995,6909,496,752,35,5090,10,1493,33,10
"1562","2020-05-18",160,18,135,351,5415,0.906186518928901,1995,6909,496,752,35,5125,23,1516,33,23
"1563","2020-05-19",149,18,128,324,5415,0.906186518928901,1995,6909,496,752,38,5163,31,1547,37,31
"1564","2020-05-20",140,18,99,298,5415,0.906186518928901,1995,6909,496,752,29,5192,16,1563,28,16
"1565","2020-05-21",139,18,89,271,5415,0.906186518928901,1995,6909,496,752,21,5213,10,1573,21,10
"1566","2020-05-22",125,18,72,255,5415,0.906186518928901,1995,6909,496,752,24,5237,12,1585,23,12
"1567","2020-05-23",119,18,83,226,5415,0.906186518928901,1995,6909,496,752,27,5264,7,1592,25,7
"1568","2020-05-24",106,18,98,204,5415,0.906186518928901,1995,6909,496,752,28,5292,12,1604,23,12
"1569","2020-05-25",101,18,111,176,5415,0.906186518928901,1995,6909,496,752,28,5320,16,1620,27,16
"1570","2020-05-26",90,18,116,161,5415,0.906186518928901,1995,6909,496,752,20,5340,11,1631,19,11
"1571","2020-05-27",82,18,102,153,5415,0.906186518928901,1995,6909,496,752,16,5356,20,1651,16,20
"1572","2020-05-28",72,18,94,132,5415,0.906186518928901,1995,6909,496,752,20,5376,25,1676,20,25
"1573","2020-05-29",56,18,76,119,5415,0.906186518928901,1995,6909,496,752,10,5386,21,1697,9,21
"1574","2020-05-30",45,18,71,111,5415,0.906186518928901,1995,6909,496,752,17,5403,20,1717,16,20
"1575","2020-05-31",36,18,56,101,5415,0.906186518928901,1995,6909,496,752,9,5412,7,1724,7,7
"1576","2020-06-01",33,18,56,89,5415,0.906186518928901,1995,6909,496,752,10,5422,15,1739,10,15
"1577","2020-06-02",31,18,65,80,5415,0.906186518928901,1995,6909,496,752,10,5432,17,1756,9,17
"1578","2020-06-03",34,18,70,80,5415,0.906186518928901,1995,6909,496,752,4,5436,8,1764,3,8
"1579","2020-06-04",29,18,62,73,5415,0.906186518928901,1995,6909,496,752,7,5443,14,1778,6,14
"1580","2020-06-05",27,18,73,63,5415,0.906186518928901,1995,6909,496,752,14,5457,19,1797,11,19
"1581","2020-06-06",31,18,77,53,5415,0.906186518928901,1995,6909,496,752,6,5463,27,1824,6,27
"1582","2020-06-07",28,18,79,52,5415,0.906186518928901,1995,6909,496,752,5,5468,16,1840,5,16
"1583","2020-03-12",1,19,22,30,3309,0.620126926563917,2040,5844,342,346,11,24,20,28,3,20
"1584","2020-03-13",1,19,30,42,3309,0.620126926563917,2040,5844,342,346,15,39,12,40,3,12
"1585","2020-03-14",1,19,40,55,3309,0.620126926563917,2040,5844,342,346,21,60,20,60,6,20
"1586","2020-03-15",4,19,36,77,3309,0.620126926563917,2040,5844,342,346,15,75,6,66,4,6
"1587","2020-03-16",8,19,43,101,3309,0.620126926563917,2040,5844,342,346,25,100,15,81,12,15
"1588","2020-03-17",10,19,45,109,3309,0.620126926563917,2040,5844,342,346,29,129,18,99,15,18
"1589","2020-03-18",16,19,49,126,3309,0.620126926563917,2040,5844,342,346,34,163,20,119,17,20
"1590","2020-03-19",17,19,55,137,3309,0.620126926563917,2040,5844,342,346,43,206,17,136,28,17
"1591","2020-03-20",23,19,63,153,3309,0.620126926563917,2040,5844,342,346,49,255,21,157,37,21
"1592","2020-03-21",41,19,70,167,3309,0.620126926563917,2040,5844,342,346,50,305,4,161,35,4
"1593","2020-03-22",50,19,79,189,3309,0.620126926563917,2040,5844,342,346,51,356,9,170,37,9
"1594","2020-03-23",44,19,74,197,3309,0.620126926563917,2040,5844,342,346,59,415,8,178,42,8
"1595","2020-03-24",50,19,74,217,3309,0.620126926563917,2040,5844,342,346,65,480,6,184,56,6
"1596","2020-03-25",52,19,89,231,3309,0.620126926563917,2040,5844,342,346,97,577,4,188,80,4
"1597","2020-03-26",67,19,92,245,3309,0.620126926563917,2040,5844,342,346,79,656,4,192,68,4
"1598","2020-03-27",76,19,86,264,3309,0.620126926563917,2040,5844,342,346,97,753,4,196,81,4
"1599","2020-03-28",76,19,84,281,3309,0.620126926563917,2040,5844,342,346,75,828,3,199,67,3
"1600","2020-03-29",81,19,88,300,3309,0.620126926563917,2040,5844,342,346,111,939,3,202,95,3
"1601","2020-03-30",91,19,79,331,3309,0.620126926563917,2040,5844,342,346,109,1048,3,205,94,3
"1602","2020-03-31",94,19,68,353,3309,0.620126926563917,2040,5844,342,346,118,1166,12,217,104,12
"1603","2020-04-01",106,19,70,368,3309,0.620126926563917,2040,5844,342,346,113,1279,28,245,102,28
"1604","2020-04-02",102,19,86,403,3309,0.620126926563917,2040,5844,342,346,136,1415,33,278,116,33
"1605","2020-04-03",120,19,90,423,3309,0.620126926563917,2040,5844,342,346,138,1553,14,292,122,14
"1606","2020-04-04",123,19,91,430,3309,0.620126926563917,2040,5844,342,346,136,1689,22,314,121,22
"1607","2020-04-05",141,19,95,439,3309,0.620126926563917,2040,5844,342,346,134,1823,27,341,121,27
"1608","2020-04-06",143,19,98,440,3309,0.620126926563917,2040,5844,342,346,158,1981,23,364,143,23
"1609","2020-04-07",139,19,93,449,3309,0.620126926563917,2040,5844,342,346,165,2146,11,375,152,11
"1610","2020-04-08",140,19,98,468,3309,0.620126926563917,2040,5844,342,346,157,2303,11,386,143,11
"1611","2020-04-09",141,19,91,466,3309,0.620126926563917,2040,5844,342,346,156,2459,8,394,141,8
"1612","2020-04-10",153,19,100,499,3309,0.620126926563917,2040,5844,342,346,128,2587,9,403,116,9
"1613","2020-04-11",153,19,98,528,3309,0.620126926563917,2040,5844,342,346,140,2727,18,421,130,18
"1614","2020-04-12",138,19,97,553,3309,0.620126926563917,2040,5844,342,346,131,2858,34,455,120,34
"1615","2020-04-13",132,19,106,574,3309,0.620126926563917,2040,5844,342,346,160,3018,14,469,145,14
"1616","2020-04-14",133,19,112,590,3309,0.620126926563917,2040,5844,342,346,105,3123,38,507,92,38
"1617","2020-04-15",142,19,107,607,3309,0.620126926563917,2040,5844,342,346,122,3245,24,531,111,24
"1618","2020-04-16",144,19,96,630,3309,0.620126926563917,2040,5844,342,346,113,3358,44,575,100,44
"1619","2020-04-17",169,19,104,648,3309,0.620126926563917,2040,5844,342,346,116,3474,39,614,104,39
"1620","2020-04-18",191,19,111,637,3309,0.620126926563917,2040,5844,342,346,96,3570,42,656,85,42
"1621","2020-04-19",207,19,133,638,3309,0.620126926563917,2040,5844,342,346,114,3684,39,695,104,39
"1622","2020-04-20",220,19,134,643,3309,0.620126926563917,2040,5844,342,346,128,3812,31,726,110,31
"1623","2020-04-21",223,19,136,647,3309,0.620126926563917,2040,5844,342,346,97,3909,25,751,87,25
"1624","2020-04-22",228,19,140,635,3309,0.620126926563917,2040,5844,342,346,95,4004,33,784,82,33
"1625","2020-04-23",232,19,141,633,3309,0.620126926563917,2040,5844,342,346,102,4106,46,830,97,46
"1626","2020-04-24",241,19,131,621,3309,0.620126926563917,2040,5844,342,346,82,4188,24,854,73,24
"1627","2020-04-25",251,19,137,607,3309,0.620126926563917,2040,5844,342,346,84,4272,26,880,72,26
"1628","2020-04-26",213,19,141,606,3309,0.620126926563917,2040,5844,342,346,75,4347,31,911,67,31
"1629","2020-04-27",202,19,129,569,3309,0.620126926563917,2040,5844,342,346,66,4413,27,938,51,27
"1630","2020-04-28",204,19,121,557,3309,0.620126926563917,2040,5844,342,346,71,4484,24,962,56,24
"1631","2020-04-29",193,19,124,552,3309,0.620126926563917,2040,5844,342,346,65,4549,27,989,57,27
"1632","2020-04-30",189,19,124,558,3309,0.620126926563917,2040,5844,342,346,59,4608,4,993,47,4
"1633","2020-05-01",196,19,132,549,3309,0.620126926563917,2040,5844,342,346,73,4681,8,1001,61,8
"1634","2020-05-02",204,19,129,559,3309,0.620126926563917,2040,5844,342,346,62,4743,11,1012,51,11
"1635","2020-05-03",189,19,120,541,3309,0.620126926563917,2040,5844,342,346,51,4794,29,1041,40,29
"1636","2020-05-04",188,19,114,548,3309,0.620126926563917,2040,5844,342,346,53,4847,43,1084,45,43
"1637","2020-05-05",176,19,96,526,3309,0.620126926563917,2040,5844,342,346,45,4892,21,1105,32,21
"1638","2020-05-06",163,19,86,505,3309,0.620126926563917,2040,5844,342,346,66,4958,12,1117,56,12
"1639","2020-05-07",166,19,78,509,3309,0.620126926563917,2040,5844,342,346,50,5008,11,1128,43,11
"1640","2020-05-08",167,19,75,491,3309,0.620126926563917,2040,5844,342,346,31,5039,8,1136,25,8
"1641","2020-05-09",170,19,70,466,3309,0.620126926563917,2040,5844,342,346,35,5074,24,1160,31,24
"1642","2020-05-10",166,19,81,459,3309,0.620126926563917,2040,5844,342,346,29,5103,25,1185,26,25
"1643","2020-05-11",159,19,83,457,3309,0.620126926563917,2040,5844,342,346,32,5135,27,1212,23,27
"1644","2020-05-12",155,19,78,451,3309,0.620126926563917,2040,5844,342,346,28,5163,17,1229,24,17
"1645","2020-05-13",157,19,106,444,3309,0.620126926563917,2040,5844,342,346,26,5189,8,1237,19,8
"1646","2020-05-14",155,19,118,415,3309,0.620126926563917,2040,5844,342,346,19,5208,22,1259,13,22
"1647","2020-05-15",170,19,143,412,3309,0.620126926563917,2040,5844,342,346,24,5232,30,1289,18,30
"1648","2020-05-16",167,19,155,409,3309,0.620126926563917,2040,5844,342,346,25,5257,20,1309,17,20
"1649","2020-05-17",157,19,166,397,3309,0.620126926563917,2040,5844,342,346,19,5276,19,1328,17,19
"1650","2020-05-18",140,19,151,403,3309,0.620126926563917,2040,5844,342,346,12,5288,26,1354,6,26
"1651","2020-05-19",142,19,145,382,3309,0.620126926563917,2040,5844,342,346,13,5301,11,1365,8,11
"1652","2020-05-20",152,19,145,379,3309,0.620126926563917,2040,5844,342,346,14,5315,8,1373,12,8
"1653","2020-05-21",152,19,136,367,3309,0.620126926563917,2040,5844,342,346,14,5329,11,1384,9,11
"1654","2020-05-22",151,19,133,363,3309,0.620126926563917,2040,5844,342,346,23,5352,5,1389,16,5
"1655","2020-05-23",129,19,121,351,3309,0.620126926563917,2040,5844,342,346,10,5362,3,1392,3,3
"1656","2020-05-24",121,19,134,333,3309,0.620126926563917,2040,5844,342,346,11,5373,2,1394,7,2
"1657","2020-05-25",129,19,131,317,3309,0.620126926563917,2040,5844,342,346,12,5385,19,1413,5,19
"1658","2020-05-26",122,19,113,313,3309,0.620126926563917,2040,5844,342,346,10,5395,23,1436,5,23
"1659","2020-05-27",107,19,114,309,3309,0.620126926563917,2040,5844,342,346,10,5405,29,1465,6,29
"1660","2020-05-28",106,19,107,299,3309,0.620126926563917,2040,5844,342,346,7,5412,24,1489,3,24
"1661","2020-05-29",101,19,96,291,3309,0.620126926563917,2040,5844,342,346,11,5423,36,1525,8,36
"1662","2020-05-30",111,19,88,277,3309,0.620126926563917,2040,5844,342,346,9,5432,22,1547,6,22
"1663","2020-05-31",100,19,77,259,3309,0.620126926563917,2040,5844,342,346,8,5440,14,1561,5,14
"1664","2020-06-01",82,19,76,229,3309,0.620126926563917,2040,5844,342,346,8,5448,9,1570,3,9
"1665","2020-06-02",80,19,73,221,3309,0.620126926563917,2040,5844,342,346,7,5455,23,1593,6,23
"1666","2020-06-03",78,19,73,206,3309,0.620126926563917,2040,5844,342,346,15,5470,23,1616,15,23
"1667","2020-06-04",70,19,70,191,3309,0.620126926563917,2040,5844,342,346,7,5477,19,1635,5,19
"1668","2020-06-05",73,19,59,175,3309,0.620126926563917,2040,5844,342,346,NA,NA,12,1647,NA,12
"1669","2020-06-06",67,19,58,168,3309,0.620126926563917,2040,5844,342,346,6,5483,8,1655,3,8
"1670","2020-06-07",64,19,53,166,3309,0.620126926563917,2040,5844,342,346,6,5489,6,1661,5,6
"1671","2020-03-14",2,20,28,11,5331,0.951978990808479,1995,6950,681,737,7,22,12,44,1,12
"1672","2020-03-15",2,20,30,17,5331,0.951978990808479,1995,6950,681,737,5,27,19,63,2,19
"1673","2020-03-16",2,20,29,21,5331,0.951978990808479,1995,6950,681,737,12,39,7,70,7,7
"1674","2020-03-17",2,20,27,30,5331,0.951978990808479,1995,6950,681,737,12,51,13,83,6,13
"1675","2020-03-18",5,20,27,38,5331,0.951978990808479,1995,6950,681,737,15,66,16,99,8,16
"1676","2020-03-19",5,20,56,56,5331,0.951978990808479,1995,6950,681,737,14,80,24,123,11,24
"1677","2020-03-20",7,20,68,67,5331,0.951978990808479,1995,6950,681,737,18,98,14,137,14,14
"1678","2020-03-21",15,20,91,83,5331,0.951978990808479,1995,6950,681,737,30,128,24,161,19,24
"1679","2020-03-22",16,20,115,100,5331,0.951978990808479,1995,6950,681,737,27,155,16,177,21,16
"1680","2020-03-23",13,20,114,120,5331,0.951978990808479,1995,6950,681,737,32,187,18,195,25,18
"1681","2020-03-24",16,20,122,141,5331,0.951978990808479,1995,6950,681,737,30,217,18,213,25,18
"1682","2020-03-25",20,20,143,168,5331,0.951978990808479,1995,6950,681,737,26,243,15,228,21,15
"1683","2020-03-26",27,20,135,190,5331,0.951978990808479,1995,6950,681,737,38,281,22,250,31,22
"1684","2020-03-27",39,20,143,221,5331,0.951978990808479,1995,6950,681,737,31,312,23,273,27,23
"1685","2020-03-28",42,20,135,245,5331,0.951978990808479,1995,6950,681,737,45,357,21,294,36,21
"1686","2020-03-29",63,20,131,283,5331,0.951978990808479,1995,6950,681,737,34,391,18,312,30,18
"1687","2020-03-30",73,20,128,305,5331,0.951978990808479,1995,6950,681,737,49,440,20,332,43,20
"1688","2020-03-31",76,20,145,346,5331,0.951978990808479,1995,6950,681,737,40,480,15,347,33,15
"1689","2020-04-01",76,20,144,387,5331,0.951978990808479,1995,6950,681,737,70,550,19,366,64,19
"1690","2020-04-02",87,20,143,427,5331,0.951978990808479,1995,6950,681,737,47,597,14,380,34,14
"1691","2020-04-03",111,20,125,461,5331,0.951978990808479,1995,6950,681,737,64,661,19,399,58,19
"1692","2020-04-04",141,20,113,518,5331,0.951978990808479,1995,6950,681,737,66,727,21,420,60,21
"1693","2020-04-05",138,20,122,574,5331,0.951978990808479,1995,6950,681,737,73,800,16,436,67,16
"1694","2020-04-06",143,20,121,630,5331,0.951978990808479,1995,6950,681,737,97,897,20,456,89,20
"1695","2020-04-07",150,20,122,693,5331,0.951978990808479,1995,6950,681,737,99,996,20,476,93,20
"1696","2020-04-08",159,20,110,751,5331,0.951978990808479,1995,6950,681,737,116,1112,11,487,109,11
"1697","2020-04-09",168,20,102,842,5331,0.951978990808479,1995,6950,681,737,91,1203,19,506,87,19
"1698","2020-04-10",221,20,107,907,5331,0.951978990808479,1995,6950,681,737,103,1306,20,526,98,20
"1699","2020-04-11",229,20,107,974,5331,0.951978990808479,1995,6950,681,737,160,1466,32,558,153,32
"1700","2020-04-12",272,20,132,998,5331,0.951978990808479,1995,6950,681,737,96,1562,24,582,89,24
"1701","2020-04-13",286,20,153,1075,5331,0.951978990808479,1995,6950,681,737,147,1709,29,611,140,29
"1702","2020-04-14",293,20,148,1155,5331,0.951978990808479,1995,6950,681,737,149,1858,24,635,143,24
"1703","2020-04-15",324,20,164,1200,5331,0.951978990808479,1995,6950,681,737,150,2008,26,661,142,26
"1704","2020-04-16",334,20,134,1289,5331,0.951978990808479,1995,6950,681,737,157,2165,34,695,151,34
"1705","2020-04-17",397,20,165,1337,5331,0.951978990808479,1995,6950,681,737,138,2303,29,724,132,29
"1706","2020-04-18",426,20,185,1358,5331,0.951978990808479,1995,6950,681,737,128,2431,21,745,122,21
"1707","2020-04-19",410,20,189,1413,5331,0.951978990808479,1995,6950,681,737,143,2574,29,774,139,29
"1708","2020-04-20",422,20,178,1460,5331,0.951978990808479,1995,6950,681,737,153,2727,23,797,149,23
"1709","2020-04-21",432,20,188,1505,5331,0.951978990808479,1995,6950,681,737,160,2887,27,824,149,27
"1710","2020-04-22",439,20,204,1493,5331,0.951978990808479,1995,6950,681,737,157,3044,21,845,154,21
"1711","2020-04-23",461,20,208,1503,5331,0.951978990808479,1995,6950,681,737,136,3180,18,863,132,18
"1712","2020-04-24",533,20,194,1489,5331,0.951978990808479,1995,6950,681,737,110,3290,15,878,104,15
"1713","2020-04-25",520,20,168,1499,5331,0.951978990808479,1995,6950,681,737,129,3419,14,892,122,14
"1714","2020-04-26",518,20,186,1477,5331,0.951978990808479,1995,6950,681,737,130,3549,9,901,128,9
"1715","2020-04-27",528,20,182,1451,5331,0.951978990808479,1995,6950,681,737,141,3690,11,912,135,11
"1716","2020-04-28",505,20,159,1430,5331,0.951978990808479,1995,6950,681,737,94,3784,14,926,86,14
"1717","2020-04-29",500,20,134,1389,5331,0.951978990808479,1995,6950,681,737,106,3890,31,957,104,31
"1718","2020-04-30",490,20,128,1341,5331,0.951978990808479,1995,6950,681,737,94,3984,18,975,91,18
"1719","2020-05-01",508,20,149,1297,5331,0.951978990808479,1995,6950,681,737,78,4062,19,994,76,19
"1720","2020-05-02",521,20,172,1237,5331,0.951978990808479,1995,6950,681,737,73,4135,14,1008,68,14
"1721","2020-05-03",434,20,170,1168,5331,0.951978990808479,1995,6950,681,737,63,4198,17,1025,60,17
"1722","2020-05-04",416,20,171,1109,5331,0.951978990808479,1995,6950,681,737,57,4255,24,1049,53,24
"1723","2020-05-05",405,20,168,1034,5331,0.951978990808479,1995,6950,681,737,75,4330,25,1074,71,25
"1724","2020-05-06",396,20,178,990,5331,0.951978990808479,1995,6950,681,737,55,4385,18,1092,52,18
"1725","2020-05-07",384,20,183,956,5331,0.951978990808479,1995,6950,681,737,62,4447,15,1107,57,15
"1726","2020-05-08",339,20,180,895,5331,0.951978990808479,1995,6950,681,737,52,4499,14,1121,47,14
"1727","2020-05-09",313,20,169,864,5331,0.951978990808479,1995,6950,681,737,54,4553,18,1139,50,18
"1728","2020-05-10",318,20,163,833,5331,0.951978990808479,1995,6950,681,737,36,4589,28,1167,34,28
"1729","2020-05-11",302,20,142,787,5331,0.951978990808479,1995,6950,681,737,45,4634,20,1187,44,20
"1730","2020-05-12",301,20,135,734,5331,0.951978990808479,1995,6950,681,737,45,4679,19,1206,42,19
"1731","2020-05-13",280,20,111,694,5331,0.951978990808479,1995,6950,681,737,38,4717,16,1222,35,16
"1732","2020-05-14",266,20,92,656,5331,0.951978990808479,1995,6950,681,737,44,4761,30,1252,39,30
"1733","2020-05-15",255,20,125,602,5331,0.951978990808479,1995,6950,681,737,41,4802,25,1277,33,25
"1734","2020-05-16",239,20,160,560,5331,0.951978990808479,1995,6950,681,737,41,4843,20,1297,37,20
"1735","2020-05-17",229,20,160,524,5331,0.951978990808479,1995,6950,681,737,26,4869,27,1324,24,27
"1736","2020-05-18",215,20,146,506,5331,0.951978990808479,1995,6950,681,737,37,4906,33,1357,33,33
"1737","2020-05-19",192,20,124,493,5331,0.951978990808479,1995,6950,681,737,34,4940,17,1374,31,17
"1738","2020-05-20",189,20,113,457,5331,0.951978990808479,1995,6950,681,737,30,4970,25,1399,26,25
"1739","2020-05-21",180,20,97,435,5331,0.951978990808479,1995,6950,681,737,24,4994,19,1418,23,19
"1740","2020-05-22",149,20,100,412,5331,0.951978990808479,1995,6950,681,737,25,5019,23,1441,24,23
"1741","2020-05-23",139,20,111,381,5331,0.951978990808479,1995,6950,681,737,27,5046,14,1455,24,14
"1742","2020-05-24",123,20,108,356,5331,0.951978990808479,1995,6950,681,737,22,5068,20,1475,21,20
"1743","2020-05-25",120,20,108,325,5331,0.951978990808479,1995,6950,681,737,25,5093,7,1482,21,7
"1744","2020-05-26",118,20,114,302,5331,0.951978990808479,1995,6950,681,737,19,5112,15,1497,17,15
"1745","2020-05-27",118,20,120,275,5331,0.951978990808479,1995,6950,681,737,16,5128,16,1513,15,16
"1746","2020-05-28",109,20,107,256,5331,0.951978990808479,1995,6950,681,737,22,5150,11,1524,20,11
"1747","2020-05-29",109,20,112,238,5331,0.951978990808479,1995,6950,681,737,14,5164,15,1539,11,15
"1748","2020-05-30",105,20,136,226,5331,0.951978990808479,1995,6950,681,737,13,5177,15,1554,11,15
"1749","2020-05-31",91,20,146,211,5331,0.951978990808479,1995,6950,681,737,12,5189,13,1567,10,13
"1750","2020-06-01",81,20,158,198,5331,0.951978990808479,1995,6950,681,737,15,5204,15,1582,14,15
"1751","2020-06-02",70,20,154,184,5331,0.951978990808479,1995,6950,681,737,9,5213,11,1593,8,11
"1752","2020-06-03",62,20,139,169,5331,0.951978990808479,1995,6950,681,737,10,5223,7,1600,9,7
"1753","2020-06-04",63,20,139,154,5331,0.951978990808479,1995,6950,681,737,7,5230,21,1621,6,21
"1754","2020-06-05",66,20,147,144,5331,0.951978990808479,1995,6950,681,737,6,5236,14,1635,6,14
"1755","2020-06-06",64,20,155,135,5331,0.951978990808479,1995,6950,681,737,5,5241,15,1650,4,15
"1756","2020-06-07",51,20,148,121,5331,0.951978990808479,1995,6950,681,737,7,5248,8,1658,6,8
