"","Date","Absents","Paramset","Infections_or_Exposed_per_day_Patient","Infections_or_Exposed_per_day_HCW","total_infections","nosocomial_proportion","PCR_pooled","LFD_pooled","HCW_symp_test","patient_symp_test","new_hcw_infs","cumulative_hcw_infs","new_pat_infs","cumulative_pats_infs","new_nosocomial_hcw_infs","new_nosocomial_pat_infs"
"1","2020-03-13",1,1,87,134,5862,0.380928010917776,8385,35786,283,648,49,134,38,69,7,38
"2","2020-03-14",9,1,110,177,5862,0.380928010917776,8385,35786,283,648,43,177,26,95,8,26
"3","2020-03-15",25,1,116,240,5862,0.380928010917776,8385,35786,283,648,63,240,22,117,14,22
"4","2020-03-16",27,1,104,308,5862,0.380928010917776,8385,35786,283,648,68,308,11,128,20,11
"5","2020-03-17",34,1,91,366,5862,0.380928010917776,8385,35786,283,648,62,370,15,143,24,15
"6","2020-03-18",49,1,86,428,5862,0.380928010917776,8385,35786,283,648,70,440,9,152,28,9
"7","2020-03-19",65,1,98,497,5862,0.380928010917776,8385,35786,283,648,81,521,24,176,38,24
"8","2020-03-20",108,1,88,563,5862,0.380928010917776,8385,35786,283,648,84,605,12,188,42,12
"9","2020-03-21",165,1,87,626,5862,0.380928010917776,8385,35786,283,648,76,681,13,201,29,13
"10","2020-03-22",183,1,90,684,5862,0.380928010917776,8385,35786,283,648,83,764,17,218,39,17
"11","2020-03-23",193,1,80,716,5862,0.380928010917776,8385,35786,283,648,66,830,8,226,30,8
"12","2020-03-24",203,1,93,739,5862,0.380928010917776,8385,35786,283,648,71,901,26,252,39,26
"13","2020-03-25",208,1,93,746,5862,0.380928010917776,8385,35786,283,648,67,968,15,267,38,15
"14","2020-03-26",219,1,84,784,5862,0.380928010917776,8385,35786,283,648,89,1057,12,279,44,12
"15","2020-03-27",271,1,72,817,5862,0.380928010917776,8385,35786,283,648,78,1135,7,286,38,7
"16","2020-03-28",268,1,79,826,5862,0.380928010917776,8385,35786,283,648,78,1213,14,300,38,14
"17","2020-03-29",239,1,93,829,5862,0.380928010917776,8385,35786,283,648,85,1298,25,325,46,25
"18","2020-03-30",234,1,129,849,5862,0.380928010917776,8385,35786,283,648,83,1381,39,364,33,39
"19","2020-03-31",237,1,127,868,5862,0.380928010917776,8385,35786,283,648,82,1463,20,384,40,20
"20","2020-04-01",267,1,105,869,5862,0.380928010917776,8385,35786,283,648,79,1542,11,395,42,11
"21","2020-04-02",276,1,96,882,5862,0.380928010917776,8385,35786,283,648,87,1629,10,405,45,10
"22","2020-04-03",306,1,105,892,5862,0.380928010917776,8385,35786,283,648,84,1713,16,421,33,16
"23","2020-04-04",320,1,108,933,5862,0.380928010917776,8385,35786,283,648,106,1819,19,440,41,19
"24","2020-04-05",339,1,114,931,5862,0.380928010917776,8385,35786,283,648,66,1885,9,449,27,9
"25","2020-04-06",346,1,110,952,5862,0.380928010917776,8385,35786,283,648,97,1982,10,459,46,10
"26","2020-04-07",335,1,119,945,5862,0.380928010917776,8385,35786,283,648,76,2058,23,482,35,23
"27","2020-04-08",322,1,133,938,5862,0.380928010917776,8385,35786,283,648,78,2136,32,514,36,32
"28","2020-04-09",318,1,134,935,5862,0.380928010917776,8385,35786,283,648,77,2213,18,532,36,18
"29","2020-04-10",317,1,177,953,5862,0.380928010917776,8385,35786,283,648,102,2315,50,582,46,50
"30","2020-04-11",322,1,183,966,5862,0.380928010917776,8385,35786,283,648,90,2405,37,619,41,37
"31","2020-04-12",298,1,174,975,5862,0.380928010917776,8385,35786,283,648,94,2499,27,646,43,27
"32","2020-04-13",288,1,168,972,5862,0.380928010917776,8385,35786,283,648,83,2582,30,676,39,30
"33","2020-04-14",281,1,159,978,5862,0.380928010917776,8385,35786,283,648,82,2664,18,694,32,18
"34","2020-04-15",286,1,186,968,5862,0.380928010917776,8385,35786,283,648,77,2741,45,739,40,45
"35","2020-04-16",287,1,218,960,5862,0.380928010917776,8385,35786,283,648,67,2808,52,791,32,52
"36","2020-04-17",329,1,229,973,5862,0.380928010917776,8385,35786,283,648,93,2901,57,848,35,57
"37","2020-04-18",347,1,240,976,5862,0.380928010917776,8385,35786,283,648,73,2974,49,897,34,49
"38","2020-04-19",331,1,241,976,5862,0.380928010917776,8385,35786,283,648,96,3070,32,929,45,32
"39","2020-04-20",320,1,222,964,5862,0.380928010917776,8385,35786,283,648,77,3147,29,958,37,29
"40","2020-04-21",326,1,220,956,5862,0.380928010917776,8385,35786,283,648,85,3232,34,992,42,34
"41","2020-04-22",317,1,225,975,5862,0.380928010917776,8385,35786,283,648,92,3324,47,1039,31,47
"42","2020-04-23",319,1,245,961,5862,0.380928010917776,8385,35786,283,648,78,3402,54,1093,22,54
"43","2020-04-24",339,1,218,952,5862,0.380928010917776,8385,35786,283,648,79,3481,26,1119,37,26
"44","2020-04-25",324,1,202,930,5862,0.380928010917776,8385,35786,283,648,74,3555,24,1143,30,24
"45","2020-04-26",294,1,206,935,5862,0.380928010917776,8385,35786,283,648,85,3640,37,1180,39,37
"46","2020-04-27",292,1,199,913,5862,0.380928010917776,8385,35786,283,648,72,3712,28,1208,30,28
"47","2020-04-28",290,1,203,910,5862,0.380928010917776,8385,35786,283,648,80,3792,21,1229,38,21
"48","2020-04-29",290,1,202,887,5862,0.380928010917776,8385,35786,283,648,49,3841,45,1274,26,45
"49","2020-04-30",295,1,196,857,5862,0.380928010917776,8385,35786,283,648,61,3902,23,1297,21,23
"50","2020-05-01",311,1,176,839,5862,0.380928010917776,8385,35786,283,648,65,3967,18,1315,22,18
"51","2020-05-02",305,1,146,826,5862,0.380928010917776,8385,35786,283,648,57,4024,8,1323,20,8
"52","2020-05-03",299,1,132,804,5862,0.380928010917776,8385,35786,283,648,56,4080,16,1339,20,16
"53","2020-05-04",302,1,149,785,5862,0.380928010917776,8385,35786,283,648,62,4142,25,1364,18,25
"54","2020-05-05",301,1,149,760,5862,0.380928010917776,8385,35786,283,648,53,4195,18,1382,25,18
"55","2020-05-06",300,1,165,736,5862,0.380928010917776,8385,35786,283,648,50,4245,40,1422,16,40
"56","2020-05-07",287,1,157,719,5862,0.380928010917776,8385,35786,283,648,45,4290,34,1456,15,34
"57","2020-05-08",263,1,168,701,5862,0.380928010917776,8385,35786,283,648,58,4348,29,1485,25,29
"58","2020-05-09",258,1,199,685,5862,0.380928010917776,8385,35786,283,648,57,4405,49,1534,18,49
"59","2020-05-10",242,1,202,662,5862,0.380928010917776,8385,35786,283,648,47,4452,36,1570,20,36
"60","2020-05-11",227,1,197,631,5862,0.380928010917776,8385,35786,283,648,46,4498,28,1598,11,28
"61","2020-05-12",217,1,187,622,5862,0.380928010917776,8385,35786,283,648,44,4542,24,1622,17,24
"62","2020-05-13",206,1,181,613,5862,0.380928010917776,8385,35786,283,648,43,4585,19,1641,16,19
"63","2020-05-14",205,1,198,598,5862,0.380928010917776,8385,35786,283,648,45,4630,35,1676,19,35
"64","2020-05-15",204,1,195,571,5862,0.380928010917776,8385,35786,283,648,31,4661,32,1708,9,32
"65","2020-05-16",212,1,171,543,5862,0.380928010917776,8385,35786,283,648,35,4696,18,1726,16,18
"66","2020-05-17",194,1,166,530,5862,0.380928010917776,8385,35786,283,648,38,4734,17,1743,14,17
"67","2020-05-18",182,1,179,518,5862,0.380928010917776,8385,35786,283,648,44,4778,35,1778,16,35
"68","2020-05-19",169,1,199,501,5862,0.380928010917776,8385,35786,283,648,37,4815,42,1820,12,42
"69","2020-05-20",164,1,209,494,5862,0.380928010917776,8385,35786,283,648,40,4855,36,1856,19,36
"70","2020-05-21",158,1,200,485,5862,0.380928010917776,8385,35786,283,648,37,4892,33,1889,13,33
"71","2020-05-22",162,1,204,464,5862,0.380928010917776,8385,35786,283,648,30,4922,26,1915,10,26
"72","2020-05-23",149,1,212,433,5862,0.380928010917776,8385,35786,283,648,22,4944,35,1950,7,35
"73","2020-05-24",139,1,192,425,5862,0.380928010917776,8385,35786,283,648,33,4977,22,1972,14,22
"74","2020-05-25",143,1,192,430,5862,0.380928010917776,8385,35786,283,648,42,5019,30,2002,15,30
"75","2020-05-26",139,1,186,414,5862,0.380928010917776,8385,35786,283,648,28,5047,30,2032,13,30
"76","2020-05-27",132,1,155,391,5862,0.380928010917776,8385,35786,283,648,24,5071,17,2049,8,17
"77","2020-05-28",125,1,161,384,5862,0.380928010917776,8385,35786,283,648,30,5101,25,2074,14,25
"78","2020-05-29",111,1,146,379,5862,0.380928010917776,8385,35786,283,648,27,5128,19,2093,8,19
"79","2020-05-30",110,1,159,359,5862,0.380928010917776,8385,35786,283,648,25,5153,27,2120,14,27
"80","2020-05-31",101,1,182,339,5862,0.380928010917776,8385,35786,283,648,22,5175,44,2164,12,44
"81","2020-06-01",97,1,181,319,5862,0.380928010917776,8385,35786,283,648,24,5199,31,2195,10,31
"82","2020-06-02",98,1,189,309,5862,0.380928010917776,8385,35786,283,648,17,5216,39,2234,2,39
"83","2020-06-03",96,1,177,293,5862,0.380928010917776,8385,35786,283,648,14,5230,30,2264,6,30
"84","2020-06-04",92,1,181,273,5862,0.380928010917776,8385,35786,283,648,16,5246,27,2291,5,27
"85","2020-06-05",92,1,174,267,5862,0.380928010917776,8385,35786,283,648,20,5266,19,2310,7,19
"86","2020-06-06",82,1,180,254,5862,0.380928010917776,8385,35786,283,648,14,5280,37,2347,7,37
"87","2020-06-07",81,1,161,234,5862,0.380928010917776,8385,35786,283,648,14,5294,9,2356,5,9
"88","2020-03-14",3,2,47,74,5849,0.714481107881689,8340,33334,313,553,37,153,10,38,8,10
"89","2020-03-15",7,2,50,96,5849,0.714481107881689,8340,33334,313,553,48,201,7,45,12,7
"90","2020-03-16",11,2,62,136,5849,0.714481107881689,8340,33334,313,553,59,260,17,62,24,17
"91","2020-03-17",15,2,78,168,5849,0.714481107881689,8340,33334,313,553,56,316,9,71,22,9
"92","2020-03-18",22,2,97,214,5849,0.714481107881689,8340,33334,313,553,56,372,8,79,27,8
"93","2020-03-19",31,2,86,250,5849,0.714481107881689,8340,33334,313,553,65,437,12,91,24,12
"94","2020-03-20",51,2,69,307,5849,0.714481107881689,8340,33334,313,553,74,511,11,102,50,11
"95","2020-03-21",79,2,62,353,5849,0.714481107881689,8340,33334,313,553,69,580,20,122,35,20
"96","2020-03-22",92,2,54,403,5849,0.714481107881689,8340,33334,313,553,89,669,18,140,44,18
"97","2020-03-23",95,2,46,450,5849,0.714481107881689,8340,33334,313,553,85,754,11,151,44,11
"98","2020-03-24",107,2,40,512,5849,0.714481107881689,8340,33334,313,553,96,850,21,172,68,21
"99","2020-03-25",114,2,46,568,5849,0.714481107881689,8340,33334,313,553,84,934,20,192,51,20
"100","2020-03-26",128,2,45,657,5849,0.714481107881689,8340,33334,313,553,106,1040,13,205,68,13
"101","2020-03-27",167,2,36,700,5849,0.714481107881689,8340,33334,313,553,85,1125,14,219,56,14
"102","2020-03-28",224,2,44,746,5849,0.714481107881689,8340,33334,313,553,91,1216,20,239,55,20
"103","2020-03-29",227,2,48,783,5849,0.714481107881689,8340,33334,313,553,103,1319,25,264,67,25
"104","2020-03-30",213,2,47,836,5849,0.714481107881689,8340,33334,313,553,90,1409,13,277,57,13
"105","2020-03-31",226,2,50,882,5849,0.714481107881689,8340,33334,313,553,69,1478,33,310,42,33
"106","2020-04-01",241,2,65,949,5849,0.714481107881689,8340,33334,313,553,109,1587,37,347,77,37
"107","2020-04-02",247,2,70,972,5849,0.714481107881689,8340,33334,313,553,82,1669,33,380,43,33
"108","2020-04-03",307,2,60,1024,5849,0.714481107881689,8340,33334,313,553,73,1742,28,408,45,28
"109","2020-04-04",329,2,56,1091,5849,0.714481107881689,8340,33334,313,553,101,1843,20,428,61,20
"110","2020-04-05",307,2,55,1155,5849,0.714481107881689,8340,33334,313,553,102,1945,27,455,59,27
"111","2020-04-06",318,2,71,1232,5849,0.714481107881689,8340,33334,313,553,75,2020,28,483,47,28
"112","2020-04-07",344,2,64,1288,5849,0.714481107881689,8340,33334,313,553,93,2113,18,501,62,18
"113","2020-04-08",374,2,66,1328,5849,0.714481107881689,8340,33334,313,553,95,2208,29,530,67,29
"114","2020-04-09",400,2,66,1380,5849,0.714481107881689,8340,33334,313,553,93,2301,10,540,55,10
"115","2020-04-10",465,2,60,1401,5849,0.714481107881689,8340,33334,313,553,82,2383,19,559,43,19
"116","2020-04-11",478,2,64,1418,5849,0.714481107881689,8340,33334,313,553,87,2470,15,574,55,15
"117","2020-04-12",496,2,102,1447,5849,0.714481107881689,8340,33334,313,553,87,2557,41,615,47,41
"118","2020-04-13",504,2,122,1451,5849,0.714481107881689,8340,33334,313,553,86,2643,30,645,52,30
"119","2020-04-14",481,2,110,1442,5849,0.714481107881689,8340,33334,313,553,95,2738,32,677,50,32
"120","2020-04-15",479,2,136,1437,5849,0.714481107881689,8340,33334,313,553,64,2802,19,696,32,19
"121","2020-04-16",471,2,132,1428,5849,0.714481107881689,8340,33334,313,553,77,2879,21,717,41,21
"122","2020-04-17",493,2,147,1402,5849,0.714481107881689,8340,33334,313,553,79,2958,34,751,52,34
"123","2020-04-18",490,2,154,1395,5849,0.714481107881689,8340,33334,313,553,83,3041,28,779,44,28
"124","2020-04-19",456,2,139,1366,5849,0.714481107881689,8340,33334,313,553,78,3119,44,823,49,44
"125","2020-04-20",439,2,139,1338,5849,0.714481107881689,8340,33334,313,553,82,3201,36,859,51,36
"126","2020-04-21",451,2,112,1304,5849,0.714481107881689,8340,33334,313,553,78,3279,26,885,44,26
"127","2020-04-22",445,2,95,1275,5849,0.714481107881689,8340,33334,313,553,70,3349,30,915,41,30
"128","2020-04-23",437,2,103,1232,5849,0.714481107881689,8340,33334,313,553,77,3426,43,958,33,43
"129","2020-04-24",453,2,138,1199,5849,0.714481107881689,8340,33334,313,553,69,3495,20,978,41,20
"130","2020-04-25",447,2,152,1155,5849,0.714481107881689,8340,33334,313,553,73,3568,16,994,38,16
"131","2020-04-26",414,2,146,1099,5849,0.714481107881689,8340,33334,313,553,59,3627,16,1010,36,16
"132","2020-04-27",398,2,144,1036,5849,0.714481107881689,8340,33334,313,553,53,3680,23,1033,20,23
"133","2020-04-28",375,2,140,998,5849,0.714481107881689,8340,33334,313,553,67,3747,13,1046,31,13
"134","2020-04-29",364,2,137,945,5849,0.714481107881689,8340,33334,313,553,59,3806,16,1062,33,16
"135","2020-04-30",353,2,129,908,5849,0.714481107881689,8340,33334,313,553,54,3860,14,1076,26,14
"136","2020-05-01",329,2,160,862,5849,0.714481107881689,8340,33334,313,553,58,3918,16,1092,32,16
"137","2020-05-02",330,2,178,826,5849,0.714481107881689,8340,33334,313,553,66,3984,16,1108,26,16
"138","2020-05-03",304,2,187,780,5849,0.714481107881689,8340,33334,313,553,67,4051,30,1138,30,30
"139","2020-05-04",283,2,163,727,5849,0.714481107881689,8340,33334,313,553,62,4113,21,1159,33,21
"140","2020-05-05",276,2,141,706,5849,0.714481107881689,8340,33334,313,553,42,4155,16,1175,19,16
"141","2020-05-06",261,2,134,667,5849,0.714481107881689,8340,33334,313,553,57,4212,15,1190,29,15
"142","2020-05-07",250,2,159,645,5849,0.714481107881689,8340,33334,313,553,46,4258,35,1225,17,35
"143","2020-05-08",238,2,174,613,5849,0.714481107881689,8340,33334,313,553,48,4306,27,1252,23,27
"144","2020-05-09",229,2,153,593,5849,0.714481107881689,8340,33334,313,553,54,4360,30,1282,27,30
"145","2020-05-10",204,2,136,583,5849,0.714481107881689,8340,33334,313,553,45,4405,24,1306,24,24
"146","2020-05-11",193,2,131,570,5849,0.714481107881689,8340,33334,313,553,38,4443,20,1326,18,20
"147","2020-05-12",191,2,138,539,5849,0.714481107881689,8340,33334,313,553,39,4482,18,1344,14,18
"148","2020-05-13",181,2,137,508,5849,0.714481107881689,8340,33334,313,553,44,4526,30,1374,15,30
"149","2020-05-14",181,2,135,482,5849,0.714481107881689,8340,33334,313,553,44,4570,16,1390,21,16
"150","2020-05-15",167,2,135,456,5849,0.714481107881689,8340,33334,313,553,42,4612,24,1414,19,24
"151","2020-05-16",158,2,142,433,5849,0.714481107881689,8340,33334,313,553,33,4645,27,1441,14,27
"152","2020-05-17",155,2,144,411,5849,0.714481107881689,8340,33334,313,553,39,4684,36,1477,22,36
"153","2020-05-18",149,2,153,391,5849,0.714481107881689,8340,33334,313,553,31,4715,32,1509,17,32
"154","2020-05-19",132,2,154,363,5849,0.714481107881689,8340,33334,313,553,33,4748,17,1526,15,17
"155","2020-05-20",133,2,153,352,5849,0.714481107881689,8340,33334,313,553,35,4783,27,1553,13,27
"156","2020-05-21",131,2,138,326,5849,0.714481107881689,8340,33334,313,553,24,4807,26,1579,10,26
"157","2020-05-22",121,2,115,304,5849,0.714481107881689,8340,33334,313,553,31,4838,23,1602,13,23
"158","2020-05-23",117,2,117,292,5849,0.714481107881689,8340,33334,313,553,35,4873,18,1620,21,18
"159","2020-05-24",106,2,110,283,5849,0.714481107881689,8340,33334,313,553,32,4905,37,1657,16,37
"160","2020-05-25",101,2,94,253,5849,0.714481107881689,8340,33334,313,553,29,4934,17,1674,12,17
"161","2020-05-26",102,2,85,240,5849,0.714481107881689,8340,33334,313,553,13,4947,32,1706,5,32
"162","2020-05-27",95,2,79,231,5849,0.714481107881689,8340,33334,313,553,23,4970,26,1732,12,26
"163","2020-05-28",89,2,84,216,5849,0.714481107881689,8340,33334,313,553,14,4984,32,1764,6,32
"164","2020-05-29",87,2,70,213,5849,0.714481107881689,8340,33334,313,553,18,5002,35,1799,11,35
"165","2020-05-30",78,2,68,202,5849,0.714481107881689,8340,33334,313,553,14,5016,25,1824,3,25
"166","2020-05-31",73,2,74,199,5849,0.714481107881689,8340,33334,313,553,17,5033,27,1851,8,27
"167","2020-06-01",78,2,77,190,5849,0.714481107881689,8340,33334,313,553,13,5046,36,1887,4,36
"168","2020-06-02",69,2,70,177,5849,0.714481107881689,8340,33334,313,553,22,5068,27,1914,10,27
"169","2020-06-03",66,2,71,165,5849,0.714481107881689,8340,33334,313,553,15,5083,23,1937,8,23
"170","2020-06-04",63,2,62,153,5849,0.714481107881689,8340,33334,313,553,19,5102,25,1962,6,25
"171","2020-06-05",58,2,61,144,5849,0.714481107881689,8340,33334,313,553,9,5111,18,1980,4,18
"172","2020-06-06",53,2,66,136,5849,0.714481107881689,8340,33334,313,553,13,5124,16,1996,7,16
"173","2020-06-07",44,2,67,122,5849,0.714481107881689,8340,33334,313,553,12,5136,12,2008,5,12
"174","2020-03-08",2,3,0,0,6465,0.559164733178654,8385,35976,402,1418,NA,NA,NA,NA,NA,NA
"175","2020-03-09",2,3,0,0,6465,0.559164733178654,8385,35976,402,1418,NA,NA,NA,NA,NA,NA
"176","2020-03-10",0,3,0,0,6465,0.559164733178654,8385,35976,402,1418,NA,NA,NA,NA,NA,NA
"177","2020-03-11",0,3,0,0,6465,0.559164733178654,8385,35976,402,1418,12,12,8,8,3,8
"178","2020-03-12",0,3,0,0,6465,0.559164733178654,8385,35976,402,1418,11,23,13,21,4,13
"179","2020-03-13",4,3,71,137,6465,0.559164733178654,8385,35976,402,1418,21,44,20,41,9,20
"180","2020-03-14",14,3,116,190,6465,0.559164733178654,8385,35976,402,1418,39,83,11,52,21,11
"181","2020-03-15",25,3,143,240,6465,0.559164733178654,8385,35976,402,1418,26,109,20,72,16,20
"182","2020-03-16",26,3,147,326,6465,0.559164733178654,8385,35976,402,1418,33,142,36,108,26,36
"183","2020-03-17",38,3,190,399,6465,0.559164733178654,8385,35976,402,1418,41,183,32,140,29,32
"184","2020-03-18",49,3,195,484,6465,0.559164733178654,8385,35976,402,1418,58,241,43,183,47,43
"185","2020-03-19",68,3,188,548,6465,0.559164733178654,8385,35976,402,1418,72,313,42,225,62,42
"186","2020-03-20",91,3,165,628,6465,0.559164733178654,8385,35976,402,1418,57,370,27,252,45,27
"187","2020-03-21",153,3,178,704,6465,0.559164733178654,8385,35976,402,1418,70,440,41,293,61,41
"188","2020-03-22",178,3,196,787,6465,0.559164733178654,8385,35976,402,1418,97,537,43,336,84,43
"189","2020-03-23",193,3,195,858,6465,0.559164733178654,8385,35976,402,1418,102,639,30,366,88,30
"190","2020-03-24",203,3,240,931,6465,0.559164733178654,8385,35976,402,1418,107,746,29,395,94,29
"191","2020-03-25",223,3,236,1021,6465,0.559164733178654,8385,35976,402,1418,95,841,33,428,87,33
"192","2020-03-26",248,3,236,1075,6465,0.559164733178654,8385,35976,402,1418,121,962,33,461,112,33
"193","2020-03-27",321,3,234,1143,6465,0.559164733178654,8385,35976,402,1418,131,1093,27,488,118,27
"194","2020-03-28",317,3,241,1194,6465,0.559164733178654,8385,35976,402,1418,127,1220,13,501,112,13
"195","2020-03-29",355,3,238,1249,6465,0.559164733178654,8385,35976,402,1418,142,1362,17,518,126,17
"196","2020-03-30",372,3,232,1300,6465,0.559164733178654,8385,35976,402,1418,135,1497,13,531,121,13
"197","2020-03-31",383,3,257,1343,6465,0.559164733178654,8385,35976,402,1418,130,1627,15,546,120,15
"198","2020-04-01",399,3,252,1368,6465,0.559164733178654,8385,35976,402,1418,134,1761,27,573,118,27
"199","2020-04-02",402,3,292,1417,6465,0.559164733178654,8385,35976,402,1418,169,1930,30,603,152,30
"200","2020-04-03",482,3,298,1433,6465,0.559164733178654,8385,35976,402,1418,162,2092,29,632,155,29
"201","2020-04-04",497,3,300,1424,6465,0.559164733178654,8385,35976,402,1418,154,2246,20,652,139,20
"202","2020-04-05",436,3,282,1445,6465,0.559164733178654,8385,35976,402,1418,157,2403,38,690,148,38
"203","2020-04-06",428,3,271,1446,6465,0.559164733178654,8385,35976,402,1418,158,2561,29,719,144,29
"204","2020-04-07",449,3,272,1414,6465,0.559164733178654,8385,35976,402,1418,170,2731,37,756,158,37
"205","2020-04-08",453,3,268,1397,6465,0.559164733178654,8385,35976,402,1418,147,2878,43,799,136,43
"206","2020-04-09",459,3,284,1368,6465,0.559164733178654,8385,35976,402,1418,175,3053,53,852,170,53
"207","2020-04-10",484,3,270,1319,6465,0.559164733178654,8385,35976,402,1418,119,3172,40,892,109,40
"208","2020-04-11",469,3,242,1307,6465,0.559164733178654,8385,35976,402,1418,176,3348,33,925,168,33
"209","2020-04-12",440,3,254,1277,6465,0.559164733178654,8385,35976,402,1418,143,3491,32,957,131,32
"210","2020-04-13",438,3,275,1281,6465,0.559164733178654,8385,35976,402,1418,130,3621,23,980,124,23
"211","2020-04-14",394,3,288,1242,6465,0.559164733178654,8385,35976,402,1418,117,3738,13,993,107,13
"212","2020-04-15",391,3,273,1229,6465,0.559164733178654,8385,35976,402,1418,148,3886,18,1011,137,18
"213","2020-04-16",388,3,254,1211,6465,0.559164733178654,8385,35976,402,1418,116,4002,16,1027,108,16
"214","2020-04-17",434,3,267,1184,6465,0.559164733178654,8385,35976,402,1418,96,4098,49,1076,90,49
"215","2020-04-18",437,3,266,1155,6465,0.559164733178654,8385,35976,402,1418,119,4217,47,1123,108,47
"216","2020-04-19",402,3,292,1135,6465,0.559164733178654,8385,35976,402,1418,97,4314,50,1173,90,50
"217","2020-04-20",387,3,299,1115,6465,0.559164733178654,8385,35976,402,1418,102,4416,42,1215,96,42
"218","2020-04-21",390,3,295,1089,6465,0.559164733178654,8385,35976,402,1418,85,4501,35,1250,73,35
"219","2020-04-22",384,3,311,1053,6465,0.559164733178654,8385,35976,402,1418,93,4594,43,1293,84,43
"220","2020-04-23",371,3,365,1023,6465,0.559164733178654,8385,35976,402,1418,85,4679,34,1327,78,34
"221","2020-04-24",350,3,343,1005,6465,0.559164733178654,8385,35976,402,1418,72,4751,44,1371,61,44
"222","2020-04-25",341,3,334,963,6465,0.559164733178654,8385,35976,402,1418,71,4822,29,1400,64,29
"223","2020-04-26",332,3,317,942,6465,0.559164733178654,8385,35976,402,1418,84,4906,17,1417,76,17
"224","2020-04-27",326,3,293,918,6465,0.559164733178654,8385,35976,402,1418,73,4979,18,1435,65,18
"225","2020-04-28",325,3,288,870,6465,0.559164733178654,8385,35976,402,1418,63,5042,21,1456,59,21
"226","2020-04-29",311,3,326,847,6465,0.559164733178654,8385,35976,402,1418,64,5106,31,1487,56,31
"227","2020-04-30",308,3,327,820,6465,0.559164733178654,8385,35976,402,1418,54,5160,32,1519,47,32
"228","2020-05-01",307,3,311,791,6465,0.559164733178654,8385,35976,402,1418,56,5216,20,1539,52,20
"229","2020-05-02",314,3,300,761,6465,0.559164733178654,8385,35976,402,1418,52,5268,28,1567,45,28
"230","2020-05-03",273,3,310,711,6465,0.559164733178654,8385,35976,402,1418,51,5319,25,1592,42,25
"231","2020-05-04",256,3,318,703,6465,0.559164733178654,8385,35976,402,1418,51,5370,41,1633,42,41
"232","2020-05-05",239,3,308,672,6465,0.559164733178654,8385,35976,402,1418,36,5406,36,1669,30,36
"233","2020-05-06",232,3,332,637,6465,0.559164733178654,8385,35976,402,1418,57,5463,43,1712,45,43
"234","2020-05-07",208,3,321,619,6465,0.559164733178654,8385,35976,402,1418,42,5505,29,1741,35,29
"235","2020-05-08",192,3,309,592,6465,0.559164733178654,8385,35976,402,1418,31,5536,30,1771,27,30
"236","2020-05-09",198,3,292,575,6465,0.559164733178654,8385,35976,402,1418,27,5563,45,1816,25,45
"237","2020-05-10",173,3,296,558,6465,0.559164733178654,8385,35976,402,1418,32,5595,34,1850,23,34
"238","2020-05-11",182,3,305,535,6465,0.559164733178654,8385,35976,402,1418,32,5627,32,1882,25,32
"239","2020-05-12",175,3,293,517,6465,0.559164733178654,8385,35976,402,1418,29,5656,39,1921,22,39
"240","2020-05-13",175,3,296,491,6465,0.559164733178654,8385,35976,402,1418,21,5677,20,1941,17,20
"241","2020-05-14",187,3,298,468,6465,0.559164733178654,8385,35976,402,1418,19,5696,20,1961,16,20
"242","2020-05-15",180,3,281,453,6465,0.559164733178654,8385,35976,402,1418,22,5718,12,1973,18,12
"243","2020-05-16",164,3,291,434,6465,0.559164733178654,8385,35976,402,1418,23,5741,14,1987,16,14
"244","2020-05-17",159,3,323,409,6465,0.559164733178654,8385,35976,402,1418,18,5759,15,2002,12,15
"245","2020-05-18",140,3,325,396,6465,0.559164733178654,8385,35976,402,1418,20,5779,28,2030,16,28
"246","2020-05-19",132,3,314,382,6465,0.559164733178654,8385,35976,402,1418,23,5802,35,2065,20,35
"247","2020-05-20",127,3,305,372,6465,0.559164733178654,8385,35976,402,1418,14,5816,26,2091,11,26
"248","2020-05-21",116,3,299,353,6465,0.559164733178654,8385,35976,402,1418,14,5830,27,2118,12,27
"249","2020-05-22",124,3,329,343,6465,0.559164733178654,8385,35976,402,1418,11,5841,41,2159,9,41
"250","2020-05-23",115,3,315,316,6465,0.559164733178654,8385,35976,402,1418,15,5856,32,2191,12,32
"251","2020-05-24",105,3,276,298,6465,0.559164733178654,8385,35976,402,1418,15,5871,39,2230,13,39
"252","2020-05-25",99,3,272,285,6465,0.559164733178654,8385,35976,402,1418,14,5885,23,2253,11,23
"253","2020-05-26",101,3,271,279,6465,0.559164733178654,8385,35976,402,1418,15,5900,30,2283,13,30
"254","2020-05-27",93,3,274,256,6465,0.559164733178654,8385,35976,402,1418,17,5917,28,2311,15,28
"255","2020-05-28",91,3,283,245,6465,0.559164733178654,8385,35976,402,1418,11,5928,25,2336,10,25
"256","2020-05-29",87,3,279,229,6465,0.559164733178654,8385,35976,402,1418,12,5940,30,2366,9,30
"257","2020-05-30",85,3,263,208,6465,0.559164733178654,8385,35976,402,1418,11,5951,41,2407,8,41
"258","2020-05-31",80,3,247,203,6465,0.559164733178654,8385,35976,402,1418,12,5963,34,2441,11,34
"259","2020-06-01",81,3,240,185,6465,0.559164733178654,8385,35976,402,1418,17,5980,44,2485,16,44
"260","2020-06-02",69,3,238,183,6465,0.559164733178654,8385,35976,402,1418,15,5995,39,2524,13,39
"261","2020-06-03",68,3,260,189,6465,0.559164733178654,8385,35976,402,1418,15,6010,39,2563,10,39
"262","2020-06-04",71,3,286,178,6465,0.559164733178654,8385,35976,402,1418,13,6023,18,2581,11,18
"263","2020-06-05",71,3,294,167,6465,0.559164733178654,8385,35976,402,1418,10,6033,41,2622,9,41
"264","2020-06-06",70,3,302,165,6465,0.559164733178654,8385,35976,402,1418,14,6047,45,2667,13,45
"265","2020-06-07",59,3,307,162,6465,0.559164733178654,8385,35976,402,1418,5,6052,44,2711,4,44
"266","2020-03-08",1,4,0,0,5120,0.712890625,8400,33270,263,716,NA,NA,NA,NA,NA,NA
"267","2020-03-09",1,4,0,0,5120,0.712890625,8400,33270,263,716,NA,NA,NA,NA,NA,NA
"268","2020-03-10",0,4,0,0,5120,0.712890625,8400,33270,263,716,NA,NA,3,3,NA,3
"269","2020-03-11",0,4,0,0,5120,0.712890625,8400,33270,263,716,63,63,14,17,4,14
"270","2020-03-12",0,4,0,0,5120,0.712890625,8400,33270,263,716,50,113,11,28,14,11
"271","2020-03-13",3,4,80,58,5120,0.712890625,8400,33270,263,716,40,153,3,31,9,3
"272","2020-03-14",7,4,87,84,5120,0.712890625,8400,33270,263,716,60,213,8,39,18,8
"273","2020-03-15",13,4,93,116,5120,0.712890625,8400,33270,263,716,79,292,37,76,34,37
"274","2020-03-16",16,4,103,153,5120,0.712890625,8400,33270,263,716,73,365,24,100,38,24
"275","2020-03-17",22,4,122,182,5120,0.712890625,8400,33270,263,716,75,440,22,122,32,22
"276","2020-03-18",27,4,142,223,5120,0.712890625,8400,33270,263,716,87,527,51,173,47,51
"277","2020-03-19",38,4,122,261,5120,0.712890625,8400,33270,263,716,87,614,66,239,52,66
"278","2020-03-20",52,4,109,310,5120,0.712890625,8400,33270,263,716,75,689,76,315,49,76
"279","2020-03-21",75,4,104,347,5120,0.712890625,8400,33270,263,716,87,776,61,376,48,61
"280","2020-03-22",96,4,88,376,5120,0.712890625,8400,33270,263,716,102,878,38,414,65,38
"281","2020-03-23",98,4,84,411,5120,0.712890625,8400,33270,263,716,105,983,61,475,68,61
"282","2020-03-24",104,4,76,474,5120,0.712890625,8400,33270,263,716,100,1083,29,504,63,29
"283","2020-03-25",110,4,57,507,5120,0.712890625,8400,33270,263,716,106,1189,45,549,69,45
"284","2020-03-26",119,4,59,547,5120,0.712890625,8400,33270,263,716,101,1290,76,625,62,76
"285","2020-03-27",165,4,44,580,5120,0.712890625,8400,33270,263,716,116,1406,39,664,77,39
"286","2020-03-28",189,4,50,621,5120,0.712890625,8400,33270,263,716,122,1528,51,715,75,51
"287","2020-03-29",191,4,47,659,5120,0.712890625,8400,33270,263,716,99,1627,49,764,70,49
"288","2020-03-30",202,4,48,681,5120,0.712890625,8400,33270,263,716,98,1725,44,808,58,44
"289","2020-03-31",201,4,55,714,5120,0.712890625,8400,33270,263,716,113,1838,40,848,75,40
"290","2020-04-01",218,4,77,728,5120,0.712890625,8400,33270,263,716,107,1945,62,910,73,62
"291","2020-04-02",220,4,76,742,5120,0.712890625,8400,33270,263,716,110,2055,25,935,73,25
"292","2020-04-03",247,4,124,779,5120,0.712890625,8400,33270,263,716,90,2145,18,953,49,18
"293","2020-04-04",249,4,145,794,5120,0.712890625,8400,33270,263,716,92,2237,13,966,50,13
"294","2020-04-05",252,4,149,808,5120,0.712890625,8400,33270,263,716,107,2344,15,981,69,15
"295","2020-04-06",251,4,131,812,5120,0.712890625,8400,33270,263,716,80,2424,8,989,38,8
"296","2020-04-07",261,4,119,820,5120,0.712890625,8400,33270,263,716,88,2512,7,996,45,7
"297","2020-04-08",261,4,108,818,5120,0.712890625,8400,33270,263,716,111,2623,31,1027,66,31
"298","2020-04-09",275,4,110,830,5120,0.712890625,8400,33270,263,716,98,2721,56,1083,59,56
"299","2020-04-10",296,4,106,845,5120,0.712890625,8400,33270,263,716,103,2824,25,1108,57,25
"300","2020-04-11",291,4,96,861,5120,0.712890625,8400,33270,263,716,98,2922,17,1125,52,17
"301","2020-04-12",261,4,97,878,5120,0.712890625,8400,33270,263,716,85,3007,46,1171,52,46
"302","2020-04-13",266,4,86,911,5120,0.712890625,8400,33270,263,716,92,3099,26,1197,49,26
"303","2020-04-14",268,4,84,908,5120,0.712890625,8400,33270,263,716,91,3190,40,1237,55,40
"304","2020-04-15",280,4,80,919,5120,0.712890625,8400,33270,263,716,89,3279,75,1312,55,75
"305","2020-04-16",283,4,75,946,5120,0.712890625,8400,33270,263,716,103,3382,21,1333,64,21
"306","2020-04-17",294,4,68,949,5120,0.712890625,8400,33270,263,716,103,3485,16,1349,60,16
"307","2020-04-18",355,4,71,970,5120,0.712890625,8400,33270,263,716,92,3577,6,1355,58,6
"308","2020-04-19",343,4,80,958,5120,0.712890625,8400,33270,263,716,76,3653,9,1364,44,9
"309","2020-04-20",325,4,130,990,5120,0.712890625,8400,33270,263,716,71,3724,19,1383,36,19
"310","2020-04-21",320,4,170,1007,5120,0.712890625,8400,33270,263,716,76,3800,54,1437,39,54
"311","2020-04-22",311,4,183,999,5120,0.712890625,8400,33270,263,716,90,3890,81,1518,50,81
"312","2020-04-23",309,4,199,997,5120,0.712890625,8400,33270,263,716,71,3961,35,1553,35,35
"313","2020-04-24",357,4,220,963,5120,0.712890625,8400,33270,263,716,66,4027,22,1575,30,22
"314","2020-04-25",318,4,214,942,5120,0.712890625,8400,33270,263,716,70,4097,19,1594,37,19
"315","2020-04-26",289,4,191,939,5120,0.712890625,8400,33270,263,716,67,4164,13,1607,36,13
"316","2020-04-27",277,4,173,924,5120,0.712890625,8400,33270,263,716,69,4233,12,1619,39,12
"317","2020-04-28",271,4,169,916,5120,0.712890625,8400,33270,263,716,62,4295,33,1652,35,33
"318","2020-04-29",268,4,201,917,5120,0.712890625,8400,33270,263,716,65,4360,16,1668,27,16
"319","2020-04-30",284,4,220,911,5120,0.712890625,8400,33270,263,716,56,4416,18,1686,31,18
"320","2020-05-01",301,4,223,914,5120,0.712890625,8400,33270,263,716,51,4467,28,1714,21,28
"321","2020-05-02",308,4,213,902,5120,0.712890625,8400,33270,263,716,67,4534,72,1786,36,72
"322","2020-05-03",306,4,207,877,5120,0.712890625,8400,33270,263,716,56,4590,34,1820,27,34
"323","2020-05-04",310,4,206,836,5120,0.712890625,8400,33270,263,716,67,4657,19,1839,40,19
"324","2020-05-05",313,4,200,831,5120,0.712890625,8400,33270,263,716,55,4712,42,1881,35,42
"325","2020-05-06",307,4,235,814,5120,0.712890625,8400,33270,263,716,56,4768,65,1946,19,65
"326","2020-05-07",272,4,235,784,5120,0.712890625,8400,33270,263,716,42,4810,34,1980,22,34
"327","2020-05-08",275,4,238,749,5120,0.712890625,8400,33270,263,716,48,4858,35,2015,24,35
"328","2020-05-09",276,4,217,701,5120,0.712890625,8400,33270,263,716,59,4917,48,2063,36,48
"329","2020-05-10",236,4,224,672,5120,0.712890625,8400,33270,263,716,45,4962,60,2123,23,60
"330","2020-05-11",225,4,212,653,5120,0.712890625,8400,33270,263,716,54,5016,49,2172,25,49
"331","2020-05-12",199,4,208,629,5120,0.712890625,8400,33270,263,716,43,5059,37,2209,26,37
"332","2020-05-13",197,4,203,582,5120,0.712890625,8400,33270,263,716,45,5104,12,2221,15,12
"333","2020-05-14",205,4,191,560,5120,0.712890625,8400,33270,263,716,38,5142,24,2245,17,24
"334","2020-05-15",192,4,203,529,5120,0.712890625,8400,33270,263,716,36,5178,28,2273,16,28
"335","2020-05-16",193,4,191,521,5120,0.712890625,8400,33270,263,716,39,5217,26,2299,20,26
"336","2020-05-17",177,4,200,514,5120,0.712890625,8400,33270,263,716,26,5243,24,2323,15,24
"337","2020-05-18",162,4,208,504,5120,0.712890625,8400,33270,263,716,37,5280,19,2342,13,19
"338","2020-05-19",176,4,194,473,5120,0.712890625,8400,33270,263,716,29,5309,14,2356,12,14
"339","2020-05-20",173,4,188,448,5120,0.712890625,8400,33270,263,716,28,5337,67,2423,11,67
"340","2020-05-21",161,4,177,442,5120,0.712890625,8400,33270,263,716,31,5368,21,2444,11,21
"341","2020-05-22",157,4,153,423,5120,0.712890625,8400,33270,263,716,21,5389,25,2469,9,25
"342","2020-05-23",145,4,138,405,5120,0.712890625,8400,33270,263,716,25,5414,15,2484,12,15
"343","2020-05-24",143,4,124,402,5120,0.712890625,8400,33270,263,716,28,5442,11,2495,18,11
"344","2020-05-25",143,4,163,363,5120,0.712890625,8400,33270,263,716,23,5465,12,2507,14,12
"345","2020-05-26",128,4,181,355,5120,0.712890625,8400,33270,263,716,28,5493,16,2523,12,16
"346","2020-05-27",121,4,153,327,5120,0.712890625,8400,33270,263,716,18,5511,15,2538,6,15
"347","2020-05-28",115,4,138,317,5120,0.712890625,8400,33270,263,716,28,5539,18,2556,11,18
"348","2020-05-29",113,4,129,302,5120,0.712890625,8400,33270,263,716,23,5562,57,2613,13,57
"349","2020-05-30",104,4,124,292,5120,0.712890625,8400,33270,263,716,24,5586,40,2653,9,40
"350","2020-05-31",82,4,134,270,5120,0.712890625,8400,33270,263,716,11,5597,17,2670,8,17
"351","2020-06-01",78,4,127,265,5120,0.712890625,8400,33270,263,716,16,5613,60,2730,5,60
"352","2020-06-02",73,4,139,252,5120,0.712890625,8400,33270,263,716,18,5631,52,2782,8,52
"353","2020-06-03",74,4,161,240,5120,0.712890625,8400,33270,263,716,18,5649,34,2816,9,34
"354","2020-06-04",77,4,176,235,5120,0.712890625,8400,33270,263,716,19,5668,49,2865,7,49
"355","2020-06-05",75,4,163,222,5120,0.712890625,8400,33270,263,716,22,5690,28,2893,13,28
"356","2020-06-06",76,4,172,202,5120,0.712890625,8400,33270,263,716,12,5702,16,2909,7,16
"357","2020-06-07",80,4,183,186,5120,0.712890625,8400,33270,263,716,12,5714,18,2927,8,18
"358","2020-03-07",1,5,0,0,5812,0.660874053682037,8205,34742,348,460,NA,NA,NA,NA,NA,NA
"359","2020-03-08",1,5,0,0,5812,0.660874053682037,8205,34742,348,460,NA,NA,NA,NA,NA,NA
"360","2020-03-09",0,5,0,0,5812,0.660874053682037,8205,34742,348,460,NA,NA,NA,NA,NA,NA
"361","2020-03-10",0,5,0,0,5812,0.660874053682037,8205,34742,348,460,NA,NA,NA,NA,NA,NA
"362","2020-03-11",0,5,0,0,5812,0.660874053682037,8205,34742,348,460,10,10,10,10,NA,10
"363","2020-03-12",1,5,47,53,5812,0.660874053682037,8205,34742,348,460,14,24,6,16,1,6
"364","2020-03-13",7,5,45,83,5812,0.660874053682037,8205,34742,348,460,14,38,8,24,2,8
"365","2020-03-14",16,5,55,116,5812,0.660874053682037,8205,34742,348,460,13,51,13,37,6,13
"366","2020-03-15",24,5,58,150,5812,0.660874053682037,8205,34742,348,460,19,70,10,47,8,10
"367","2020-03-16",24,5,68,202,5812,0.660874053682037,8205,34742,348,460,25,95,11,58,16,11
"368","2020-03-17",25,5,67,250,5812,0.660874053682037,8205,34742,348,460,31,126,11,69,19,11
"369","2020-03-18",39,5,69,292,5812,0.660874053682037,8205,34742,348,460,34,160,11,80,15,11
"370","2020-03-19",54,5,71,347,5812,0.660874053682037,8205,34742,348,460,39,199,10,90,26,10
"371","2020-03-20",70,5,58,385,5812,0.660874053682037,8205,34742,348,460,44,243,10,100,30,10
"372","2020-03-21",99,5,54,443,5812,0.660874053682037,8205,34742,348,460,39,282,11,111,29,11
"373","2020-03-22",120,5,50,512,5812,0.660874053682037,8205,34742,348,460,48,330,30,141,34,30
"374","2020-03-23",131,5,60,564,5812,0.660874053682037,8205,34742,348,460,58,388,26,167,46,26
"375","2020-03-24",141,5,77,598,5812,0.660874053682037,8205,34742,348,460,82,470,40,207,71,40
"376","2020-03-25",147,5,92,643,5812,0.660874053682037,8205,34742,348,460,54,524,50,257,37,50
"377","2020-03-26",153,5,97,700,5812,0.660874053682037,8205,34742,348,460,64,588,28,285,52,28
"378","2020-03-27",213,5,87,780,5812,0.660874053682037,8205,34742,348,460,109,697,53,338,88,53
"379","2020-03-28",237,5,78,840,5812,0.660874053682037,8205,34742,348,460,88,785,42,380,79,42
"380","2020-03-29",240,5,74,902,5812,0.660874053682037,8205,34742,348,460,112,897,23,403,100,23
"381","2020-03-30",253,5,75,952,5812,0.660874053682037,8205,34742,348,460,111,1008,34,437,101,34
"382","2020-03-31",266,5,83,1025,5812,0.660874053682037,8205,34742,348,460,128,1136,37,474,109,37
"383","2020-04-01",273,5,90,1074,5812,0.660874053682037,8205,34742,348,460,127,1263,31,505,115,31
"384","2020-04-02",297,5,123,1145,5812,0.660874053682037,8205,34742,348,460,152,1415,21,526,137,21
"385","2020-04-03",369,5,112,1174,5812,0.660874053682037,8205,34742,348,460,146,1561,41,567,134,41
"386","2020-04-04",360,5,101,1216,5812,0.660874053682037,8205,34742,348,460,155,1716,30,597,141,30
"387","2020-04-05",378,5,103,1227,5812,0.660874053682037,8205,34742,348,460,130,1846,31,628,120,31
"388","2020-04-06",363,5,115,1239,5812,0.660874053682037,8205,34742,348,460,145,1991,23,651,126,23
"389","2020-04-07",347,5,143,1264,5812,0.660874053682037,8205,34742,348,460,169,2160,28,679,149,28
"390","2020-04-08",376,5,125,1291,5812,0.660874053682037,8205,34742,348,460,181,2341,20,699,163,20
"391","2020-04-09",373,5,118,1291,5812,0.660874053682037,8205,34742,348,460,147,2488,59,758,132,59
"392","2020-04-10",407,5,118,1309,5812,0.660874053682037,8205,34742,348,460,179,2667,47,805,168,47
"393","2020-04-11",437,5,105,1292,5812,0.660874053682037,8205,34742,348,460,159,2826,45,850,145,45
"394","2020-04-12",391,5,127,1278,5812,0.660874053682037,8205,34742,348,460,164,2990,45,895,157,45
"395","2020-04-13",405,5,124,1271,5812,0.660874053682037,8205,34742,348,460,167,3157,40,935,152,40
"396","2020-04-14",413,5,116,1274,5812,0.660874053682037,8205,34742,348,460,149,3306,29,964,138,29
"397","2020-04-15",411,5,123,1276,5812,0.660874053682037,8205,34742,348,460,140,3446,36,1000,129,36
"398","2020-04-16",415,5,115,1241,5812,0.660874053682037,8205,34742,348,460,129,3575,40,1040,110,40
"399","2020-04-17",463,5,128,1222,5812,0.660874053682037,8205,34742,348,460,135,3710,44,1084,127,44
"400","2020-04-18",462,5,127,1217,5812,0.660874053682037,8205,34742,348,460,173,3883,29,1113,168,29
"401","2020-04-19",426,5,127,1200,5812,0.660874053682037,8205,34742,348,460,133,4016,24,1137,122,24
"402","2020-04-20",421,5,127,1181,5812,0.660874053682037,8205,34742,348,460,125,4141,17,1154,109,17
"403","2020-04-21",416,5,137,1126,5812,0.660874053682037,8205,34742,348,460,159,4300,21,1175,150,21
"404","2020-04-22",392,5,139,1119,5812,0.660874053682037,8205,34742,348,460,115,4415,22,1197,106,22
"405","2020-04-23",380,5,133,1084,5812,0.660874053682037,8205,34742,348,460,101,4516,25,1222,92,25
"406","2020-04-24",388,5,131,1064,5812,0.660874053682037,8205,34742,348,460,118,4634,25,1247,111,25
"407","2020-04-25",379,5,135,1029,5812,0.660874053682037,8205,34742,348,460,101,4735,31,1278,92,31
"408","2020-04-26",360,5,125,1005,5812,0.660874053682037,8205,34742,348,460,88,4823,40,1318,73,40
"409","2020-04-27",336,5,130,951,5812,0.660874053682037,8205,34742,348,460,88,4911,31,1349,81,31
"410","2020-04-28",324,5,144,924,5812,0.660874053682037,8205,34742,348,460,83,4994,27,1376,68,27
"411","2020-04-29",336,5,133,931,5812,0.660874053682037,8205,34742,348,460,72,5066,24,1400,66,24
"412","2020-04-30",336,5,131,903,5812,0.660874053682037,8205,34742,348,460,69,5135,48,1448,63,48
"413","2020-05-01",301,5,144,883,5812,0.660874053682037,8205,34742,348,460,60,5195,39,1487,53,39
"414","2020-05-02",305,5,136,859,5812,0.660874053682037,8205,34742,348,460,65,5260,53,1540,59,53
"415","2020-05-03",284,5,141,834,5812,0.660874053682037,8205,34742,348,460,57,5317,34,1574,51,34
"416","2020-05-04",289,5,156,792,5812,0.660874053682037,8205,34742,348,460,43,5360,19,1593,37,19
"417","2020-05-05",278,5,183,740,5812,0.660874053682037,8205,34742,348,460,50,5410,24,1617,46,24
"418","2020-05-06",266,5,183,718,5812,0.660874053682037,8205,34742,348,460,48,5458,35,1652,40,35
"419","2020-05-07",258,5,183,672,5812,0.660874053682037,8205,34742,348,460,33,5491,40,1692,29,40
"420","2020-05-08",255,5,187,646,5812,0.660874053682037,8205,34742,348,460,36,5527,34,1726,33,34
"421","2020-05-09",256,5,192,606,5812,0.660874053682037,8205,34742,348,460,34,5561,26,1752,28,26
"422","2020-05-10",225,5,195,587,5812,0.660874053682037,8205,34742,348,460,39,5600,37,1789,31,37
"423","2020-05-11",200,5,178,563,5812,0.660874053682037,8205,34742,348,460,41,5641,42,1831,34,42
"424","2020-05-12",196,5,159,534,5812,0.660874053682037,8205,34742,348,460,31,5672,44,1875,27,44
"425","2020-05-13",182,5,166,497,5812,0.660874053682037,8205,34742,348,460,19,5691,49,1924,16,49
"426","2020-05-14",170,5,160,482,5812,0.660874053682037,8205,34742,348,460,24,5715,39,1963,19,39
"427","2020-05-15",176,5,154,456,5812,0.660874053682037,8205,34742,348,460,22,5737,33,1996,15,33
"428","2020-05-16",171,5,135,431,5812,0.660874053682037,8205,34742,348,460,26,5763,43,2039,21,43
"429","2020-05-17",159,5,128,412,5812,0.660874053682037,8205,34742,348,460,10,5773,34,2073,6,34
"430","2020-05-18",151,5,130,394,5812,0.660874053682037,8205,34742,348,460,20,5793,27,2100,17,27
"431","2020-05-19",142,5,123,370,5812,0.660874053682037,8205,34742,348,460,18,5811,34,2134,14,34
"432","2020-05-20",136,5,136,361,5812,0.660874053682037,8205,34742,348,460,17,5828,23,2157,13,23
"433","2020-05-21",141,5,153,351,5812,0.660874053682037,8205,34742,348,460,10,5838,41,2198,4,41
"434","2020-05-22",127,5,140,325,5812,0.660874053682037,8205,34742,348,460,12,5850,30,2228,8,30
"435","2020-05-23",116,5,126,310,5812,0.660874053682037,8205,34742,348,460,11,5861,20,2248,5,20
"436","2020-05-24",105,5,114,290,5812,0.660874053682037,8205,34742,348,460,13,5874,12,2260,7,12
"437","2020-05-25",107,5,111,286,5812,0.660874053682037,8205,34742,348,460,9,5883,31,2291,5,31
"438","2020-05-26",103,5,107,269,5812,0.660874053682037,8205,34742,348,460,7,5890,23,2314,5,23
"439","2020-05-27",105,5,98,253,5812,0.660874053682037,8205,34742,348,460,14,5904,27,2341,10,27
"440","2020-05-28",96,5,100,236,5812,0.660874053682037,8205,34742,348,460,10,5914,27,2368,7,27
"441","2020-05-29",96,5,100,222,5812,0.660874053682037,8205,34742,348,460,10,5924,28,2396,8,28
"442","2020-05-30",95,5,88,209,5812,0.660874053682037,8205,34742,348,460,5,5929,32,2428,2,32
"443","2020-05-31",99,5,85,203,5812,0.660874053682037,8205,34742,348,460,3,5932,33,2461,3,33
"444","2020-06-01",96,5,81,190,5812,0.660874053682037,8205,34742,348,460,7,5939,25,2486,4,25
"445","2020-06-02",89,5,86,175,5812,0.660874053682037,8205,34742,348,460,3,5942,36,2522,2,36
"446","2020-06-03",84,5,89,161,5812,0.660874053682037,8205,34742,348,460,7,5949,24,2546,3,24
"447","2020-06-04",78,5,79,142,5812,0.660874053682037,8205,34742,348,460,5,5954,34,2580,3,34
"448","2020-06-05",74,5,81,132,5812,0.660874053682037,8205,34742,348,460,1,5955,34,2614,1,34
"449","2020-06-06",64,5,95,125,5812,0.660874053682037,8205,34742,348,460,6,5961,28,2642,3,28
"450","2020-06-07",52,5,89,111,5812,0.660874053682037,8205,34742,348,460,5,5966,32,2674,4,32
"451","2020-03-13",2,6,80,90,5527,0.721910620589832,8190,33914,304,1252,25,83,27,99,7,27
"452","2020-03-14",4,6,107,125,5527,0.721910620589832,8190,33914,304,1252,43,126,46,145,16,46
"453","2020-03-15",10,6,111,160,5527,0.721910620589832,8190,33914,304,1252,39,165,22,167,17,22
"454","2020-03-16",16,6,102,203,5527,0.721910620589832,8190,33914,304,1252,38,203,35,202,20,35
"455","2020-03-17",21,6,131,239,5527,0.721910620589832,8190,33914,304,1252,43,246,43,245,28,43
"456","2020-03-18",31,6,173,285,5527,0.721910620589832,8190,33914,304,1252,53,299,33,278,33,33
"457","2020-03-19",42,6,183,342,5527,0.721910620589832,8190,33914,304,1252,64,363,29,307,38,29
"458","2020-03-20",60,6,225,398,5527,0.721910620589832,8190,33914,304,1252,63,426,27,334,40,27
"459","2020-03-21",90,6,254,465,5527,0.721910620589832,8190,33914,304,1252,75,501,35,369,58,35
"460","2020-03-22",134,6,240,527,5527,0.721910620589832,8190,33914,304,1252,87,588,28,397,59,28
"461","2020-03-23",143,6,229,602,5527,0.721910620589832,8190,33914,304,1252,84,672,23,420,53,23
"462","2020-03-24",138,6,197,659,5527,0.721910620589832,8190,33914,304,1252,76,748,10,430,51,10
"463","2020-03-25",142,6,178,712,5527,0.721910620589832,8190,33914,304,1252,95,843,12,442,74,12
"464","2020-03-26",159,6,155,759,5527,0.721910620589832,8190,33914,304,1252,86,929,7,449,68,7
"465","2020-03-27",214,6,157,822,5527,0.721910620589832,8190,33914,304,1252,94,1023,6,455,71,6
"466","2020-03-28",215,6,165,874,5527,0.721910620589832,8190,33914,304,1252,109,1132,14,469,88,14
"467","2020-03-29",249,6,156,919,5527,0.721910620589832,8190,33914,304,1252,113,1245,42,511,86,42
"468","2020-03-30",259,6,143,952,5527,0.721910620589832,8190,33914,304,1252,95,1340,56,567,76,56
"469","2020-03-31",263,6,133,1005,5527,0.721910620589832,8190,33914,304,1252,110,1450,26,593,86,26
"470","2020-04-01",293,6,139,1031,5527,0.721910620589832,8190,33914,304,1252,112,1562,40,633,71,40
"471","2020-04-02",306,6,128,1073,5527,0.721910620589832,8190,33914,304,1252,110,1672,28,661,81,28
"472","2020-04-03",343,6,161,1103,5527,0.721910620589832,8190,33914,304,1252,106,1778,24,685,83,24
"473","2020-04-04",367,6,188,1107,5527,0.721910620589832,8190,33914,304,1252,138,1916,24,709,102,24
"474","2020-04-05",349,6,181,1114,5527,0.721910620589832,8190,33914,304,1252,111,2027,51,760,79,51
"475","2020-04-06",351,6,173,1120,5527,0.721910620589832,8190,33914,304,1252,108,2135,62,822,83,62
"476","2020-04-07",352,6,162,1102,5527,0.721910620589832,8190,33914,304,1252,141,2276,30,852,119,30
"477","2020-04-08",345,6,202,1083,5527,0.721910620589832,8190,33914,304,1252,113,2389,23,875,88,23
"478","2020-04-09",350,6,214,1098,5527,0.721910620589832,8190,33914,304,1252,102,2491,43,918,76,43
"479","2020-04-10",349,6,186,1089,5527,0.721910620589832,8190,33914,304,1252,93,2584,23,941,75,23
"480","2020-04-11",369,6,175,1062,5527,0.721910620589832,8190,33914,304,1252,128,2712,14,955,99,14
"481","2020-04-12",358,6,167,1057,5527,0.721910620589832,8190,33914,304,1252,119,2831,18,973,85,18
"482","2020-04-13",366,6,147,1056,5527,0.721910620589832,8190,33914,304,1252,108,2939,18,991,81,18
"483","2020-04-14",359,6,129,1051,5527,0.721910620589832,8190,33914,304,1252,131,3070,11,1002,108,11
"484","2020-04-15",365,6,158,1035,5527,0.721910620589832,8190,33914,304,1252,81,3151,66,1068,65,66
"485","2020-04-16",361,6,146,1038,5527,0.721910620589832,8190,33914,304,1252,99,3250,40,1108,77,40
"486","2020-04-17",377,6,133,1036,5527,0.721910620589832,8190,33914,304,1252,139,3389,26,1134,115,26
"487","2020-04-18",381,6,127,1017,5527,0.721910620589832,8190,33914,304,1252,94,3483,31,1165,66,31
"488","2020-04-19",354,6,116,981,5527,0.721910620589832,8190,33914,304,1252,103,3586,40,1205,80,40
"489","2020-04-20",345,6,158,950,5527,0.721910620589832,8190,33914,304,1252,102,3688,27,1232,79,27
"490","2020-04-21",334,6,171,949,5527,0.721910620589832,8190,33914,304,1252,83,3771,21,1253,65,21
"491","2020-04-22",336,6,202,917,5527,0.721910620589832,8190,33914,304,1252,97,3868,25,1278,72,25
"492","2020-04-23",330,6,207,917,5527,0.721910620589832,8190,33914,304,1252,81,3949,14,1292,54,14
"493","2020-04-24",369,6,189,891,5527,0.721910620589832,8190,33914,304,1252,71,4020,23,1315,50,23
"494","2020-04-25",344,6,162,877,5527,0.721910620589832,8190,33914,304,1252,73,4093,37,1352,58,37
"495","2020-04-26",310,6,204,854,5527,0.721910620589832,8190,33914,304,1252,79,4172,50,1402,59,50
"496","2020-04-27",299,6,198,848,5527,0.721910620589832,8190,33914,304,1252,58,4230,22,1424,41,22
"497","2020-04-28",304,6,191,847,5527,0.721910620589832,8190,33914,304,1252,71,4301,32,1456,46,32
"498","2020-04-29",288,6,181,796,5527,0.721910620589832,8190,33914,304,1252,62,4363,47,1503,39,47
"499","2020-04-30",274,6,163,769,5527,0.721910620589832,8190,33914,304,1252,62,4425,33,1536,39,33
"500","2020-05-01",273,6,148,750,5527,0.721910620589832,8190,33914,304,1252,85,4510,17,1553,59,17
"501","2020-05-02",279,6,140,733,5527,0.721910620589832,8190,33914,304,1252,49,4559,12,1565,40,12
"502","2020-05-03",268,6,127,708,5527,0.721910620589832,8190,33914,304,1252,50,4609,17,1582,37,17
"503","2020-05-04",249,6,122,686,5527,0.721910620589832,8190,33914,304,1252,44,4653,14,1596,27,14
"504","2020-05-05",233,6,124,657,5527,0.721910620589832,8190,33914,304,1252,56,4709,8,1604,37,8
"505","2020-05-06",218,6,169,628,5527,0.721910620589832,8190,33914,304,1252,38,4747,15,1619,24,15
"506","2020-05-07",220,6,167,617,5527,0.721910620589832,8190,33914,304,1252,44,4791,9,1628,26,9
"507","2020-05-08",217,6,155,597,5527,0.721910620589832,8190,33914,304,1252,46,4837,16,1644,20,16
"508","2020-05-09",213,6,167,572,5527,0.721910620589832,8190,33914,304,1252,49,4886,56,1700,33,56
"509","2020-05-10",191,6,203,569,5527,0.721910620589832,8190,33914,304,1252,31,4917,51,1751,20,51
"510","2020-05-11",180,6,232,540,5527,0.721910620589832,8190,33914,304,1252,32,4949,31,1782,22,31
"511","2020-05-12",182,6,232,519,5527,0.721910620589832,8190,33914,304,1252,33,4982,66,1848,24,66
"512","2020-05-13",192,6,216,511,5527,0.721910620589832,8190,33914,304,1252,34,5016,28,1876,22,28
"513","2020-05-14",183,6,232,506,5527,0.721910620589832,8190,33914,304,1252,31,5047,21,1897,21,21
"514","2020-05-15",166,6,237,500,5527,0.721910620589832,8190,33914,304,1252,26,5073,27,1924,20,27
"515","2020-05-16",184,6,234,485,5527,0.721910620589832,8190,33914,304,1252,32,5105,12,1936,22,12
"516","2020-05-17",181,6,208,479,5527,0.721910620589832,8190,33914,304,1252,16,5121,31,1967,9,31
"517","2020-05-18",176,6,210,464,5527,0.721910620589832,8190,33914,304,1252,22,5143,8,1975,14,8
"518","2020-05-19",160,6,228,445,5527,0.721910620589832,8190,33914,304,1252,15,5158,15,1990,8,15
"519","2020-05-20",154,6,199,435,5527,0.721910620589832,8190,33914,304,1252,22,5180,46,2036,13,46
"520","2020-05-21",155,6,180,428,5527,0.721910620589832,8190,33914,304,1252,28,5208,43,2079,11,43
"521","2020-05-22",164,6,175,422,5527,0.721910620589832,8190,33914,304,1252,24,5232,34,2113,14,34
"522","2020-05-23",152,6,200,410,5527,0.721910620589832,8190,33914,304,1252,19,5251,24,2137,9,24
"523","2020-05-24",130,6,221,392,5527,0.721910620589832,8190,33914,304,1252,22,5273,22,2159,10,22
"524","2020-05-25",120,6,233,383,5527,0.721910620589832,8190,33914,304,1252,22,5295,12,2171,13,12
"525","2020-05-26",128,6,214,367,5527,0.721910620589832,8190,33914,304,1252,20,5315,9,2180,8,9
"526","2020-05-27",120,6,201,354,5527,0.721910620589832,8190,33914,304,1252,13,5328,9,2189,8,9
"527","2020-05-28",120,6,177,330,5527,0.721910620589832,8190,33914,304,1252,13,5341,12,2201,6,12
"528","2020-05-29",113,6,188,313,5527,0.721910620589832,8190,33914,304,1252,14,5355,37,2238,7,37
"529","2020-05-30",108,6,177,302,5527,0.721910620589832,8190,33914,304,1252,10,5365,39,2277,5,39
"530","2020-05-31",103,6,190,282,5527,0.721910620589832,8190,33914,304,1252,16,5381,17,2294,7,17
"531","2020-06-01",96,6,188,269,5527,0.721910620589832,8190,33914,304,1252,13,5394,14,2308,7,14
"532","2020-06-02",97,6,193,263,5527,0.721910620589832,8190,33914,304,1252,15,5409,11,2319,7,11
"533","2020-06-03",95,6,188,261,5527,0.721910620589832,8190,33914,304,1252,14,5423,12,2331,7,12
"534","2020-06-04",99,6,171,234,5527,0.721910620589832,8190,33914,304,1252,19,5442,29,2360,6,29
"535","2020-06-05",88,6,152,219,5527,0.721910620589832,8190,33914,304,1252,18,5460,25,2385,10,25
"536","2020-06-06",90,6,140,214,5527,0.721910620589832,8190,33914,304,1252,8,5468,45,2430,3,45
"537","2020-06-07",84,6,128,202,5527,0.721910620589832,8190,33914,304,1252,12,5480,19,2449,8,19
"538","2020-03-13",2,7,26,143,5895,0.374215436810857,8430,35248,354,555,17,40,31,66,4,31
"539","2020-03-14",7,7,25,188,5895,0.374215436810857,8430,35248,354,555,23,63,14,80,9,14
"540","2020-03-15",27,7,25,255,5895,0.374215436810857,8430,35248,354,555,32,95,11,91,13,11
"541","2020-03-16",37,7,40,321,5895,0.374215436810857,8430,35248,354,555,22,117,4,95,14,4
"542","2020-03-17",40,7,49,381,5895,0.374215436810857,8430,35248,354,555,38,155,12,107,21,12
"543","2020-03-18",58,7,60,436,5895,0.374215436810857,8430,35248,354,555,43,198,28,135,26,28
"544","2020-03-19",73,7,55,495,5895,0.374215436810857,8430,35248,354,555,39,237,21,156,26,21
"545","2020-03-20",107,7,49,544,5895,0.374215436810857,8430,35248,354,555,43,280,9,165,35,9
"546","2020-03-21",139,7,77,603,5895,0.374215436810857,8430,35248,354,555,49,329,8,173,39,8
"547","2020-03-22",163,7,82,660,5895,0.374215436810857,8430,35248,354,555,71,400,34,207,57,34
"548","2020-03-23",172,7,75,713,5895,0.374215436810857,8430,35248,354,555,62,462,31,238,52,31
"549","2020-03-24",178,7,71,742,5895,0.374215436810857,8430,35248,354,555,58,520,45,283,45,45
"550","2020-03-25",179,7,93,760,5895,0.374215436810857,8430,35248,354,555,58,578,45,328,49,45
"551","2020-03-26",199,7,90,806,5895,0.374215436810857,8430,35248,354,555,86,664,27,355,69,27
"552","2020-03-27",244,7,103,830,5895,0.374215436810857,8430,35248,354,555,113,777,21,376,102,21
"553","2020-03-28",257,7,118,819,5895,0.374215436810857,8430,35248,354,555,103,880,34,410,90,34
"554","2020-03-29",271,7,121,867,5895,0.374215436810857,8430,35248,354,555,101,981,21,431,90,21
"555","2020-03-30",271,7,121,899,5895,0.374215436810857,8430,35248,354,555,94,1075,11,442,81,11
"556","2020-03-31",270,7,104,919,5895,0.374215436810857,8430,35248,354,555,98,1173,9,451,87,9
"557","2020-04-01",286,7,90,937,5895,0.374215436810857,8430,35248,354,555,131,1304,16,467,111,16
"558","2020-04-02",286,7,109,982,5895,0.374215436810857,8430,35248,354,555,148,1452,13,480,133,13
"559","2020-04-03",327,7,108,982,5895,0.374215436810857,8430,35248,354,555,139,1591,42,522,123,42
"560","2020-04-04",333,7,120,980,5895,0.374215436810857,8430,35248,354,555,152,1743,30,552,135,30
"561","2020-04-05",295,7,109,984,5895,0.374215436810857,8430,35248,354,555,139,1882,9,561,129,9
"562","2020-04-06",290,7,106,983,5895,0.374215436810857,8430,35248,354,555,144,2026,50,611,125,50
"563","2020-04-07",294,7,110,986,5895,0.374215436810857,8430,35248,354,555,136,2162,60,671,126,60
"564","2020-04-08",309,7,100,973,5895,0.374215436810857,8430,35248,354,555,191,2353,30,701,180,30
"565","2020-04-09",310,7,101,989,5895,0.374215436810857,8430,35248,354,555,141,2494,17,718,124,17
"566","2020-04-10",333,7,96,984,5895,0.374215436810857,8430,35248,354,555,147,2641,60,778,131,60
"567","2020-04-11",324,7,103,980,5895,0.374215436810857,8430,35248,354,555,126,2767,38,816,119,38
"568","2020-04-12",340,7,94,972,5895,0.374215436810857,8430,35248,354,555,153,2920,18,834,141,18
"569","2020-04-13",339,7,92,956,5895,0.374215436810857,8430,35248,354,555,137,3057,15,849,128,15
"570","2020-04-14",330,7,97,966,5895,0.374215436810857,8430,35248,354,555,140,3197,41,890,124,41
"571","2020-04-15",309,7,98,958,5895,0.374215436810857,8430,35248,354,555,128,3325,51,941,111,51
"572","2020-04-16",301,7,110,967,5895,0.374215436810857,8430,35248,354,555,139,3464,34,975,125,34
"573","2020-04-17",316,7,112,965,5895,0.374215436810857,8430,35248,354,555,127,3591,53,1028,117,53
"574","2020-04-18",346,7,145,952,5895,0.374215436810857,8430,35248,354,555,120,3711,53,1081,108,53
"575","2020-04-19",303,7,162,952,5895,0.374215436810857,8430,35248,354,555,99,3810,51,1132,88,51
"576","2020-04-20",306,7,157,955,5895,0.374215436810857,8430,35248,354,555,126,3936,58,1190,112,58
"577","2020-04-21",300,7,169,943,5895,0.374215436810857,8430,35248,354,555,116,4052,47,1237,106,47
"578","2020-04-22",304,7,175,940,5895,0.374215436810857,8430,35248,354,555,90,4142,40,1277,85,40
"579","2020-04-23",311,7,162,934,5895,0.374215436810857,8430,35248,354,555,83,4225,46,1323,77,46
"580","2020-04-24",338,7,151,926,5895,0.374215436810857,8430,35248,354,555,92,4317,26,1349,86,26
"581","2020-04-25",308,7,135,919,5895,0.374215436810857,8430,35248,354,555,68,4385,15,1364,59,15
"582","2020-04-26",298,7,127,917,5895,0.374215436810857,8430,35248,354,555,89,4474,27,1391,81,27
"583","2020-04-27",287,7,134,881,5895,0.374215436810857,8430,35248,354,555,71,4545,33,1424,65,33
"584","2020-04-28",278,7,138,879,5895,0.374215436810857,8430,35248,354,555,86,4631,26,1450,75,26
"585","2020-04-29",282,7,149,876,5895,0.374215436810857,8430,35248,354,555,61,4692,47,1497,54,47
"586","2020-04-30",275,7,161,874,5895,0.374215436810857,8430,35248,354,555,77,4769,51,1548,70,51
"587","2020-05-01",299,7,142,867,5895,0.374215436810857,8430,35248,354,555,58,4827,31,1579,53,31
"588","2020-05-02",323,7,137,835,5895,0.374215436810857,8430,35248,354,555,46,4873,19,1598,36,19
"589","2020-05-03",283,7,144,820,5895,0.374215436810857,8430,35248,354,555,44,4917,42,1640,39,42
"590","2020-05-04",287,7,166,815,5895,0.374215436810857,8430,35248,354,555,53,4970,16,1656,44,16
"591","2020-05-05",281,7,153,805,5895,0.374215436810857,8430,35248,354,555,52,5022,41,1697,41,41
"592","2020-05-06",268,7,151,798,5895,0.374215436810857,8430,35248,354,555,34,5056,53,1750,27,53
"593","2020-05-07",279,7,170,769,5895,0.374215436810857,8430,35248,354,555,47,5103,20,1770,40,20
"594","2020-05-08",269,7,158,748,5895,0.374215436810857,8430,35248,354,555,46,5149,15,1785,41,15
"595","2020-05-09",253,7,150,715,5895,0.374215436810857,8430,35248,354,555,41,5190,29,1814,35,29
"596","2020-05-10",243,7,142,690,5895,0.374215436810857,8430,35248,354,555,32,5222,45,1859,27,45
"597","2020-05-11",232,7,150,670,5895,0.374215436810857,8430,35248,354,555,28,5250,53,1912,22,53
"598","2020-05-12",228,7,167,640,5895,0.374215436810857,8430,35248,354,555,32,5282,33,1945,23,33
"599","2020-05-13",232,7,164,610,5895,0.374215436810857,8430,35248,354,555,22,5304,36,1981,17,36
"600","2020-05-14",215,7,156,599,5895,0.374215436810857,8430,35248,354,555,27,5331,19,2000,23,19
"601","2020-05-15",194,7,171,584,5895,0.374215436810857,8430,35248,354,555,22,5353,10,2010,18,10
"602","2020-05-16",198,7,160,560,5895,0.374215436810857,8430,35248,354,555,24,5377,8,2018,16,8
"603","2020-05-17",200,7,151,544,5895,0.374215436810857,8430,35248,354,555,31,5408,7,2025,23,7
"604","2020-05-18",194,7,137,546,5895,0.374215436810857,8430,35248,354,555,23,5431,42,2067,15,42
"605","2020-05-19",192,7,135,513,5895,0.374215436810857,8430,35248,354,555,20,5451,37,2104,15,37
"606","2020-05-20",174,7,145,485,5895,0.374215436810857,8430,35248,354,555,15,5466,27,2131,10,27
"607","2020-05-21",167,7,117,456,5895,0.374215436810857,8430,35248,354,555,19,5485,19,2150,11,19
"608","2020-05-22",166,7,111,434,5895,0.374215436810857,8430,35248,354,555,10,5495,17,2167,9,17
"609","2020-05-23",158,7,120,414,5895,0.374215436810857,8430,35248,354,555,12,5507,13,2180,7,13
"610","2020-05-24",143,7,109,375,5895,0.374215436810857,8430,35248,354,555,14,5521,8,2188,9,8
"611","2020-05-25",132,7,100,344,5895,0.374215436810857,8430,35248,354,555,16,5537,12,2200,11,12
"612","2020-05-26",120,7,107,333,5895,0.374215436810857,8430,35248,354,555,12,5549,39,2239,4,39
"613","2020-05-27",124,7,103,314,5895,0.374215436810857,8430,35248,354,555,13,5562,30,2269,10,30
"614","2020-05-28",128,7,101,301,5895,0.374215436810857,8430,35248,354,555,10,5572,47,2316,5,47
"615","2020-05-29",125,7,91,302,5895,0.374215436810857,8430,35248,354,555,15,5587,33,2349,14,33
"616","2020-05-30",119,7,87,282,5895,0.374215436810857,8430,35248,354,555,10,5597,26,2375,5,26
"617","2020-05-31",102,7,85,273,5895,0.374215436810857,8430,35248,354,555,8,5605,39,2414,4,39
"618","2020-06-01",100,7,102,258,5895,0.374215436810857,8430,35248,354,555,4,5609,28,2442,2,28
"619","2020-06-02",106,7,92,247,5895,0.374215436810857,8430,35248,354,555,10,5619,30,2472,7,30
"620","2020-06-03",102,7,98,234,5895,0.374215436810857,8430,35248,354,555,10,5629,31,2503,8,31
"621","2020-06-04",90,7,96,218,5895,0.374215436810857,8430,35248,354,555,7,5636,23,2526,5,23
"622","2020-06-05",88,7,92,207,5895,0.374215436810857,8430,35248,354,555,4,5640,13,2539,4,13
"623","2020-06-06",81,7,103,211,5895,0.374215436810857,8430,35248,354,555,5,5645,12,2551,1,12
"624","2020-06-07",77,7,88,198,5895,0.374215436810857,8430,35248,354,555,10,5655,9,2560,8,9
"625","2020-03-12",1,8,108,67,6039,0.603245570458685,8295,35010,367,1216,31,61,5,12,1,5
"626","2020-03-13",3,8,116,113,6039,0.603245570458685,8295,35010,367,1216,31,92,6,18,4,6
"627","2020-03-14",8,8,151,160,6039,0.603245570458685,8295,35010,367,1216,27,119,2,20,7,2
"628","2020-03-15",23,8,168,205,6039,0.603245570458685,8295,35010,367,1216,37,156,2,22,15,2
"629","2020-03-16",25,8,167,252,6039,0.603245570458685,8295,35010,367,1216,30,186,7,29,13,7
"630","2020-03-17",33,8,155,291,6039,0.603245570458685,8295,35010,367,1216,22,208,20,49,7,20
"631","2020-03-18",48,8,151,349,6039,0.603245570458685,8295,35010,367,1216,40,248,5,54,24,5
"632","2020-03-19",58,8,170,420,6039,0.603245570458685,8295,35010,367,1216,51,299,12,66,24,12
"633","2020-03-20",81,8,179,475,6039,0.603245570458685,8295,35010,367,1216,44,343,10,76,27,10
"634","2020-03-21",108,8,178,533,6039,0.603245570458685,8295,35010,367,1216,42,385,11,87,17,11
"635","2020-03-22",122,8,186,606,6039,0.603245570458685,8295,35010,367,1216,57,442,20,107,26,20
"636","2020-03-23",139,8,190,689,6039,0.603245570458685,8295,35010,367,1216,49,491,17,124,24,17
"637","2020-03-24",139,8,219,724,6039,0.603245570458685,8295,35010,367,1216,52,543,11,135,25,11
"638","2020-03-25",145,8,235,784,6039,0.603245570458685,8295,35010,367,1216,55,598,11,146,29,11
"639","2020-03-26",163,8,224,835,6039,0.603245570458685,8295,35010,367,1216,58,656,25,171,30,25
"640","2020-03-27",215,8,226,891,6039,0.603245570458685,8295,35010,367,1216,72,728,22,193,46,22
"641","2020-03-28",236,8,234,968,6039,0.603245570458685,8295,35010,367,1216,78,806,17,210,39,17
"642","2020-03-29",284,8,233,1023,6039,0.603245570458685,8295,35010,367,1216,63,869,10,220,34,10
"643","2020-03-30",294,8,222,1069,6039,0.603245570458685,8295,35010,367,1216,70,939,23,243,43,23
"644","2020-03-31",301,8,237,1135,6039,0.603245570458685,8295,35010,367,1216,59,998,47,290,42,47
"645","2020-04-01",319,8,236,1183,6039,0.603245570458685,8295,35010,367,1216,61,1059,24,314,39,24
"646","2020-04-02",337,8,228,1238,6039,0.603245570458685,8295,35010,367,1216,82,1141,17,331,57,17
"647","2020-04-03",403,8,228,1267,6039,0.603245570458685,8295,35010,367,1216,73,1214,31,362,42,31
"648","2020-04-04",436,8,223,1296,6039,0.603245570458685,8295,35010,367,1216,74,1288,42,404,46,42
"649","2020-04-05",418,8,239,1302,6039,0.603245570458685,8295,35010,367,1216,79,1367,41,445,53,41
"650","2020-04-06",422,8,224,1309,6039,0.603245570458685,8295,35010,367,1216,77,1444,41,486,45,41
"651","2020-04-07",409,8,248,1327,6039,0.603245570458685,8295,35010,367,1216,87,1531,46,532,60,46
"652","2020-04-08",411,8,257,1323,6039,0.603245570458685,8295,35010,367,1216,74,1605,36,568,43,36
"653","2020-04-09",415,8,267,1337,6039,0.603245570458685,8295,35010,367,1216,68,1673,41,609,46,41
"654","2020-04-10",468,8,261,1357,6039,0.603245570458685,8295,35010,367,1216,72,1745,32,641,51,32
"655","2020-04-11",468,8,283,1334,6039,0.603245570458685,8295,35010,367,1216,79,1824,21,662,47,21
"656","2020-04-12",418,8,303,1325,6039,0.603245570458685,8295,35010,367,1216,72,1896,24,686,48,24
"657","2020-04-13",405,8,289,1278,6039,0.603245570458685,8295,35010,367,1216,73,1969,37,723,47,37
"658","2020-04-14",423,8,277,1239,6039,0.603245570458685,8295,35010,367,1216,91,2060,24,747,47,24
"659","2020-04-15",427,8,269,1202,6039,0.603245570458685,8295,35010,367,1216,71,2131,19,766,42,19
"660","2020-04-16",422,8,254,1177,6039,0.603245570458685,8295,35010,367,1216,63,2194,14,780,39,14
"661","2020-04-17",417,8,245,1152,6039,0.603245570458685,8295,35010,367,1216,76,2270,39,819,44,39
"662","2020-04-18",411,8,242,1119,6039,0.603245570458685,8295,35010,367,1216,63,2333,26,845,41,26
"663","2020-04-19",387,8,251,1093,6039,0.603245570458685,8295,35010,367,1216,75,2408,17,862,45,17
"664","2020-04-20",379,8,275,1098,6039,0.603245570458685,8295,35010,367,1216,65,2473,22,884,32,22
"665","2020-04-21",354,8,295,1084,6039,0.603245570458685,8295,35010,367,1216,68,2541,23,907,46,23
"666","2020-04-22",352,8,292,1053,6039,0.603245570458685,8295,35010,367,1216,70,2611,21,928,32,21
"667","2020-04-23",348,8,309,1032,6039,0.603245570458685,8295,35010,367,1216,53,2664,27,955,30,27
"668","2020-04-24",346,8,306,1000,6039,0.603245570458685,8295,35010,367,1216,59,2723,42,997,30,42
"669","2020-04-25",324,8,305,984,6039,0.603245570458685,8295,35010,367,1216,82,2805,54,1051,44,54
"670","2020-04-26",309,8,289,954,6039,0.603245570458685,8295,35010,367,1216,73,2878,28,1079,33,28
"671","2020-04-27",305,8,316,927,6039,0.603245570458685,8295,35010,367,1216,48,2926,12,1091,28,12
"672","2020-04-28",302,8,295,920,6039,0.603245570458685,8295,35010,367,1216,55,2981,24,1115,35,24
"673","2020-04-29",299,8,286,894,6039,0.603245570458685,8295,35010,367,1216,76,3057,39,1154,44,39
"674","2020-04-30",294,8,292,858,6039,0.603245570458685,8295,35010,367,1216,65,3122,29,1183,41,29
"675","2020-05-01",290,8,275,822,6039,0.603245570458685,8295,35010,367,1216,53,3175,39,1222,33,39
"676","2020-05-02",305,8,249,780,6039,0.603245570458685,8295,35010,367,1216,57,3232,26,1248,39,26
"677","2020-05-03",278,8,259,765,6039,0.603245570458685,8295,35010,367,1216,49,3281,38,1286,29,38
"678","2020-05-04",261,8,263,746,6039,0.603245570458685,8295,35010,367,1216,46,3327,33,1319,17,33
"679","2020-05-05",245,8,277,723,6039,0.603245570458685,8295,35010,367,1216,48,3375,28,1347,30,28
"680","2020-05-06",226,8,318,697,6039,0.603245570458685,8295,35010,367,1216,53,3428,43,1390,31,43
"681","2020-05-07",216,8,325,670,6039,0.603245570458685,8295,35010,367,1216,58,3486,33,1423,34,33
"682","2020-05-08",224,8,300,645,6039,0.603245570458685,8295,35010,367,1216,58,3544,38,1461,33,38
"683","2020-05-09",223,8,290,630,6039,0.603245570458685,8295,35010,367,1216,52,3596,24,1485,30,24
"684","2020-05-10",220,8,287,596,6039,0.603245570458685,8295,35010,367,1216,43,3639,41,1526,21,41
"685","2020-05-11",209,8,281,576,6039,0.603245570458685,8295,35010,367,1216,44,3683,39,1565,22,39
"686","2020-05-12",211,8,284,552,6039,0.603245570458685,8295,35010,367,1216,38,3721,31,1596,23,31
"687","2020-05-13",212,8,279,518,6039,0.603245570458685,8295,35010,367,1216,41,3762,29,1625,22,29
"688","2020-05-14",206,8,259,503,6039,0.603245570458685,8295,35010,367,1216,30,3792,35,1660,16,35
"689","2020-05-15",202,8,239,480,6039,0.603245570458685,8295,35010,367,1216,42,3834,32,1692,25,32
"690","2020-05-16",181,8,217,445,6039,0.603245570458685,8295,35010,367,1216,46,3880,16,1708,29,16
"691","2020-05-17",164,8,209,424,6039,0.603245570458685,8295,35010,367,1216,41,3921,44,1752,27,44
"692","2020-05-18",163,8,219,400,6039,0.603245570458685,8295,35010,367,1216,36,3957,17,1769,19,17
"693","2020-05-19",152,8,232,375,6039,0.603245570458685,8295,35010,367,1216,28,3985,17,1786,12,17
"694","2020-05-20",143,8,265,347,6039,0.603245570458685,8295,35010,367,1216,33,4018,34,1820,13,34
"695","2020-05-21",142,8,268,325,6039,0.603245570458685,8295,35010,367,1216,26,4044,43,1863,18,43
"696","2020-05-22",119,8,283,297,6039,0.603245570458685,8295,35010,367,1216,37,4081,36,1899,17,36
"697","2020-05-23",118,8,289,280,6039,0.603245570458685,8295,35010,367,1216,28,4109,17,1916,13,17
"698","2020-05-24",109,8,285,269,6039,0.603245570458685,8295,35010,367,1216,21,4130,22,1938,15,22
"699","2020-05-25",104,8,287,255,6039,0.603245570458685,8295,35010,367,1216,15,4145,20,1958,12,20
"700","2020-05-26",97,8,290,251,6039,0.603245570458685,8295,35010,367,1216,29,4174,18,1976,19,18
"701","2020-05-27",89,8,290,248,6039,0.603245570458685,8295,35010,367,1216,17,4191,34,2010,8,34
"702","2020-05-28",74,8,273,232,6039,0.603245570458685,8295,35010,367,1216,13,4204,35,2045,5,35
"703","2020-05-29",73,8,268,219,6039,0.603245570458685,8295,35010,367,1216,17,4221,36,2081,10,36
"704","2020-05-30",86,8,272,217,6039,0.603245570458685,8295,35010,367,1216,21,4242,38,2119,9,38
"705","2020-05-31",75,8,249,217,6039,0.603245570458685,8295,35010,367,1216,22,4264,27,2146,7,27
"706","2020-06-01",71,8,256,207,6039,0.603245570458685,8295,35010,367,1216,14,4278,23,2169,5,23
"707","2020-06-02",71,8,264,194,6039,0.603245570458685,8295,35010,367,1216,22,4300,35,2204,9,35
"708","2020-06-03",73,8,274,188,6039,0.603245570458685,8295,35010,367,1216,18,4318,19,2223,9,19
"709","2020-06-04",76,8,284,179,6039,0.603245570458685,8295,35010,367,1216,14,4332,38,2261,2,38
"710","2020-06-05",84,8,268,178,6039,0.603245570458685,8295,35010,367,1216,12,4344,13,2274,5,13
"711","2020-06-06",68,8,254,173,6039,0.603245570458685,8295,35010,367,1216,14,4358,23,2297,7,23
"712","2020-06-07",64,8,241,166,6039,0.603245570458685,8295,35010,367,1216,18,4376,27,2324,8,27
"713","2020-03-13",1,9,60,39,6049,0.932881468011241,8190,31844,325,811,12,27,7,31,3,7
"714","2020-03-14",3,9,59,54,6049,0.932881468011241,8190,31844,325,811,13,40,26,57,7,26
"715","2020-03-15",4,9,64,75,6049,0.932881468011241,8190,31844,325,811,14,54,20,77,9,20
"716","2020-03-16",5,9,72,102,6049,0.932881468011241,8190,31844,325,811,19,73,6,83,15,6
"717","2020-03-17",10,9,68,136,6049,0.932881468011241,8190,31844,325,811,19,92,14,97,16,14
"718","2020-03-18",17,9,66,174,6049,0.932881468011241,8190,31844,325,811,33,125,33,130,27,33
"719","2020-03-19",21,9,58,204,6049,0.932881468011241,8190,31844,325,811,30,155,46,176,29,46
"720","2020-03-20",33,9,56,235,6049,0.932881468011241,8190,31844,325,811,49,204,32,208,42,32
"721","2020-03-21",58,9,54,272,6049,0.932881468011241,8190,31844,325,811,39,243,53,261,34,53
"722","2020-03-22",73,9,77,314,6049,0.932881468011241,8190,31844,325,811,42,285,42,303,38,42
"723","2020-03-23",77,9,89,360,6049,0.932881468011241,8190,31844,325,811,53,338,32,335,43,32
"724","2020-03-24",81,9,97,422,6049,0.932881468011241,8190,31844,325,811,50,388,15,350,45,15
"725","2020-03-25",91,9,128,474,6049,0.932881468011241,8190,31844,325,811,59,447,15,365,54,15
"726","2020-03-26",101,9,136,533,6049,0.932881468011241,8190,31844,325,811,50,497,15,380,47,15
"727","2020-03-27",140,9,124,604,6049,0.932881468011241,8190,31844,325,811,82,579,8,388,73,8
"728","2020-03-28",171,9,105,652,6049,0.932881468011241,8190,31844,325,811,80,659,8,396,77,8
"729","2020-03-29",175,9,100,730,6049,0.932881468011241,8190,31844,325,811,107,766,14,410,102,14
"730","2020-03-30",185,9,107,796,6049,0.932881468011241,8190,31844,325,811,86,852,6,416,82,6
"731","2020-03-31",200,9,143,898,6049,0.932881468011241,8190,31844,325,811,104,956,9,425,100,9
"732","2020-04-01",210,9,138,969,6049,0.932881468011241,8190,31844,325,811,113,1069,20,445,108,20
"733","2020-04-02",229,9,146,1058,6049,0.932881468011241,8190,31844,325,811,102,1171,46,491,98,46
"734","2020-04-03",301,9,140,1145,6049,0.932881468011241,8190,31844,325,811,130,1301,29,520,123,29
"735","2020-04-04",294,9,115,1240,6049,0.932881468011241,8190,31844,325,811,115,1416,52,572,112,52
"736","2020-04-05",330,9,125,1277,6049,0.932881468011241,8190,31844,325,811,153,1569,22,594,147,22
"737","2020-04-06",353,9,150,1342,6049,0.932881468011241,8190,31844,325,811,142,1711,22,616,138,22
"738","2020-04-07",375,9,164,1413,6049,0.932881468011241,8190,31844,325,811,143,1854,27,643,139,27
"739","2020-04-08",400,9,193,1465,6049,0.932881468011241,8190,31844,325,811,145,1999,55,698,140,55
"740","2020-04-09",408,9,215,1492,6049,0.932881468011241,8190,31844,325,811,140,2139,23,721,135,23
"741","2020-04-10",468,9,248,1592,6049,0.932881468011241,8190,31844,325,811,144,2283,10,731,141,10
"742","2020-04-11",511,9,245,1588,6049,0.932881468011241,8190,31844,325,811,165,2448,13,744,157,13
"743","2020-04-12",467,9,218,1640,6049,0.932881468011241,8190,31844,325,811,149,2597,49,793,143,49
"744","2020-04-13",454,9,217,1661,6049,0.932881468011241,8190,31844,325,811,167,2764,16,809,161,16
"745","2020-04-14",462,9,232,1707,6049,0.932881468011241,8190,31844,325,811,156,2920,21,830,148,21
"746","2020-04-15",459,9,241,1745,6049,0.932881468011241,8190,31844,325,811,147,3067,41,871,137,41
"747","2020-04-16",487,9,220,1766,6049,0.932881468011241,8190,31844,325,811,151,3218,54,925,146,54
"748","2020-04-17",561,9,207,1777,6049,0.932881468011241,8190,31844,325,811,133,3351,17,942,130,17
"749","2020-04-18",591,9,206,1766,6049,0.932881468011241,8190,31844,325,811,150,3501,15,957,145,15
"750","2020-04-19",575,9,185,1744,6049,0.932881468011241,8190,31844,325,811,157,3658,15,972,155,15
"751","2020-04-20",588,9,174,1723,6049,0.932881468011241,8190,31844,325,811,127,3785,15,987,120,15
"752","2020-04-21",594,9,153,1689,6049,0.932881468011241,8190,31844,325,811,130,3915,16,1003,127,16
"753","2020-04-22",608,9,144,1696,6049,0.932881468011241,8190,31844,325,811,119,4034,60,1063,115,60
"754","2020-04-23",609,9,178,1632,6049,0.932881468011241,8190,31844,325,811,120,4154,78,1141,117,78
"755","2020-04-24",643,9,209,1534,6049,0.932881468011241,8190,31844,325,811,88,4242,60,1201,86,60
"756","2020-04-25",619,9,208,1458,6049,0.932881468011241,8190,31844,325,811,125,4367,42,1243,118,42
"757","2020-04-26",591,9,219,1388,6049,0.932881468011241,8190,31844,325,811,100,4467,32,1275,94,32
"758","2020-04-27",564,9,207,1307,6049,0.932881468011241,8190,31844,325,811,103,4570,14,1289,99,14
"759","2020-04-28",541,9,202,1263,6049,0.932881468011241,8190,31844,325,811,67,4637,11,1300,65,11
"760","2020-04-29",526,9,229,1186,6049,0.932881468011241,8190,31844,325,811,85,4722,13,1313,79,13
"761","2020-04-30",497,9,248,1075,6049,0.932881468011241,8190,31844,325,811,83,4805,30,1343,77,30
"762","2020-05-01",437,9,242,1018,6049,0.932881468011241,8190,31844,325,811,81,4886,18,1361,76,18
"763","2020-05-02",412,9,217,946,6049,0.932881468011241,8190,31844,325,811,69,4955,59,1420,69,59
"764","2020-05-03",357,9,182,866,6049,0.932881468011241,8190,31844,325,811,60,5015,28,1448,54,28
"765","2020-05-04",348,9,158,786,6049,0.932881468011241,8190,31844,325,811,51,5066,22,1470,45,22
"766","2020-05-05",318,9,188,731,6049,0.932881468011241,8190,31844,325,811,43,5109,51,1521,43,51
"767","2020-05-06",290,9,217,675,6049,0.932881468011241,8190,31844,325,811,40,5149,31,1552,37,31
"768","2020-05-07",276,9,207,618,6049,0.932881468011241,8190,31844,325,811,44,5193,39,1591,43,39
"769","2020-05-08",241,9,195,563,6049,0.932881468011241,8190,31844,325,811,52,5245,27,1618,47,27
"770","2020-05-09",227,9,187,521,6049,0.932881468011241,8190,31844,325,811,36,5281,16,1634,33,16
"771","2020-05-10",210,9,205,484,6049,0.932881468011241,8190,31844,325,811,24,5305,16,1650,19,16
"772","2020-05-11",183,9,206,428,6049,0.932881468011241,8190,31844,325,811,27,5332,15,1665,23,15
"773","2020-05-12",175,9,196,377,6049,0.932881468011241,8190,31844,325,811,23,5355,54,1719,20,54
"774","2020-05-13",168,9,189,340,6049,0.932881468011241,8190,31844,325,811,28,5383,46,1765,25,46
"775","2020-05-14",153,9,203,313,6049,0.932881468011241,8190,31844,325,811,23,5406,26,1791,20,26
"776","2020-05-15",119,9,190,289,6049,0.932881468011241,8190,31844,325,811,21,5427,19,1810,19,19
"777","2020-05-16",122,9,177,265,6049,0.932881468011241,8190,31844,325,811,25,5452,37,1847,22,37
"778","2020-05-17",105,9,168,251,6049,0.932881468011241,8190,31844,325,811,20,5472,18,1865,18,18
"779","2020-05-18",94,9,174,238,6049,0.932881468011241,8190,31844,325,811,19,5491,17,1882,18,17
"780","2020-05-19",87,9,145,220,6049,0.932881468011241,8190,31844,325,811,18,5509,24,1906,16,24
"781","2020-05-20",83,9,144,199,6049,0.932881468011241,8190,31844,325,811,13,5522,41,1947,12,41
"782","2020-05-21",78,9,170,182,6049,0.932881468011241,8190,31844,325,811,22,5544,27,1974,20,27
"783","2020-05-22",80,9,167,169,6049,0.932881468011241,8190,31844,325,811,7,5551,56,2030,7,56
"784","2020-05-23",67,9,186,159,6049,0.932881468011241,8190,31844,325,811,17,5568,79,2109,14,79
"785","2020-05-24",64,9,179,153,6049,0.932881468011241,8190,31844,325,811,12,5580,31,2140,10,31
"786","2020-05-25",59,9,193,152,6049,0.932881468011241,8190,31844,325,811,10,5590,27,2167,10,27
"787","2020-05-26",54,9,182,150,6049,0.932881468011241,8190,31844,325,811,9,5599,41,2208,6,41
"788","2020-05-27",53,9,177,144,6049,0.932881468011241,8190,31844,325,811,10,5609,21,2229,9,21
"789","2020-05-28",53,9,201,143,6049,0.932881468011241,8190,31844,325,811,13,5622,19,2248,10,19
"790","2020-05-29",54,9,208,137,6049,0.932881468011241,8190,31844,325,811,10,5632,19,2267,10,19
"791","2020-05-30",58,9,195,122,6049,0.932881468011241,8190,31844,325,811,7,5639,24,2291,4,24
"792","2020-05-31",52,9,175,121,6049,0.932881468011241,8190,31844,325,811,6,5645,42,2333,4,42
"793","2020-06-01",55,9,149,116,6049,0.932881468011241,8190,31844,325,811,6,5651,15,2348,5,15
"794","2020-06-02",49,9,152,111,6049,0.932881468011241,8190,31844,325,811,4,5655,22,2370,2,22
"795","2020-06-03",45,9,154,106,6049,0.932881468011241,8190,31844,325,811,11,5666,36,2406,7,36
"796","2020-06-04",43,9,143,99,6049,0.932881468011241,8190,31844,325,811,7,5673,30,2436,6,30
"797","2020-06-05",40,9,128,95,6049,0.932881468011241,8190,31844,325,811,6,5679,22,2458,6,22
"798","2020-06-06",35,9,122,84,6049,0.932881468011241,8190,31844,325,811,7,5686,15,2473,7,15
"799","2020-06-07",35,9,122,78,6049,0.932881468011241,8190,31844,325,811,2,5688,29,2502,2,29
"800","2020-03-07",1,10,0,0,6107,0.905518257737023,8280,30782,361,928,NA,NA,NA,NA,NA,NA
"801","2020-03-08",2,10,0,0,6107,0.905518257737023,8280,30782,361,928,NA,NA,NA,NA,NA,NA
"802","2020-03-09",1,10,0,0,6107,0.905518257737023,8280,30782,361,928,NA,NA,NA,NA,NA,NA
"803","2020-03-10",0,10,0,0,6107,0.905518257737023,8280,30782,361,928,NA,NA,NA,NA,NA,NA
"804","2020-03-11",0,10,0,0,6107,0.905518257737023,8280,30782,361,928,16,16,6,6,NA,6
"805","2020-03-12",0,10,0,0,6107,0.905518257737023,8280,30782,361,928,14,30,5,11,2,5
"806","2020-03-13",1,10,48,21,6107,0.905518257737023,8280,30782,361,928,18,48,5,16,4,5
"807","2020-03-14",2,10,71,34,6107,0.905518257737023,8280,30782,361,928,26,74,17,33,4,17
"808","2020-03-15",2,10,101,50,6107,0.905518257737023,8280,30782,361,928,22,96,15,48,9,15
"809","2020-03-16",3,10,122,71,6107,0.905518257737023,8280,30782,361,928,40,136,17,65,14,17
"810","2020-03-17",5,10,121,97,6107,0.905518257737023,8280,30782,361,928,33,169,19,84,14,19
"811","2020-03-18",7,10,106,132,6107,0.905518257737023,8280,30782,361,928,48,217,25,109,30,25
"812","2020-03-19",12,10,107,151,6107,0.905518257737023,8280,30782,361,928,42,259,10,119,21,10
"813","2020-03-20",17,10,110,190,6107,0.905518257737023,8280,30782,361,928,68,327,6,125,46,6
"814","2020-03-21",31,10,123,243,6107,0.905518257737023,8280,30782,361,928,58,385,8,133,31,8
"815","2020-03-22",52,10,120,280,6107,0.905518257737023,8280,30782,361,928,55,440,2,135,37,2
"816","2020-03-23",54,10,124,315,6107,0.905518257737023,8280,30782,361,928,60,500,6,141,38,6
"817","2020-03-24",60,10,160,365,6107,0.905518257737023,8280,30782,361,928,76,576,4,145,56,4
"818","2020-03-25",69,10,155,407,6107,0.905518257737023,8280,30782,361,928,83,659,5,150,54,5
"819","2020-03-26",78,10,147,471,6107,0.905518257737023,8280,30782,361,928,110,769,4,154,82,4
"820","2020-03-27",104,10,126,510,6107,0.905518257737023,8280,30782,361,928,81,850,2,156,57,2
"821","2020-03-28",126,10,103,584,6107,0.905518257737023,8280,30782,361,928,87,937,16,172,63,16
"822","2020-03-29",139,10,87,633,6107,0.905518257737023,8280,30782,361,928,86,1023,5,177,70,5
"823","2020-03-30",148,10,89,708,6107,0.905518257737023,8280,30782,361,928,99,1122,6,183,74,6
"824","2020-03-31",152,10,113,812,6107,0.905518257737023,8280,30782,361,928,104,1226,9,192,79,9
"825","2020-04-01",166,10,140,874,6107,0.905518257737023,8280,30782,361,928,129,1355,19,211,110,19
"826","2020-04-02",176,10,148,959,6107,0.905518257737023,8280,30782,361,928,99,1454,9,220,74,9
"827","2020-04-03",275,10,194,1032,6107,0.905518257737023,8280,30782,361,928,112,1566,8,228,89,8
"828","2020-04-04",306,10,200,1110,6107,0.905518257737023,8280,30782,361,928,134,1700,5,233,108,5
"829","2020-04-05",304,10,230,1165,6107,0.905518257737023,8280,30782,361,928,146,1846,6,239,122,6
"830","2020-04-06",313,10,250,1248,6107,0.905518257737023,8280,30782,361,928,154,2000,26,265,135,26
"831","2020-04-07",331,10,250,1309,6107,0.905518257737023,8280,30782,361,928,140,2140,8,273,121,8
"832","2020-04-08",355,10,241,1392,6107,0.905518257737023,8280,30782,361,928,121,2261,9,282,104,9
"833","2020-04-09",385,10,222,1469,6107,0.905518257737023,8280,30782,361,928,156,2417,9,291,130,9
"834","2020-04-10",512,10,219,1575,6107,0.905518257737023,8280,30782,361,928,119,2536,8,299,106,8
"835","2020-04-11",522,10,244,1632,6107,0.905518257737023,8280,30782,361,928,123,2659,11,310,106,11
"836","2020-04-12",485,10,255,1696,6107,0.905518257737023,8280,30782,361,928,134,2793,38,348,112,38
"837","2020-04-13",503,10,247,1725,6107,0.905518257737023,8280,30782,361,928,126,2919,36,384,104,36
"838","2020-04-14",514,10,231,1847,6107,0.905518257737023,8280,30782,361,928,113,3032,14,398,91,14
"839","2020-04-15",541,10,205,1883,6107,0.905518257737023,8280,30782,361,928,136,3168,43,441,107,43
"840","2020-04-16",565,10,182,1948,6107,0.905518257737023,8280,30782,361,928,115,3283,22,463,95,22
"841","2020-04-17",674,10,173,1944,6107,0.905518257737023,8280,30782,361,928,111,3394,37,500,91,37
"842","2020-04-18",678,10,166,1933,6107,0.905518257737023,8280,30782,361,928,125,3519,31,531,100,31
"843","2020-04-19",653,10,155,1952,6107,0.905518257737023,8280,30782,361,928,105,3624,18,549,86,18
"844","2020-04-20",663,10,185,1922,6107,0.905518257737023,8280,30782,361,928,99,3723,16,565,81,16
"845","2020-04-21",675,10,179,1888,6107,0.905518257737023,8280,30782,361,928,101,3824,8,573,84,8
"846","2020-04-22",669,10,158,1850,6107,0.905518257737023,8280,30782,361,928,97,3921,10,583,81,10
"847","2020-04-23",656,10,149,1778,6107,0.905518257737023,8280,30782,361,928,90,4011,20,603,71,20
"848","2020-04-24",616,10,177,1727,6107,0.905518257737023,8280,30782,361,928,96,4107,39,642,84,39
"849","2020-04-25",640,10,219,1633,6107,0.905518257737023,8280,30782,361,928,80,4187,35,677,62,35
"850","2020-04-26",603,10,228,1610,6107,0.905518257737023,8280,30782,361,928,66,4253,18,695,52,18
"851","2020-04-27",594,10,238,1519,6107,0.905518257737023,8280,30782,361,928,62,4315,29,724,47,29
"852","2020-04-28",577,10,249,1454,6107,0.905518257737023,8280,30782,361,928,73,4388,22,746,58,22
"853","2020-04-29",553,10,229,1375,6107,0.905518257737023,8280,30782,361,928,58,4446,16,762,44,16
"854","2020-04-30",543,10,215,1290,6107,0.905518257737023,8280,30782,361,928,60,4506,22,784,44,22
"855","2020-05-01",499,10,195,1198,6107,0.905518257737023,8280,30782,361,928,55,4561,42,826,38,42
"856","2020-05-02",475,10,189,1122,6107,0.905518257737023,8280,30782,361,928,64,4625,35,861,45,35
"857","2020-05-03",457,10,166,1027,6107,0.905518257737023,8280,30782,361,928,50,4675,39,900,33,39
"858","2020-05-04",416,10,165,927,6107,0.905518257737023,8280,30782,361,928,49,4724,17,917,33,17
"859","2020-05-05",389,10,185,855,6107,0.905518257737023,8280,30782,361,928,55,4779,12,929,41,12
"860","2020-05-06",368,10,209,768,6107,0.905518257737023,8280,30782,361,928,36,4815,20,949,20,20
"861","2020-05-07",343,10,199,706,6107,0.905518257737023,8280,30782,361,928,54,4869,37,986,44,37
"862","2020-05-08",311,10,174,634,6107,0.905518257737023,8280,30782,361,928,43,4912,39,1025,30,39
"863","2020-05-09",292,10,154,571,6107,0.905518257737023,8280,30782,361,928,46,4958,15,1040,33,15
"864","2020-05-10",249,10,144,514,6107,0.905518257737023,8280,30782,361,928,44,5002,16,1056,33,16
"865","2020-05-11",235,10,153,441,6107,0.905518257737023,8280,30782,361,928,48,5050,14,1070,30,14
"866","2020-05-12",207,10,177,391,6107,0.905518257737023,8280,30782,361,928,28,5078,30,1100,20,30
"867","2020-05-13",194,10,208,359,6107,0.905518257737023,8280,30782,361,928,28,5106,17,1117,20,17
"868","2020-05-14",175,10,218,321,6107,0.905518257737023,8280,30782,361,928,38,5144,13,1130,19,13
"869","2020-05-15",140,10,215,294,6107,0.905518257737023,8280,30782,361,928,22,5166,20,1150,16,20
"870","2020-05-16",123,10,208,262,6107,0.905518257737023,8280,30782,361,928,29,5195,32,1182,21,32
"871","2020-05-17",107,10,205,234,6107,0.905518257737023,8280,30782,361,928,23,5218,24,1206,16,24
"872","2020-05-18",92,10,220,208,6107,0.905518257737023,8280,30782,361,928,24,5242,25,1231,18,25
"873","2020-05-19",81,10,233,188,6107,0.905518257737023,8280,30782,361,928,23,5265,39,1270,16,39
"874","2020-05-20",75,10,216,163,6107,0.905518257737023,8280,30782,361,928,23,5288,20,1290,14,20
"875","2020-05-21",68,10,186,142,6107,0.905518257737023,8280,30782,361,928,21,5309,13,1303,14,13
"876","2020-05-22",61,10,172,126,6107,0.905518257737023,8280,30782,361,928,19,5328,5,1308,9,5
"877","2020-05-23",52,10,158,120,6107,0.905518257737023,8280,30782,361,928,23,5351,30,1338,12,30
"878","2020-05-24",36,10,194,109,6107,0.905518257737023,8280,30782,361,928,29,5380,13,1351,21,13
"879","2020-05-25",35,10,178,89,6107,0.905518257737023,8280,30782,361,928,12,5392,7,1358,7,7
"880","2020-05-26",34,10,173,80,6107,0.905518257737023,8280,30782,361,928,11,5403,7,1365,7,7
"881","2020-05-27",31,10,185,79,6107,0.905518257737023,8280,30782,361,928,22,5425,9,1374,11,9
"882","2020-05-28",29,10,205,68,6107,0.905518257737023,8280,30782,361,928,14,5439,16,1390,8,16
"883","2020-05-29",26,10,211,61,6107,0.905518257737023,8280,30782,361,928,17,5456,6,1396,10,6
"884","2020-05-30",27,10,199,58,6107,0.905518257737023,8280,30782,361,928,14,5470,5,1401,4,5
"885","2020-05-31",23,10,172,58,6107,0.905518257737023,8280,30782,361,928,16,5486,15,1416,10,15
"886","2020-06-01",24,10,155,49,6107,0.905518257737023,8280,30782,361,928,11,5497,10,1426,4,10
"887","2020-06-02",23,10,129,49,6107,0.905518257737023,8280,30782,361,928,7,5504,8,1434,2,8
"888","2020-06-03",21,10,108,47,6107,0.905518257737023,8280,30782,361,928,8,5512,9,1443,6,9
"889","2020-06-04",21,10,92,44,6107,0.905518257737023,8280,30782,361,928,8,5520,4,1447,2,4
"890","2020-06-05",19,10,73,42,6107,0.905518257737023,8280,30782,361,928,12,5532,8,1455,8,8
"891","2020-06-06",17,10,64,42,6107,0.905518257737023,8280,30782,361,928,9,5541,9,1464,2,9
"892","2020-06-07",16,10,61,42,6107,0.905518257737023,8280,30782,361,928,9,5550,9,1473,4,9
"893","2020-03-07",2,11,0,0,6678,0.725067385444744,8445,34445,322,781,NA,NA,NA,NA,NA,NA
"894","2020-03-08",2,11,0,0,6678,0.725067385444744,8445,34445,322,781,NA,NA,NA,NA,NA,NA
"895","2020-03-09",0,11,0,0,6678,0.725067385444744,8445,34445,322,781,NA,NA,NA,NA,NA,NA
"896","2020-03-10",0,11,0,0,6678,0.725067385444744,8445,34445,322,781,NA,NA,1,1,NA,1
"897","2020-03-11",0,11,0,0,6678,0.725067385444744,8445,34445,322,781,34,34,15,16,NA,15
"898","2020-03-12",1,11,74,66,6678,0.725067385444744,8445,34445,322,781,47,81,17,33,4,17
"899","2020-03-13",3,11,89,112,6678,0.725067385444744,8445,34445,322,781,56,137,16,49,3,16
"900","2020-03-14",7,11,92,143,6678,0.725067385444744,8445,34445,322,781,53,190,40,89,17,40
"901","2020-03-15",15,11,79,186,6678,0.725067385444744,8445,34445,322,781,50,240,42,131,17,42
"902","2020-03-16",20,11,82,243,6678,0.725067385444744,8445,34445,322,781,86,326,30,161,45,30
"903","2020-03-17",27,11,76,304,6678,0.725067385444744,8445,34445,322,781,74,400,56,217,42,56
"904","2020-03-18",36,11,70,377,6678,0.725067385444744,8445,34445,322,781,89,489,32,249,50,32
"905","2020-03-19",44,11,93,438,6678,0.725067385444744,8445,34445,322,781,73,562,28,277,42,28
"906","2020-03-20",77,11,119,527,6678,0.725067385444744,8445,34445,322,781,98,660,19,296,58,19
"907","2020-03-21",102,11,148,612,6678,0.725067385444744,8445,34445,322,781,108,768,31,327,68,31
"908","2020-03-22",149,11,145,716,6678,0.725067385444744,8445,34445,322,781,107,875,55,382,57,55
"909","2020-03-23",162,11,143,819,6678,0.725067385444744,8445,34445,322,781,107,982,30,412,73,30
"910","2020-03-24",165,11,140,910,6678,0.725067385444744,8445,34445,322,781,114,1096,54,466,84,54
"911","2020-03-25",190,11,123,1008,6678,0.725067385444744,8445,34445,322,781,144,1240,49,515,104,49
"912","2020-03-26",222,11,130,1147,6678,0.725067385444744,8445,34445,322,781,121,1361,40,555,82,40
"913","2020-03-27",324,11,128,1249,6678,0.725067385444744,8445,34445,322,781,125,1486,34,589,92,34
"914","2020-03-28",366,11,160,1359,6678,0.725067385444744,8445,34445,322,781,125,1611,39,628,92,39
"915","2020-03-29",369,11,193,1460,6678,0.725067385444744,8445,34445,322,781,144,1755,45,673,102,45
"916","2020-03-30",401,11,228,1559,6678,0.725067385444744,8445,34445,322,781,138,1893,27,700,105,27
"917","2020-03-31",437,11,233,1643,6678,0.725067385444744,8445,34445,322,781,140,2033,56,756,107,56
"918","2020-04-01",464,11,231,1718,6678,0.725067385444744,8445,34445,322,781,129,2162,46,802,90,46
"919","2020-04-02",480,11,210,1795,6678,0.725067385444744,8445,34445,322,781,138,2300,61,863,104,61
"920","2020-04-03",593,11,187,1846,6678,0.725067385444744,8445,34445,322,781,127,2427,62,925,100,62
"921","2020-04-04",642,11,178,1880,6678,0.725067385444744,8445,34445,322,781,124,2551,52,977,91,52
"922","2020-04-05",619,11,155,1919,6678,0.725067385444744,8445,34445,322,781,131,2682,42,1019,105,42
"923","2020-04-06",613,11,146,1973,6678,0.725067385444744,8445,34445,322,781,117,2799,38,1057,83,38
"924","2020-04-07",617,11,153,1942,6678,0.725067385444744,8445,34445,322,781,117,2916,46,1103,75,46
"925","2020-04-08",608,11,177,1977,6678,0.725067385444744,8445,34445,322,781,104,3020,35,1138,69,35
"926","2020-04-09",617,11,179,1959,6678,0.725067385444744,8445,34445,322,781,89,3109,39,1177,60,39
"927","2020-04-10",701,11,167,1906,6678,0.725067385444744,8445,34445,322,781,90,3199,39,1216,51,39
"928","2020-04-11",671,11,158,1873,6678,0.725067385444744,8445,34445,322,781,109,3308,19,1235,72,19
"929","2020-04-12",621,11,164,1812,6678,0.725067385444744,8445,34445,322,781,93,3401,40,1275,62,40
"930","2020-04-13",610,11,166,1751,6678,0.725067385444744,8445,34445,322,781,120,3521,53,1328,73,53
"931","2020-04-14",569,11,164,1704,6678,0.725067385444744,8445,34445,322,781,90,3611,50,1378,65,50
"932","2020-04-15",583,11,162,1640,6678,0.725067385444744,8445,34445,322,781,100,3711,37,1415,73,37
"933","2020-04-16",588,11,140,1582,6678,0.725067385444744,8445,34445,322,781,99,3810,28,1443,62,28
"934","2020-04-17",558,11,130,1530,6678,0.725067385444744,8445,34445,322,781,81,3891,45,1488,55,45
"935","2020-04-18",544,11,132,1457,6678,0.725067385444744,8445,34445,322,781,85,3976,38,1526,42,38
"936","2020-04-19",489,11,138,1397,6678,0.725067385444744,8445,34445,322,781,74,4050,59,1585,47,59
"937","2020-04-20",488,11,193,1312,6678,0.725067385444744,8445,34445,322,781,98,4148,44,1629,47,44
"938","2020-04-21",470,11,217,1232,6678,0.725067385444744,8445,34445,322,781,73,4221,46,1675,55,46
"939","2020-04-22",451,11,213,1179,6678,0.725067385444744,8445,34445,322,781,75,4296,48,1723,46,48
"940","2020-04-23",429,11,195,1097,6678,0.725067385444744,8445,34445,322,781,66,4362,82,1805,42,82
"941","2020-04-24",417,11,191,1055,6678,0.725067385444744,8445,34445,322,781,86,4448,47,1852,54,47
"942","2020-04-25",400,11,241,985,6678,0.725067385444744,8445,34445,322,781,72,4520,46,1898,40,46
"943","2020-04-26",346,11,238,925,6678,0.725067385444744,8445,34445,322,781,70,4590,38,1936,38,38
"944","2020-04-27",323,11,247,858,6678,0.725067385444744,8445,34445,322,781,68,4658,27,1963,31,27
"945","2020-04-28",305,11,253,791,6678,0.725067385444744,8445,34445,322,781,50,4708,48,2011,33,48
"946","2020-04-29",290,11,256,736,6678,0.725067385444744,8445,34445,322,781,62,4770,68,2079,25,68
"947","2020-04-30",267,11,230,694,6678,0.725067385444744,8445,34445,322,781,62,4832,43,2122,36,43
"948","2020-05-01",241,11,210,653,6678,0.725067385444744,8445,34445,322,781,50,4882,47,2169,25,47
"949","2020-05-02",248,11,196,593,6678,0.725067385444744,8445,34445,322,781,57,4939,25,2194,32,25
"950","2020-05-03",235,11,187,556,6678,0.725067385444744,8445,34445,322,781,40,4979,37,2231,15,37
"951","2020-05-04",225,11,152,527,6678,0.725067385444744,8445,34445,322,781,59,5038,46,2277,36,46
"952","2020-05-05",226,11,156,501,6678,0.725067385444744,8445,34445,322,781,45,5083,30,2307,20,30
"953","2020-05-06",212,11,207,465,6678,0.725067385444744,8445,34445,322,781,37,5120,63,2370,16,63
"954","2020-05-07",198,11,197,429,6678,0.725067385444744,8445,34445,322,781,39,5159,37,2407,21,37
"955","2020-05-08",178,11,211,389,6678,0.725067385444744,8445,34445,322,781,32,5191,36,2443,18,36
"956","2020-05-09",160,11,240,360,6678,0.725067385444744,8445,34445,322,781,43,5234,34,2477,18,34
"957","2020-05-10",150,11,222,330,6678,0.725067385444744,8445,34445,322,781,37,5271,45,2522,26,45
"958","2020-05-11",135,11,206,321,6678,0.725067385444744,8445,34445,322,781,38,5309,50,2572,20,50
"959","2020-05-12",123,11,221,301,6678,0.725067385444744,8445,34445,322,781,40,5349,38,2610,25,38
"960","2020-05-13",116,11,215,304,6678,0.725067385444744,8445,34445,322,781,32,5381,49,2659,16,49
"961","2020-05-14",114,11,194,281,6678,0.725067385444744,8445,34445,322,781,31,5412,49,2708,13,49
"962","2020-05-15",98,11,181,259,6678,0.725067385444744,8445,34445,322,781,38,5450,29,2737,16,29
"963","2020-05-16",93,11,163,246,6678,0.725067385444744,8445,34445,322,781,24,5474,48,2785,16,48
"964","2020-05-17",78,11,186,232,6678,0.725067385444744,8445,34445,322,781,30,5504,70,2855,15,70
"965","2020-05-18",75,11,198,228,6678,0.725067385444744,8445,34445,322,781,25,5529,54,2909,12,54
"966","2020-05-19",76,11,226,215,6678,0.725067385444744,8445,34445,322,781,24,5553,38,2947,10,38
"967","2020-05-20",72,11,225,205,6678,0.725067385444744,8445,34445,322,781,27,5580,40,2987,9,40
"968","2020-05-21",69,11,194,203,6678,0.725067385444744,8445,34445,322,781,29,5609,37,3024,15,37
"969","2020-05-22",71,11,183,195,6678,0.725067385444744,8445,34445,322,781,27,5636,53,3077,11,53
"970","2020-05-23",66,11,180,183,6678,0.725067385444744,8445,34445,322,781,18,5654,35,3112,6,35
"971","2020-05-24",78,11,174,170,6678,0.725067385444744,8445,34445,322,781,19,5673,32,3144,7,32
"972","2020-05-25",73,11,164,157,6678,0.725067385444744,8445,34445,322,781,17,5690,41,3185,9,41
"973","2020-05-26",68,11,178,147,6678,0.725067385444744,8445,34445,322,781,16,5706,31,3216,10,31
"974","2020-05-27",69,11,207,141,6678,0.725067385444744,8445,34445,322,781,9,5715,39,3255,4,39
"975","2020-05-28",67,11,216,141,6678,0.725067385444744,8445,34445,322,781,20,5735,45,3300,9,45
"976","2020-05-29",69,11,208,137,6678,0.725067385444744,8445,34445,322,781,13,5748,42,3342,6,42
"977","2020-05-30",68,11,198,137,6678,0.725067385444744,8445,34445,322,781,19,5767,25,3367,10,25
"978","2020-05-31",45,11,182,131,6678,0.725067385444744,8445,34445,322,781,14,5781,28,3395,8,28
"979","2020-06-01",41,11,156,127,6678,0.725067385444744,8445,34445,322,781,12,5793,35,3430,3,35
"980","2020-06-02",39,11,151,114,6678,0.725067385444744,8445,34445,322,781,16,5809,31,3461,7,31
"981","2020-06-03",38,11,152,114,6678,0.725067385444744,8445,34445,322,781,18,5827,45,3506,10,45
"982","2020-06-04",40,11,136,106,6678,0.725067385444744,8445,34445,322,781,12,5839,51,3557,6,51
"983","2020-06-05",44,11,115,105,6678,0.725067385444744,8445,34445,322,781,6,5845,50,3607,2,50
"984","2020-06-06",46,11,116,100,6678,0.725067385444744,8445,34445,322,781,13,5858,47,3654,2,47
"985","2020-06-07",43,11,135,103,6678,0.725067385444744,8445,34445,322,781,16,5874,50,3704,10,50
"986","2020-03-08",1,12,0,0,5576,0.489239598278336,8325,34819,291,663,NA,NA,NA,NA,NA,NA
"987","2020-03-09",1,12,0,0,5576,0.489239598278336,8325,34819,291,663,NA,NA,NA,NA,NA,NA
"988","2020-03-10",0,12,0,0,5576,0.489239598278336,8325,34819,291,663,NA,NA,1,1,NA,1
"989","2020-03-11",0,12,0,0,5576,0.489239598278336,8325,34819,291,663,19,19,12,13,1,12
"990","2020-03-12",0,12,0,0,5576,0.489239598278336,8325,34819,291,663,16,35,25,38,2,25
"991","2020-03-13",2,12,43,116,5576,0.489239598278336,8325,34819,291,663,23,58,26,64,10,26
"992","2020-03-14",5,12,46,153,5576,0.489239598278336,8325,34819,291,663,26,84,15,79,7,15
"993","2020-03-15",19,12,51,201,5576,0.489239598278336,8325,34819,291,663,32,116,16,95,15,16
"994","2020-03-16",25,12,60,259,5576,0.489239598278336,8325,34819,291,663,37,153,23,118,11,23
"995","2020-03-17",24,12,67,312,5576,0.489239598278336,8325,34819,291,663,33,186,39,157,17,39
"996","2020-03-18",44,12,67,364,5576,0.489239598278336,8325,34819,291,663,43,229,37,194,24,37
"997","2020-03-19",55,12,72,422,5576,0.489239598278336,8325,34819,291,663,42,271,11,205,24,11
"998","2020-03-20",85,12,76,487,5576,0.489239598278336,8325,34819,291,663,56,327,10,215,28,10
"999","2020-03-21",123,12,80,542,5576,0.489239598278336,8325,34819,291,663,48,375,9,224,34,9
"1000","2020-03-22",135,12,91,611,5576,0.489239598278336,8325,34819,291,663,41,416,8,232,27,8
"1001","2020-03-23",150,12,91,668,5576,0.489239598278336,8325,34819,291,663,50,466,8,240,36,8
"1002","2020-03-24",170,12,90,720,5576,0.489239598278336,8325,34819,291,663,88,554,6,246,61,6
"1003","2020-03-25",179,12,97,764,5576,0.489239598278336,8325,34819,291,663,58,612,8,254,43,8
"1004","2020-03-26",198,12,97,820,5576,0.489239598278336,8325,34819,291,663,65,677,6,260,50,6
"1005","2020-03-27",242,12,90,855,5576,0.489239598278336,8325,34819,291,663,58,735,7,267,47,7
"1006","2020-03-28",274,12,93,905,5576,0.489239598278336,8325,34819,291,663,80,815,7,274,53,7
"1007","2020-03-29",278,12,103,940,5576,0.489239598278336,8325,34819,291,663,82,897,8,282,67,8
"1008","2020-03-30",273,12,99,953,5576,0.489239598278336,8325,34819,291,663,73,970,7,289,57,7
"1009","2020-03-31",282,12,113,954,5576,0.489239598278336,8325,34819,291,663,80,1050,3,292,63,3
"1010","2020-04-01",286,12,140,985,5576,0.489239598278336,8325,34819,291,663,69,1119,22,314,50,22
"1011","2020-04-02",295,12,148,988,5576,0.489239598278336,8325,34819,291,663,69,1188,18,332,46,18
"1012","2020-04-03",359,12,152,987,5576,0.489239598278336,8325,34819,291,663,84,1272,44,376,69,44
"1013","2020-04-04",342,12,139,1000,5576,0.489239598278336,8325,34819,291,663,73,1345,40,416,52,40
"1014","2020-04-05",333,12,141,1013,5576,0.489239598278336,8325,34819,291,663,82,1427,20,436,68,20
"1015","2020-04-06",328,12,153,985,5576,0.489239598278336,8325,34819,291,663,68,1495,16,452,58,16
"1016","2020-04-07",320,12,147,983,5576,0.489239598278336,8325,34819,291,663,87,1582,21,473,74,21
"1017","2020-04-08",321,12,153,994,5576,0.489239598278336,8325,34819,291,663,71,1653,7,480,59,7
"1018","2020-04-09",321,12,134,1013,5576,0.489239598278336,8325,34819,291,663,87,1740,13,493,65,13
"1019","2020-04-10",329,12,130,1001,5576,0.489239598278336,8325,34819,291,663,81,1821,10,503,68,10
"1020","2020-04-11",331,12,126,1009,5576,0.489239598278336,8325,34819,291,663,87,1908,5,508,62,5
"1021","2020-04-12",332,12,146,1002,5576,0.489239598278336,8325,34819,291,663,92,2000,11,519,67,11
"1022","2020-04-13",331,12,154,1015,5576,0.489239598278336,8325,34819,291,663,110,2110,5,524,87,5
"1023","2020-04-14",334,12,161,1025,5576,0.489239598278336,8325,34819,291,663,71,2181,8,532,51,8
"1024","2020-04-15",346,12,148,1007,5576,0.489239598278336,8325,34819,291,663,83,2264,9,541,64,9
"1025","2020-04-16",339,12,144,995,5576,0.489239598278336,8325,34819,291,663,100,2364,8,549,78,8
"1026","2020-04-17",324,12,156,985,5576,0.489239598278336,8325,34819,291,663,87,2451,7,556,64,7
"1027","2020-04-18",339,12,162,977,5576,0.489239598278336,8325,34819,291,663,93,2544,9,565,68,9
"1028","2020-04-19",332,12,184,961,5576,0.489239598278336,8325,34819,291,663,66,2610,18,583,50,18
"1029","2020-04-20",336,12,197,941,5576,0.489239598278336,8325,34819,291,663,104,2714,43,626,75,43
"1030","2020-04-21",320,12,182,916,5576,0.489239598278336,8325,34819,291,663,96,2810,60,686,79,60
"1031","2020-04-22",309,12,199,906,5576,0.489239598278336,8325,34819,291,663,70,2880,37,723,54,37
"1032","2020-04-23",304,12,198,897,5576,0.489239598278336,8325,34819,291,663,91,2971,44,767,73,44
"1033","2020-04-24",341,12,181,892,5576,0.489239598278336,8325,34819,291,663,60,3031,47,814,46,47
"1034","2020-04-25",344,12,163,878,5576,0.489239598278336,8325,34819,291,663,78,3109,21,835,65,21
"1035","2020-04-26",305,12,148,841,5576,0.489239598278336,8325,34819,291,663,91,3200,16,851,70,16
"1036","2020-04-27",300,12,160,810,5576,0.489239598278336,8325,34819,291,663,86,3286,14,865,73,14
"1037","2020-04-28",296,12,153,810,5576,0.489239598278336,8325,34819,291,663,74,3360,15,880,60,15
"1038","2020-04-29",287,12,141,799,5576,0.489239598278336,8325,34819,291,663,81,3441,59,939,59,59
"1039","2020-04-30",294,12,143,784,5576,0.489239598278336,8325,34819,291,663,97,3538,42,981,78,42
"1040","2020-05-01",296,12,134,759,5576,0.489239598278336,8325,34819,291,663,74,3612,48,1029,56,48
"1041","2020-05-02",292,12,132,755,5576,0.489239598278336,8325,34819,291,663,59,3671,39,1068,43,39
"1042","2020-05-03",247,12,138,759,5576,0.489239598278336,8325,34819,291,663,54,3725,26,1094,39,26
"1043","2020-05-04",229,12,142,747,5576,0.489239598278336,8325,34819,291,663,52,3777,26,1120,41,26
"1044","2020-05-05",221,12,139,725,5576,0.489239598278336,8325,34819,291,663,76,3853,34,1154,68,34
"1045","2020-05-06",217,12,131,706,5576,0.489239598278336,8325,34819,291,663,63,3916,61,1215,47,61
"1046","2020-05-07",202,12,156,685,5576,0.489239598278336,8325,34819,291,663,64,3980,49,1264,55,49
"1047","2020-05-08",211,12,168,672,5576,0.489239598278336,8325,34819,291,663,52,4032,30,1294,39,30
"1048","2020-05-09",228,12,171,658,5576,0.489239598278336,8325,34819,291,663,48,4080,29,1323,36,29
"1049","2020-05-10",232,12,174,644,5576,0.489239598278336,8325,34819,291,663,36,4116,46,1369,25,46
"1050","2020-05-11",227,12,166,620,5576,0.489239598278336,8325,34819,291,663,46,4162,29,1398,34,29
"1051","2020-05-12",225,12,165,595,5576,0.489239598278336,8325,34819,291,663,62,4224,23,1421,46,23
"1052","2020-05-13",233,12,176,574,5576,0.489239598278336,8325,34819,291,663,27,4251,32,1453,21,32
"1053","2020-05-14",232,12,160,551,5576,0.489239598278336,8325,34819,291,663,47,4298,27,1480,38,27
"1054","2020-05-15",217,12,165,539,5576,0.489239598278336,8325,34819,291,663,37,4335,42,1522,32,42
"1055","2020-05-16",198,12,173,515,5576,0.489239598278336,8325,34819,291,663,42,4377,22,1544,29,22
"1056","2020-05-17",178,12,192,498,5576,0.489239598278336,8325,34819,291,663,50,4427,47,1591,35,47
"1057","2020-05-18",168,12,190,492,5576,0.489239598278336,8325,34819,291,663,35,4462,40,1631,28,40
"1058","2020-05-19",161,12,174,468,5576,0.489239598278336,8325,34819,291,663,28,4490,22,1653,21,22
"1059","2020-05-20",152,12,174,455,5576,0.489239598278336,8325,34819,291,663,30,4520,34,1687,20,34
"1060","2020-05-21",147,12,175,427,5576,0.489239598278336,8325,34819,291,663,34,4554,24,1711,24,24
"1061","2020-05-22",162,12,165,414,5576,0.489239598278336,8325,34819,291,663,28,4582,15,1726,21,15
"1062","2020-05-23",161,12,168,399,5576,0.489239598278336,8325,34819,291,663,31,4613,10,1736,18,10
"1063","2020-05-24",155,12,179,390,5576,0.489239598278336,8325,34819,291,663,27,4640,13,1749,16,13
"1064","2020-05-25",145,12,171,371,5576,0.489239598278336,8325,34819,291,663,19,4659,47,1796,10,47
"1065","2020-05-26",136,12,167,357,5576,0.489239598278336,8325,34819,291,663,29,4688,42,1838,19,42
"1066","2020-05-27",128,12,165,334,5576,0.489239598278336,8325,34819,291,663,16,4704,20,1858,11,20
"1067","2020-05-28",125,12,181,314,5576,0.489239598278336,8325,34819,291,663,25,4729,15,1873,13,15
"1068","2020-05-29",111,12,191,298,5576,0.489239598278336,8325,34819,291,663,19,4748,9,1882,10,9
"1069","2020-05-30",114,12,185,277,5576,0.489239598278336,8325,34819,291,663,30,4778,13,1895,20,13
"1070","2020-05-31",101,12,191,255,5576,0.489239598278336,8325,34819,291,663,13,4791,32,1927,8,32
"1071","2020-06-01",92,12,194,236,5576,0.489239598278336,8325,34819,291,663,23,4814,19,1946,18,19
"1072","2020-06-02",88,12,193,230,5576,0.489239598278336,8325,34819,291,663,19,4833,33,1979,13,33
"1073","2020-06-03",79,12,187,217,5576,0.489239598278336,8325,34819,291,663,20,4853,38,2017,13,38
"1074","2020-06-04",82,12,174,208,5576,0.489239598278336,8325,34819,291,663,19,4872,43,2060,15,43
"1075","2020-06-05",77,12,167,191,5576,0.489239598278336,8325,34819,291,663,9,4881,23,2083,7,23
"1076","2020-06-06",66,12,153,180,5576,0.489239598278336,8325,34819,291,663,10,4891,37,2120,9,37
"1077","2020-06-07",69,12,148,170,5576,0.489239598278336,8325,34819,291,663,13,4904,40,2160,8,40
"1078","2020-03-13",1,13,42,25,6055,0.862262592898431,8250,33188,332,616,30,83,4,39,1,4
"1079","2020-03-14",4,13,55,39,6055,0.862262592898431,8250,33188,332,616,33,116,16,55,7,16
"1080","2020-03-15",4,13,60,57,6055,0.862262592898431,8250,33188,332,616,34,150,14,69,12,14
"1081","2020-03-16",5,13,73,72,6055,0.862262592898431,8250,33188,332,616,52,202,14,83,19,14
"1082","2020-03-17",10,13,78,88,6055,0.862262592898431,8250,33188,332,616,49,251,7,90,22,7
"1083","2020-03-18",12,13,102,116,6055,0.862262592898431,8250,33188,332,616,46,297,18,108,25,18
"1084","2020-03-19",15,13,118,132,6055,0.862262592898431,8250,33188,332,616,63,360,9,117,28,9
"1085","2020-03-20",20,13,141,158,6055,0.862262592898431,8250,33188,332,616,47,407,4,121,30,4
"1086","2020-03-21",49,13,143,189,6055,0.862262592898431,8250,33188,332,616,71,478,6,127,51,6
"1087","2020-03-22",55,13,163,232,6055,0.862262592898431,8250,33188,332,616,82,560,5,132,56,5
"1088","2020-03-23",55,13,180,282,6055,0.862262592898431,8250,33188,332,616,73,633,18,150,50,18
"1089","2020-03-24",64,13,187,320,6055,0.862262592898431,8250,33188,332,616,63,696,22,172,41,22
"1090","2020-03-25",72,13,213,356,6055,0.862262592898431,8250,33188,332,616,89,785,27,199,65,27
"1091","2020-03-26",84,13,224,412,6055,0.862262592898431,8250,33188,332,616,93,878,16,215,55,16
"1092","2020-03-27",115,13,211,478,6055,0.862262592898431,8250,33188,332,616,116,994,12,227,88,12
"1093","2020-03-28",134,13,182,525,6055,0.862262592898431,8250,33188,332,616,105,1099,11,238,74,11
"1094","2020-03-29",162,13,178,567,6055,0.862262592898431,8250,33188,332,616,114,1213,8,246,84,8
"1095","2020-03-30",171,13,171,619,6055,0.862262592898431,8250,33188,332,616,128,1341,14,260,102,14
"1096","2020-03-31",163,13,151,681,6055,0.862262592898431,8250,33188,332,616,122,1463,16,276,91,16
"1097","2020-04-01",182,13,153,722,6055,0.862262592898431,8250,33188,332,616,97,1560,19,295,67,19
"1098","2020-04-02",195,13,153,791,6055,0.862262592898431,8250,33188,332,616,132,1692,34,329,115,34
"1099","2020-04-03",246,13,153,865,6055,0.862262592898431,8250,33188,332,616,115,1807,18,347,89,18
"1100","2020-04-04",277,13,177,936,6055,0.862262592898431,8250,33188,332,616,133,1940,11,358,107,11
"1101","2020-04-05",285,13,179,984,6055,0.862262592898431,8250,33188,332,616,103,2043,9,367,74,9
"1102","2020-04-06",283,13,196,1042,6055,0.862262592898431,8250,33188,332,616,108,2151,24,391,90,24
"1103","2020-04-07",295,13,197,1100,6055,0.862262592898431,8250,33188,332,616,113,2264,32,423,80,32
"1104","2020-04-08",313,13,181,1158,6055,0.862262592898431,8250,33188,332,616,139,2403,14,437,109,14
"1105","2020-04-09",326,13,183,1237,6055,0.862262592898431,8250,33188,332,616,105,2508,15,452,92,15
"1106","2020-04-10",394,13,193,1288,6055,0.862262592898431,8250,33188,332,616,133,2641,14,466,110,14
"1107","2020-04-11",413,13,210,1396,6055,0.862262592898431,8250,33188,332,616,112,2753,11,477,94,11
"1108","2020-04-12",415,13,184,1448,6055,0.862262592898431,8250,33188,332,616,108,2861,30,507,85,30
"1109","2020-04-13",411,13,167,1492,6055,0.862262592898431,8250,33188,332,616,110,2971,21,528,82,21
"1110","2020-04-14",417,13,181,1509,6055,0.862262592898431,8250,33188,332,616,116,3087,14,542,91,14
"1111","2020-04-15",424,13,178,1564,6055,0.862262592898431,8250,33188,332,616,102,3189,30,572,83,30
"1112","2020-04-16",445,13,179,1595,6055,0.862262592898431,8250,33188,332,616,85,3274,17,589,57,17
"1113","2020-04-17",529,13,188,1584,6055,0.862262592898431,8250,33188,332,616,91,3365,27,616,62,27
"1114","2020-04-18",527,13,190,1595,6055,0.862262592898431,8250,33188,332,616,92,3457,25,641,68,25
"1115","2020-04-19",490,13,179,1599,6055,0.862262592898431,8250,33188,332,616,99,3556,18,659,80,18
"1116","2020-04-20",519,13,190,1600,6055,0.862262592898431,8250,33188,332,616,98,3654,19,678,84,19
"1117","2020-04-21",519,13,179,1639,6055,0.862262592898431,8250,33188,332,616,74,3728,26,704,55,26
"1118","2020-04-22",536,13,189,1623,6055,0.862262592898431,8250,33188,332,616,94,3822,24,728,73,24
"1119","2020-04-23",541,13,184,1585,6055,0.862262592898431,8250,33188,332,616,94,3916,17,745,72,17
"1120","2020-04-24",562,13,199,1589,6055,0.862262592898431,8250,33188,332,616,95,4011,25,770,74,25
"1121","2020-04-25",579,13,227,1543,6055,0.862262592898431,8250,33188,332,616,62,4073,21,791,44,21
"1122","2020-04-26",554,13,226,1502,6055,0.862262592898431,8250,33188,332,616,78,4151,20,811,56,20
"1123","2020-04-27",520,13,208,1483,6055,0.862262592898431,8250,33188,332,616,57,4208,28,839,35,28
"1124","2020-04-28",502,13,235,1454,6055,0.862262592898431,8250,33188,332,616,71,4279,30,869,50,30
"1125","2020-04-29",478,13,222,1431,6055,0.862262592898431,8250,33188,332,616,90,4369,22,891,67,22
"1126","2020-04-30",480,13,218,1371,6055,0.862262592898431,8250,33188,332,616,64,4433,22,913,46,22
"1127","2020-05-01",460,13,221,1302,6055,0.862262592898431,8250,33188,332,616,68,4501,30,943,53,30
"1128","2020-05-02",461,13,208,1246,6055,0.862262592898431,8250,33188,332,616,58,4559,21,964,37,21
"1129","2020-05-03",442,13,212,1182,6055,0.862262592898431,8250,33188,332,616,62,4621,26,990,43,26
"1130","2020-05-04",455,13,207,1102,6055,0.862262592898431,8250,33188,332,616,45,4666,39,1029,30,39
"1131","2020-05-05",453,13,215,1012,6055,0.862262592898431,8250,33188,332,616,49,4715,45,1074,35,45
"1132","2020-05-06",436,13,206,935,6055,0.862262592898431,8250,33188,332,616,48,4763,26,1100,35,26
"1133","2020-05-07",395,13,216,879,6055,0.862262592898431,8250,33188,332,616,29,4792,31,1131,19,31
"1134","2020-05-08",386,13,217,815,6055,0.862262592898431,8250,33188,332,616,48,4840,37,1168,31,37
"1135","2020-05-09",343,13,204,741,6055,0.862262592898431,8250,33188,332,616,39,4879,37,1205,24,37
"1136","2020-05-10",288,13,193,689,6055,0.862262592898431,8250,33188,332,616,49,4928,32,1237,28,32
"1137","2020-05-11",261,13,193,647,6055,0.862262592898431,8250,33188,332,616,37,4965,20,1257,25,20
"1138","2020-05-12",234,13,184,585,6055,0.862262592898431,8250,33188,332,616,35,5000,14,1271,23,14
"1139","2020-05-13",232,13,194,534,6055,0.862262592898431,8250,33188,332,616,32,5032,29,1300,19,29
"1140","2020-05-14",222,13,183,493,6055,0.862262592898431,8250,33188,332,616,41,5073,33,1333,26,33
"1141","2020-05-15",185,13,191,443,6055,0.862262592898431,8250,33188,332,616,26,5099,22,1355,14,22
"1142","2020-05-16",175,13,179,425,6055,0.862262592898431,8250,33188,332,616,25,5124,14,1369,14,14
"1143","2020-05-17",172,13,174,398,6055,0.862262592898431,8250,33188,332,616,33,5157,14,1383,21,14
"1144","2020-05-18",157,13,169,385,6055,0.862262592898431,8250,33188,332,616,20,5177,28,1411,11,28
"1145","2020-05-19",153,13,161,350,6055,0.862262592898431,8250,33188,332,616,19,5196,12,1423,8,12
"1146","2020-05-20",141,13,164,327,6055,0.862262592898431,8250,33188,332,616,30,5226,29,1452,22,29
"1147","2020-05-21",133,13,157,308,6055,0.862262592898431,8250,33188,332,616,23,5249,40,1492,16,40
"1148","2020-05-22",130,13,140,302,6055,0.862262592898431,8250,33188,332,616,19,5268,13,1505,7,13
"1149","2020-05-23",133,13,122,273,6055,0.862262592898431,8250,33188,332,616,24,5292,20,1525,13,20
"1150","2020-05-24",118,13,120,260,6055,0.862262592898431,8250,33188,332,616,17,5309,12,1537,8,12
"1151","2020-05-25",104,13,132,246,6055,0.862262592898431,8250,33188,332,616,25,5334,18,1555,12,18
"1152","2020-05-26",90,13,143,224,6055,0.862262592898431,8250,33188,332,616,17,5351,15,1570,9,15
"1153","2020-05-27",79,13,137,215,6055,0.862262592898431,8250,33188,332,616,16,5367,11,1581,11,11
"1154","2020-05-28",76,13,154,198,6055,0.862262592898431,8250,33188,332,616,13,5380,15,1596,8,15
"1155","2020-05-29",67,13,141,181,6055,0.862262592898431,8250,33188,332,616,12,5392,15,1611,6,15
"1156","2020-05-30",64,13,154,162,6055,0.862262592898431,8250,33188,332,616,14,5406,6,1617,6,6
"1157","2020-05-31",52,13,166,148,6055,0.862262592898431,8250,33188,332,616,11,5417,6,1623,6,6
"1158","2020-06-01",49,13,189,128,6055,0.862262592898431,8250,33188,332,616,8,5425,11,1634,5,11
"1159","2020-06-02",50,13,203,115,6055,0.862262592898431,8250,33188,332,616,7,5432,19,1653,4,19
"1160","2020-06-03",45,13,210,104,6055,0.862262592898431,8250,33188,332,616,12,5444,18,1671,5,18
"1161","2020-06-04",39,13,195,100,6055,0.862262592898431,8250,33188,332,616,8,5452,9,1680,2,9
"1162","2020-06-05",37,13,170,98,6055,0.862262592898431,8250,33188,332,616,9,5461,12,1692,4,12
"1163","2020-06-06",35,13,157,94,6055,0.862262592898431,8250,33188,332,616,6,5467,25,1717,2,25
"1164","2020-06-07",31,13,146,88,6055,0.862262592898431,8250,33188,332,616,7,5474,14,1731,2,14
"1165","2020-03-13",2,14,63,44,6306,0.86615921344751,8280,33870,327,835,35,90,23,58,11,23
"1166","2020-03-14",3,14,69,83,6306,0.86615921344751,8280,33870,327,835,35,125,31,89,17,31
"1167","2020-03-15",3,14,86,109,6306,0.86615921344751,8280,33870,327,835,35,160,21,110,22,21
"1168","2020-03-16",8,14,125,142,6306,0.86615921344751,8280,33870,327,835,44,204,9,119,29,9
"1169","2020-03-17",18,14,130,183,6306,0.86615921344751,8280,33870,327,835,37,241,31,150,24,31
"1170","2020-03-18",27,14,165,239,6306,0.86615921344751,8280,33870,327,835,48,289,52,202,28,52
"1171","2020-03-19",39,14,179,307,6306,0.86615921344751,8280,33870,327,835,66,355,37,239,42,37
"1172","2020-03-20",46,14,172,358,6306,0.86615921344751,8280,33870,327,835,66,421,61,300,49,61
"1173","2020-03-21",61,14,190,419,6306,0.86615921344751,8280,33870,327,835,84,505,54,354,63,54
"1174","2020-03-22",95,14,207,507,6306,0.86615921344751,8280,33870,327,835,73,578,48,402,56,48
"1175","2020-03-23",108,14,197,596,6306,0.86615921344751,8280,33870,327,835,91,669,24,426,71,24
"1176","2020-03-24",110,14,193,678,6306,0.86615921344751,8280,33870,327,835,91,760,15,441,75,15
"1177","2020-03-25",129,14,187,745,6306,0.86615921344751,8280,33870,327,835,87,847,17,458,69,17
"1178","2020-03-26",162,14,185,842,6306,0.86615921344751,8280,33870,327,835,92,939,20,478,75,20
"1179","2020-03-27",228,14,174,930,6306,0.86615921344751,8280,33870,327,835,107,1046,18,496,82,18
"1180","2020-03-28",276,14,149,1007,6306,0.86615921344751,8280,33870,327,835,97,1143,23,519,79,23
"1181","2020-03-29",307,14,136,1089,6306,0.86615921344751,8280,33870,327,835,104,1247,11,530,82,11
"1182","2020-03-30",314,14,138,1167,6306,0.86615921344751,8280,33870,327,835,104,1351,10,540,84,10
"1183","2020-03-31",329,14,127,1224,6306,0.86615921344751,8280,33870,327,835,115,1466,27,567,100,27
"1184","2020-04-01",343,14,137,1284,6306,0.86615921344751,8280,33870,327,835,83,1549,22,589,67,22
"1185","2020-04-02",348,14,140,1370,6306,0.86615921344751,8280,33870,327,835,117,1666,15,604,99,15
"1186","2020-04-03",411,14,146,1429,6306,0.86615921344751,8280,33870,327,835,95,1761,44,648,73,44
"1187","2020-04-04",454,14,142,1469,6306,0.86615921344751,8280,33870,327,835,108,1869,49,697,90,49
"1188","2020-04-05",441,14,163,1517,6306,0.86615921344751,8280,33870,327,835,100,1969,23,720,81,23
"1189","2020-04-06",457,14,171,1546,6306,0.86615921344751,8280,33870,327,835,94,2063,19,739,72,19
"1190","2020-04-07",468,14,194,1596,6306,0.86615921344751,8280,33870,327,835,94,2157,25,764,68,25
"1191","2020-04-08",483,14,197,1637,6306,0.86615921344751,8280,33870,327,835,86,2243,50,814,64,50
"1192","2020-04-09",496,14,221,1684,6306,0.86615921344751,8280,33870,327,835,116,2359,36,850,99,36
"1193","2020-04-10",591,14,225,1653,6306,0.86615921344751,8280,33870,327,835,91,2450,24,874,76,24
"1194","2020-04-11",612,14,210,1677,6306,0.86615921344751,8280,33870,327,835,81,2531,22,896,63,22
"1195","2020-04-12",566,14,205,1685,6306,0.86615921344751,8280,33870,327,835,95,2626,18,914,74,18
"1196","2020-04-13",547,14,185,1674,6306,0.86615921344751,8280,33870,327,835,93,2719,4,918,71,4
"1197","2020-04-14",542,14,174,1651,6306,0.86615921344751,8280,33870,327,835,92,2811,6,924,73,6
"1198","2020-04-15",530,14,152,1623,6306,0.86615921344751,8280,33870,327,835,78,2889,35,959,63,35
"1199","2020-04-16",522,14,147,1581,6306,0.86615921344751,8280,33870,327,835,91,2980,20,979,72,20
"1200","2020-04-17",561,14,188,1520,6306,0.86615921344751,8280,33870,327,835,96,3076,11,990,80,11
"1201","2020-04-18",526,14,216,1478,6306,0.86615921344751,8280,33870,327,835,83,3159,7,997,62,7
"1202","2020-04-19",505,14,233,1408,6306,0.86615921344751,8280,33870,327,835,59,3218,2,999,43,2
"1203","2020-04-20",494,14,259,1359,6306,0.86615921344751,8280,33870,327,835,70,3288,52,1051,54,52
"1204","2020-04-21",479,14,241,1312,6306,0.86615921344751,8280,33870,327,835,89,3377,29,1080,69,29
"1205","2020-04-22",484,14,244,1258,6306,0.86615921344751,8280,33870,327,835,67,3444,49,1129,45,49
"1206","2020-04-23",475,14,235,1208,6306,0.86615921344751,8280,33870,327,835,76,3520,24,1153,63,24
"1207","2020-04-24",438,14,230,1138,6306,0.86615921344751,8280,33870,327,835,77,3597,17,1170,55,17
"1208","2020-04-25",436,14,226,1086,6306,0.86615921344751,8280,33870,327,835,65,3662,13,1183,38,13
"1209","2020-04-26",384,14,211,1061,6306,0.86615921344751,8280,33870,327,835,68,3730,46,1229,50,46
"1210","2020-04-27",371,14,193,1024,6306,0.86615921344751,8280,33870,327,835,69,3799,29,1258,47,29
"1211","2020-04-28",359,14,195,977,6306,0.86615921344751,8280,33870,327,835,76,3875,22,1280,54,22
"1212","2020-04-29",353,14,192,931,6306,0.86615921344751,8280,33870,327,835,43,3918,16,1296,29,16
"1213","2020-04-30",332,14,199,882,6306,0.86615921344751,8280,33870,327,835,70,3988,5,1301,50,5
"1214","2020-05-01",307,14,181,846,6306,0.86615921344751,8280,33870,327,835,51,4039,9,1310,36,9
"1215","2020-05-02",309,14,178,794,6306,0.86615921344751,8280,33870,327,835,43,4082,13,1323,34,13
"1216","2020-05-03",288,14,189,745,6306,0.86615921344751,8280,33870,327,835,55,4137,9,1332,39,9
"1217","2020-05-04",265,14,208,704,6306,0.86615921344751,8280,33870,327,835,60,4197,19,1351,46,19
"1218","2020-05-05",249,14,217,653,6306,0.86615921344751,8280,33870,327,835,41,4238,9,1360,35,9
"1219","2020-05-06",222,14,228,637,6306,0.86615921344751,8280,33870,327,835,41,4279,48,1408,32,48
"1220","2020-05-07",232,14,245,611,6306,0.86615921344751,8280,33870,327,835,59,4338,31,1439,42,31
"1221","2020-05-08",231,14,256,583,6306,0.86615921344751,8280,33870,327,835,42,4380,20,1459,31,20
"1222","2020-05-09",220,14,254,539,6306,0.86615921344751,8280,33870,327,835,34,4414,31,1490,23,31
"1223","2020-05-10",203,14,255,501,6306,0.86615921344751,8280,33870,327,835,57,4471,49,1539,33,49
"1224","2020-05-11",199,14,240,484,6306,0.86615921344751,8280,33870,327,835,39,4510,53,1592,25,53
"1225","2020-05-12",189,14,239,458,6306,0.86615921344751,8280,33870,327,835,38,4548,37,1629,22,37
"1226","2020-05-13",201,14,203,432,6306,0.86615921344751,8280,33870,327,835,44,4592,16,1645,29,16
"1227","2020-05-14",182,14,187,397,6306,0.86615921344751,8280,33870,327,835,44,4636,29,1674,35,29
"1228","2020-05-15",158,14,157,382,6306,0.86615921344751,8280,33870,327,835,40,4676,58,1732,32,58
"1229","2020-05-16",146,14,151,360,6306,0.86615921344751,8280,33870,327,835,31,4707,46,1778,21,46
"1230","2020-05-17",131,14,146,333,6306,0.86615921344751,8280,33870,327,835,41,4748,21,1799,30,21
"1231","2020-05-18",118,14,159,309,6306,0.86615921344751,8280,33870,327,835,27,4775,20,1819,18,20
"1232","2020-05-19",114,14,179,279,6306,0.86615921344751,8280,33870,327,835,27,4802,39,1858,21,39
"1233","2020-05-20",98,14,179,246,6306,0.86615921344751,8280,33870,327,835,36,4838,17,1875,23,17
"1234","2020-05-21",90,14,185,227,6306,0.86615921344751,8280,33870,327,835,33,4871,18,1893,26,18
"1235","2020-05-22",84,14,198,210,6306,0.86615921344751,8280,33870,327,835,43,4914,19,1912,29,19
"1236","2020-05-23",76,14,198,199,6306,0.86615921344751,8280,33870,327,835,30,4944,47,1959,23,47
"1237","2020-05-24",73,14,204,195,6306,0.86615921344751,8280,33870,327,835,31,4975,45,2004,24,45
"1238","2020-05-25",67,14,200,187,6306,0.86615921344751,8280,33870,327,835,26,5001,44,2048,20,44
"1239","2020-05-26",64,14,206,178,6306,0.86615921344751,8280,33870,327,835,22,5023,37,2085,14,37
"1240","2020-05-27",60,14,203,172,6306,0.86615921344751,8280,33870,327,835,27,5050,17,2102,23,17
"1241","2020-05-28",59,14,198,162,6306,0.86615921344751,8280,33870,327,835,18,5068,17,2119,13,17
"1242","2020-05-29",57,14,204,161,6306,0.86615921344751,8280,33870,327,835,22,5090,32,2151,15,32
"1243","2020-05-30",56,14,209,151,6306,0.86615921344751,8280,33870,327,835,17,5107,21,2172,10,21
"1244","2020-05-31",51,14,206,144,6306,0.86615921344751,8280,33870,327,835,14,5121,40,2212,11,40
"1245","2020-06-01",49,14,215,150,6306,0.86615921344751,8280,33870,327,835,22,5143,51,2263,16,51
"1246","2020-06-02",45,14,231,153,6306,0.86615921344751,8280,33870,327,835,18,5161,34,2297,14,34
"1247","2020-06-03",39,14,228,155,6306,0.86615921344751,8280,33870,327,835,20,5181,36,2333,11,36
"1248","2020-06-04",40,14,207,152,6306,0.86615921344751,8280,33870,327,835,16,5197,21,2354,15,21
"1249","2020-06-05",43,14,219,143,6306,0.86615921344751,8280,33870,327,835,19,5216,16,2370,14,16
"1250","2020-06-06",53,14,221,144,6306,0.86615921344751,8280,33870,327,835,12,5228,9,2379,7,9
"1251","2020-06-07",50,14,230,131,6306,0.86615921344751,8280,33870,327,835,14,5242,11,2390,11,11
"1252","2020-03-13",5,15,50,153,6380,0.507210031347962,8370,37043,349,1315,54,143,9,18,9,9
"1253","2020-03-14",14,15,60,213,6380,0.507210031347962,8370,37043,349,1315,45,188,2,20,9,2
"1254","2020-03-15",26,15,99,292,6380,0.507210031347962,8370,37043,349,1315,67,255,2,22,20,2
"1255","2020-03-16",32,15,111,365,6380,0.507210031347962,8370,37043,349,1315,66,321,11,33,21,11
"1256","2020-03-17",37,15,117,439,6380,0.507210031347962,8370,37043,349,1315,61,382,7,40,20,7
"1257","2020-03-18",55,15,165,515,6380,0.507210031347962,8370,37043,349,1315,63,445,16,56,26,16
"1258","2020-03-19",75,15,215,591,6380,0.507210031347962,8370,37043,349,1315,69,514,6,62,21,6
"1259","2020-03-20",123,15,263,644,6380,0.507210031347962,8370,37043,349,1315,66,580,4,66,25,4
"1260","2020-03-21",181,15,267,700,6380,0.507210031347962,8370,37043,349,1315,81,661,27,93,34,27
"1261","2020-03-22",188,15,262,774,6380,0.507210031347962,8370,37043,349,1315,80,741,19,112,38,19
"1262","2020-03-23",197,15,280,841,6380,0.507210031347962,8370,37043,349,1315,84,825,9,121,40,9
"1263","2020-03-24",218,15,268,890,6380,0.507210031347962,8370,37043,349,1315,79,904,9,130,37,9
"1264","2020-03-25",224,15,273,943,6380,0.507210031347962,8370,37043,349,1315,84,988,24,154,36,24
"1265","2020-03-26",235,15,305,992,6380,0.507210031347962,8370,37043,349,1315,100,1088,15,169,43,15
"1266","2020-03-27",290,15,292,1033,6380,0.507210031347962,8370,37043,349,1315,85,1173,25,194,38,25
"1267","2020-03-28",276,15,296,1091,6380,0.507210031347962,8370,37043,349,1315,59,1232,23,217,24,23
"1268","2020-03-29",311,15,316,1105,6380,0.507210031347962,8370,37043,349,1315,96,1328,18,235,57,18
"1269","2020-03-30",319,15,286,1122,6380,0.507210031347962,8370,37043,349,1315,93,1421,21,256,53,21
"1270","2020-03-31",319,15,260,1143,6380,0.507210031347962,8370,37043,349,1315,100,1521,14,270,54,14
"1271","2020-04-01",338,15,282,1158,6380,0.507210031347962,8370,37043,349,1315,77,1598,7,277,41,7
"1272","2020-04-02",355,15,242,1194,6380,0.507210031347962,8370,37043,349,1315,103,1701,29,306,56,29
"1273","2020-04-03",427,15,214,1185,6380,0.507210031347962,8370,37043,349,1315,87,1788,13,319,48,13
"1274","2020-04-04",445,15,192,1181,6380,0.507210031347962,8370,37043,349,1315,84,1872,27,346,45,27
"1275","2020-04-05",400,15,170,1193,6380,0.507210031347962,8370,37043,349,1315,89,1961,9,355,50,9
"1276","2020-04-06",396,15,150,1146,6380,0.507210031347962,8370,37043,349,1315,88,2049,17,372,45,17
"1277","2020-04-07",387,15,131,1140,6380,0.507210031347962,8370,37043,349,1315,89,2138,12,384,45,12
"1278","2020-04-08",380,15,141,1149,6380,0.507210031347962,8370,37043,349,1315,80,2218,19,403,40,19
"1279","2020-04-09",365,15,197,1128,6380,0.507210031347962,8370,37043,349,1315,97,2315,19,422,45,19
"1280","2020-04-10",387,15,191,1121,6380,0.507210031347962,8370,37043,349,1315,83,2398,12,434,36,12
"1281","2020-04-11",372,15,192,1115,6380,0.507210031347962,8370,37043,349,1315,85,2483,27,461,41,27
"1282","2020-04-12",349,15,196,1098,6380,0.507210031347962,8370,37043,349,1315,83,2566,12,473,43,12
"1283","2020-04-13",355,15,199,1101,6380,0.507210031347962,8370,37043,349,1315,77,2643,13,486,29,13
"1284","2020-04-14",346,15,212,1102,6380,0.507210031347962,8370,37043,349,1315,79,2722,14,500,34,14
"1285","2020-04-15",344,15,268,1098,6380,0.507210031347962,8370,37043,349,1315,88,2810,18,518,40,18
"1286","2020-04-16",350,15,241,1105,6380,0.507210031347962,8370,37043,349,1315,93,2903,32,550,52,32
"1287","2020-04-17",324,15,217,1111,6380,0.507210031347962,8370,37043,349,1315,77,2980,14,564,44,14
"1288","2020-04-18",348,15,179,1103,6380,0.507210031347962,8370,37043,349,1315,85,3065,44,608,36,44
"1289","2020-04-19",339,15,153,1106,6380,0.507210031347962,8370,37043,349,1315,79,3144,40,648,34,40
"1290","2020-04-20",324,15,179,1069,6380,0.507210031347962,8370,37043,349,1315,90,3234,23,671,37,23
"1291","2020-04-21",328,15,215,1043,6380,0.507210031347962,8370,37043,349,1315,74,3308,41,712,31,41
"1292","2020-04-22",333,15,264,1041,6380,0.507210031347962,8370,37043,349,1315,71,3379,29,741,38,29
"1293","2020-04-23",327,15,253,1021,6380,0.507210031347962,8370,37043,349,1315,90,3469,23,764,32,23
"1294","2020-04-24",344,15,216,988,6380,0.507210031347962,8370,37043,349,1315,65,3534,16,780,37,16
"1295","2020-04-25",330,15,202,948,6380,0.507210031347962,8370,37043,349,1315,83,3617,10,790,33,10
"1296","2020-04-26",318,15,186,916,6380,0.507210031347962,8370,37043,349,1315,77,3694,16,806,41,16
"1297","2020-04-27",307,15,162,890,6380,0.507210031347962,8370,37043,349,1315,60,3754,28,834,17,28
"1298","2020-04-28",305,15,190,880,6380,0.507210031347962,8370,37043,349,1315,67,3821,21,855,26,21
"1299","2020-04-29",303,15,173,863,6380,0.507210031347962,8370,37043,349,1315,74,3895,37,892,26,37
"1300","2020-04-30",300,15,162,839,6380,0.507210031347962,8370,37043,349,1315,79,3974,34,926,34,34
"1301","2020-05-01",289,15,181,809,6380,0.507210031347962,8370,37043,349,1315,69,4043,13,939,23,13
"1302","2020-05-02",296,15,237,786,6380,0.507210031347962,8370,37043,349,1315,46,4089,11,950,11,11
"1303","2020-05-03",273,15,235,759,6380,0.507210031347962,8370,37043,349,1315,63,4152,36,986,23,36
"1304","2020-05-04",272,15,232,748,6380,0.507210031347962,8370,37043,349,1315,66,4218,36,1022,27,36
"1305","2020-05-05",246,15,248,729,6380,0.507210031347962,8370,37043,349,1315,54,4272,18,1040,22,18
"1306","2020-05-06",232,15,275,714,6380,0.507210031347962,8370,37043,349,1315,57,4329,20,1060,22,20
"1307","2020-05-07",225,15,269,695,6380,0.507210031347962,8370,37043,349,1315,48,4377,33,1093,20,33
"1308","2020-05-08",230,15,252,680,6380,0.507210031347962,8370,37043,349,1315,54,4431,28,1121,20,28
"1309","2020-05-09",215,15,273,672,6380,0.507210031347962,8370,37043,349,1315,48,4479,19,1140,19,19
"1310","2020-05-10",233,15,291,644,6380,0.507210031347962,8370,37043,349,1315,55,4534,14,1154,18,14
"1311","2020-05-11",221,15,300,639,6380,0.507210031347962,8370,37043,349,1315,48,4582,28,1182,14,28
"1312","2020-05-12",211,15,269,623,6380,0.507210031347962,8370,37043,349,1315,44,4626,45,1227,15,45
"1313","2020-05-13",210,15,232,608,6380,0.507210031347962,8370,37043,349,1315,45,4671,26,1253,18,26
"1314","2020-05-14",210,15,212,579,6380,0.507210031347962,8370,37043,349,1315,48,4719,22,1275,17,22
"1315","2020-05-15",202,15,208,565,6380,0.507210031347962,8370,37043,349,1315,36,4755,31,1306,7,31
"1316","2020-05-16",209,15,203,544,6380,0.507210031347962,8370,37043,349,1315,42,4797,23,1329,18,23
"1317","2020-05-17",168,15,200,505,6380,0.507210031347962,8370,37043,349,1315,33,4830,25,1354,10,25
"1318","2020-05-18",162,15,176,489,6380,0.507210031347962,8370,37043,349,1315,50,4880,18,1372,20,18
"1319","2020-05-19",158,15,173,463,6380,0.507210031347962,8370,37043,349,1315,26,4906,16,1388,7,16
"1320","2020-05-20",150,15,201,450,6380,0.507210031347962,8370,37043,349,1315,30,4936,20,1408,10,20
"1321","2020-05-21",140,15,197,432,6380,0.507210031347962,8370,37043,349,1315,24,4960,16,1424,9,16
"1322","2020-05-22",131,15,199,406,6380,0.507210031347962,8370,37043,349,1315,30,4990,14,1438,14,14
"1323","2020-05-23",120,15,185,387,6380,0.507210031347962,8370,37043,349,1315,23,5013,26,1464,8,26
"1324","2020-05-24",121,15,168,370,6380,0.507210031347962,8370,37043,349,1315,21,5034,12,1476,6,12
"1325","2020-05-25",117,15,146,338,6380,0.507210031347962,8370,37043,349,1315,17,5051,13,1489,5,13
"1326","2020-05-26",121,15,140,333,6380,0.507210031347962,8370,37043,349,1315,23,5074,16,1505,7,16
"1327","2020-05-27",121,15,134,320,6380,0.507210031347962,8370,37043,349,1315,27,5101,17,1522,8,17
"1328","2020-05-28",125,15,145,310,6380,0.507210031347962,8370,37043,349,1315,22,5123,12,1534,5,12
"1329","2020-05-29",125,15,188,296,6380,0.507210031347962,8370,37043,349,1315,26,5149,6,1540,5,6
"1330","2020-05-30",123,15,189,289,6380,0.507210031347962,8370,37043,349,1315,14,5163,8,1548,6,8
"1331","2020-05-31",113,15,180,271,6380,0.507210031347962,8370,37043,349,1315,20,5183,7,1555,4,7
"1332","2020-06-01",107,15,214,252,6380,0.507210031347962,8370,37043,349,1315,18,5201,22,1577,4,22
"1333","2020-06-02",95,15,239,241,6380,0.507210031347962,8370,37043,349,1315,16,5217,9,1586,4,9
"1334","2020-06-03",90,15,231,230,6380,0.507210031347962,8370,37043,349,1315,17,5234,19,1605,5,19
"1335","2020-06-04",77,15,254,228,6380,0.507210031347962,8370,37043,349,1315,13,5247,11,1616,2,11
"1336","2020-06-05",77,15,235,227,6380,0.507210031347962,8370,37043,349,1315,18,5265,10,1626,NA,10
"1337","2020-06-06",75,15,204,216,6380,0.507210031347962,8370,37043,349,1315,20,5285,15,1641,5,15
"1338","2020-06-07",68,15,174,208,6380,0.507210031347962,8370,37043,349,1315,10,5295,2,1643,4,2
"1339","2020-03-07",2,16,0,0,6181,0.840964245267756,8220,32605,370,1099,NA,NA,NA,NA,NA,NA
"1340","2020-03-08",2,16,0,0,6181,0.840964245267756,8220,32605,370,1099,NA,NA,NA,NA,NA,NA
"1341","2020-03-09",0,16,0,0,6181,0.840964245267756,8220,32605,370,1099,NA,NA,NA,NA,NA,NA
"1342","2020-03-10",0,16,0,0,6181,0.840964245267756,8220,32605,370,1099,NA,NA,1,1,NA,1
"1343","2020-03-11",0,16,0,0,6181,0.840964245267756,8220,32605,370,1099,29,29,30,31,1,30
"1344","2020-03-12",0,16,0,0,6181,0.840964245267756,8220,32605,370,1099,38,67,43,74,5,43
"1345","2020-03-13",0,16,0,0,6181,0.840964245267756,8220,32605,370,1099,46,113,29,103,9,29
"1346","2020-03-14",7,16,52,51,6181,0.840964245267756,8220,32605,370,1099,47,160,48,151,18,48
"1347","2020-03-15",8,16,68,70,6181,0.840964245267756,8220,32605,370,1099,45,205,42,193,18,42
"1348","2020-03-16",7,16,72,95,6181,0.840964245267756,8220,32605,370,1099,47,252,28,221,19,28
"1349","2020-03-17",8,16,64,125,6181,0.840964245267756,8220,32605,370,1099,41,293,25,246,18,25
"1350","2020-03-18",11,16,68,159,6181,0.840964245267756,8220,32605,370,1099,61,354,30,276,31,30
"1351","2020-03-19",18,16,79,190,6181,0.840964245267756,8220,32605,370,1099,82,436,32,308,49,32
"1352","2020-03-20",29,16,79,228,6181,0.840964245267756,8220,32605,370,1099,72,508,37,345,47,37
"1353","2020-03-21",45,16,78,263,6181,0.840964245267756,8220,32605,370,1099,73,581,26,371,46,26
"1354","2020-03-22",63,16,107,303,6181,0.840964245267756,8220,32605,370,1099,92,673,35,406,59,35
"1355","2020-03-23",67,16,116,350,6181,0.840964245267756,8220,32605,370,1099,102,775,40,446,70,40
"1356","2020-03-24",74,16,143,418,6181,0.840964245267756,8220,32605,370,1099,78,853,55,501,51,55
"1357","2020-03-25",85,16,172,453,6181,0.840964245267756,8220,32605,370,1099,110,963,53,554,80,53
"1358","2020-03-26",102,16,183,501,6181,0.840964245267756,8220,32605,370,1099,101,1064,32,586,60,32
"1359","2020-03-27",142,16,206,584,6181,0.840964245267756,8220,32605,370,1099,110,1174,37,623,81,37
"1360","2020-03-28",175,16,194,644,6181,0.840964245267756,8220,32605,370,1099,128,1302,47,670,94,47
"1361","2020-03-29",179,16,179,728,6181,0.840964245267756,8220,32605,370,1099,117,1419,40,710,94,40
"1362","2020-03-30",198,16,187,797,6181,0.840964245267756,8220,32605,370,1099,116,1535,33,743,82,33
"1363","2020-03-31",206,16,199,879,6181,0.840964245267756,8220,32605,370,1099,132,1667,51,794,97,51
"1364","2020-04-01",227,16,201,963,6181,0.840964245267756,8220,32605,370,1099,126,1793,43,837,88,43
"1365","2020-04-02",243,16,196,1057,6181,0.840964245267756,8220,32605,370,1099,143,1936,32,869,106,32
"1366","2020-04-03",333,16,199,1146,6181,0.840964245267756,8220,32605,370,1099,118,2054,27,896,86,27
"1367","2020-04-04",347,16,197,1220,6181,0.840964245267756,8220,32605,370,1099,120,2174,42,938,90,42
"1368","2020-04-05",371,16,187,1275,6181,0.840964245267756,8220,32605,370,1099,117,2291,52,990,82,52
"1369","2020-04-06",377,16,170,1332,6181,0.840964245267756,8220,32605,370,1099,114,2405,40,1030,83,40
"1370","2020-04-07",396,16,175,1418,6181,0.840964245267756,8220,32605,370,1099,130,2535,54,1084,103,54
"1371","2020-04-08",411,16,172,1519,6181,0.840964245267756,8220,32605,370,1099,105,2640,42,1126,77,42
"1372","2020-04-09",430,16,221,1557,6181,0.840964245267756,8220,32605,370,1099,131,2771,48,1174,95,48
"1373","2020-04-10",526,16,243,1625,6181,0.840964245267756,8220,32605,370,1099,115,2886,45,1219,79,45
"1374","2020-04-11",547,16,232,1674,6181,0.840964245267756,8220,32605,370,1099,115,3001,54,1273,88,54
"1375","2020-04-12",505,16,232,1703,6181,0.840964245267756,8220,32605,370,1099,113,3114,56,1329,89,56
"1376","2020-04-13",507,16,234,1710,6181,0.840964245267756,8220,32605,370,1099,97,3211,38,1367,69,38
"1377","2020-04-14",520,16,224,1731,6181,0.840964245267756,8220,32605,370,1099,88,3299,43,1410,57,43
"1378","2020-04-15",536,16,229,1724,6181,0.840964245267756,8220,32605,370,1099,91,3390,33,1443,72,33
"1379","2020-04-16",541,16,236,1713,6181,0.840964245267756,8220,32605,370,1099,86,3476,37,1480,61,37
"1380","2020-04-17",615,16,238,1700,6181,0.840964245267756,8220,32605,370,1099,92,3568,32,1512,62,32
"1381","2020-04-18",612,16,225,1740,6181,0.840964245267756,8220,32605,370,1099,87,3655,33,1545,53,33
"1382","2020-04-19",567,16,207,1713,6181,0.840964245267756,8220,32605,370,1099,77,3732,42,1587,48,42
"1383","2020-04-20",570,16,197,1674,6181,0.840964245267756,8220,32605,370,1099,86,3818,51,1638,59,51
"1384","2020-04-21",559,16,190,1670,6181,0.840964245267756,8220,32605,370,1099,84,3902,53,1691,62,53
"1385","2020-04-22",554,16,186,1606,6181,0.840964245267756,8220,32605,370,1099,84,3986,47,1738,63,47
"1386","2020-04-23",549,16,179,1536,6181,0.840964245267756,8220,32605,370,1099,86,4072,52,1790,53,52
"1387","2020-04-24",550,16,192,1503,6181,0.840964245267756,8220,32605,370,1099,85,4157,34,1824,57,34
"1388","2020-04-25",550,16,193,1443,6181,0.840964245267756,8220,32605,370,1099,86,4243,45,1869,61,45
"1389","2020-04-26",527,16,218,1380,6181,0.840964245267756,8220,32605,370,1099,74,4317,31,1900,44,31
"1390","2020-04-27",508,16,204,1312,6181,0.840964245267756,8220,32605,370,1099,60,4377,65,1965,40,65
"1391","2020-04-28",486,16,205,1262,6181,0.840964245267756,8220,32605,370,1099,63,4440,36,2001,39,36
"1392","2020-04-29",462,16,192,1209,6181,0.840964245267756,8220,32605,370,1099,55,4495,40,2041,33,40
"1393","2020-04-30",447,16,226,1143,6181,0.840964245267756,8220,32605,370,1099,62,4557,51,2092,39,51
"1394","2020-05-01",382,16,207,1065,6181,0.840964245267756,8220,32605,370,1099,62,4619,34,2126,37,34
"1395","2020-05-02",372,16,246,1009,6181,0.840964245267756,8220,32605,370,1099,53,4672,27,2153,31,27
"1396","2020-05-03",353,16,237,927,6181,0.840964245267756,8220,32605,370,1099,65,4737,49,2202,33,49
"1397","2020-05-04",343,16,221,857,6181,0.840964245267756,8220,32605,370,1099,58,4795,45,2247,29,45
"1398","2020-05-05",321,16,203,809,6181,0.840964245267756,8220,32605,370,1099,51,4846,39,2286,28,39
"1399","2020-05-06",313,16,207,768,6181,0.840964245267756,8220,32605,370,1099,45,4891,77,2363,26,77
"1400","2020-05-07",297,16,228,704,6181,0.840964245267756,8220,32605,370,1099,47,4938,49,2412,30,49
"1401","2020-05-08",276,16,210,633,6181,0.840964245267756,8220,32605,370,1099,46,4984,37,2449,31,37
"1402","2020-05-09",254,16,211,575,6181,0.840964245267756,8220,32605,370,1099,46,5030,31,2480,22,31
"1403","2020-05-10",205,16,218,554,6181,0.840964245267756,8220,32605,370,1099,44,5074,42,2522,24,42
"1404","2020-05-11",185,16,222,530,6181,0.840964245267756,8220,32605,370,1099,38,5112,38,2560,17,38
"1405","2020-05-12",187,16,241,494,6181,0.840964245267756,8220,32605,370,1099,34,5146,35,2595,21,35
"1406","2020-05-13",176,16,237,448,6181,0.840964245267756,8220,32605,370,1099,26,5172,40,2635,15,40
"1407","2020-05-14",165,16,241,418,6181,0.840964245267756,8220,32605,370,1099,34,5206,35,2670,19,35
"1408","2020-05-15",147,16,235,391,6181,0.840964245267756,8220,32605,370,1099,27,5233,29,2699,13,29
"1409","2020-05-16",139,16,263,374,6181,0.840964245267756,8220,32605,370,1099,28,5261,26,2725,12,26
"1410","2020-05-17",131,16,247,336,6181,0.840964245267756,8220,32605,370,1099,31,5292,28,2753,15,28
"1411","2020-05-18",125,16,232,310,6181,0.840964245267756,8220,32605,370,1099,20,5312,28,2781,8,28
"1412","2020-05-19",109,16,228,271,6181,0.840964245267756,8220,32605,370,1099,32,5344,36,2817,16,36
"1413","2020-05-20",99,16,216,257,6181,0.840964245267756,8220,32605,370,1099,19,5363,60,2877,12,60
"1414","2020-05-21",93,16,223,238,6181,0.840964245267756,8220,32605,370,1099,20,5383,42,2919,8,42
"1415","2020-05-22",83,16,204,220,6181,0.840964245267756,8220,32605,370,1099,17,5400,40,2959,7,40
"1416","2020-05-23",75,16,190,199,6181,0.840964245267756,8220,32605,370,1099,21,5421,52,3011,10,52
"1417","2020-05-24",82,16,177,186,6181,0.840964245267756,8220,32605,370,1099,20,5441,35,3046,8,35
"1418","2020-05-25",78,16,181,173,6181,0.840964245267756,8220,32605,370,1099,12,5453,39,3085,6,39
"1419","2020-05-26",71,16,184,160,6181,0.840964245267756,8220,32605,370,1099,24,5477,63,3148,9,63
"1420","2020-05-27",66,16,182,156,6181,0.840964245267756,8220,32605,370,1099,21,5498,33,3181,8,33
"1421","2020-05-28",61,16,178,142,6181,0.840964245267756,8220,32605,370,1099,13,5511,40,3221,5,40
"1422","2020-05-29",58,16,186,139,6181,0.840964245267756,8220,32605,370,1099,11,5522,48,3269,7,48
"1423","2020-05-30",70,16,183,128,6181,0.840964245267756,8220,32605,370,1099,17,5539,40,3309,7,40
"1424","2020-05-31",56,16,190,116,6181,0.840964245267756,8220,32605,370,1099,25,5564,36,3345,10,36
"1425","2020-06-01",46,16,187,102,6181,0.840964245267756,8220,32605,370,1099,12,5576,35,3380,5,35
"1426","2020-06-02",44,16,205,87,6181,0.840964245267756,8220,32605,370,1099,11,5587,44,3424,6,44
"1427","2020-06-03",44,16,193,85,6181,0.840964245267756,8220,32605,370,1099,16,5603,48,3472,8,48
"1428","2020-06-04",40,16,192,81,6181,0.840964245267756,8220,32605,370,1099,20,5623,45,3517,7,45
"1429","2020-06-05",41,16,197,74,6181,0.840964245267756,8220,32605,370,1099,12,5635,27,3544,6,27
"1430","2020-06-06",29,16,200,65,6181,0.840964245267756,8220,32605,370,1099,10,5645,23,3567,4,23
"1431","2020-06-07",25,16,193,62,6181,0.840964245267756,8220,32605,370,1099,11,5656,37,3604,7,37
"1432","2020-03-07",1,17,0,0,5825,0.661115879828326,8340,33930,316,953,NA,NA,NA,NA,NA,NA
"1433","2020-03-08",1,17,0,0,5825,0.661115879828326,8340,33930,316,953,NA,NA,NA,NA,NA,NA
"1434","2020-03-09",0,17,0,0,5825,0.661115879828326,8340,33930,316,953,NA,NA,NA,NA,NA,NA
"1435","2020-03-10",0,17,0,0,5825,0.661115879828326,8340,33930,316,953,NA,NA,1,1,NA,1
"1436","2020-03-11",0,17,0,0,5825,0.661115879828326,8340,33930,316,953,9,9,19,20,5,19
"1437","2020-03-12",0,17,0,0,5825,0.661115879828326,8340,33930,316,953,9,18,10,30,5,10
"1438","2020-03-13",0,17,0,0,5825,0.661115879828326,8340,33930,316,953,21,39,17,47,13,17
"1439","2020-03-14",7,17,146,126,5825,0.661115879828326,8340,33930,316,953,15,54,7,54,11,7
"1440","2020-03-15",12,17,146,165,5825,0.661115879828326,8340,33930,316,953,21,75,12,66,17,12
"1441","2020-03-16",15,17,157,203,5825,0.661115879828326,8340,33930,316,953,27,102,13,79,21,13
"1442","2020-03-17",26,17,189,246,5825,0.661115879828326,8340,33930,316,953,34,136,7,86,30,7
"1443","2020-03-18",35,17,186,295,5825,0.661115879828326,8340,33930,316,953,40,176,5,91,32,5
"1444","2020-03-19",48,17,163,352,5825,0.661115879828326,8340,33930,316,953,34,210,5,96,30,5
"1445","2020-03-20",64,17,162,400,5825,0.661115879828326,8340,33930,316,953,39,249,4,100,35,4
"1446","2020-03-21",102,17,164,460,5825,0.661115879828326,8340,33930,316,953,43,292,7,107,39,7
"1447","2020-03-22",117,17,165,530,5825,0.661115879828326,8340,33930,316,953,49,341,22,129,43,22
"1448","2020-03-23",121,17,156,589,5825,0.661115879828326,8340,33930,316,953,60,401,14,143,54,14
"1449","2020-03-24",139,17,130,643,5825,0.661115879828326,8340,33930,316,953,76,477,22,165,71,22
"1450","2020-03-25",154,17,119,705,5825,0.661115879828326,8340,33930,316,953,73,550,33,198,70,33
"1451","2020-03-26",165,17,107,749,5825,0.661115879828326,8340,33930,316,953,83,633,30,228,77,30
"1452","2020-03-27",223,17,95,787,5825,0.661115879828326,8340,33930,316,953,94,727,16,244,91,16
"1453","2020-03-28",218,17,99,851,5825,0.661115879828326,8340,33930,316,953,80,807,11,255,76,11
"1454","2020-03-29",265,17,124,910,5825,0.661115879828326,8340,33930,316,953,110,917,12,267,107,12
"1455","2020-03-30",275,17,165,941,5825,0.661115879828326,8340,33930,316,953,106,1023,26,293,100,26
"1456","2020-03-31",260,17,160,992,5825,0.661115879828326,8340,33930,316,953,148,1171,30,323,143,30
"1457","2020-04-01",271,17,181,1026,5825,0.661115879828326,8340,33930,316,953,126,1297,18,341,123,18
"1458","2020-04-02",286,17,178,1070,5825,0.661115879828326,8340,33930,316,953,134,1431,25,366,126,25
"1459","2020-04-03",358,17,155,1113,5825,0.661115879828326,8340,33930,316,953,166,1597,16,382,162,16
"1460","2020-04-04",373,17,158,1169,5825,0.661115879828326,8340,33930,316,953,159,1756,5,387,157,5
"1461","2020-04-05",340,17,194,1184,5825,0.661115879828326,8340,33930,316,953,112,1868,23,410,107,23
"1462","2020-04-06",355,17,223,1197,5825,0.661115879828326,8340,33930,316,953,155,2023,44,454,151,44
"1463","2020-04-07",375,17,212,1241,5825,0.661115879828326,8340,33930,316,953,161,2184,37,491,155,37
"1464","2020-04-08",385,17,206,1256,5825,0.661115879828326,8340,33930,316,953,167,2351,46,537,164,46
"1465","2020-04-09",385,17,216,1261,5825,0.661115879828326,8340,33930,316,953,133,2484,50,587,128,50
"1466","2020-04-10",425,17,194,1241,5825,0.661115879828326,8340,33930,316,953,190,2674,53,640,183,53
"1467","2020-04-11",467,17,171,1262,5825,0.661115879828326,8340,33930,316,953,144,2818,44,684,140,44
"1468","2020-04-12",442,17,152,1278,5825,0.661115879828326,8340,33930,316,953,178,2996,21,705,171,21
"1469","2020-04-13",433,17,141,1286,5825,0.661115879828326,8340,33930,316,953,162,3158,33,738,155,33
"1470","2020-04-14",430,17,138,1308,5825,0.661115879828326,8340,33930,316,953,177,3335,47,785,167,47
"1471","2020-04-15",432,17,187,1268,5825,0.661115879828326,8340,33930,316,953,159,3494,44,829,154,44
"1472","2020-04-16",443,17,194,1246,5825,0.661115879828326,8340,33930,316,953,179,3673,37,866,174,37
"1473","2020-04-17",470,17,180,1272,5825,0.661115879828326,8340,33930,316,953,167,3840,23,889,159,23
"1474","2020-04-18",442,17,189,1233,5825,0.661115879828326,8340,33930,316,953,144,3984,37,926,143,37
"1475","2020-04-19",410,17,201,1231,5825,0.661115879828326,8340,33930,316,953,124,4108,22,948,120,22
"1476","2020-04-20",398,17,200,1215,5825,0.661115879828326,8340,33930,316,953,135,4243,19,967,130,19
"1477","2020-04-21",388,17,192,1188,5825,0.661115879828326,8340,33930,316,953,148,4391,7,974,142,7
"1478","2020-04-22",384,17,189,1185,5825,0.661115879828326,8340,33930,316,953,152,4543,12,986,144,12
"1479","2020-04-23",378,17,165,1156,5825,0.661115879828326,8340,33930,316,953,86,4629,50,1036,81,50
"1480","2020-04-24",387,17,173,1106,5825,0.661115879828326,8340,33930,316,953,72,4701,64,1100,72,64
"1481","2020-04-25",393,17,188,1056,5825,0.661115879828326,8340,33930,316,953,92,4793,34,1134,87,34
"1482","2020-04-26",366,17,217,1020,5825,0.661115879828326,8340,33930,316,953,92,4885,45,1179,84,45
"1483","2020-04-27",362,17,200,996,5825,0.661115879828326,8340,33930,316,953,64,4949,26,1205,58,26
"1484","2020-04-28",344,17,205,972,5825,0.661115879828326,8340,33930,316,953,94,5043,21,1226,87,21
"1485","2020-04-29",335,17,226,929,5825,0.661115879828326,8340,33930,316,953,78,5121,53,1279,71,53
"1486","2020-04-30",326,17,224,892,5825,0.661115879828326,8340,33930,316,953,52,5173,58,1337,48,58
"1487","2020-05-01",311,17,201,880,5825,0.661115879828326,8340,33930,316,953,73,5246,26,1363,69,26
"1488","2020-05-02",313,17,178,823,5825,0.661115879828326,8340,33930,316,953,48,5294,24,1387,44,24
"1489","2020-05-03",291,17,167,762,5825,0.661115879828326,8340,33930,316,953,40,5334,14,1401,40,14
"1490","2020-05-04",281,17,146,710,5825,0.661115879828326,8340,33930,316,953,45,5379,8,1409,44,8
"1491","2020-05-05",277,17,140,682,5825,0.661115879828326,8340,33930,316,953,35,5414,51,1460,34,51
"1492","2020-05-06",254,17,134,638,5825,0.661115879828326,8340,33930,316,953,34,5448,43,1503,31,43
"1493","2020-05-07",243,17,130,619,5825,0.661115879828326,8340,33930,316,953,38,5486,28,1531,36,28
"1494","2020-05-08",220,17,131,612,5825,0.661115879828326,8340,33930,316,953,28,5514,31,1562,27,31
"1495","2020-05-09",214,17,182,592,5825,0.661115879828326,8340,33930,316,953,27,5541,20,1582,23,20
"1496","2020-05-10",187,17,202,567,5825,0.661115879828326,8340,33930,316,953,21,5562,53,1635,21,53
"1497","2020-05-11",176,17,205,543,5825,0.661115879828326,8340,33930,316,953,24,5586,35,1670,21,35
"1498","2020-05-12",170,17,240,531,5825,0.661115879828326,8340,33930,316,953,20,5606,20,1690,18,20
"1499","2020-05-13",177,17,222,508,5825,0.661115879828326,8340,33930,316,953,19,5625,27,1717,16,27
"1500","2020-05-14",169,17,199,480,5825,0.661115879828326,8340,33930,316,953,21,5646,46,1763,20,46
"1501","2020-05-15",162,17,207,432,5825,0.661115879828326,8340,33930,316,953,20,5666,23,1786,15,23
"1502","2020-05-16",145,17,177,408,5825,0.661115879828326,8340,33930,316,953,9,5675,24,1810,9,24
"1503","2020-05-17",144,17,178,378,5825,0.661115879828326,8340,33930,316,953,16,5691,25,1835,16,25
"1504","2020-05-18",135,17,163,358,5825,0.661115879828326,8340,33930,316,953,10,5701,31,1866,9,31
"1505","2020-05-19",123,17,149,330,5825,0.661115879828326,8340,33930,316,953,12,5713,20,1886,10,20
"1506","2020-05-20",122,17,182,316,5825,0.661115879828326,8340,33930,316,953,13,5726,11,1897,9,11
"1507","2020-05-21",117,17,195,309,5825,0.661115879828326,8340,33930,316,953,19,5745,39,1936,14,39
"1508","2020-05-22",112,17,196,299,5825,0.661115879828326,8340,33930,316,953,11,5756,19,1955,10,19
"1509","2020-05-23",102,17,187,276,5825,0.661115879828326,8340,33930,316,953,12,5768,47,2002,8,47
"1510","2020-05-24",92,17,177,268,5825,0.661115879828326,8340,33930,316,953,8,5776,19,2021,6,19
"1511","2020-05-25",85,17,152,258,5825,0.661115879828326,8340,33930,316,953,11,5787,40,2061,9,40
"1512","2020-05-26",88,17,134,250,5825,0.661115879828326,8340,33930,316,953,14,5801,27,2088,13,27
"1513","2020-05-27",78,17,128,237,5825,0.661115879828326,8340,33930,316,953,14,5815,27,2115,13,27
"1514","2020-05-28",75,17,117,226,5825,0.661115879828326,8340,33930,316,953,11,5826,51,2166,8,51
"1515","2020-05-29",73,17,138,214,5825,0.661115879828326,8340,33930,316,953,9,5835,47,2213,6,47
"1516","2020-05-30",74,17,153,201,5825,0.661115879828326,8340,33930,316,953,6,5841,30,2243,4,30
"1517","2020-05-31",73,17,152,197,5825,0.661115879828326,8340,33930,316,953,12,5853,16,2259,12,16
"1518","2020-06-01",76,17,141,184,5825,0.661115879828326,8340,33930,316,953,6,5859,13,2272,6,13
"1519","2020-06-02",64,17,131,178,5825,0.661115879828326,8340,33930,316,953,5,5864,27,2299,4,27
"1520","2020-06-03",62,17,132,163,5825,0.661115879828326,8340,33930,316,953,6,5870,18,2317,4,18
"1521","2020-06-04",57,17,145,160,5825,0.661115879828326,8340,33930,316,953,3,5873,13,2330,3,13
"1522","2020-06-05",64,17,152,161,5825,0.661115879828326,8340,33930,316,953,8,5881,11,2341,5,11
"1523","2020-06-06",62,17,170,151,5825,0.661115879828326,8340,33930,316,953,2,5883,16,2357,1,16
"1524","2020-06-07",55,17,158,145,5825,0.661115879828326,8340,33930,316,953,5,5888,19,2376,5,19
"1525","2020-03-13",2,18,95,40,5844,0.831964407939767,8385,33209,254,1029,8,21,5,26,2,5
"1526","2020-03-14",5,18,91,63,5844,0.831964407939767,8385,33209,254,1029,13,34,20,46,3,20
"1527","2020-03-15",6,18,96,95,5844,0.831964407939767,8385,33209,254,1029,16,50,32,78,8,32
"1528","2020-03-16",7,18,81,117,5844,0.831964407939767,8385,33209,254,1029,21,71,27,105,14,27
"1529","2020-03-17",10,18,82,155,5844,0.831964407939767,8385,33209,254,1029,26,97,21,126,15,21
"1530","2020-03-18",17,18,105,197,5844,0.831964407939767,8385,33209,254,1029,36,133,10,136,26,10
"1531","2020-03-19",23,18,107,233,5844,0.831964407939767,8385,33209,254,1029,21,154,11,147,16,11
"1532","2020-03-20",31,18,86,269,5844,0.831964407939767,8385,33209,254,1029,41,195,17,164,30,17
"1533","2020-03-21",46,18,99,308,5844,0.831964407939767,8385,33209,254,1029,57,252,17,181,47,17
"1534","2020-03-22",78,18,130,373,5844,0.831964407939767,8385,33209,254,1029,44,296,27,208,36,27
"1535","2020-03-23",82,18,144,422,5844,0.831964407939767,8385,33209,254,1029,44,340,18,226,37,18
"1536","2020-03-24",90,18,179,461,5844,0.831964407939767,8385,33209,254,1029,62,402,39,265,55,39
"1537","2020-03-25",98,18,194,495,5844,0.831964407939767,8385,33209,254,1029,60,462,24,289,55,24
"1538","2020-03-26",103,18,182,557,5844,0.831964407939767,8385,33209,254,1029,78,540,21,310,71,21
"1539","2020-03-27",132,18,169,631,5844,0.831964407939767,8385,33209,254,1029,70,610,12,322,64,12
"1540","2020-03-28",204,18,183,697,5844,0.831964407939767,8385,33209,254,1029,99,709,6,328,92,6
"1541","2020-03-29",200,18,176,767,5844,0.831964407939767,8385,33209,254,1029,82,791,5,333,75,5
"1542","2020-03-30",194,18,153,818,5844,0.831964407939767,8385,33209,254,1029,99,890,15,348,93,15
"1543","2020-03-31",206,18,126,860,5844,0.831964407939767,8385,33209,254,1029,144,1034,21,369,135,21
"1544","2020-04-01",228,18,116,944,5844,0.831964407939767,8385,33209,254,1029,108,1142,36,405,103,36
"1545","2020-04-02",246,18,129,1032,5844,0.831964407939767,8385,33209,254,1029,132,1274,29,434,124,29
"1546","2020-04-03",342,18,152,1118,5844,0.831964407939767,8385,33209,254,1029,135,1409,54,488,123,54
"1547","2020-04-04",346,18,153,1199,5844,0.831964407939767,8385,33209,254,1029,133,1542,47,535,130,47
"1548","2020-04-05",344,18,149,1252,5844,0.831964407939767,8385,33209,254,1029,128,1670,50,585,117,50
"1549","2020-04-06",340,18,185,1320,5844,0.831964407939767,8385,33209,254,1029,169,1839,48,633,162,48
"1550","2020-04-07",344,18,212,1360,5844,0.831964407939767,8385,33209,254,1029,137,1976,47,680,129,47
"1551","2020-04-08",359,18,206,1444,5844,0.831964407939767,8385,33209,254,1029,170,2146,27,707,159,27
"1552","2020-04-09",382,18,179,1481,5844,0.831964407939767,8385,33209,254,1029,176,2322,34,741,167,34
"1553","2020-04-10",501,18,227,1530,5844,0.831964407939767,8385,33209,254,1029,211,2533,31,772,205,31
"1554","2020-04-11",525,18,226,1544,5844,0.831964407939767,8385,33209,254,1029,177,2710,46,818,171,46
"1555","2020-04-12",499,18,198,1566,5844,0.831964407939767,8385,33209,254,1029,183,2893,49,867,176,49
"1556","2020-04-13",495,18,188,1584,5844,0.831964407939767,8385,33209,254,1029,157,3050,36,903,149,36
"1557","2020-04-14",513,18,215,1577,5844,0.831964407939767,8385,33209,254,1029,247,3297,25,928,238,25
"1558","2020-04-15",519,18,234,1565,5844,0.831964407939767,8385,33209,254,1029,175,3472,26,954,169,26
"1559","2020-04-16",529,18,224,1555,5844,0.831964407939767,8385,33209,254,1029,188,3660,14,968,180,14
"1560","2020-04-17",533,18,245,1523,5844,0.831964407939767,8385,33209,254,1029,140,3800,23,991,134,23
"1561","2020-04-18",518,18,273,1509,5844,0.831964407939767,8385,33209,254,1029,140,3940,19,1010,134,19
"1562","2020-04-19",485,18,295,1470,5844,0.831964407939767,8385,33209,254,1029,185,4125,8,1018,176,8
"1563","2020-04-20",491,18,296,1448,5844,0.831964407939767,8385,33209,254,1029,125,4250,45,1063,121,45
"1564","2020-04-21",480,18,307,1408,5844,0.831964407939767,8385,33209,254,1029,158,4408,17,1080,152,17
"1565","2020-04-22",480,18,288,1362,5844,0.831964407939767,8385,33209,254,1029,161,4569,10,1090,156,10
"1566","2020-04-23",460,18,297,1310,5844,0.831964407939767,8385,33209,254,1029,121,4690,14,1104,115,14
"1567","2020-04-24",451,18,261,1259,5844,0.831964407939767,8385,33209,254,1029,124,4814,38,1142,120,38
"1568","2020-04-25",457,18,235,1201,5844,0.831964407939767,8385,33209,254,1029,91,4905,61,1203,81,61
"1569","2020-04-26",401,18,233,1179,5844,0.831964407939767,8385,33209,254,1029,125,5030,55,1258,118,55
"1570","2020-04-27",397,18,230,1110,5844,0.831964407939767,8385,33209,254,1029,102,5132,35,1293,98,35
"1571","2020-04-28",401,18,220,1066,5844,0.831964407939767,8385,33209,254,1029,104,5236,47,1340,98,47
"1572","2020-04-29",380,18,241,1015,5844,0.831964407939767,8385,33209,254,1029,81,5317,27,1367,78,27
"1573","2020-04-30",381,18,263,967,5844,0.831964407939767,8385,33209,254,1029,77,5394,21,1388,71,21
"1574","2020-05-01",359,18,238,915,5844,0.831964407939767,8385,33209,254,1029,57,5451,15,1403,54,15
"1575","2020-05-02",354,18,218,857,5844,0.831964407939767,8385,33209,254,1029,60,5511,19,1422,57,19
"1576","2020-05-03",336,18,229,807,5844,0.831964407939767,8385,33209,254,1029,49,5560,9,1431,43,9
"1577","2020-05-04",316,18,209,763,5844,0.831964407939767,8385,33209,254,1029,37,5597,10,1441,34,10
"1578","2020-05-05",293,18,232,720,5844,0.831964407939767,8385,33209,254,1029,48,5645,39,1480,42,39
"1579","2020-05-06",276,18,235,676,5844,0.831964407939767,8385,33209,254,1029,28,5673,39,1519,19,39
"1580","2020-05-07",253,18,219,651,5844,0.831964407939767,8385,33209,254,1029,36,5709,25,1544,33,25
"1581","2020-05-08",237,18,199,622,5844,0.831964407939767,8385,33209,254,1029,29,5738,16,1560,19,16
"1582","2020-05-09",215,18,219,589,5844,0.831964407939767,8385,33209,254,1029,19,5757,16,1576,16,16
"1583","2020-05-10",182,18,235,551,5844,0.831964407939767,8385,33209,254,1029,25,5782,8,1584,22,8
"1584","2020-05-11",171,18,253,516,5844,0.831964407939767,8385,33209,254,1029,13,5795,17,1601,10,17
"1585","2020-05-12",158,18,247,480,5844,0.831964407939767,8385,33209,254,1029,21,5816,50,1651,13,50
"1586","2020-05-13",160,18,244,439,5844,0.831964407939767,8385,33209,254,1029,19,5835,54,1705,16,54
"1587","2020-05-14",159,18,216,413,5844,0.831964407939767,8385,33209,254,1029,12,5847,39,1744,9,39
"1588","2020-05-15",146,18,187,378,5844,0.831964407939767,8385,33209,254,1029,17,5864,33,1777,13,33
"1589","2020-05-16",159,18,153,367,5844,0.831964407939767,8385,33209,254,1029,10,5874,26,1803,10,26
"1590","2020-05-17",147,18,143,350,5844,0.831964407939767,8385,33209,254,1029,14,5888,34,1837,11,34
"1591","2020-05-18",138,18,184,329,5844,0.831964407939767,8385,33209,254,1029,10,5898,44,1881,9,44
"1592","2020-05-19",129,18,207,310,5844,0.831964407939767,8385,33209,254,1029,12,5910,38,1919,10,38
"1593","2020-05-20",118,18,180,284,5844,0.831964407939767,8385,33209,254,1029,5,5915,25,1944,4,25
"1594","2020-05-21",106,18,173,271,5844,0.831964407939767,8385,33209,254,1029,6,5921,25,1969,3,25
"1595","2020-05-22",104,18,162,251,5844,0.831964407939767,8385,33209,254,1029,4,5925,15,1984,3,15
"1596","2020-05-23",82,18,158,237,5844,0.831964407939767,8385,33209,254,1029,7,5932,17,2001,6,17
"1597","2020-05-24",82,18,138,222,5844,0.831964407939767,8385,33209,254,1029,7,5939,38,2039,6,38
"1598","2020-05-25",76,18,139,207,5844,0.831964407939767,8385,33209,254,1029,1,5940,22,2061,1,22
"1599","2020-05-26",70,18,153,193,5844,0.831964407939767,8385,33209,254,1029,4,5944,19,2080,2,19
"1600","2020-05-27",65,18,174,183,5844,0.831964407939767,8385,33209,254,1029,8,5952,30,2110,5,30
"1601","2020-05-28",65,18,195,164,5844,0.831964407939767,8385,33209,254,1029,1,5953,37,2147,1,37
"1602","2020-05-29",65,18,204,160,5844,0.831964407939767,8385,33209,254,1029,4,5957,43,2190,3,43
"1603","2020-05-30",61,18,181,148,5844,0.831964407939767,8385,33209,254,1029,6,5963,25,2215,4,25
"1604","2020-05-31",55,18,197,138,5844,0.831964407939767,8385,33209,254,1029,6,5969,13,2228,3,13
"1605","2020-06-01",46,18,186,127,5844,0.831964407939767,8385,33209,254,1029,1,5970,11,2239,1,11
"1606","2020-06-02",49,18,183,123,5844,0.831964407939767,8385,33209,254,1029,4,5974,6,2245,2,6
"1607","2020-06-03",44,18,179,118,5844,0.831964407939767,8385,33209,254,1029,3,5977,6,2251,3,6
"1608","2020-06-04",42,18,165,115,5844,0.831964407939767,8385,33209,254,1029,3,5980,2,2253,NA,2
"1609","2020-06-05",38,18,145,100,5844,0.831964407939767,8385,33209,254,1029,4,5984,3,2256,3,3
"1610","2020-06-06",40,18,129,98,5844,0.831964407939767,8385,33209,254,1029,2,5986,1,2257,NA,1
"1611","2020-06-07",32,18,114,96,5844,0.831964407939767,8385,33209,254,1029,1,5987,4,2261,1,4
"1612","2020-03-13",2,19,23,92,4609,0.528748101540464,8190,31120,248,721,46,112,29,83,8,29
"1613","2020-03-14",7,19,26,119,4609,0.528748101540464,8190,31120,248,721,31,143,14,97,10,14
"1614","2020-03-15",16,19,29,156,4609,0.528748101540464,8190,31120,248,721,43,186,4,101,20,4
"1615","2020-03-16",26,19,35,185,4609,0.528748101540464,8190,31120,248,721,57,243,8,109,31,8
"1616","2020-03-17",27,19,56,206,4609,0.528748101540464,8190,31120,248,721,61,304,5,114,35,5
"1617","2020-03-18",35,19,60,240,4609,0.528748101540464,8190,31120,248,721,78,382,7,121,54,7
"1618","2020-03-19",46,19,68,281,4609,0.528748101540464,8190,31120,248,721,72,454,34,155,50,34
"1619","2020-03-20",66,19,61,317,4609,0.528748101540464,8190,31120,248,721,102,556,37,192,79,37
"1620","2020-03-21",65,19,67,348,4609,0.528748101540464,8190,31120,248,721,100,656,47,239,76,47
"1621","2020-03-22",86,19,79,387,4609,0.528748101540464,8190,31120,248,721,126,782,23,262,89,23
"1622","2020-03-23",86,19,88,420,4609,0.528748101540464,8190,31120,248,721,130,912,34,296,114,34
"1623","2020-03-24",89,19,91,440,4609,0.528748101540464,8190,31120,248,721,122,1034,19,315,100,19
"1624","2020-03-25",102,19,90,471,4609,0.528748101540464,8190,31120,248,721,149,1183,13,328,121,13
"1625","2020-03-26",111,19,103,495,4609,0.528748101540464,8190,31120,248,721,181,1364,15,343,155,15
"1626","2020-03-27",129,19,111,528,4609,0.528748101540464,8190,31120,248,721,157,1521,20,363,132,20
"1627","2020-03-28",164,19,106,568,4609,0.528748101540464,8190,31120,248,721,183,1704,35,398,156,35
"1628","2020-03-29",173,19,104,586,4609,0.528748101540464,8190,31120,248,721,186,1890,56,454,163,56
"1629","2020-03-30",184,19,110,612,4609,0.528748101540464,8190,31120,248,721,176,2066,61,515,152,61
"1630","2020-03-31",184,19,139,628,4609,0.528748101540464,8190,31120,248,721,179,2245,28,543,149,28
"1631","2020-04-01",185,19,156,643,4609,0.528748101540464,8190,31120,248,721,185,2430,39,582,153,39
"1632","2020-04-02",192,19,149,675,4609,0.528748101540464,8190,31120,248,721,180,2610,21,603,158,21
"1633","2020-04-03",231,19,150,693,4609,0.528748101540464,8190,31120,248,721,195,2805,19,622,173,19
"1634","2020-04-04",252,19,169,715,4609,0.528748101540464,8190,31120,248,721,157,2962,14,636,128,14
"1635","2020-04-05",226,19,188,737,4609,0.528748101540464,8190,31120,248,721,187,3149,10,646,155,10
"1636","2020-04-06",220,19,204,764,4609,0.528748101540464,8190,31120,248,721,212,3361,12,658,195,12
"1637","2020-04-07",226,19,198,797,4609,0.528748101540464,8190,31120,248,721,140,3501,23,681,121,23
"1638","2020-04-08",236,19,192,813,4609,0.528748101540464,8190,31120,248,721,188,3689,48,729,163,48
"1639","2020-04-09",228,19,197,812,4609,0.528748101540464,8190,31120,248,721,151,3840,29,758,133,29
"1640","2020-04-10",247,19,192,801,4609,0.528748101540464,8190,31120,248,721,140,3980,23,781,112,23
"1641","2020-04-11",228,19,178,817,4609,0.528748101540464,8190,31120,248,721,141,4121,17,798,120,17
"1642","2020-04-12",266,19,175,819,4609,0.528748101540464,8190,31120,248,721,107,4228,41,839,81,41
"1643","2020-04-13",276,19,185,831,4609,0.528748101540464,8190,31120,248,721,134,4362,33,872,118,33
"1644","2020-04-14",263,19,172,861,4609,0.528748101540464,8190,31120,248,721,113,4475,19,891,85,19
"1645","2020-04-15",263,19,156,849,4609,0.528748101540464,8190,31120,248,721,120,4595,29,920,102,29
"1646","2020-04-16",277,19,137,835,4609,0.528748101540464,8190,31120,248,721,118,4713,7,927,98,7
"1647","2020-04-17",283,19,151,848,4609,0.528748101540464,8190,31120,248,721,115,4828,10,937,92,10
"1648","2020-04-18",324,19,153,817,4609,0.528748101540464,8190,31120,248,721,85,4913,19,956,78,19
"1649","2020-04-19",289,19,149,796,4609,0.528748101540464,8190,31120,248,721,98,5011,14,970,77,14
"1650","2020-04-20",260,19,152,789,4609,0.528748101540464,8190,31120,248,721,74,5085,67,1037,61,67
"1651","2020-04-21",258,19,148,786,4609,0.528748101540464,8190,31120,248,721,80,5165,56,1093,64,56
"1652","2020-04-22",250,19,153,784,4609,0.528748101540464,8190,31120,248,721,59,5224,28,1121,47,28
"1653","2020-04-23",252,19,149,776,4609,0.528748101540464,8190,31120,248,721,57,5281,16,1137,40,16
"1654","2020-04-24",283,19,171,764,4609,0.528748101540464,8190,31120,248,721,76,5357,23,1160,61,23
"1655","2020-04-25",257,19,215,764,4609,0.528748101540464,8190,31120,248,721,51,5408,66,1226,30,66
"1656","2020-04-26",252,19,208,759,4609,0.528748101540464,8190,31120,248,721,57,5465,48,1274,40,48
"1657","2020-04-27",257,19,173,748,4609,0.528748101540464,8190,31120,248,721,53,5518,51,1325,41,51
"1658","2020-04-28",252,19,161,735,4609,0.528748101540464,8190,31120,248,721,35,5553,43,1368,23,43
"1659","2020-04-29",249,19,182,724,4609,0.528748101540464,8190,31120,248,721,42,5595,27,1395,21,27
"1660","2020-04-30",240,19,183,730,4609,0.528748101540464,8190,31120,248,721,46,5641,26,1421,36,26
"1661","2020-05-01",248,19,191,715,4609,0.528748101540464,8190,31120,248,721,37,5678,19,1440,21,19
"1662","2020-05-02",249,19,195,697,4609,0.528748101540464,8190,31120,248,721,30,5708,19,1459,17,19
"1663","2020-05-03",214,19,198,665,4609,0.528748101540464,8190,31120,248,721,35,5743,22,1481,20,22
"1664","2020-05-04",206,19,192,647,4609,0.528748101540464,8190,31120,248,721,29,5772,9,1490,22,9
"1665","2020-05-05",199,19,196,635,4609,0.528748101540464,8190,31120,248,721,29,5801,15,1505,18,15
"1666","2020-05-06",210,19,211,623,4609,0.528748101540464,8190,31120,248,721,21,5822,60,1565,9,60
"1667","2020-05-07",206,19,214,628,4609,0.528748101540464,8190,31120,248,721,26,5848,26,1591,15,26
"1668","2020-05-08",190,19,229,619,4609,0.528748101540464,8190,31120,248,721,29,5877,52,1643,14,52
"1669","2020-05-09",186,19,204,607,4609,0.528748101540464,8190,31120,248,721,19,5896,64,1707,11,64
"1670","2020-05-10",201,19,220,590,4609,0.528748101540464,8190,31120,248,721,18,5914,29,1736,9,29
"1671","2020-05-11",194,19,221,580,4609,0.528748101540464,8190,31120,248,721,27,5941,27,1763,17,27
"1672","2020-05-12",203,19,209,567,4609,0.528748101540464,8190,31120,248,721,18,5959,52,1815,9,52
"1673","2020-05-13",192,19,200,540,4609,0.528748101540464,8190,31120,248,721,35,5994,40,1855,21,40
"1674","2020-05-14",188,19,194,515,4609,0.528748101540464,8190,31120,248,721,15,6009,17,1872,8,17
"1675","2020-05-15",191,19,189,508,4609,0.528748101540464,8190,31120,248,721,16,6025,18,1890,3,18
"1676","2020-05-16",188,19,176,504,4609,0.528748101540464,8190,31120,248,721,19,6044,14,1904,8,14
"1677","2020-05-17",162,19,185,497,4609,0.528748101540464,8190,31120,248,721,12,6056,45,1949,7,45
"1678","2020-05-18",160,19,176,473,4609,0.528748101540464,8190,31120,248,721,18,6074,45,1994,5,45
"1679","2020-05-19",148,19,158,440,4609,0.528748101540464,8190,31120,248,721,10,6084,55,2049,7,55
"1680","2020-05-20",145,19,173,434,4609,0.528748101540464,8190,31120,248,721,14,6098,39,2088,6,39
"1681","2020-05-21",145,19,186,424,4609,0.528748101540464,8190,31120,248,721,19,6117,15,2103,12,15
"1682","2020-05-22",149,19,194,418,4609,0.528748101540464,8190,31120,248,721,11,6128,26,2129,4,26
"1683","2020-05-23",155,19,166,405,4609,0.528748101540464,8190,31120,248,721,7,6135,27,2156,2,27
"1684","2020-05-24",142,19,153,374,4609,0.528748101540464,8190,31120,248,721,9,6144,20,2176,4,20
"1685","2020-05-25",131,19,143,345,4609,0.528748101540464,8190,31120,248,721,13,6157,18,2194,6,18
"1686","2020-05-26",124,19,135,340,4609,0.528748101540464,8190,31120,248,721,13,6170,40,2234,8,40
"1687","2020-05-27",119,19,149,321,4609,0.528748101540464,8190,31120,248,721,9,6179,56,2290,3,56
"1688","2020-05-28",113,19,162,290,4609,0.528748101540464,8190,31120,248,721,14,6193,35,2325,5,35
"1689","2020-05-29",97,19,182,266,4609,0.528748101540464,8190,31120,248,721,14,6207,36,2361,9,36
"1690","2020-05-30",92,19,187,257,4609,0.528748101540464,8190,31120,248,721,11,6218,35,2396,2,35
"1691","2020-05-31",92,19,180,246,4609,0.528748101540464,8190,31120,248,721,10,6228,22,2418,4,22
"1692","2020-06-01",84,19,177,233,4609,0.528748101540464,8190,31120,248,721,10,6238,18,2436,7,18
"1693","2020-06-02",76,19,173,223,4609,0.528748101540464,8190,31120,248,721,4,6242,15,2451,2,15
"1694","2020-06-03",70,19,152,219,4609,0.528748101540464,8190,31120,248,721,13,6255,30,2481,5,30
"1695","2020-06-04",64,19,161,207,4609,0.528748101540464,8190,31120,248,721,7,6262,16,2497,1,16
"1696","2020-06-05",64,19,156,202,4609,0.528748101540464,8190,31120,248,721,9,6271,14,2511,4,14
"1697","2020-06-06",65,19,152,195,4609,0.528748101540464,8190,31120,248,721,2,6273,16,2527,1,16
"1698","2020-06-07",60,19,148,195,4609,0.528748101540464,8190,31120,248,721,11,6284,32,2559,8,32
"1699","2020-03-08",1,20,0,0,5804,0.926602343211578,8145,31768,310,1066,NA,NA,NA,NA,NA,NA
"1700","2020-03-09",1,20,0,0,5804,0.926602343211578,8145,31768,310,1066,NA,NA,NA,NA,NA,NA
"1701","2020-03-10",0,20,0,0,5804,0.926602343211578,8145,31768,310,1066,NA,NA,1,1,NA,1
"1702","2020-03-11",0,20,0,0,5804,0.926602343211578,8145,31768,310,1066,13,13,3,4,NA,3
"1703","2020-03-12",0,20,0,0,5804,0.926602343211578,8145,31768,310,1066,7,20,9,13,NA,9
"1704","2020-03-13",0,20,0,0,5804,0.926602343211578,8145,31768,310,1066,5,25,17,30,NA,17
"1705","2020-03-14",0,20,0,0,5804,0.926602343211578,8145,31768,310,1066,14,39,14,44,9,14
"1706","2020-03-15",1,20,92,54,5804,0.926602343211578,8145,31768,310,1066,18,57,15,59,7,15
"1707","2020-03-16",2,20,82,73,5804,0.926602343211578,8145,31768,310,1066,15,72,18,77,9,18
"1708","2020-03-17",4,20,78,91,5804,0.926602343211578,8145,31768,310,1066,17,89,22,99,8,22
"1709","2020-03-18",6,20,108,123,5804,0.926602343211578,8145,31768,310,1066,28,117,30,129,17,30
"1710","2020-03-19",12,20,141,151,5804,0.926602343211578,8145,31768,310,1066,21,138,29,158,14,29
"1711","2020-03-20",22,20,156,196,5804,0.926602343211578,8145,31768,310,1066,31,169,34,192,21,34
"1712","2020-03-21",39,20,188,227,5804,0.926602343211578,8145,31768,310,1066,33,202,27,219,18,27
"1713","2020-03-22",49,20,198,263,5804,0.926602343211578,8145,31768,310,1066,44,246,50,269,31,50
"1714","2020-03-23",49,20,189,308,5804,0.926602343211578,8145,31768,310,1066,60,306,43,312,45,43
"1715","2020-03-24",57,20,164,347,5804,0.926602343211578,8145,31768,310,1066,57,363,38,350,47,38
"1716","2020-03-25",67,20,151,395,5804,0.926602343211578,8145,31768,310,1066,46,409,50,400,36,50
"1717","2020-03-26",73,20,146,419,5804,0.926602343211578,8145,31768,310,1066,75,484,43,443,61,43
"1718","2020-03-27",98,20,131,486,5804,0.926602343211578,8145,31768,310,1066,80,564,40,483,63,40
"1719","2020-03-28",129,20,109,540,5804,0.926602343211578,8145,31768,310,1066,67,631,25,508,57,25
"1720","2020-03-29",141,20,109,612,5804,0.926602343211578,8145,31768,310,1066,70,701,32,540,61,32
"1721","2020-03-30",146,20,93,668,5804,0.926602343211578,8145,31768,310,1066,80,781,27,567,67,27
"1722","2020-03-31",160,20,83,744,5804,0.926602343211578,8145,31768,310,1066,92,873,18,585,82,18
"1723","2020-04-01",176,20,110,821,5804,0.926602343211578,8145,31768,310,1066,90,963,20,605,79,20
"1724","2020-04-02",191,20,149,865,5804,0.926602343211578,8145,31768,310,1066,117,1080,35,640,103,35
"1725","2020-04-03",267,20,153,950,5804,0.926602343211578,8145,31768,310,1066,115,1195,24,664,105,24
"1726","2020-04-04",322,20,189,1005,5804,0.926602343211578,8145,31768,310,1066,126,1321,49,713,115,49
"1727","2020-04-05",312,20,184,1096,5804,0.926602343211578,8145,31768,310,1066,120,1441,31,744,111,31
"1728","2020-04-06",320,20,164,1150,5804,0.926602343211578,8145,31768,310,1066,121,1562,33,777,107,33
"1729","2020-04-07",340,20,162,1228,5804,0.926602343211578,8145,31768,310,1066,128,1690,35,812,114,35
"1730","2020-04-08",356,20,210,1268,5804,0.926602343211578,8145,31768,310,1066,121,1811,26,838,110,26
"1731","2020-04-09",390,20,191,1342,5804,0.926602343211578,8145,31768,310,1066,163,1974,38,876,152,38
"1732","2020-04-10",453,20,165,1396,5804,0.926602343211578,8145,31768,310,1066,142,2116,36,912,128,36
"1733","2020-04-11",432,20,148,1461,5804,0.926602343211578,8145,31768,310,1066,205,2321,46,958,198,46
"1734","2020-04-12",461,20,185,1505,5804,0.926602343211578,8145,31768,310,1066,143,2464,28,986,136,28
"1735","2020-04-13",465,20,164,1565,5804,0.926602343211578,8145,31768,310,1066,144,2608,23,1009,135,23
"1736","2020-04-14",474,20,151,1584,5804,0.926602343211578,8145,31768,310,1066,127,2735,47,1056,118,47
"1737","2020-04-15",485,20,185,1610,5804,0.926602343211578,8145,31768,310,1066,172,2907,30,1086,162,30
"1738","2020-04-16",476,20,197,1632,5804,0.926602343211578,8145,31768,310,1066,155,3062,26,1112,147,26
"1739","2020-04-17",579,20,180,1641,5804,0.926602343211578,8145,31768,310,1066,131,3193,38,1150,118,38
"1740","2020-04-18",611,20,160,1637,5804,0.926602343211578,8145,31768,310,1066,138,3331,33,1183,127,33
"1741","2020-04-19",553,20,152,1642,5804,0.926602343211578,8145,31768,310,1066,149,3480,19,1202,140,19
"1742","2020-04-20",561,20,140,1614,5804,0.926602343211578,8145,31768,310,1066,147,3627,42,1244,135,42
"1743","2020-04-21",546,20,143,1602,5804,0.926602343211578,8145,31768,310,1066,157,3784,19,1263,152,19
"1744","2020-04-22",558,20,181,1567,5804,0.926602343211578,8145,31768,310,1066,146,3930,40,1303,131,40
"1745","2020-04-23",569,20,243,1527,5804,0.926602343211578,8145,31768,310,1066,137,4067,34,1337,127,34
"1746","2020-04-24",557,20,273,1453,5804,0.926602343211578,8145,31768,310,1066,145,4212,44,1381,139,44
"1747","2020-04-25",528,20,269,1418,5804,0.926602343211578,8145,31768,310,1066,101,4313,44,1425,90,44
"1748","2020-04-26",507,20,258,1397,5804,0.926602343211578,8145,31768,310,1066,119,4432,43,1468,114,43
"1749","2020-04-27",490,20,211,1332,5804,0.926602343211578,8145,31768,310,1066,127,4559,33,1501,120,33
"1750","2020-04-28",488,20,190,1258,5804,0.926602343211578,8145,31768,310,1066,99,4658,64,1565,87,64
"1751","2020-04-29",474,20,161,1210,5804,0.926602343211578,8145,31768,310,1066,117,4775,38,1603,105,38
"1752","2020-04-30",471,20,173,1169,5804,0.926602343211578,8145,31768,310,1066,81,4856,41,1644,71,41
"1753","2020-05-01",432,20,161,1110,5804,0.926602343211578,8145,31768,310,1066,82,4938,29,1673,78,29
"1754","2020-05-02",427,20,199,1060,5804,0.926602343211578,8145,31768,310,1066,76,5014,32,1705,69,32
"1755","2020-05-03",401,20,178,994,5804,0.926602343211578,8145,31768,310,1066,65,5079,37,1742,61,37
"1756","2020-05-04",386,20,167,931,5804,0.926602343211578,8145,31768,310,1066,62,5141,35,1777,58,35
"1757","2020-05-05",370,20,198,869,5804,0.926602343211578,8145,31768,310,1066,56,5197,43,1820,48,43
"1758","2020-05-06",344,20,204,796,5804,0.926602343211578,8145,31768,310,1066,52,5249,32,1852,43,32
"1759","2020-05-07",315,20,214,738,5804,0.926602343211578,8145,31768,310,1066,52,5301,52,1904,45,52
"1760","2020-05-08",296,20,203,695,5804,0.926602343211578,8145,31768,310,1066,54,5355,33,1937,48,33
"1761","2020-05-09",282,20,192,634,5804,0.926602343211578,8145,31768,310,1066,35,5390,26,1963,29,26
"1762","2020-05-10",253,20,169,568,5804,0.926602343211578,8145,31768,310,1066,42,5432,18,1981,36,18
"1763","2020-05-11",235,20,153,520,5804,0.926602343211578,8145,31768,310,1066,42,5474,31,2012,39,31
"1764","2020-05-12",210,20,187,480,5804,0.926602343211578,8145,31768,310,1066,26,5500,40,2052,20,40
"1765","2020-05-13",201,20,213,445,5804,0.926602343211578,8145,31768,310,1066,29,5529,38,2090,25,38
"1766","2020-05-14",185,20,208,411,5804,0.926602343211578,8145,31768,310,1066,27,5556,29,2119,19,29
"1767","2020-05-15",157,20,195,381,5804,0.926602343211578,8145,31768,310,1066,27,5583,27,2146,21,27
"1768","2020-05-16",153,20,195,350,5804,0.926602343211578,8145,31768,310,1066,32,5615,25,2171,27,25
"1769","2020-05-17",131,20,183,312,5804,0.926602343211578,8145,31768,310,1066,19,5634,27,2198,15,27
"1770","2020-05-18",123,20,181,297,5804,0.926602343211578,8145,31768,310,1066,27,5661,20,2218,22,20
"1771","2020-05-19",112,20,175,283,5804,0.926602343211578,8145,31768,310,1066,26,5687,25,2243,20,25
"1772","2020-05-20",105,20,188,258,5804,0.926602343211578,8145,31768,310,1066,21,5708,31,2274,19,31
"1773","2020-05-21",95,20,197,246,5804,0.926602343211578,8145,31768,310,1066,14,5722,19,2293,12,19
"1774","2020-05-22",90,20,222,217,5804,0.926602343211578,8145,31768,310,1066,27,5749,25,2318,22,25
"1775","2020-05-23",82,20,266,213,5804,0.926602343211578,8145,31768,310,1066,10,5759,9,2327,4,9
"1776","2020-05-24",72,20,248,196,5804,0.926602343211578,8145,31768,310,1066,19,5778,14,2341,16,14
"1777","2020-05-25",71,20,225,176,5804,0.926602343211578,8145,31768,310,1066,11,5789,26,2367,10,26
"1778","2020-05-26",62,20,215,161,5804,0.926602343211578,8145,31768,310,1066,13,5802,24,2391,11,24
"1779","2020-05-27",57,20,199,157,5804,0.926602343211578,8145,31768,310,1066,17,5819,25,2416,15,25
"1780","2020-05-28",67,20,181,150,5804,0.926602343211578,8145,31768,310,1066,10,5829,35,2451,7,35
"1781","2020-05-29",61,20,164,148,5804,0.926602343211578,8145,31768,310,1066,7,5836,19,2470,7,19
"1782","2020-05-30",55,20,160,140,5804,0.926602343211578,8145,31768,310,1066,6,5842,28,2498,4,28
"1783","2020-05-31",53,20,176,124,5804,0.926602343211578,8145,31768,310,1066,11,5853,31,2529,10,31
"1784","2020-06-01",45,20,164,117,5804,0.926602343211578,8145,31768,310,1066,7,5860,40,2569,6,40
"1785","2020-06-02",42,20,145,106,5804,0.926602343211578,8145,31768,310,1066,8,5868,37,2606,3,37
"1786","2020-06-03",39,20,169,102,5804,0.926602343211578,8145,31768,310,1066,6,5874,36,2642,1,36
"1787","2020-06-04",29,20,167,97,5804,0.926602343211578,8145,31768,310,1066,8,5882,27,2669,3,27
"1788","2020-06-05",30,20,159,90,5804,0.926602343211578,8145,31768,310,1066,7,5889,10,2679,5,10
"1789","2020-06-06",33,20,146,87,5804,0.926602343211578,8145,31768,310,1066,8,5897,14,2693,6,14
"1790","2020-06-07",31,20,135,80,5804,0.926602343211578,8145,31768,310,1066,7,5904,17,2710,5,17
