"","Date","Absents","Paramset","Infections_or_Exposed_per_day_Patient","Infections_or_Exposed_per_day_HCW","total_infections","nosocomial_proportion","PCR_pooled","LFD_pooled","HCW_symp_test","patient_symp_test","new_hcw_infs","cumulative_hcw_infs","new_pat_infs","cumulative_pats_infs","new_nosocomial_hcw_infs","new_nosocomial_pat_infs"
"1","2020-03-13",5,1,157,284,8375,0.296716417910448,8385,40863,492,1187,108,284,57,129,12,57
"2","2020-03-14",17,1,166,379,8375,0.296716417910448,8385,40863,492,1187,95,379,39,168,13,39
"3","2020-03-15",60,1,166,492,8375,0.296716417910448,8385,40863,492,1187,113,492,34,202,26,34
"4","2020-03-16",69,1,200,623,8375,0.296716417910448,8385,40863,492,1187,131,623,49,251,56,49
"5","2020-03-17",88,1,201,743,8375,0.296716417910448,8385,40863,492,1187,120,743,32,283,37,32
"6","2020-03-18",111,1,208,873,8375,0.296716417910448,8385,40863,492,1187,138,881,37,320,56,37
"7","2020-03-19",139,1,220,981,8375,0.296716417910448,8385,40863,492,1187,138,1019,51,371,67,51
"8","2020-03-20",214,1,213,1090,8375,0.296716417910448,8385,40863,492,1187,141,1160,42,413,60,42
"9","2020-03-21",244,1,226,1171,8375,0.296716417910448,8385,40863,492,1187,127,1287,48,461,60,48
"10","2020-03-22",305,1,233,1247,8375,0.296716417910448,8385,40863,492,1187,126,1413,44,505,47,44
"11","2020-03-23",329,1,212,1336,8375,0.296716417910448,8385,40863,492,1187,149,1562,24,529,67,24
"12","2020-03-24",335,1,227,1390,8375,0.296716417910448,8385,40863,492,1187,126,1688,41,570,58,41
"13","2020-03-25",373,1,222,1431,8375,0.296716417910448,8385,40863,492,1187,142,1830,39,609,67,39
"14","2020-03-26",400,1,233,1471,8375,0.296716417910448,8385,40863,492,1187,144,1974,58,667,73,58
"15","2020-03-27",524,1,241,1503,8375,0.296716417910448,8385,40863,492,1187,129,2103,26,693,53,26
"16","2020-03-28",574,1,228,1522,8375,0.296716417910448,8385,40863,492,1187,139,2242,43,736,60,43
"17","2020-03-29",501,1,254,1573,8375,0.296716417910448,8385,40863,492,1187,145,2387,58,794,65,58
"18","2020-03-30",497,1,239,1597,8375,0.296716417910448,8385,40863,492,1187,150,2537,35,829,74,35
"19","2020-03-31",493,1,207,1614,8375,0.296716417910448,8385,40863,492,1187,152,2689,15,844,85,15
"20","2020-04-01",492,1,193,1620,8375,0.296716417910448,8385,40863,492,1187,134,2823,19,863,59,19
"21","2020-04-02",484,1,189,1609,8375,0.296716417910448,8385,40863,492,1187,126,2949,13,876,62,13
"22","2020-04-03",536,1,174,1578,8375,0.296716417910448,8385,40863,492,1187,108,3057,19,895,36,19
"23","2020-04-04",540,1,205,1597,8375,0.296716417910448,8385,40863,492,1187,135,3192,51,946,53,51
"24","2020-04-05",495,1,192,1571,8375,0.296716417910448,8385,40863,492,1187,119,3311,26,972,54,26
"25","2020-04-06",483,1,184,1552,8375,0.296716417910448,8385,40863,492,1187,119,3430,20,992,54,20
"26","2020-04-07",487,1,230,1531,8375,0.296716417910448,8385,40863,492,1187,110,3540,64,1056,45,64
"27","2020-04-08",480,1,230,1534,8375,0.296716417910448,8385,40863,492,1187,131,3671,34,1090,61,34
"28","2020-04-09",487,1,231,1508,8375,0.296716417910448,8385,40863,492,1187,112,3783,30,1120,55,30
"29","2020-04-10",513,1,229,1490,8375,0.296716417910448,8385,40863,492,1187,125,3908,40,1160,47,40
"30","2020-04-11",493,1,255,1478,8375,0.296716417910448,8385,40863,492,1187,111,4019,54,1214,49,54
"31","2020-04-12",468,1,253,1457,8375,0.296716417910448,8385,40863,492,1187,107,4126,36,1250,45,36
"32","2020-04-13",467,1,239,1445,8375,0.296716417910448,8385,40863,492,1187,110,4236,24,1274,46,24
"33","2020-04-14",441,1,233,1437,8375,0.296716417910448,8385,40863,492,1187,112,4348,23,1297,25,23
"34","2020-04-15",435,1,243,1426,8375,0.296716417910448,8385,40863,492,1187,107,4455,44,1341,41,44
"35","2020-04-16",429,1,236,1385,8375,0.296716417910448,8385,40863,492,1187,95,4550,23,1364,29,23
"36","2020-04-17",445,1,208,1341,8375,0.296716417910448,8385,40863,492,1187,86,4636,21,1385,36,21
"37","2020-04-18",432,1,198,1304,8375,0.296716417910448,8385,40863,492,1187,85,4721,21,1406,25,21
"38","2020-04-19",411,1,212,1285,8375,0.296716417910448,8385,40863,492,1187,93,4814,30,1436,33,30
"39","2020-04-20",409,1,233,1258,8375,0.296716417910448,8385,40863,492,1187,91,4905,45,1481,32,45
"40","2020-04-21",399,1,246,1251,8375,0.296716417910448,8385,40863,492,1187,95,5000,41,1522,32,41
"41","2020-04-22",384,1,237,1214,8375,0.296716417910448,8385,40863,492,1187,80,5080,24,1546,25,24
"42","2020-04-23",376,1,222,1187,8375,0.296716417910448,8385,40863,492,1187,88,5168,16,1562,31,16
"43","2020-04-24",359,1,220,1157,8375,0.296716417910448,8385,40863,492,1187,76,5244,21,1583,21,21
"44","2020-04-25",371,1,249,1121,8375,0.296716417910448,8385,40863,492,1187,74,5318,49,1632,17,49
"45","2020-04-26",337,1,285,1092,8375,0.296716417910448,8385,40863,492,1187,69,5387,63,1695,17,63
"46","2020-04-27",340,1,298,1048,8375,0.296716417910448,8385,40863,492,1187,66,5453,60,1755,20,60
"47","2020-04-28",355,1,308,1015,8375,0.296716417910448,8385,40863,492,1187,60,5513,44,1799,15,44
"48","2020-04-29",360,1,280,986,8375,0.296716417910448,8385,40863,492,1187,60,5573,29,1828,18,29
"49","2020-04-30",350,1,258,953,8375,0.296716417910448,8385,40863,492,1187,63,5636,17,1845,15,17
"50","2020-05-01",324,1,273,915,8375,0.296716417910448,8385,40863,492,1187,56,5692,43,1888,23,43
"51","2020-05-02",315,1,270,893,8375,0.296716417910448,8385,40863,492,1187,49,5741,27,1915,10,27
"52","2020-05-03",299,1,264,870,8375,0.296716417910448,8385,40863,492,1187,69,5810,43,1958,16,43
"53","2020-05-04",281,1,267,846,8375,0.296716417910448,8385,40863,492,1187,58,5868,33,1991,10,33
"54","2020-05-05",256,1,277,825,8375,0.296716417910448,8385,40863,492,1187,59,5927,34,2025,13,34
"55","2020-05-06",242,1,270,782,8375,0.296716417910448,8385,40863,492,1187,41,5968,35,2060,8,35
"56","2020-05-07",229,1,267,753,8375,0.296716417910448,8385,40863,492,1187,44,6012,28,2088,11,28
"57","2020-05-08",243,1,245,729,8375,0.296716417910448,8385,40863,492,1187,54,6066,31,2119,12,31
"58","2020-05-09",234,1,241,703,8375,0.296716417910448,8385,40863,492,1187,43,6109,18,2137,13,18
"59","2020-05-10",219,1,230,680,8375,0.296716417910448,8385,40863,492,1187,47,6156,19,2156,6,19
"60","2020-05-11",202,1,223,652,8375,0.296716417910448,8385,40863,492,1187,38,6194,18,2174,9,18
"61","2020-05-12",203,1,234,638,8375,0.296716417910448,8385,40863,492,1187,42,6236,41,2215,8,41
"62","2020-05-13",203,1,243,610,8375,0.296716417910448,8385,40863,492,1187,33,6269,40,2255,6,40
"63","2020-05-14",206,1,218,584,8375,0.296716417910448,8385,40863,492,1187,35,6304,26,2281,10,26
"64","2020-05-15",208,1,224,574,8375,0.296716417910448,8385,40863,492,1187,38,6342,22,2303,9,22
"65","2020-05-16",208,1,220,547,8375,0.296716417910448,8385,40863,492,1187,32,6374,16,2319,7,16
"66","2020-05-17",196,1,248,519,8375,0.296716417910448,8385,40863,492,1187,25,6399,52,2371,5,52
"67","2020-05-18",201,1,249,492,8375,0.296716417910448,8385,40863,492,1187,30,6429,40,2411,6,40
"68","2020-05-19",189,1,275,479,8375,0.296716417910448,8385,40863,492,1187,33,6462,43,2454,11,43
"69","2020-05-20",187,1,266,461,8375,0.296716417910448,8385,40863,492,1187,34,6496,40,2494,4,40
"70","2020-05-21",179,1,292,436,8375,0.296716417910448,8385,40863,492,1187,26,6522,66,2560,13,66
"71","2020-05-22",165,1,278,419,8375,0.296716417910448,8385,40863,492,1187,26,6548,35,2595,3,35
"72","2020-05-23",167,1,261,405,8375,0.296716417910448,8385,40863,492,1187,28,6576,21,2616,9,21
"73","2020-05-24",149,1,250,371,8375,0.296716417910448,8385,40863,492,1187,18,6594,31,2647,8,31
"74","2020-05-25",139,1,247,347,8375,0.296716417910448,8385,40863,492,1187,19,6613,36,2683,4,36
"75","2020-05-26",135,1,260,344,8375,0.296716417910448,8385,40863,492,1187,26,6639,37,2720,6,37
"76","2020-05-27",122,1,245,332,8375,0.296716417910448,8385,40863,492,1187,17,6656,22,2742,3,22
"77","2020-05-28",120,1,237,313,8375,0.296716417910448,8385,40863,492,1187,24,6680,21,2763,4,21
"78","2020-05-29",116,1,254,297,8375,0.296716417910448,8385,40863,492,1187,14,6694,43,2806,1,43
"79","2020-05-30",111,1,242,269,8375,0.296716417910448,8385,40863,492,1187,12,6706,25,2831,2,25
"80","2020-05-31",96,1,224,256,8375,0.296716417910448,8385,40863,492,1187,17,6723,27,2858,3,27
"81","2020-06-01",91,1,227,241,8375,0.296716417910448,8385,40863,492,1187,14,6737,27,2885,8,27
"82","2020-06-02",84,1,237,236,8375,0.296716417910448,8385,40863,492,1187,16,6753,42,2927,3,42
"83","2020-06-03",90,1,229,225,8375,0.296716417910448,8385,40863,492,1187,11,6764,32,2959,2,32
"84","2020-06-04",87,1,239,209,8375,0.296716417910448,8385,40863,492,1187,10,6774,37,2996,1,37
"85","2020-06-05",81,1,218,198,8375,0.296716417910448,8385,40863,492,1187,12,6786,22,3018,4,22
"86","2020-06-06",79,1,218,184,8375,0.296716417910448,8385,40863,492,1187,9,6795,21,3039,NA,21
"87","2020-06-07",73,1,205,179,8375,0.296716417910448,8385,40863,492,1187,18,6813,22,3061,4,22
"88","2020-03-13",6,2,56,145,7188,0.611296605453534,8190,35318,384,816,72,215,9,39,6,9
"89","2020-03-14",17,2,63,223,7188,0.611296605453534,8190,35318,384,816,88,303,5,44,16,5
"90","2020-03-15",35,2,73,298,7188,0.611296605453534,8190,35318,384,816,90,393,14,58,24,14
"91","2020-03-16",40,2,89,383,7188,0.611296605453534,8190,35318,384,816,88,481,9,67,27,9
"92","2020-03-17",48,2,82,453,7188,0.611296605453534,8190,35318,384,816,111,592,8,75,42,8
"93","2020-03-18",69,2,84,553,7188,0.611296605453534,8190,35318,384,816,109,701,25,100,41,25
"94","2020-03-19",88,2,98,642,7188,0.611296605453534,8190,35318,384,816,123,824,35,135,54,35
"95","2020-03-20",126,2,89,741,7188,0.611296605453534,8190,35318,384,816,129,953,27,162,60,27
"96","2020-03-21",166,2,98,833,7188,0.611296605453534,8190,35318,384,816,152,1105,39,201,83,39
"97","2020-03-22",195,2,99,944,7188,0.611296605453534,8190,35318,384,816,137,1242,39,240,78,39
"98","2020-03-23",218,2,135,1060,7188,0.611296605453534,8190,35318,384,816,142,1384,39,279,70,39
"99","2020-03-24",241,2,125,1156,7188,0.611296605453534,8190,35318,384,816,129,1513,55,334,62,55
"100","2020-03-25",274,2,128,1247,7188,0.611296605453534,8190,35318,384,816,145,1658,54,388,80,54
"101","2020-03-26",304,2,147,1354,7188,0.611296605453534,8190,35318,384,816,160,1818,51,439,85,51
"102","2020-03-27",399,2,168,1442,7188,0.611296605453534,8190,35318,384,816,165,1983,22,461,95,22
"103","2020-03-28",411,2,201,1554,7188,0.611296605453534,8190,35318,384,816,144,2127,21,482,89,21
"104","2020-03-29",515,2,222,1624,7188,0.611296605453534,8190,35318,384,816,168,2295,20,502,94,20
"105","2020-03-30",534,2,204,1701,7188,0.611296605453534,8190,35318,384,816,129,2424,23,525,69,23
"106","2020-03-31",532,2,174,1790,7188,0.611296605453534,8190,35318,384,816,153,2577,27,552,90,27
"107","2020-04-01",548,2,169,1851,7188,0.611296605453534,8190,35318,384,816,169,2746,40,592,92,40
"108","2020-04-02",565,2,179,1915,7188,0.611296605453534,8190,35318,384,816,153,2899,48,640,102,48
"109","2020-04-03",688,2,201,1924,7188,0.611296605453534,8190,35318,384,816,138,3037,43,683,70,43
"110","2020-04-04",717,2,219,1918,7188,0.611296605453534,8190,35318,384,816,124,3161,62,745,70,62
"111","2020-04-05",618,2,245,1923,7188,0.611296605453534,8190,35318,384,816,141,3302,52,797,92,52
"112","2020-04-06",613,2,254,1910,7188,0.611296605453534,8190,35318,384,816,129,3431,64,861,62,64
"113","2020-04-07",604,2,276,1868,7188,0.611296605453534,8190,35318,384,816,136,3567,63,924,74,63
"114","2020-04-08",594,2,235,1857,7188,0.611296605453534,8190,35318,384,816,108,3675,36,960,58,36
"115","2020-04-09",594,2,223,1800,7188,0.611296605453534,8190,35318,384,816,120,3795,47,1007,65,47
"116","2020-04-10",633,2,220,1737,7188,0.611296605453534,8190,35318,384,816,121,3916,34,1041,58,34
"117","2020-04-11",609,2,208,1706,7188,0.611296605453534,8190,35318,384,816,115,4031,26,1067,61,26
"118","2020-04-12",564,2,197,1650,7188,0.611296605453534,8190,35318,384,816,106,4137,21,1088,40,21
"119","2020-04-13",573,2,193,1605,7188,0.611296605453534,8190,35318,384,816,102,4239,13,1101,54,13
"120","2020-04-14",544,2,205,1539,7188,0.611296605453534,8190,35318,384,816,109,4348,25,1126,68,25
"121","2020-04-15",554,2,211,1469,7188,0.611296605453534,8190,35318,384,816,97,4445,23,1149,36,23
"122","2020-04-16",541,2,208,1393,7188,0.611296605453534,8190,35318,384,816,95,4540,37,1186,56,37
"123","2020-04-17",527,2,217,1343,7188,0.611296605453534,8190,35318,384,816,80,4620,27,1213,30,27
"124","2020-04-18",524,2,251,1288,7188,0.611296605453534,8190,35318,384,816,78,4698,27,1240,32,27
"125","2020-04-19",480,2,235,1242,7188,0.611296605453534,8190,35318,384,816,74,4772,29,1269,32,29
"126","2020-04-20",445,2,225,1191,7188,0.611296605453534,8190,35318,384,816,71,4843,30,1299,36,30
"127","2020-04-21",442,2,216,1128,7188,0.611296605453534,8190,35318,384,816,80,4923,26,1325,37,26
"128","2020-04-22",410,2,226,1061,7188,0.611296605453534,8190,35318,384,816,72,4995,25,1350,23,25
"129","2020-04-23",389,2,245,1014,7188,0.611296605453534,8190,35318,384,816,61,5056,54,1404,21,54
"130","2020-04-24",360,2,255,965,7188,0.611296605453534,8190,35318,384,816,69,5125,23,1427,28,23
"131","2020-04-25",342,2,284,895,7188,0.611296605453534,8190,35318,384,816,66,5191,56,1483,20,56
"132","2020-04-26",307,2,296,847,7188,0.611296605453534,8190,35318,384,816,69,5260,54,1537,19,54
"133","2020-04-27",310,2,297,810,7188,0.611296605453534,8190,35318,384,816,58,5318,38,1575,16,38
"134","2020-04-28",294,2,266,802,7188,0.611296605453534,8190,35318,384,816,59,5377,19,1594,17,19
"135","2020-04-29",284,2,309,752,7188,0.611296605453534,8190,35318,384,816,55,5432,30,1624,19,30
"136","2020-04-30",278,2,320,718,7188,0.611296605453534,8190,35318,384,816,57,5489,17,1641,18,17
"137","2020-05-01",258,2,314,693,7188,0.611296605453534,8190,35318,384,816,52,5541,27,1668,19,27
"138","2020-05-02",276,2,308,656,7188,0.611296605453534,8190,35318,384,816,57,5598,17,1685,16,17
"139","2020-05-03",254,2,309,616,7188,0.611296605453534,8190,35318,384,816,49,5647,28,1713,15,28
"140","2020-05-04",236,2,286,589,7188,0.611296605453534,8190,35318,384,816,45,5692,57,1770,16,57
"141","2020-05-05",220,2,253,558,7188,0.611296605453534,8190,35318,384,816,52,5744,38,1808,22,38
"142","2020-05-06",210,2,232,534,7188,0.611296605453534,8190,35318,384,816,46,5790,33,1841,16,33
"143","2020-05-07",201,2,191,503,7188,0.611296605453534,8190,35318,384,816,47,5837,26,1867,15,26
"144","2020-05-08",179,2,162,479,7188,0.611296605453534,8190,35318,384,816,40,5877,32,1899,12,32
"145","2020-05-09",163,2,129,459,7188,0.611296605453534,8190,35318,384,816,41,5918,55,1954,8,55
"146","2020-05-10",156,2,131,427,7188,0.611296605453534,8190,35318,384,816,39,5957,40,1994,11,40
"147","2020-05-11",148,2,141,399,7188,0.611296605453534,8190,35318,384,816,37,5994,68,2062,15,68
"148","2020-05-12",141,2,144,383,7188,0.611296605453534,8190,35318,384,816,33,6027,65,2127,11,65
"149","2020-05-13",137,2,131,375,7188,0.611296605453534,8190,35318,384,816,35,6062,35,2162,11,35
"150","2020-05-14",135,2,120,359,7188,0.611296605453534,8190,35318,384,816,32,6094,37,2199,14,37
"151","2020-05-15",137,2,119,336,7188,0.611296605453534,8190,35318,384,816,29,6123,50,2249,8,50
"152","2020-05-16",129,2,125,325,7188,0.611296605453534,8190,35318,384,816,31,6154,26,2275,8,26
"153","2020-05-17",115,2,128,320,7188,0.611296605453534,8190,35318,384,816,26,6180,17,2292,5,17
"154","2020-05-18",105,2,132,316,7188,0.611296605453534,8190,35318,384,816,30,6210,21,2313,5,21
"155","2020-05-19",97,2,173,307,7188,0.611296605453534,8190,35318,384,816,29,6239,38,2351,7,38
"156","2020-05-20",94,2,167,286,7188,0.611296605453534,8190,35318,384,816,28,6267,42,2393,9,42
"157","2020-05-21",92,2,199,268,7188,0.611296605453534,8190,35318,384,816,24,6291,23,2416,5,23
"158","2020-05-22",85,2,190,264,7188,0.611296605453534,8190,35318,384,816,22,6313,27,2443,9,27
"159","2020-05-23",86,2,211,258,7188,0.611296605453534,8190,35318,384,816,24,6337,22,2465,7,22
"160","2020-05-24",86,2,246,247,7188,0.611296605453534,8190,35318,384,816,22,6359,43,2508,6,43
"161","2020-05-25",88,2,257,244,7188,0.611296605453534,8190,35318,384,816,24,6383,35,2543,5,35
"162","2020-05-26",88,2,227,239,7188,0.611296605453534,8190,35318,384,816,18,6401,34,2577,4,34
"163","2020-05-27",86,2,206,233,7188,0.611296605453534,8190,35318,384,816,15,6416,23,2600,7,23
"164","2020-05-28",86,2,184,238,7188,0.611296605453534,8190,35318,384,816,23,6439,23,2623,4,23
"165","2020-05-29",96,2,152,232,7188,0.611296605453534,8190,35318,384,816,16,6455,31,2654,3,31
"166","2020-05-30",90,2,126,223,7188,0.611296605453534,8190,35318,384,816,13,6468,38,2692,3,38
"167","2020-05-31",82,2,111,210,7188,0.611296605453534,8190,35318,384,816,14,6482,29,2721,1,29
"168","2020-06-01",78,2,109,204,7188,0.611296605453534,8190,35318,384,816,15,6497,45,2766,5,45
"169","2020-06-02",77,2,102,191,7188,0.611296605453534,8190,35318,384,816,9,6506,43,2809,1,43
"170","2020-06-03",74,2,104,171,7188,0.611296605453534,8190,35318,384,816,14,6520,31,2840,1,31
"171","2020-06-04",72,2,119,153,7188,0.611296605453534,8190,35318,384,816,9,6529,15,2855,4,15
"172","2020-06-05",58,2,136,146,7188,0.611296605453534,8190,35318,384,816,10,6539,24,2879,3,24
"173","2020-06-06",53,2,147,137,7188,0.611296605453534,8190,35318,384,816,6,6545,23,2902,2,23
"174","2020-06-07",52,2,151,132,7188,0.611296605453534,8190,35318,384,816,16,6561,17,2919,5,17
"175","2020-03-14",23,3,210,321,8269,0.430765509735155,8355,39136,437,2689,52,170,51,195,35,51
"176","2020-03-15",44,3,283,433,8269,0.430765509735155,8355,39136,437,2689,79,249,43,238,49,43
"177","2020-03-16",54,3,293,560,8269,0.430765509735155,8355,39136,437,2689,66,315,34,272,37,34
"178","2020-03-17",72,3,310,669,8269,0.430765509735155,8355,39136,437,2689,105,420,29,301,81,29
"179","2020-03-18",91,3,310,788,8269,0.430765509735155,8355,39136,437,2689,79,499,23,324,61,23
"180","2020-03-19",128,3,312,903,8269,0.430765509735155,8355,39136,437,2689,104,603,35,359,87,35
"181","2020-03-20",221,3,286,992,8269,0.430765509735155,8355,39136,437,2689,113,716,34,393,96,34
"182","2020-03-21",292,3,314,1105,8269,0.430765509735155,8355,39136,437,2689,133,849,48,441,110,48
"183","2020-03-22",326,3,353,1207,8269,0.430765509735155,8355,39136,437,2689,117,966,35,476,97,35
"184","2020-03-23",338,3,351,1337,8269,0.430765509735155,8355,39136,437,2689,151,1117,48,524,126,48
"185","2020-03-24",353,3,325,1427,8269,0.430765509735155,8355,39136,437,2689,165,1282,46,570,142,46
"186","2020-03-25",390,3,313,1524,8269,0.430765509735155,8355,39136,437,2689,165,1447,44,614,143,44
"187","2020-03-26",402,3,296,1639,8269,0.430765509735155,8355,39136,437,2689,175,1622,36,650,149,36
"188","2020-03-27",543,3,287,1724,8269,0.430765509735155,8355,39136,437,2689,188,1810,23,673,177,23
"189","2020-03-28",549,3,277,1798,8269,0.430765509735155,8355,39136,437,2689,211,2021,37,710,183,37
"190","2020-03-29",508,3,269,1824,8269,0.430765509735155,8355,39136,437,2689,238,2259,26,736,223,26
"191","2020-03-30",513,3,260,1860,8269,0.430765509735155,8355,39136,437,2689,206,2465,35,771,196,35
"192","2020-03-31",534,3,274,1912,8269,0.430765509735155,8355,39136,437,2689,173,2638,21,792,150,21
"193","2020-04-01",542,3,252,1909,8269,0.430765509735155,8355,39136,437,2689,212,2850,20,812,187,20
"194","2020-04-02",577,3,267,1941,8269,0.430765509735155,8355,39136,437,2689,218,3068,20,832,198,20
"195","2020-04-03",650,3,265,1926,8269,0.430765509735155,8355,39136,437,2689,185,3253,19,851,161,19
"196","2020-04-04",650,3,269,1952,8269,0.430765509735155,8355,39136,437,2689,181,3434,30,881,166,30
"197","2020-04-05",590,3,251,1925,8269,0.430765509735155,8355,39136,437,2689,196,3630,30,911,175,30
"198","2020-04-06",608,3,246,1913,8269,0.430765509735155,8355,39136,437,2689,199,3829,25,936,185,25
"199","2020-04-07",606,3,233,1899,8269,0.430765509735155,8355,39136,437,2689,160,3989,46,982,149,46
"200","2020-04-08",610,3,244,1857,8269,0.430765509735155,8355,39136,437,2689,186,4175,33,1015,175,33
"201","2020-04-09",596,3,273,1854,8269,0.430765509735155,8355,39136,437,2689,152,4327,51,1066,137,51
"202","2020-04-10",656,3,251,1814,8269,0.430765509735155,8355,39136,437,2689,140,4467,37,1103,123,37
"203","2020-04-11",641,3,261,1751,8269,0.430765509735155,8355,39136,437,2689,144,4611,36,1139,131,36
"204","2020-04-12",586,3,259,1700,8269,0.430765509735155,8355,39136,437,2689,146,4757,46,1185,133,46
"205","2020-04-13",567,3,270,1641,8269,0.430765509735155,8355,39136,437,2689,137,4894,41,1226,126,41
"206","2020-04-14",553,3,286,1594,8269,0.430765509735155,8355,39136,437,2689,108,5002,45,1271,93,45
"207","2020-04-15",532,3,315,1566,8269,0.430765509735155,8355,39136,437,2689,131,5133,35,1306,116,35
"208","2020-04-16",517,3,323,1496,8269,0.430765509735155,8355,39136,437,2689,108,5241,24,1330,99,24
"209","2020-04-17",498,3,298,1462,8269,0.430765509735155,8355,39136,437,2689,110,5351,18,1348,97,18
"210","2020-04-18",515,3,273,1421,8269,0.430765509735155,8355,39136,437,2689,83,5434,19,1367,70,19
"211","2020-04-19",463,3,278,1363,8269,0.430765509735155,8355,39136,437,2689,72,5506,26,1393,62,26
"212","2020-04-20",436,3,291,1289,8269,0.430765509735155,8355,39136,437,2689,60,5566,22,1415,52,22
"213","2020-04-21",420,3,296,1245,8269,0.430765509735155,8355,39136,437,2689,58,5624,16,1431,51,16
"214","2020-04-22",407,3,302,1191,8269,0.430765509735155,8355,39136,437,2689,83,5707,16,1447,67,16
"215","2020-04-23",383,3,287,1132,8269,0.430765509735155,8355,39136,437,2689,45,5752,24,1471,33,24
"216","2020-04-24",362,3,295,1092,8269,0.430765509735155,8355,39136,437,2689,57,5809,57,1528,43,57
"217","2020-04-25",332,3,288,1058,8269,0.430765509735155,8355,39136,437,2689,44,5853,31,1559,34,31
"218","2020-04-26",325,3,312,1005,8269,0.430765509735155,8355,39136,437,2689,45,5898,34,1593,34,34
"219","2020-04-27",312,3,331,959,8269,0.430765509735155,8355,39136,437,2689,39,5937,30,1623,30,30
"220","2020-04-28",302,3,322,891,8269,0.430765509735155,8355,39136,437,2689,41,5978,18,1641,32,18
"221","2020-04-29",295,3,326,829,8269,0.430765509735155,8355,39136,437,2689,30,6008,25,1666,25,25
"222","2020-04-30",287,3,335,791,8269,0.430765509735155,8355,39136,437,2689,22,6030,38,1704,14,38
"223","2020-05-01",293,3,343,758,8269,0.430765509735155,8355,39136,437,2689,37,6067,57,1761,20,57
"224","2020-05-02",295,3,349,715,8269,0.430765509735155,8355,39136,437,2689,29,6096,49,1810,21,49
"225","2020-05-03",245,3,332,690,8269,0.430765509735155,8355,39136,437,2689,34,6130,33,1843,24,33
"226","2020-05-04",232,3,328,672,8269,0.430765509735155,8355,39136,437,2689,31,6161,17,1860,26,17
"227","2020-05-05",213,3,317,630,8269,0.430765509735155,8355,39136,437,2689,24,6185,28,1888,16,28
"228","2020-05-06",207,3,314,610,8269,0.430765509735155,8355,39136,437,2689,21,6206,46,1934,15,46
"229","2020-05-07",199,3,309,587,8269,0.430765509735155,8355,39136,437,2689,11,6217,43,1977,6,43
"230","2020-05-08",170,3,322,571,8269,0.430765509735155,8355,39136,437,2689,15,6232,28,2005,7,28
"231","2020-05-09",166,3,310,556,8269,0.430765509735155,8355,39136,437,2689,29,6261,47,2052,17,47
"232","2020-05-10",174,3,311,539,8269,0.430765509735155,8355,39136,437,2689,32,6293,23,2075,17,23
"233","2020-05-11",167,3,316,519,8269,0.430765509735155,8355,39136,437,2689,28,6321,44,2119,21,44
"234","2020-05-12",158,3,314,489,8269,0.430765509735155,8355,39136,437,2689,24,6345,59,2178,16,59
"235","2020-05-13",152,3,309,458,8269,0.430765509735155,8355,39136,437,2689,13,6358,46,2224,11,46
"236","2020-05-14",159,3,306,450,8269,0.430765509735155,8355,39136,437,2689,24,6382,51,2275,18,51
"237","2020-05-15",159,3,345,420,8269,0.430765509735155,8355,39136,437,2689,19,6401,48,2323,14,48
"238","2020-05-16",153,3,348,394,8269,0.430765509735155,8355,39136,437,2689,10,6411,23,2346,8,23
"239","2020-05-17",142,3,350,387,8269,0.430765509735155,8355,39136,437,2689,26,6437,34,2380,21,34
"240","2020-05-18",135,3,347,360,8269,0.430765509735155,8355,39136,437,2689,14,6451,44,2424,11,44
"241","2020-05-19",128,3,340,350,8269,0.430765509735155,8355,39136,437,2689,8,6459,38,2462,4,38
"242","2020-05-20",125,3,328,333,8269,0.430765509735155,8355,39136,437,2689,11,6470,47,2509,9,47
"243","2020-05-21",112,3,334,336,8269,0.430765509735155,8355,39136,437,2689,12,6482,49,2558,8,49
"244","2020-05-22",106,3,357,312,8269,0.430765509735155,8355,39136,437,2689,10,6492,46,2604,4,46
"245","2020-05-23",103,3,348,295,8269,0.430765509735155,8355,39136,437,2689,15,6507,40,2644,12,40
"246","2020-05-24",86,3,323,291,8269,0.430765509735155,8355,39136,437,2689,11,6518,28,2672,7,28
"247","2020-05-25",90,3,321,270,8269,0.430765509735155,8355,39136,437,2689,12,6530,14,2686,7,14
"248","2020-05-26",88,3,330,261,8269,0.430765509735155,8355,39136,437,2689,13,6543,18,2704,11,18
"249","2020-05-27",84,3,318,246,8269,0.430765509735155,8355,39136,437,2689,13,6556,15,2719,9,15
"250","2020-05-28",84,3,310,232,8269,0.430765509735155,8355,39136,437,2689,11,6567,19,2738,9,19
"251","2020-05-29",77,3,327,222,8269,0.430765509735155,8355,39136,437,2689,9,6576,15,2753,3,15
"252","2020-05-30",85,3,339,211,8269,0.430765509735155,8355,39136,437,2689,12,6588,12,2765,7,12
"253","2020-05-31",73,3,340,204,8269,0.430765509735155,8355,39136,437,2689,8,6596,25,2790,8,25
"254","2020-06-01",66,3,361,185,8269,0.430765509735155,8355,39136,437,2689,4,6600,16,2806,NA,16
"255","2020-06-02",62,3,383,169,8269,0.430765509735155,8355,39136,437,2689,5,6605,20,2826,4,20
"256","2020-06-03",57,3,377,159,8269,0.430765509735155,8355,39136,437,2689,6,6611,27,2853,4,27
"257","2020-06-04",54,3,382,151,8269,0.430765509735155,8355,39136,437,2689,7,6618,15,2868,5,15
"258","2020-06-05",58,3,361,146,8269,0.430765509735155,8355,39136,437,2689,5,6623,17,2885,5,17
"259","2020-06-06",50,3,371,135,8269,0.430765509735155,8355,39136,437,2689,9,6632,14,2899,5,14
"260","2020-06-07",46,3,360,131,8269,0.430765509735155,8355,39136,437,2689,11,6643,18,2917,5,18
"261","2020-03-08",1,4,0,0,6650,0.630676691729323,8370,37319,379,1231,NA,NA,NA,NA,NA,NA
"262","2020-03-09",1,4,0,0,6650,0.630676691729323,8370,37319,379,1231,NA,NA,NA,NA,NA,NA
"263","2020-03-10",0,4,0,0,6650,0.630676691729323,8370,37319,379,1231,2,2,6,6,2,6
"264","2020-03-11",0,4,0,0,6650,0.630676691729323,8370,37319,379,1231,71,73,59,65,8,59
"265","2020-03-12",0,4,0,0,6650,0.630676691729323,8370,37319,379,1231,98,171,59,124,18,59
"266","2020-03-13",8,4,118,102,6650,0.630676691729323,8370,37319,379,1231,117,288,32,156,33,32
"267","2020-03-14",19,4,180,151,6650,0.630676691729323,8370,37319,379,1231,116,404,18,174,43,18
"268","2020-03-15",26,4,213,221,6650,0.630676691729323,8370,37319,379,1231,120,524,16,190,46,16
"269","2020-03-16",27,4,237,290,6650,0.630676691729323,8370,37319,379,1231,110,634,14,204,50,14
"270","2020-03-17",29,4,272,371,6650,0.630676691729323,8370,37319,379,1231,129,763,14,218,60,14
"271","2020-03-18",44,4,299,450,6650,0.630676691729323,8370,37319,379,1231,151,914,22,240,70,22
"272","2020-03-19",63,4,287,531,6650,0.630676691729323,8370,37319,379,1231,165,1079,53,293,85,53
"273","2020-03-20",102,4,276,624,6650,0.630676691729323,8370,37319,379,1231,157,1236,73,366,79,73
"274","2020-03-21",195,4,247,700,6650,0.630676691729323,8370,37319,379,1231,171,1407,68,434,95,68
"275","2020-03-22",200,4,229,779,6650,0.630676691729323,8370,37319,379,1231,169,1576,77,511,94,77
"276","2020-03-23",210,4,207,857,6650,0.630676691729323,8370,37319,379,1231,152,1728,59,570,99,59
"277","2020-03-24",228,4,177,939,6650,0.630676691729323,8370,37319,379,1231,174,1902,44,614,103,44
"278","2020-03-25",258,4,160,996,6650,0.630676691729323,8370,37319,379,1231,180,2082,19,633,106,19
"279","2020-03-26",270,4,138,1049,6650,0.630676691729323,8370,37319,379,1231,140,2222,47,680,78,47
"280","2020-03-27",375,4,117,1114,6650,0.630676691729323,8370,37319,379,1231,155,2377,30,710,84,30
"281","2020-03-28",329,4,103,1199,6650,0.630676691729323,8370,37319,379,1231,150,2527,8,718,92,8
"282","2020-03-29",339,4,105,1243,6650,0.630676691729323,8370,37319,379,1231,165,2692,26,744,86,26
"283","2020-03-30",351,4,100,1269,6650,0.630676691729323,8370,37319,379,1231,159,2851,54,798,95,54
"284","2020-03-31",367,4,100,1321,6650,0.630676691729323,8370,37319,379,1231,180,3031,29,827,104,29
"285","2020-04-01",369,4,162,1344,6650,0.630676691729323,8370,37319,379,1231,134,3165,14,841,77,14
"286","2020-04-02",390,4,238,1381,6650,0.630676691729323,8370,37319,379,1231,169,3334,21,862,88,21
"287","2020-04-03",431,4,234,1404,6650,0.630676691729323,8370,37319,379,1231,139,3473,29,891,67,29
"288","2020-04-04",453,4,261,1426,6650,0.630676691729323,8370,37319,379,1231,163,3636,24,915,92,24
"289","2020-04-05",449,4,285,1440,6650,0.630676691729323,8370,37319,379,1231,130,3766,31,946,67,31
"290","2020-04-06",452,4,312,1437,6650,0.630676691729323,8370,37319,379,1231,133,3899,39,985,70,39
"291","2020-04-07",456,4,306,1461,6650,0.630676691729323,8370,37319,379,1231,118,4017,31,1016,68,31
"292","2020-04-08",455,4,280,1456,6650,0.630676691729323,8370,37319,379,1231,131,4148,54,1070,71,54
"293","2020-04-09",456,4,277,1419,6650,0.630676691729323,8370,37319,379,1231,136,4284,50,1120,70,50
"294","2020-04-10",511,4,289,1402,6650,0.630676691729323,8370,37319,379,1231,127,4411,38,1158,71,38
"295","2020-04-11",508,4,272,1395,6650,0.630676691729323,8370,37319,379,1231,116,4527,36,1194,60,36
"296","2020-04-12",455,4,291,1395,6650,0.630676691729323,8370,37319,379,1231,117,4644,24,1218,55,24
"297","2020-04-13",443,4,303,1380,6650,0.630676691729323,8370,37319,379,1231,98,4742,24,1242,45,24
"298","2020-04-14",433,4,282,1360,6650,0.630676691729323,8370,37319,379,1231,111,4853,65,1307,54,65
"299","2020-04-15",428,4,227,1330,6650,0.630676691729323,8370,37319,379,1231,95,4948,25,1332,41,25
"300","2020-04-16",437,4,188,1267,6650,0.630676691729323,8370,37319,379,1231,99,5047,30,1362,53,30
"301","2020-04-17",437,4,185,1252,6650,0.630676691729323,8370,37319,379,1231,94,5141,36,1398,46,36
"302","2020-04-18",429,4,179,1235,6650,0.630676691729323,8370,37319,379,1231,72,5213,18,1416,35,18
"303","2020-04-19",425,4,168,1188,6650,0.630676691729323,8370,37319,379,1231,86,5299,22,1438,31,22
"304","2020-04-20",422,4,189,1151,6650,0.630676691729323,8370,37319,379,1231,69,5368,33,1471,30,33
"305","2020-04-21",413,4,239,1122,6650,0.630676691729323,8370,37319,379,1231,77,5445,37,1508,32,37
"306","2020-04-22",404,4,262,1074,6650,0.630676691729323,8370,37319,379,1231,79,5524,28,1536,26,28
"307","2020-04-23",387,4,290,1050,6650,0.630676691729323,8370,37319,379,1231,72,5596,27,1563,29,27
"308","2020-04-24",369,4,293,1034,6650,0.630676691729323,8370,37319,379,1231,69,5665,21,1584,30,21
"309","2020-04-25",367,4,279,988,6650,0.630676691729323,8370,37319,379,1231,79,5744,26,1610,31,26
"310","2020-04-26",350,4,311,973,6650,0.630676691729323,8370,37319,379,1231,62,5806,23,1633,31,23
"311","2020-04-27",335,4,305,970,6650,0.630676691729323,8370,37319,379,1231,66,5872,16,1649,27,16
"312","2020-04-28",312,4,292,942,6650,0.630676691729323,8370,37319,379,1231,47,5919,12,1661,26,12
"313","2020-04-29",311,4,247,916,6650,0.630676691729323,8370,37319,379,1231,60,5979,21,1682,20,21
"314","2020-04-30",296,4,242,891,6650,0.630676691729323,8370,37319,379,1231,51,6030,32,1714,16,32
"315","2020-05-01",290,4,235,863,6650,0.630676691729323,8370,37319,379,1231,61,6091,15,1729,24,15
"316","2020-05-02",297,4,240,831,6650,0.630676691729323,8370,37319,379,1231,56,6147,23,1752,26,23
"317","2020-05-03",271,4,236,797,6650,0.630676691729323,8370,37319,379,1231,43,6190,16,1768,18,16
"318","2020-05-04",268,4,233,774,6650,0.630676691729323,8370,37319,379,1231,43,6233,12,1780,9,12
"319","2020-05-05",261,4,242,740,6650,0.630676691729323,8370,37319,379,1231,44,6277,9,1789,13,9
"320","2020-05-06",259,4,247,727,6650,0.630676691729323,8370,37319,379,1231,44,6321,4,1793,14,4
"321","2020-05-07",261,4,276,697,6650,0.630676691729323,8370,37319,379,1231,49,6370,52,1845,15,52
"322","2020-05-08",250,4,253,668,6650,0.630676691729323,8370,37319,379,1231,47,6417,24,1869,13,24
"323","2020-05-09",251,4,244,645,6650,0.630676691729323,8370,37319,379,1231,40,6457,28,1897,17,28
"324","2020-05-10",229,4,234,624,6650,0.630676691729323,8370,37319,379,1231,47,6504,42,1939,25,42
"325","2020-05-11",215,4,224,588,6650,0.630676691729323,8370,37319,379,1231,36,6540,16,1955,12,16
"326","2020-05-12",215,4,258,553,6650,0.630676691729323,8370,37319,379,1231,37,6577,24,1979,13,24
"327","2020-05-13",205,4,247,537,6650,0.630676691729323,8370,37319,379,1231,34,6611,17,1996,11,17
"328","2020-05-14",195,4,248,505,6650,0.630676691729323,8370,37319,379,1231,27,6638,14,2010,14,14
"329","2020-05-15",191,4,252,468,6650,0.630676691729323,8370,37319,379,1231,25,6663,14,2024,10,14
"330","2020-05-16",189,4,255,450,6650,0.630676691729323,8370,37319,379,1231,34,6697,17,2041,11,17
"331","2020-05-17",179,4,228,425,6650,0.630676691729323,8370,37319,379,1231,27,6724,24,2065,7,24
"332","2020-05-18",173,4,218,397,6650,0.630676691729323,8370,37319,379,1231,26,6750,9,2074,6,9
"333","2020-05-19",165,4,218,377,6650,0.630676691729323,8370,37319,379,1231,29,6779,9,2083,9,9
"334","2020-05-20",156,4,202,354,6650,0.630676691729323,8370,37319,379,1231,15,6794,11,2094,5,11
"335","2020-05-21",150,4,191,330,6650,0.630676691729323,8370,37319,379,1231,26,6820,15,2109,9,15
"336","2020-05-22",144,4,177,317,6650,0.630676691729323,8370,37319,379,1231,25,6845,6,2115,8,6
"337","2020-05-23",132,4,187,302,6650,0.630676691729323,8370,37319,379,1231,18,6863,9,2124,6,9
"338","2020-05-24",125,4,229,285,6650,0.630676691729323,8370,37319,379,1231,20,6883,33,2157,7,33
"339","2020-05-25",111,4,291,266,6650,0.630676691729323,8370,37319,379,1231,22,6905,60,2217,4,60
"340","2020-05-26",99,4,326,265,6650,0.630676691729323,8370,37319,379,1231,15,6920,44,2261,4,44
"341","2020-05-27",101,4,314,243,6650,0.630676691729323,8370,37319,379,1231,13,6933,62,2323,4,62
"342","2020-05-28",94,4,302,232,6650,0.630676691729323,8370,37319,379,1231,13,6946,28,2351,5,28
"343","2020-05-29",94,4,310,228,6650,0.630676691729323,8370,37319,379,1231,17,6963,32,2383,7,32
"344","2020-05-30",101,4,328,224,6650,0.630676691729323,8370,37319,379,1231,14,6977,17,2400,7,17
"345","2020-05-31",79,4,315,217,6650,0.630676691729323,8370,37319,379,1231,12,6989,19,2419,5,19
"346","2020-06-01",74,4,292,209,6650,0.630676691729323,8370,37319,379,1231,19,7008,16,2435,9,16
"347","2020-06-02",72,4,291,198,6650,0.630676691729323,8370,37319,379,1231,14,7022,64,2499,7,64
"348","2020-06-03",62,4,248,191,6650,0.630676691729323,8370,37319,379,1231,10,7032,77,2576,4,77
"349","2020-06-04",68,4,218,186,6650,0.630676691729323,8370,37319,379,1231,10,7042,62,2638,6,62
"350","2020-06-05",69,4,225,178,6650,0.630676691729323,8370,37319,379,1231,11,7053,36,2674,4,36
"351","2020-06-06",66,4,221,169,6650,0.630676691729323,8370,37319,379,1231,14,7067,16,2690,4,16
"352","2020-06-07",62,4,200,160,6650,0.630676691729323,8370,37319,379,1231,6,7073,62,2752,1,62
"353","2020-03-08",1,5,0,0,7172,0.526770775237033,8295,37538,390,863,NA,NA,NA,NA,NA,NA
"354","2020-03-09",1,5,0,0,7172,0.526770775237033,8295,37538,390,863,NA,NA,NA,NA,NA,NA
"355","2020-03-10",0,5,0,0,7172,0.526770775237033,8295,37538,390,863,NA,NA,2,2,NA,2
"356","2020-03-11",0,5,0,0,7172,0.526770775237033,8295,37538,390,863,30,30,20,22,2,20
"357","2020-03-12",2,5,50,92,7172,0.526770775237033,8295,37538,390,863,36,66,34,56,1,34
"358","2020-03-13",8,5,54,143,7172,0.526770775237033,8295,37538,390,863,41,107,38,94,15,38
"359","2020-03-14",17,5,54,197,7172,0.526770775237033,8295,37538,390,863,55,162,48,142,26,48
"360","2020-03-15",19,5,51,264,7172,0.526770775237033,8295,37538,390,863,57,219,37,179,34,37
"361","2020-03-16",27,5,43,326,7172,0.526770775237033,8295,37538,390,863,60,279,50,229,31,50
"362","2020-03-17",38,5,42,379,7172,0.526770775237033,8295,37538,390,863,64,343,43,272,41,43
"363","2020-03-18",55,5,38,466,7172,0.526770775237033,8295,37538,390,863,85,428,36,308,61,36
"364","2020-03-19",68,5,36,549,7172,0.526770775237033,8295,37538,390,863,93,521,41,349,71,41
"365","2020-03-20",90,5,43,652,7172,0.526770775237033,8295,37538,390,863,125,646,43,392,103,43
"366","2020-03-21",138,5,60,719,7172,0.526770775237033,8295,37538,390,863,121,767,31,423,94,31
"367","2020-03-22",193,5,72,810,7172,0.526770775237033,8295,37538,390,863,124,891,47,470,98,47
"368","2020-03-23",194,5,103,903,7172,0.526770775237033,8295,37538,390,863,163,1054,39,509,137,39
"369","2020-03-24",215,5,115,980,7172,0.526770775237033,8295,37538,390,863,146,1200,37,546,114,37
"370","2020-03-25",237,5,116,1047,7172,0.526770775237033,8295,37538,390,863,165,1365,38,584,152,38
"371","2020-03-26",257,5,143,1119,7172,0.526770775237033,8295,37538,390,863,177,1542,25,609,152,25
"372","2020-03-27",338,5,144,1187,7172,0.526770775237033,8295,37538,390,863,195,1737,20,629,172,20
"373","2020-03-28",338,5,140,1242,7172,0.526770775237033,8295,37538,390,863,205,1942,22,651,185,22
"374","2020-03-29",316,5,156,1325,7172,0.526770775237033,8295,37538,390,863,206,2148,26,677,176,26
"375","2020-03-30",339,5,152,1404,7172,0.526770775237033,8295,37538,390,863,194,2342,51,728,172,51
"376","2020-03-31",360,5,165,1472,7172,0.526770775237033,8295,37538,390,863,276,2618,36,764,255,36
"377","2020-04-01",378,5,166,1527,7172,0.526770775237033,8295,37538,390,863,176,2794,31,795,147,31
"378","2020-04-02",415,5,214,1542,7172,0.526770775237033,8295,37538,390,863,200,2994,28,823,183,28
"379","2020-04-03",526,5,228,1589,7172,0.526770775237033,8295,37538,390,863,234,3228,38,861,220,38
"380","2020-04-04",556,5,235,1613,7172,0.526770775237033,8295,37538,390,863,180,3408,30,891,163,30
"381","2020-04-05",531,5,244,1653,7172,0.526770775237033,8295,37538,390,863,215,3623,48,939,187,48
"382","2020-04-06",535,5,213,1655,7172,0.526770775237033,8295,37538,390,863,185,3808,32,971,163,32
"383","2020-04-07",513,5,201,1654,7172,0.526770775237033,8295,37538,390,863,232,4040,60,1031,211,60
"384","2020-04-08",517,5,224,1662,7172,0.526770775237033,8295,37538,390,863,154,4194,36,1067,134,36
"385","2020-04-09",503,5,236,1636,7172,0.526770775237033,8295,37538,390,863,151,4345,39,1106,139,39
"386","2020-04-10",562,5,234,1635,7172,0.526770775237033,8295,37538,390,863,172,4517,28,1134,146,28
"387","2020-04-11",568,5,228,1591,7172,0.526770775237033,8295,37538,390,863,117,4634,23,1157,107,23
"388","2020-04-12",559,5,216,1560,7172,0.526770775237033,8295,37538,390,863,130,4764,23,1180,106,23
"389","2020-04-13",551,5,208,1536,7172,0.526770775237033,8295,37538,390,863,131,4895,37,1217,120,37
"390","2020-04-14",550,5,213,1502,7172,0.526770775237033,8295,37538,390,863,112,5007,42,1259,98,42
"391","2020-04-15",538,5,211,1450,7172,0.526770775237033,8295,37538,390,863,105,5112,32,1291,88,32
"392","2020-04-16",522,5,185,1434,7172,0.526770775237033,8295,37538,390,863,99,5211,21,1312,77,21
"393","2020-04-17",517,5,181,1383,7172,0.526770775237033,8295,37538,390,863,105,5316,30,1342,89,30
"394","2020-04-18",510,5,200,1340,7172,0.526770775237033,8295,37538,390,863,92,5408,23,1365,77,23
"395","2020-04-19",434,5,222,1297,7172,0.526770775237033,8295,37538,390,863,69,5477,39,1404,59,39
"396","2020-04-20",420,5,214,1280,7172,0.526770775237033,8295,37538,390,863,75,5552,49,1453,53,49
"397","2020-04-21",409,5,226,1244,7172,0.526770775237033,8295,37538,390,863,75,5627,27,1480,65,27
"398","2020-04-22",418,5,236,1191,7172,0.526770775237033,8295,37538,390,863,59,5686,35,1515,51,35
"399","2020-04-23",411,5,228,1173,7172,0.526770775237033,8295,37538,390,863,50,5736,23,1538,41,23
"400","2020-04-24",396,5,213,1144,7172,0.526770775237033,8295,37538,390,863,55,5791,27,1565,41,27
"401","2020-04-25",385,5,248,1120,7172,0.526770775237033,8295,37538,390,863,57,5848,24,1589,39,24
"402","2020-04-26",376,5,262,1077,7172,0.526770775237033,8295,37538,390,863,53,5901,15,1604,37,15
"403","2020-04-27",377,5,251,1059,7172,0.526770775237033,8295,37538,390,863,48,5949,10,1614,35,10
"404","2020-04-28",367,5,241,1033,7172,0.526770775237033,8295,37538,390,863,26,5975,60,1674,18,60
"405","2020-04-29",339,5,222,980,7172,0.526770775237033,8295,37538,390,863,31,6006,38,1712,23,38
"406","2020-04-30",345,5,212,933,7172,0.526770775237033,8295,37538,390,863,33,6039,50,1762,27,50
"407","2020-05-01",352,5,214,905,7172,0.526770775237033,8295,37538,390,863,20,6059,39,1801,12,39
"408","2020-05-02",347,5,220,861,7172,0.526770775237033,8295,37538,390,863,35,6094,18,1819,18,18
"409","2020-05-03",306,5,209,821,7172,0.526770775237033,8295,37538,390,863,17,6111,21,1840,5,21
"410","2020-05-04",282,5,200,791,7172,0.526770775237033,8295,37538,390,863,30,6141,20,1860,17,20
"411","2020-05-05",268,5,218,742,7172,0.526770775237033,8295,37538,390,863,22,6163,41,1901,12,41
"412","2020-05-06",265,5,243,715,7172,0.526770775237033,8295,37538,390,863,22,6185,36,1937,11,36
"413","2020-05-07",255,5,249,680,7172,0.526770775237033,8295,37538,390,863,21,6206,34,1971,11,34
"414","2020-05-08",230,5,238,639,7172,0.526770775237033,8295,37538,390,863,13,6219,41,2012,6,41
"415","2020-05-09",226,5,250,626,7172,0.526770775237033,8295,37538,390,863,25,6244,39,2051,15,39
"416","2020-05-10",211,5,247,584,7172,0.526770775237033,8295,37538,390,863,23,6267,25,2076,13,25
"417","2020-05-11",190,5,252,541,7172,0.526770775237033,8295,37538,390,863,19,6286,20,2096,8,20
"418","2020-05-12",190,5,234,506,7172,0.526770775237033,8295,37538,390,863,14,6300,21,2117,9,21
"419","2020-05-13",177,5,194,479,7172,0.526770775237033,8295,37538,390,863,10,6310,24,2141,5,24
"420","2020-05-14",159,5,177,456,7172,0.526770775237033,8295,37538,390,863,14,6324,13,2154,5,13
"421","2020-05-15",154,5,171,434,7172,0.526770775237033,8295,37538,390,863,10,6334,25,2179,5,25
"422","2020-05-16",145,5,165,407,7172,0.526770775237033,8295,37538,390,863,13,6347,29,2208,6,29
"423","2020-05-17",146,5,147,378,7172,0.526770775237033,8295,37538,390,863,14,6361,18,2226,4,18
"424","2020-05-18",151,5,149,353,7172,0.526770775237033,8295,37538,390,863,14,6375,21,2247,9,21
"425","2020-05-19",134,5,157,339,7172,0.526770775237033,8295,37538,390,863,13,6388,33,2280,5,33
"426","2020-05-20",130,5,154,320,7172,0.526770775237033,8295,37538,390,863,11,6399,37,2317,5,37
"427","2020-05-21",127,5,132,321,7172,0.526770775237033,8295,37538,390,863,16,6415,12,2329,8,12
"428","2020-05-22",119,5,122,310,7172,0.526770775237033,8295,37538,390,863,12,6427,19,2348,4,19
"429","2020-05-23",111,5,122,304,7172,0.526770775237033,8295,37538,390,863,11,6438,13,2361,5,13
"430","2020-05-24",86,5,110,279,7172,0.526770775237033,8295,37538,390,863,9,6447,43,2404,5,43
"431","2020-05-25",84,5,98,266,7172,0.526770775237033,8295,37538,390,863,13,6460,32,2436,8,32
"432","2020-05-26",88,5,100,248,7172,0.526770775237033,8295,37538,390,863,6,6466,32,2468,2,32
"433","2020-05-27",86,5,104,239,7172,0.526770775237033,8295,37538,390,863,8,6474,41,2509,3,41
"434","2020-05-28",83,5,115,216,7172,0.526770775237033,8295,37538,390,863,4,6478,46,2555,NA,46
"435","2020-05-29",79,5,103,213,7172,0.526770775237033,8295,37538,390,863,9,6487,39,2594,1,39
"436","2020-05-30",78,5,98,201,7172,0.526770775237033,8295,37538,390,863,9,6496,17,2611,3,17
"437","2020-05-31",75,5,93,194,7172,0.526770775237033,8295,37538,390,863,10,6506,21,2632,6,21
"438","2020-06-01",74,5,95,181,7172,0.526770775237033,8295,37538,390,863,6,6512,12,2644,NA,12
"439","2020-06-02",65,5,106,170,7172,0.526770775237033,8295,37538,390,863,4,6516,32,2676,1,32
"440","2020-06-03",62,5,100,155,7172,0.526770775237033,8295,37538,390,863,10,6526,37,2713,5,37
"441","2020-06-04",58,5,104,153,7172,0.526770775237033,8295,37538,390,863,4,6530,39,2752,1,39
"442","2020-06-05",58,5,95,146,7172,0.526770775237033,8295,37538,390,863,7,6537,51,2803,3,51
"443","2020-06-06",56,5,95,138,7172,0.526770775237033,8295,37538,390,863,9,6546,42,2845,NA,42
"444","2020-06-07",48,5,100,135,7172,0.526770775237033,8295,37538,390,863,7,6553,47,2892,1,47
"445","2020-03-13",4,6,203,159,7149,0.627360469995804,8295,37217,401,2218,50,153,17,51,5,17
"446","2020-03-14",10,6,246,222,7149,0.627360469995804,8295,37217,401,2218,62,215,25,76,11,25
"447","2020-03-15",16,6,244,313,7149,0.627360469995804,8295,37217,401,2218,81,296,22,98,32,22
"448","2020-03-16",23,6,218,408,7149,0.627360469995804,8295,37217,401,2218,72,368,17,115,26,17
"449","2020-03-17",32,6,209,499,7149,0.627360469995804,8295,37217,401,2218,107,475,6,121,65,6
"450","2020-03-18",48,6,189,613,7149,0.627360469995804,8295,37217,401,2218,109,584,8,129,53,8
"451","2020-03-19",75,6,202,708,7149,0.627360469995804,8295,37217,401,2218,128,712,44,173,76,44
"452","2020-03-20",104,6,195,793,7149,0.627360469995804,8295,37217,401,2218,137,849,34,207,94,34
"453","2020-03-21",200,6,173,877,7149,0.627360469995804,8295,37217,401,2218,130,979,11,218,85,11
"454","2020-03-22",241,6,166,998,7149,0.627360469995804,8295,37217,401,2218,129,1108,23,241,75,23
"455","2020-03-23",245,6,189,1082,7149,0.627360469995804,8295,37217,401,2218,156,1264,48,289,121,48
"456","2020-03-24",276,6,256,1193,7149,0.627360469995804,8295,37217,401,2218,113,1377,64,353,77,64
"457","2020-03-25",287,6,255,1283,7149,0.627360469995804,8295,37217,401,2218,144,1521,32,385,105,32
"458","2020-03-26",304,6,228,1361,7149,0.627360469995804,8295,37217,401,2218,171,1692,57,442,129,57
"459","2020-03-27",423,6,167,1405,7149,0.627360469995804,8295,37217,401,2218,155,1847,35,477,114,35
"460","2020-03-28",411,6,140,1494,7149,0.627360469995804,8295,37217,401,2218,170,2017,28,505,117,28
"461","2020-03-29",439,6,131,1556,7149,0.627360469995804,8295,37217,401,2218,152,2169,55,560,111,55
"462","2020-03-30",474,6,130,1600,7149,0.627360469995804,8295,37217,401,2218,201,2370,32,592,142,32
"463","2020-03-31",469,6,209,1602,7149,0.627360469995804,8295,37217,401,2218,152,2522,23,615,102,23
"464","2020-04-01",513,6,229,1614,7149,0.627360469995804,8295,37217,401,2218,163,2685,18,633,118,18
"465","2020-04-02",533,6,221,1654,7149,0.627360469995804,8295,37217,401,2218,184,2869,11,644,151,11
"466","2020-04-03",593,6,206,1655,7149,0.627360469995804,8295,37217,401,2218,160,3029,17,661,110,17
"467","2020-04-04",601,6,244,1633,7149,0.627360469995804,8295,37217,401,2218,158,3187,18,679,113,18
"468","2020-04-05",556,6,213,1631,7149,0.627360469995804,8295,37217,401,2218,158,3345,39,718,119,39
"469","2020-04-06",531,6,199,1617,7149,0.627360469995804,8295,37217,401,2218,138,3483,29,747,99,29
"470","2020-04-07",523,6,207,1597,7149,0.627360469995804,8295,37217,401,2218,145,3628,27,774,106,27
"471","2020-04-08",496,6,225,1575,7149,0.627360469995804,8295,37217,401,2218,149,3777,65,839,114,65
"472","2020-04-09",495,6,233,1583,7149,0.627360469995804,8295,37217,401,2218,119,3896,62,901,87,62
"473","2020-04-10",555,6,267,1568,7149,0.627360469995804,8295,37217,401,2218,122,4018,44,945,85,44
"474","2020-04-11",555,6,302,1518,7149,0.627360469995804,8295,37217,401,2218,127,4145,29,974,86,29
"475","2020-04-12",525,6,295,1486,7149,0.627360469995804,8295,37217,401,2218,97,4242,12,986,63,12
"476","2020-04-13",510,6,275,1477,7149,0.627360469995804,8295,37217,401,2218,99,4341,37,1023,63,37
"477","2020-04-14",509,6,254,1451,7149,0.627360469995804,8295,37217,401,2218,115,4456,50,1073,78,50
"478","2020-04-15",524,6,285,1411,7149,0.627360469995804,8295,37217,401,2218,103,4559,36,1109,68,36
"479","2020-04-16",504,6,294,1372,7149,0.627360469995804,8295,37217,401,2218,79,4638,13,1122,48,13
"480","2020-04-17",483,6,250,1325,7149,0.627360469995804,8295,37217,401,2218,93,4731,13,1135,55,13
"481","2020-04-18",481,6,233,1282,7149,0.627360469995804,8295,37217,401,2218,61,4792,7,1142,38,7
"482","2020-04-19",441,6,231,1242,7149,0.627360469995804,8295,37217,401,2218,78,4870,14,1156,48,14
"483","2020-04-20",432,6,273,1186,7149,0.627360469995804,8295,37217,401,2218,85,4955,45,1201,41,45
"484","2020-04-21",420,6,256,1162,7149,0.627360469995804,8295,37217,401,2218,59,5014,43,1244,32,43
"485","2020-04-22",418,6,222,1122,7149,0.627360469995804,8295,37217,401,2218,81,5095,22,1266,55,22
"486","2020-04-23",419,6,209,1076,7149,0.627360469995804,8295,37217,401,2218,72,5167,9,1275,36,9
"487","2020-04-24",416,6,208,1026,7149,0.627360469995804,8295,37217,401,2218,61,5228,11,1286,36,11
"488","2020-04-25",404,6,212,956,7149,0.627360469995804,8295,37217,401,2218,64,5292,29,1315,36,29
"489","2020-04-26",352,6,223,935,7149,0.627360469995804,8295,37217,401,2218,58,5350,17,1332,28,17
"490","2020-04-27",345,6,224,874,7149,0.627360469995804,8295,37217,401,2218,63,5413,48,1380,36,48
"491","2020-04-28",326,6,200,828,7149,0.627360469995804,8295,37217,401,2218,62,5475,66,1446,29,66
"492","2020-04-29",301,6,191,788,7149,0.627360469995804,8295,37217,401,2218,47,5522,25,1471,21,25
"493","2020-04-30",284,6,201,753,7149,0.627360469995804,8295,37217,401,2218,43,5565,15,1486,29,15
"494","2020-05-01",265,6,188,716,7149,0.627360469995804,8295,37217,401,2218,37,5602,53,1539,22,53
"495","2020-05-02",262,6,187,704,7149,0.627360469995804,8295,37217,401,2218,44,5646,29,1568,14,29
"496","2020-05-03",244,6,176,672,7149,0.627360469995804,8295,37217,401,2218,37,5683,49,1617,14,49
"497","2020-05-04",236,6,205,642,7149,0.627360469995804,8295,37217,401,2218,35,5718,58,1675,12,58
"498","2020-05-05",235,6,240,631,7149,0.627360469995804,8295,37217,401,2218,37,5755,36,1711,16,36
"499","2020-05-06",220,6,241,598,7149,0.627360469995804,8295,37217,401,2218,36,5791,45,1756,12,45
"500","2020-05-07",207,6,240,578,7149,0.627360469995804,8295,37217,401,2218,31,5822,57,1813,12,57
"501","2020-05-08",189,6,265,563,7149,0.627360469995804,8295,37217,401,2218,33,5855,32,1845,14,32
"502","2020-05-09",201,6,271,537,7149,0.627360469995804,8295,37217,401,2218,38,5893,34,1879,11,34
"503","2020-05-10",190,6,258,520,7149,0.627360469995804,8295,37217,401,2218,37,5930,36,1915,10,36
"504","2020-05-11",169,6,268,491,7149,0.627360469995804,8295,37217,401,2218,33,5963,56,1971,15,56
"505","2020-05-12",162,6,243,470,7149,0.627360469995804,8295,37217,401,2218,40,6003,39,2010,16,39
"506","2020-05-13",159,6,230,449,7149,0.627360469995804,8295,37217,401,2218,35,6038,19,2029,15,19
"507","2020-05-14",153,6,268,434,7149,0.627360469995804,8295,37217,401,2218,22,6060,14,2043,8,14
"508","2020-05-15",152,6,283,413,7149,0.627360469995804,8295,37217,401,2218,26,6086,4,2047,8,4
"509","2020-05-16",135,6,279,413,7149,0.627360469995804,8295,37217,401,2218,25,6111,8,2055,9,8
"510","2020-05-17",135,6,241,408,7149,0.627360469995804,8295,37217,401,2218,25,6136,1,2056,7,1
"511","2020-05-18",130,6,225,395,7149,0.627360469995804,8295,37217,401,2218,21,6157,15,2071,6,15
"512","2020-05-19",129,6,226,383,7149,0.627360469995804,8295,37217,401,2218,19,6176,12,2083,11,12
"513","2020-05-20",133,6,200,359,7149,0.627360469995804,8295,37217,401,2218,21,6197,26,2109,5,26
"514","2020-05-21",139,6,229,343,7149,0.627360469995804,8295,37217,401,2218,19,6216,34,2143,5,34
"515","2020-05-22",123,6,229,324,7149,0.627360469995804,8295,37217,401,2218,20,6236,40,2183,7,40
"516","2020-05-23",120,6,217,310,7149,0.627360469995804,8295,37217,401,2218,21,6257,53,2236,7,53
"517","2020-05-24",117,6,227,296,7149,0.627360469995804,8295,37217,401,2218,18,6275,38,2274,5,38
"518","2020-05-25",113,6,254,282,7149,0.627360469995804,8295,37217,401,2218,22,6297,23,2297,9,23
"519","2020-05-26",107,6,256,267,7149,0.627360469995804,8295,37217,401,2218,16,6313,52,2349,7,52
"520","2020-05-27",97,6,217,265,7149,0.627360469995804,8295,37217,401,2218,10,6323,35,2384,1,35
"521","2020-05-28",87,6,192,253,7149,0.627360469995804,8295,37217,401,2218,13,6336,21,2405,2,21
"522","2020-05-29",95,6,195,230,7149,0.627360469995804,8295,37217,401,2218,19,6355,31,2436,6,31
"523","2020-05-30",96,6,176,226,7149,0.627360469995804,8295,37217,401,2218,11,6366,10,2446,4,10
"524","2020-05-31",86,6,171,223,7149,0.627360469995804,8295,37217,401,2218,11,6377,17,2463,1,17
"525","2020-06-01",88,6,150,215,7149,0.627360469995804,8295,37217,401,2218,8,6385,12,2475,1,12
"526","2020-06-02",75,6,141,207,7149,0.627360469995804,8295,37217,401,2218,15,6400,19,2494,3,19
"527","2020-06-03",78,6,143,195,7149,0.627360469995804,8295,37217,401,2218,12,6412,9,2503,4,9
"528","2020-06-04",82,6,168,188,7149,0.627360469995804,8295,37217,401,2218,8,6420,3,2506,3,3
"529","2020-06-05",77,6,170,183,7149,0.627360469995804,8295,37217,401,2218,6,6426,6,2512,3,6
"530","2020-06-06",73,6,197,187,7149,0.627360469995804,8295,37217,401,2218,6,6432,44,2556,3,44
"531","2020-06-07",70,6,197,179,7149,0.627360469995804,8295,37217,401,2218,8,6440,24,2580,2,24
"532","2020-03-12",1,7,66,190,8157,0.306117445139144,8340,39238,421,947,26,53,21,56,2,21
"533","2020-03-13",4,7,88,279,8157,0.306117445139144,8340,39238,421,947,26,79,18,74,5,18
"534","2020-03-14",22,7,88,360,8157,0.306117445139144,8340,39238,421,947,36,115,46,120,13,46
"535","2020-03-15",62,7,122,469,8157,0.306117445139144,8340,39238,421,947,58,173,35,155,28,35
"536","2020-03-16",70,7,144,571,8157,0.306117445139144,8340,39238,421,947,57,230,73,228,33,73
"537","2020-03-17",86,7,152,673,8157,0.306117445139144,8340,39238,421,947,66,296,64,292,42,64
"538","2020-03-18",113,7,165,796,8157,0.306117445139144,8340,39238,421,947,76,372,50,342,55,50
"539","2020-03-19",143,7,159,908,8157,0.306117445139144,8340,39238,421,947,88,460,30,372,55,30
"540","2020-03-20",217,7,155,1014,8157,0.306117445139144,8340,39238,421,947,90,550,11,383,58,11
"541","2020-03-21",253,7,152,1098,8157,0.306117445139144,8340,39238,421,947,94,644,21,404,70,21
"542","2020-03-22",302,7,160,1217,8157,0.306117445139144,8340,39238,421,947,111,755,19,423,90,19
"543","2020-03-23",322,7,183,1304,8157,0.306117445139144,8340,39238,421,947,140,895,9,432,111,9
"544","2020-03-24",324,7,214,1384,8157,0.306117445139144,8340,39238,421,947,138,1033,12,444,110,12
"545","2020-03-25",357,7,222,1412,8157,0.306117445139144,8340,39238,421,947,151,1184,20,464,113,20
"546","2020-03-26",387,7,224,1454,8157,0.306117445139144,8340,39238,421,947,139,1323,14,478,114,14
"547","2020-03-27",527,7,214,1497,8157,0.306117445139144,8340,39238,421,947,168,1491,19,497,140,19
"548","2020-03-28",548,7,216,1566,8157,0.306117445139144,8340,39238,421,947,159,1650,59,556,133,59
"549","2020-03-29",480,7,216,1592,8157,0.306117445139144,8340,39238,421,947,182,1832,63,619,162,63
"550","2020-03-30",497,7,212,1592,8157,0.306117445139144,8340,39238,421,947,172,2004,29,648,146,29
"551","2020-03-31",501,7,196,1605,8157,0.306117445139144,8340,39238,421,947,215,2219,15,663,188,15
"552","2020-04-01",495,7,180,1627,8157,0.306117445139144,8340,39238,421,947,158,2377,14,677,133,14
"553","2020-04-02",492,7,175,1630,8157,0.306117445139144,8340,39238,421,947,177,2554,12,689,152,12
"554","2020-04-03",540,7,160,1649,8157,0.306117445139144,8340,39238,421,947,126,2680,15,704,108,15
"555","2020-04-04",556,7,170,1661,8157,0.306117445139144,8340,39238,421,947,171,2851,23,727,155,23
"556","2020-04-05",509,7,184,1661,8157,0.306117445139144,8340,39238,421,947,142,2993,13,740,119,13
"557","2020-04-06",494,7,198,1673,8157,0.306117445139144,8340,39238,421,947,171,3164,8,748,154,8
"558","2020-04-07",501,7,201,1664,8157,0.306117445139144,8340,39238,421,947,173,3337,6,754,156,6
"559","2020-04-08",497,7,191,1650,8157,0.306117445139144,8340,39238,421,947,125,3462,12,766,99,12
"560","2020-04-09",505,7,201,1650,8157,0.306117445139144,8340,39238,421,947,139,3601,6,772,123,6
"561","2020-04-10",532,7,222,1620,8157,0.306117445139144,8340,39238,421,947,145,3746,20,792,121,20
"562","2020-04-11",527,7,233,1575,8157,0.306117445139144,8340,39238,421,947,146,3892,32,824,120,32
"563","2020-04-12",496,7,210,1541,8157,0.306117445139144,8340,39238,421,947,119,4011,32,856,101,32
"564","2020-04-13",490,7,246,1519,8157,0.306117445139144,8340,39238,421,947,105,4116,28,884,89,28
"565","2020-04-14",476,7,231,1478,8157,0.306117445139144,8340,39238,421,947,107,4223,10,894,92,10
"566","2020-04-15",473,7,223,1415,8157,0.306117445139144,8340,39238,421,947,127,4350,9,903,111,9
"567","2020-04-16",463,7,192,1381,8157,0.306117445139144,8340,39238,421,947,94,4444,24,927,74,24
"568","2020-04-17",431,7,166,1340,8157,0.306117445139144,8340,39238,421,947,97,4541,30,957,76,30
"569","2020-04-18",441,7,148,1293,8157,0.306117445139144,8340,39238,421,947,90,4631,10,967,74,10
"570","2020-04-19",428,7,145,1255,8157,0.306117445139144,8340,39238,421,947,83,4714,10,977,67,10
"571","2020-04-20",415,7,161,1213,8157,0.306117445139144,8340,39238,421,947,86,4800,4,981,71,4
"572","2020-04-21",410,7,162,1153,8157,0.306117445139144,8340,39238,421,947,90,4890,36,1017,70,36
"573","2020-04-22",401,7,167,1116,8157,0.306117445139144,8340,39238,421,947,66,4956,35,1052,53,35
"574","2020-04-23",391,7,143,1079,8157,0.306117445139144,8340,39238,421,947,60,5016,11,1063,42,11
"575","2020-04-24",380,7,167,1067,8157,0.306117445139144,8340,39238,421,947,62,5078,26,1089,49,26
"576","2020-04-25",359,7,209,1046,8157,0.306117445139144,8340,39238,421,947,68,5146,19,1108,55,19
"577","2020-04-26",354,7,244,1023,8157,0.306117445139144,8340,39238,421,947,52,5198,8,1116,39,8
"578","2020-04-27",340,7,279,979,8157,0.306117445139144,8340,39238,421,947,58,5256,23,1139,42,23
"579","2020-04-28",314,7,279,939,8157,0.306117445139144,8340,39238,421,947,49,5305,15,1154,39,15
"580","2020-04-29",306,7,295,900,8157,0.306117445139144,8340,39238,421,947,55,5360,15,1169,33,15
"581","2020-04-30",284,7,282,877,8157,0.306117445139144,8340,39238,421,947,63,5423,18,1187,48,18
"582","2020-05-01",311,7,258,844,8157,0.306117445139144,8340,39238,421,947,60,5483,13,1200,35,13
"583","2020-05-02",307,7,290,805,8157,0.306117445139144,8340,39238,421,947,43,5526,18,1218,30,18
"584","2020-05-03",274,7,294,767,8157,0.306117445139144,8340,39238,421,947,37,5563,30,1248,27,30
"585","2020-05-04",256,7,279,758,8157,0.306117445139144,8340,39238,421,947,30,5593,27,1275,15,27
"586","2020-05-05",252,7,297,736,8157,0.306117445139144,8340,39238,421,947,34,5627,35,1310,24,35
"587","2020-05-06",248,7,258,710,8157,0.306117445139144,8340,39238,421,947,36,5663,21,1331,25,21
"588","2020-05-07",244,7,221,676,8157,0.306117445139144,8340,39238,421,947,29,5692,7,1338,14,7
"589","2020-05-08",227,7,203,681,8157,0.306117445139144,8340,39238,421,947,26,5718,17,1355,15,17
"590","2020-05-09",212,7,192,662,8157,0.306117445139144,8340,39238,421,947,26,5744,18,1373,12,18
"591","2020-05-10",204,7,175,617,8157,0.306117445139144,8340,39238,421,947,23,5767,12,1385,13,12
"592","2020-05-11",203,7,208,595,8157,0.306117445139144,8340,39238,421,947,23,5790,22,1407,9,22
"593","2020-05-12",193,7,215,572,8157,0.306117445139144,8340,39238,421,947,17,5807,46,1453,8,46
"594","2020-05-13",184,7,196,554,8157,0.306117445139144,8340,39238,421,947,22,5829,17,1470,15,17
"595","2020-05-14",187,7,183,529,8157,0.306117445139144,8340,39238,421,947,19,5848,21,1491,12,21
"596","2020-05-15",176,7,163,516,8157,0.306117445139144,8340,39238,421,947,24,5872,14,1505,14,14
"597","2020-05-16",181,7,144,488,8157,0.306117445139144,8340,39238,421,947,19,5891,17,1522,14,17
"598","2020-05-17",162,7,144,470,8157,0.306117445139144,8340,39238,421,947,21,5912,14,1536,12,14
"599","2020-05-18",158,7,175,466,8157,0.306117445139144,8340,39238,421,947,17,5929,17,1553,10,17
"600","2020-05-19",145,7,205,445,8157,0.306117445139144,8340,39238,421,947,14,5943,9,1562,8,9
"601","2020-05-20",139,7,193,423,8157,0.306117445139144,8340,39238,421,947,14,5957,6,1568,4,6
"602","2020-05-21",127,7,183,409,8157,0.306117445139144,8340,39238,421,947,17,5974,5,1573,7,5
"603","2020-05-22",124,7,171,381,8157,0.306117445139144,8340,39238,421,947,13,5987,24,1597,5,24
"604","2020-05-23",134,7,157,366,8157,0.306117445139144,8340,39238,421,947,15,6002,17,1614,5,17
"605","2020-05-24",115,7,152,351,8157,0.306117445139144,8340,39238,421,947,22,6024,13,1627,12,13
"606","2020-05-25",100,7,166,330,8157,0.306117445139144,8340,39238,421,947,14,6038,40,1667,3,40
"607","2020-05-26",104,7,184,314,8157,0.306117445139144,8340,39238,421,947,11,6049,38,1705,4,38
"608","2020-05-27",99,7,219,295,8157,0.306117445139144,8340,39238,421,947,12,6061,27,1732,6,27
"609","2020-05-28",108,7,227,283,8157,0.306117445139144,8340,39238,421,947,13,6074,24,1756,7,24
"610","2020-05-29",99,7,201,276,8157,0.306117445139144,8340,39238,421,947,8,6082,35,1791,5,35
"611","2020-05-30",90,7,200,267,8157,0.306117445139144,8340,39238,421,947,8,6090,47,1838,5,47
"612","2020-05-31",79,7,207,258,8157,0.306117445139144,8340,39238,421,947,8,6098,45,1883,6,45
"613","2020-06-01",79,7,205,245,8157,0.306117445139144,8340,39238,421,947,12,6110,53,1936,7,53
"614","2020-06-02",72,7,186,223,8157,0.306117445139144,8340,39238,421,947,5,6115,25,1961,3,25
"615","2020-06-03",72,7,170,216,8157,0.306117445139144,8340,39238,421,947,12,6127,22,1983,6,22
"616","2020-06-04",63,7,184,201,8157,0.306117445139144,8340,39238,421,947,6,6133,34,2017,2,34
"617","2020-06-05",61,7,166,188,8157,0.306117445139144,8340,39238,421,947,10,6143,34,2051,7,34
"618","2020-06-06",62,7,177,177,8157,0.306117445139144,8340,39238,421,947,12,6155,19,2070,6,19
"619","2020-06-07",62,7,182,168,8157,0.306117445139144,8340,39238,421,947,6,6161,37,2107,3,37
"620","2020-03-12",3,8,144,139,7726,0.475666580377945,8400,37859,482,2158,51,110,26,58,2,26
"621","2020-03-13",11,8,170,204,7726,0.475666580377945,8400,37859,482,2158,63,173,23,81,11,23
"622","2020-03-14",20,8,216,298,7726,0.475666580377945,8400,37859,482,2158,64,237,39,120,12,39
"623","2020-03-15",31,8,260,378,7726,0.475666580377945,8400,37859,482,2158,73,310,25,145,21,25
"624","2020-03-16",46,8,268,479,7726,0.475666580377945,8400,37859,482,2158,78,388,27,172,30,27
"625","2020-03-17",56,8,307,588,7726,0.475666580377945,8400,37859,482,2158,73,461,31,203,25,31
"626","2020-03-18",78,8,311,708,7726,0.475666580377945,8400,37859,482,2158,69,530,25,228,40,25
"627","2020-03-19",103,8,306,826,7726,0.475666580377945,8400,37859,482,2158,119,649,21,249,70,21
"628","2020-03-20",154,8,334,922,7726,0.475666580377945,8400,37859,482,2158,98,747,44,293,50,44
"629","2020-03-21",279,8,353,1022,7726,0.475666580377945,8400,37859,482,2158,100,847,34,327,44,34
"630","2020-03-22",309,8,367,1159,7726,0.475666580377945,8400,37859,482,2158,99,946,56,383,59,56
"631","2020-03-23",300,8,359,1238,7726,0.475666580377945,8400,37859,482,2158,118,1064,55,438,65,55
"632","2020-03-24",320,8,335,1320,7726,0.475666580377945,8400,37859,482,2158,121,1185,55,493,67,55
"633","2020-03-25",345,8,310,1395,7726,0.475666580377945,8400,37859,482,2158,119,1304,29,522,61,29
"634","2020-03-26",367,8,296,1465,7726,0.475666580377945,8400,37859,482,2158,136,1440,26,548,82,26
"635","2020-03-27",495,8,279,1535,7726,0.475666580377945,8400,37859,482,2158,112,1552,20,568,68,20
"636","2020-03-28",452,8,257,1617,7726,0.475666580377945,8400,37859,482,2158,121,1673,14,582,75,14
"637","2020-03-29",460,8,267,1669,7726,0.475666580377945,8400,37859,482,2158,133,1806,14,596,81,14
"638","2020-03-30",475,8,250,1702,7726,0.475666580377945,8400,37859,482,2158,129,1935,17,613,81,17
"639","2020-03-31",482,8,242,1728,7726,0.475666580377945,8400,37859,482,2158,128,2063,43,656,78,43
"640","2020-04-01",494,8,245,1756,7726,0.475666580377945,8400,37859,482,2158,149,2212,31,687,94,31
"641","2020-04-02",503,8,256,1769,7726,0.475666580377945,8400,37859,482,2158,98,2310,24,711,59,24
"642","2020-04-03",585,8,258,1798,7726,0.475666580377945,8400,37859,482,2158,144,2454,16,727,82,16
"643","2020-04-04",584,8,259,1813,7726,0.475666580377945,8400,37859,482,2158,139,2593,20,747,80,20
"644","2020-04-05",579,8,271,1808,7726,0.475666580377945,8400,37859,482,2158,97,2690,14,761,53,14
"645","2020-04-06",583,8,269,1805,7726,0.475666580377945,8400,37859,482,2158,123,2813,16,777,74,16
"646","2020-04-07",577,8,259,1812,7726,0.475666580377945,8400,37859,482,2158,112,2925,22,799,64,22
"647","2020-04-08",572,8,263,1776,7726,0.475666580377945,8400,37859,482,2158,128,3053,52,851,75,52
"648","2020-04-09",592,8,285,1757,7726,0.475666580377945,8400,37859,482,2158,121,3174,63,914,71,63
"649","2020-04-10",619,8,291,1710,7726,0.475666580377945,8400,37859,482,2158,103,3277,42,956,53,42
"650","2020-04-11",646,8,297,1704,7726,0.475666580377945,8400,37859,482,2158,110,3387,51,1007,66,51
"651","2020-04-12",562,8,288,1669,7726,0.475666580377945,8400,37859,482,2158,94,3481,33,1040,58,33
"652","2020-04-13",540,8,279,1624,7726,0.475666580377945,8400,37859,482,2158,105,3586,22,1062,59,22
"653","2020-04-14",522,8,266,1576,7726,0.475666580377945,8400,37859,482,2158,93,3679,28,1090,46,28
"654","2020-04-15",525,8,242,1501,7726,0.475666580377945,8400,37859,482,2158,103,3782,20,1110,46,20
"655","2020-04-16",495,8,241,1446,7726,0.475666580377945,8400,37859,482,2158,92,3874,13,1123,46,13
"656","2020-04-17",495,8,248,1386,7726,0.475666580377945,8400,37859,482,2158,86,3960,9,1132,42,9
"657","2020-04-18",471,8,259,1320,7726,0.475666580377945,8400,37859,482,2158,59,4019,9,1141,34,9
"658","2020-04-19",453,8,303,1255,7726,0.475666580377945,8400,37859,482,2158,82,4101,14,1155,45,14
"659","2020-04-20",460,8,320,1199,7726,0.475666580377945,8400,37859,482,2158,86,4187,52,1207,38,52
"660","2020-04-21",438,8,312,1178,7726,0.475666580377945,8400,37859,482,2158,84,4271,41,1248,40,41
"661","2020-04-22",416,8,328,1130,7726,0.475666580377945,8400,37859,482,2158,74,4345,20,1268,21,20
"662","2020-04-23",403,8,324,1095,7726,0.475666580377945,8400,37859,482,2158,89,4434,12,1280,44,12
"663","2020-04-24",357,8,307,1063,7726,0.475666580377945,8400,37859,482,2158,80,4514,13,1293,30,13
"664","2020-04-25",340,8,289,1009,7726,0.475666580377945,8400,37859,482,2158,65,4579,11,1304,32,11
"665","2020-04-26",318,8,270,946,7726,0.475666580377945,8400,37859,482,2158,83,4662,11,1315,34,11
"666","2020-04-27",298,8,267,905,7726,0.475666580377945,8400,37859,482,2158,61,4723,49,1364,25,49
"667","2020-04-28",299,8,254,846,7726,0.475666580377945,8400,37859,482,2158,71,4794,27,1391,34,27
"668","2020-04-29",295,8,259,824,7726,0.475666580377945,8400,37859,482,2158,52,4846,29,1420,23,29
"669","2020-04-30",280,8,269,788,7726,0.475666580377945,8400,37859,482,2158,70,4916,63,1483,40,63
"670","2020-05-01",258,8,330,758,7726,0.475666580377945,8400,37859,482,2158,59,4975,30,1513,27,30
"671","2020-05-02",254,8,325,719,7726,0.475666580377945,8400,37859,482,2158,56,5031,26,1539,29,26
"672","2020-05-03",258,8,301,697,7726,0.475666580377945,8400,37859,482,2158,33,5064,20,1559,17,20
"673","2020-05-04",251,8,300,677,7726,0.475666580377945,8400,37859,482,2158,49,5113,22,1581,18,22
"674","2020-05-05",227,8,291,636,7726,0.475666580377945,8400,37859,482,2158,46,5159,21,1602,18,21
"675","2020-05-06",218,8,312,629,7726,0.475666580377945,8400,37859,482,2158,44,5203,14,1616,18,14
"676","2020-05-07",216,8,295,601,7726,0.475666580377945,8400,37859,482,2158,50,5253,11,1627,21,11
"677","2020-05-08",219,8,304,572,7726,0.475666580377945,8400,37859,482,2158,58,5311,17,1644,23,17
"678","2020-05-09",227,8,299,550,7726,0.475666580377945,8400,37859,482,2158,46,5357,70,1714,19,70
"679","2020-05-10",188,8,324,521,7726,0.475666580377945,8400,37859,482,2158,33,5390,57,1771,11,57
"680","2020-05-11",174,8,308,502,7726,0.475666580377945,8400,37859,482,2158,44,5434,29,1800,19,29
"681","2020-05-12",161,8,295,466,7726,0.475666580377945,8400,37859,482,2158,38,5472,17,1817,16,17
"682","2020-05-13",148,8,303,447,7726,0.475666580377945,8400,37859,482,2158,37,5509,23,1840,18,23
"683","2020-05-14",142,8,308,426,7726,0.475666580377945,8400,37859,482,2158,38,5547,35,1875,11,35
"684","2020-05-15",148,8,303,413,7726,0.475666580377945,8400,37859,482,2158,31,5578,13,1888,10,13
"685","2020-05-16",133,8,305,389,7726,0.475666580377945,8400,37859,482,2158,31,5609,16,1904,7,16
"686","2020-05-17",124,8,278,373,7726,0.475666580377945,8400,37859,482,2158,26,5635,53,1957,10,53
"687","2020-05-18",121,8,292,356,7726,0.475666580377945,8400,37859,482,2158,32,5667,35,1992,8,35
"688","2020-05-19",121,8,277,327,7726,0.475666580377945,8400,37859,482,2158,25,5692,23,2015,10,23
"689","2020-05-20",121,8,284,315,7726,0.475666580377945,8400,37859,482,2158,17,5709,23,2038,4,23
"690","2020-05-21",116,8,293,292,7726,0.475666580377945,8400,37859,482,2158,20,5729,12,2050,8,12
"691","2020-05-22",104,8,283,285,7726,0.475666580377945,8400,37859,482,2158,21,5750,10,2060,6,10
"692","2020-05-23",99,8,280,269,7726,0.475666580377945,8400,37859,482,2158,26,5776,12,2072,6,12
"693","2020-05-24",86,8,266,254,7726,0.475666580377945,8400,37859,482,2158,17,5793,8,2080,4,8
"694","2020-05-25",83,8,258,249,7726,0.475666580377945,8400,37859,482,2158,21,5814,9,2089,6,9
"695","2020-05-26",75,8,274,238,7726,0.475666580377945,8400,37859,482,2158,22,5836,7,2096,2,7
"696","2020-05-27",76,8,268,222,7726,0.475666580377945,8400,37859,482,2158,17,5853,7,2103,1,7
"697","2020-05-28",73,8,313,221,7726,0.475666580377945,8400,37859,482,2158,16,5869,5,2108,6,5
"698","2020-05-29",78,8,330,213,7726,0.475666580377945,8400,37859,482,2158,13,5882,16,2124,3,16
"699","2020-05-30",75,8,307,200,7726,0.475666580377945,8400,37859,482,2158,18,5900,32,2156,7,32
"700","2020-05-31",77,8,308,191,7726,0.475666580377945,8400,37859,482,2158,12,5912,25,2181,NA,25
"701","2020-06-01",69,8,278,189,7726,0.475666580377945,8400,37859,482,2158,21,5933,21,2202,3,21
"702","2020-06-02",65,8,276,179,7726,0.475666580377945,8400,37859,482,2158,15,5948,44,2246,2,44
"703","2020-06-03",59,8,272,171,7726,0.475666580377945,8400,37859,482,2158,15,5963,25,2271,5,25
"704","2020-06-04",61,8,263,157,7726,0.475666580377945,8400,37859,482,2158,15,5978,21,2292,1,21
"705","2020-06-05",55,8,264,158,7726,0.475666580377945,8400,37859,482,2158,8,5986,10,2302,2,10
"706","2020-06-06",55,8,263,155,7726,0.475666580377945,8400,37859,482,2158,14,6000,12,2314,6,12
"707","2020-06-07",50,8,257,147,7726,0.475666580377945,8400,37859,482,2158,11,6011,16,2330,4,16
"708","2020-03-13",2,9,110,49,6618,0.887126019945603,8355,32806,432,1829,18,59,33,139,8,33
"709","2020-03-14",6,9,142,81,6618,0.887126019945603,8355,32806,432,1829,25,84,32,171,18,32
"710","2020-03-15",10,9,172,115,6618,0.887126019945603,8355,32806,432,1829,33,117,31,202,21,31
"711","2020-03-16",9,9,209,166,6618,0.887126019945603,8355,32806,432,1829,44,161,31,233,35,31
"712","2020-03-17",10,9,202,211,6618,0.887126019945603,8355,32806,432,1829,54,215,35,268,46,35
"713","2020-03-18",16,9,191,274,6618,0.887126019945603,8355,32806,432,1829,54,269,26,294,36,26
"714","2020-03-19",30,9,214,347,6618,0.887126019945603,8355,32806,432,1829,63,332,14,308,51,14
"715","2020-03-20",50,9,211,392,6618,0.887126019945603,8355,32806,432,1829,70,402,12,320,60,12
"716","2020-03-21",78,9,203,467,6618,0.887126019945603,8355,32806,432,1829,72,474,24,344,57,24
"717","2020-03-22",97,9,188,562,6618,0.887126019945603,8355,32806,432,1829,75,549,34,378,61,34
"718","2020-03-23",110,9,166,648,6618,0.887126019945603,8355,32806,432,1829,76,625,30,408,67,30
"719","2020-03-24",125,9,160,757,6618,0.887126019945603,8355,32806,432,1829,103,728,53,461,92,53
"720","2020-03-25",150,9,141,856,6618,0.887126019945603,8355,32806,432,1829,127,855,53,514,113,53
"721","2020-03-26",168,9,139,971,6618,0.887126019945603,8355,32806,432,1829,165,1020,52,566,155,52
"722","2020-03-27",242,9,144,1074,6618,0.887126019945603,8355,32806,432,1829,120,1140,71,637,110,71
"723","2020-03-28",272,9,152,1201,6618,0.887126019945603,8355,32806,432,1829,167,1307,40,677,157,40
"724","2020-03-29",327,9,182,1308,6618,0.887126019945603,8355,32806,432,1829,157,1464,33,710,150,33
"725","2020-03-30",343,9,171,1422,6618,0.887126019945603,8355,32806,432,1829,160,1624,18,728,148,18
"726","2020-03-31",353,9,177,1497,6618,0.887126019945603,8355,32806,432,1829,146,1770,12,740,132,12
"727","2020-04-01",367,9,205,1582,6618,0.887126019945603,8355,32806,432,1829,156,1926,23,763,142,23
"728","2020-04-02",405,9,211,1672,6618,0.887126019945603,8355,32806,432,1829,203,2129,12,775,194,12
"729","2020-04-03",558,9,185,1771,6618,0.887126019945603,8355,32806,432,1829,160,2289,20,795,153,20
"730","2020-04-04",629,9,172,1851,6618,0.887126019945603,8355,32806,432,1829,195,2484,29,824,188,29
"731","2020-04-05",563,9,170,1930,6618,0.887126019945603,8355,32806,432,1829,200,2684,19,843,193,19
"732","2020-04-06",564,9,171,2004,6618,0.887126019945603,8355,32806,432,1829,162,2846,53,896,155,53
"733","2020-04-07",583,9,167,2044,6618,0.887126019945603,8355,32806,432,1829,155,3001,13,909,147,13
"734","2020-04-08",622,9,169,2085,6618,0.887126019945603,8355,32806,432,1829,202,3203,13,922,189,13
"735","2020-04-09",634,9,202,2091,6618,0.887126019945603,8355,32806,432,1829,154,3357,9,931,142,9
"736","2020-04-10",754,9,203,2097,6618,0.887126019945603,8355,32806,432,1829,190,3547,11,942,180,11
"737","2020-04-11",737,9,209,2111,6618,0.887126019945603,8355,32806,432,1829,181,3728,11,953,170,11
"738","2020-04-12",719,9,208,2077,6618,0.887126019945603,8355,32806,432,1829,160,3888,28,981,144,28
"739","2020-04-13",742,9,246,2057,6618,0.887126019945603,8355,32806,432,1829,154,4042,13,994,144,13
"740","2020-04-14",750,9,236,1967,6618,0.887126019945603,8355,32806,432,1829,152,4194,7,1001,144,7
"741","2020-04-15",740,9,235,1915,6618,0.887126019945603,8355,32806,432,1829,125,4319,19,1020,118,19
"742","2020-04-16",718,9,255,1825,6618,0.887126019945603,8355,32806,432,1829,156,4475,44,1064,146,44
"743","2020-04-17",676,9,238,1722,6618,0.887126019945603,8355,32806,432,1829,141,4616,29,1093,137,29
"744","2020-04-18",661,9,230,1650,6618,0.887126019945603,8355,32806,432,1829,101,4717,26,1119,92,26
"745","2020-04-19",578,9,233,1527,6618,0.887126019945603,8355,32806,432,1829,100,4817,37,1156,95,37
"746","2020-04-20",539,9,243,1432,6618,0.887126019945603,8355,32806,432,1829,99,4916,49,1205,92,49
"747","2020-04-21",504,9,231,1361,6618,0.887126019945603,8355,32806,432,1829,84,5000,34,1239,80,34
"748","2020-04-22",477,9,243,1279,6618,0.887126019945603,8355,32806,432,1829,88,5088,21,1260,85,21
"749","2020-04-23",465,9,258,1191,6618,0.887126019945603,8355,32806,432,1829,72,5160,8,1268,66,8
"750","2020-04-24",408,9,228,1080,6618,0.887126019945603,8355,32806,432,1829,89,5249,33,1301,83,33
"751","2020-04-25",404,9,279,997,6618,0.887126019945603,8355,32806,432,1829,59,5308,29,1330,50,29
"752","2020-04-26",393,9,288,923,6618,0.887126019945603,8355,32806,432,1829,60,5368,17,1347,52,17
"753","2020-04-27",379,9,286,874,6618,0.887126019945603,8355,32806,432,1829,66,5434,11,1358,57,11
"754","2020-04-28",370,9,257,821,6618,0.887126019945603,8355,32806,432,1829,44,5478,24,1382,39,24
"755","2020-04-29",366,9,262,788,6618,0.887126019945603,8355,32806,432,1829,55,5533,23,1405,50,23
"756","2020-04-30",354,9,253,725,6618,0.887126019945603,8355,32806,432,1829,34,5567,20,1425,28,20
"757","2020-05-01",324,9,239,655,6618,0.887126019945603,8355,32806,432,1829,37,5604,23,1448,30,23
"758","2020-05-02",287,9,212,624,6618,0.887126019945603,8355,32806,432,1829,38,5642,25,1473,33,25
"759","2020-05-03",255,9,203,568,6618,0.887126019945603,8355,32806,432,1829,32,5674,80,1553,29,80
"760","2020-05-04",231,9,190,532,6618,0.887126019945603,8355,32806,432,1829,32,5706,42,1595,29,42
"761","2020-05-05",221,9,178,489,6618,0.887126019945603,8355,32806,432,1829,37,5743,33,1628,27,33
"762","2020-05-06",196,9,179,459,6618,0.887126019945603,8355,32806,432,1829,31,5774,26,1654,20,26
"763","2020-05-07",177,9,237,435,6618,0.887126019945603,8355,32806,432,1829,17,5791,39,1693,13,39
"764","2020-05-08",154,9,235,406,6618,0.887126019945603,8355,32806,432,1829,29,5820,64,1757,22,64
"765","2020-05-09",162,9,229,371,6618,0.887126019945603,8355,32806,432,1829,23,5843,36,1793,16,36
"766","2020-05-10",154,9,239,342,6618,0.887126019945603,8355,32806,432,1829,22,5865,29,1822,17,29
"767","2020-05-11",153,9,236,320,6618,0.887126019945603,8355,32806,432,1829,21,5886,10,1832,21,10
"768","2020-05-12",127,9,232,302,6618,0.887126019945603,8355,32806,432,1829,16,5902,15,1847,13,15
"769","2020-05-13",115,9,214,281,6618,0.887126019945603,8355,32806,432,1829,19,5921,14,1861,12,14
"770","2020-05-14",106,9,206,260,6618,0.887126019945603,8355,32806,432,1829,27,5948,18,1879,17,18
"771","2020-05-15",101,9,242,236,6618,0.887126019945603,8355,32806,432,1829,17,5965,11,1890,12,11
"772","2020-05-16",83,9,244,223,6618,0.887126019945603,8355,32806,432,1829,13,5978,14,1904,8,14
"773","2020-05-17",71,9,277,212,6618,0.887126019945603,8355,32806,432,1829,19,5997,12,1916,12,12
"774","2020-05-18",63,9,266,202,6618,0.887126019945603,8355,32806,432,1829,11,6008,11,1927,4,11
"775","2020-05-19",61,9,255,194,6618,0.887126019945603,8355,32806,432,1829,8,6016,12,1939,7,12
"776","2020-05-20",63,9,235,185,6618,0.887126019945603,8355,32806,432,1829,16,6032,12,1951,12,12
"777","2020-05-21",62,9,265,171,6618,0.887126019945603,8355,32806,432,1829,15,6047,8,1959,12,8
"778","2020-05-22",54,9,238,173,6618,0.887126019945603,8355,32806,432,1829,10,6057,46,2005,7,46
"779","2020-05-23",58,9,218,173,6618,0.887126019945603,8355,32806,432,1829,13,6070,48,2053,8,48
"780","2020-05-24",59,9,215,157,6618,0.887126019945603,8355,32806,432,1829,14,6084,24,2077,12,24
"781","2020-05-25",60,9,213,154,6618,0.887126019945603,8355,32806,432,1829,10,6094,14,2091,4,14
"782","2020-05-26",58,9,189,141,6618,0.887126019945603,8355,32806,432,1829,9,6103,15,2106,7,15
"783","2020-05-27",56,9,209,135,6618,0.887126019945603,8355,32806,432,1829,11,6114,19,2125,8,19
"784","2020-05-28",55,9,228,129,6618,0.887126019945603,8355,32806,432,1829,8,6122,25,2150,6,25
"785","2020-05-29",54,9,219,117,6618,0.887126019945603,8355,32806,432,1829,6,6128,55,2205,5,55
"786","2020-05-30",46,9,255,107,6618,0.887126019945603,8355,32806,432,1829,7,6135,75,2280,6,75
"787","2020-05-31",44,9,258,108,6618,0.887126019945603,8355,32806,432,1829,12,6147,26,2306,8,26
"788","2020-06-01",41,9,258,109,6618,0.887126019945603,8355,32806,432,1829,5,6152,29,2335,4,29
"789","2020-06-02",40,9,272,103,6618,0.887126019945603,8355,32806,432,1829,6,6158,12,2347,2,12
"790","2020-06-03",40,9,256,100,6618,0.887126019945603,8355,32806,432,1829,6,6164,18,2365,4,18
"791","2020-06-04",37,9,241,101,6618,0.887126019945603,8355,32806,432,1829,12,6176,8,2373,9,8
"792","2020-06-05",35,9,214,97,6618,0.887126019945603,8355,32806,432,1829,5,6181,8,2381,2,8
"793","2020-06-06",33,9,190,91,6618,0.887126019945603,8355,32806,432,1829,6,6187,10,2391,2,10
"794","2020-06-07",35,9,216,87,6618,0.887126019945603,8355,32806,432,1829,4,6191,15,2406,2,15
"795","2020-03-13",1,10,68,45,6535,0.846059678653405,8355,32444,391,1954,57,145,10,52,12,10
"796","2020-03-14",11,10,117,71,6535,0.846059678653405,8355,32444,391,1954,78,223,5,57,24,5
"797","2020-03-15",12,10,137,94,6535,0.846059678653405,8355,32444,391,1954,75,298,13,70,32,13
"798","2020-03-16",9,10,162,124,6535,0.846059678653405,8355,32444,391,1954,87,385,26,96,43,26
"799","2020-03-17",21,10,168,169,6535,0.846059678653405,8355,32444,391,1954,71,456,11,107,36,11
"800","2020-03-18",24,10,176,202,6535,0.846059678653405,8355,32444,391,1954,103,559,11,118,53,11
"801","2020-03-19",30,10,162,246,6535,0.846059678653405,8355,32444,391,1954,98,657,22,140,65,22
"802","2020-03-20",48,10,144,289,6535,0.846059678653405,8355,32444,391,1954,120,777,11,151,75,11
"803","2020-03-21",67,10,133,353,6535,0.846059678653405,8355,32444,391,1954,113,890,7,158,83,7
"804","2020-03-22",85,10,134,416,6535,0.846059678653405,8355,32444,391,1954,147,1037,18,176,103,18
"805","2020-03-23",95,10,122,472,6535,0.846059678653405,8355,32444,391,1954,159,1196,45,221,111,45
"806","2020-03-24",92,10,120,541,6535,0.846059678653405,8355,32444,391,1954,145,1341,15,236,103,15
"807","2020-03-25",110,10,129,637,6535,0.846059678653405,8355,32444,391,1954,165,1506,24,260,125,24
"808","2020-03-26",129,10,171,733,6535,0.846059678653405,8355,32444,391,1954,174,1680,37,297,136,37
"809","2020-03-27",187,10,201,809,6535,0.846059678653405,8355,32444,391,1954,170,1850,31,328,132,31
"810","2020-03-28",211,10,214,882,6535,0.846059678653405,8355,32444,391,1954,194,2044,64,392,155,64
"811","2020-03-29",259,10,244,975,6535,0.846059678653405,8355,32444,391,1954,171,2215,46,438,136,46
"812","2020-03-30",264,10,252,1086,6535,0.846059678653405,8355,32444,391,1954,175,2390,29,467,136,29
"813","2020-03-31",279,10,235,1174,6535,0.846059678653405,8355,32444,391,1954,203,2593,15,482,160,15
"814","2020-04-01",303,10,244,1275,6535,0.846059678653405,8355,32444,391,1954,190,2783,29,511,149,29
"815","2020-04-02",320,10,249,1387,6535,0.846059678653405,8355,32444,391,1954,184,2967,32,543,143,32
"816","2020-04-03",432,10,257,1464,6535,0.846059678653405,8355,32444,391,1954,152,3119,46,589,117,46
"817","2020-04-04",455,10,241,1594,6535,0.846059678653405,8355,32444,391,1954,131,3250,41,630,109,41
"818","2020-04-05",457,10,218,1712,6535,0.846059678653405,8355,32444,391,1954,170,3420,56,686,134,56
"819","2020-04-06",473,10,183,1762,6535,0.846059678653405,8355,32444,391,1954,144,3564,50,736,110,50
"820","2020-04-07",476,10,222,1830,6535,0.846059678653405,8355,32444,391,1954,135,3699,63,799,111,63
"821","2020-04-08",483,10,218,1925,6535,0.846059678653405,8355,32444,391,1954,172,3871,28,827,136,28
"822","2020-04-09",520,10,188,2011,6535,0.846059678653405,8355,32444,391,1954,132,4003,23,850,103,23
"823","2020-04-10",642,10,193,2042,6535,0.846059678653405,8355,32444,391,1954,123,4126,44,894,92,44
"824","2020-04-11",668,10,188,2063,6535,0.846059678653405,8355,32444,391,1954,124,4250,24,918,93,24
"825","2020-04-12",627,10,184,2087,6535,0.846059678653405,8355,32444,391,1954,109,4359,10,928,74,10
"826","2020-04-13",650,10,191,2053,6535,0.846059678653405,8355,32444,391,1954,116,4475,28,956,92,28
"827","2020-04-14",643,10,223,2073,6535,0.846059678653405,8355,32444,391,1954,109,4584,48,1004,85,48
"828","2020-04-15",666,10,258,2025,6535,0.846059678653405,8355,32444,391,1954,104,4688,28,1032,75,28
"829","2020-04-16",666,10,249,1986,6535,0.846059678653405,8355,32444,391,1954,88,4776,28,1060,55,28
"830","2020-04-17",720,10,266,1927,6535,0.846059678653405,8355,32444,391,1954,83,4859,48,1108,61,48
"831","2020-04-18",736,10,276,1874,6535,0.846059678653405,8355,32444,391,1954,88,4947,69,1177,58,69
"832","2020-04-19",651,10,266,1844,6535,0.846059678653405,8355,32444,391,1954,77,5024,32,1209,53,32
"833","2020-04-20",626,10,255,1782,6535,0.846059678653405,8355,32444,391,1954,82,5106,26,1235,56,26
"834","2020-04-21",627,10,244,1693,6535,0.846059678653405,8355,32444,391,1954,59,5165,15,1250,37,15
"835","2020-04-22",602,10,213,1594,6535,0.846059678653405,8355,32444,391,1954,75,5240,49,1299,48,49
"836","2020-04-23",587,10,208,1473,6535,0.846059678653405,8355,32444,391,1954,62,5302,47,1346,42,47
"837","2020-04-24",556,10,195,1403,6535,0.846059678653405,8355,32444,391,1954,56,5358,48,1394,34,48
"838","2020-04-25",516,10,202,1323,6535,0.846059678653405,8355,32444,391,1954,54,5412,55,1449,36,55
"839","2020-04-26",500,10,209,1242,6535,0.846059678653405,8355,32444,391,1954,47,5459,70,1519,25,70
"840","2020-04-27",488,10,196,1158,6535,0.846059678653405,8355,32444,391,1954,63,5522,39,1558,32,39
"841","2020-04-28",461,10,204,1062,6535,0.846059678653405,8355,32444,391,1954,67,5589,36,1594,43,36
"842","2020-04-29",447,10,242,973,6535,0.846059678653405,8355,32444,391,1954,35,5624,71,1665,16,71
"843","2020-04-30",415,10,234,908,6535,0.846059678653405,8355,32444,391,1954,53,5677,68,1733,26,68
"844","2020-05-01",353,10,238,831,6535,0.846059678653405,8355,32444,391,1954,48,5725,43,1776,29,43
"845","2020-05-02",369,10,224,758,6535,0.846059678653405,8355,32444,391,1954,37,5762,37,1813,19,37
"846","2020-05-03",319,10,237,658,6535,0.846059678653405,8355,32444,391,1954,42,5804,58,1871,18,58
"847","2020-05-04",300,10,233,608,6535,0.846059678653405,8355,32444,391,1954,39,5843,36,1907,19,36
"848","2020-05-05",272,10,204,563,6535,0.846059678653405,8355,32444,391,1954,31,5874,25,1932,18,25
"849","2020-05-06",248,10,176,511,6535,0.846059678653405,8355,32444,391,1954,33,5907,25,1957,16,25
"850","2020-05-07",235,10,169,465,6535,0.846059678653405,8355,32444,391,1954,34,5941,7,1964,18,7
"851","2020-05-08",200,10,178,439,6535,0.846059678653405,8355,32444,391,1954,31,5972,4,1968,14,4
"852","2020-05-09",163,10,185,403,6535,0.846059678653405,8355,32444,391,1954,27,5999,6,1974,11,6
"853","2020-05-10",152,10,181,362,6535,0.846059678653405,8355,32444,391,1954,20,6019,7,1981,7,7
"854","2020-05-11",133,10,201,335,6535,0.846059678653405,8355,32444,391,1954,29,6048,31,2012,9,31
"855","2020-05-12",129,10,227,317,6535,0.846059678653405,8355,32444,391,1954,26,6074,23,2035,10,23
"856","2020-05-13",135,10,231,296,6535,0.846059678653405,8355,32444,391,1954,27,6101,13,2048,12,13
"857","2020-05-14",132,10,226,281,6535,0.846059678653405,8355,32444,391,1954,23,6124,10,2058,11,10
"858","2020-05-15",117,10,234,260,6535,0.846059678653405,8355,32444,391,1954,25,6149,13,2071,6,13
"859","2020-05-16",115,10,230,244,6535,0.846059678653405,8355,32444,391,1954,22,6171,10,2081,14,10
"860","2020-05-17",96,10,207,221,6535,0.846059678653405,8355,32444,391,1954,23,6194,15,2096,11,15
"861","2020-05-18",88,10,178,208,6535,0.846059678653405,8355,32444,391,1954,27,6221,16,2112,10,16
"862","2020-05-19",87,10,175,200,6535,0.846059678653405,8355,32444,391,1954,26,6247,49,2161,12,49
"863","2020-05-20",77,10,172,181,6535,0.846059678653405,8355,32444,391,1954,17,6264,21,2182,9,21
"864","2020-05-21",67,10,152,164,6535,0.846059678653405,8355,32444,391,1954,10,6274,51,2233,5,51
"865","2020-05-22",62,10,171,149,6535,0.846059678653405,8355,32444,391,1954,31,6305,24,2257,12,24
"866","2020-05-23",58,10,170,136,6535,0.846059678653405,8355,32444,391,1954,25,6330,48,2305,10,48
"867","2020-05-24",63,10,170,130,6535,0.846059678653405,8355,32444,391,1954,20,6350,67,2372,6,67
"868","2020-05-25",59,10,220,118,6535,0.846059678653405,8355,32444,391,1954,17,6367,49,2421,6,49
"869","2020-05-26",51,10,251,112,6535,0.846059678653405,8355,32444,391,1954,19,6386,32,2453,10,32
"870","2020-05-27",48,10,258,96,6535,0.846059678653405,8355,32444,391,1954,14,6400,18,2471,6,18
"871","2020-05-28",46,10,259,89,6535,0.846059678653405,8355,32444,391,1954,22,6422,12,2483,10,12
"872","2020-05-29",44,10,245,83,6535,0.846059678653405,8355,32444,391,1954,13,6435,10,2493,10,10
"873","2020-05-30",40,10,231,71,6535,0.846059678653405,8355,32444,391,1954,12,6447,9,2502,6,9
"874","2020-05-31",28,10,244,70,6535,0.846059678653405,8355,32444,391,1954,8,6455,6,2508,3,6
"875","2020-06-01",25,10,230,77,6535,0.846059678653405,8355,32444,391,1954,19,6474,7,2515,10,7
"876","2020-06-02",25,10,211,71,6535,0.846059678653405,8355,32444,391,1954,6,6480,6,2521,2,6
"877","2020-06-03",21,10,187,67,6535,0.846059678653405,8355,32444,391,1954,10,6490,26,2547,4,26
"878","2020-06-04",19,10,210,65,6535,0.846059678653405,8355,32444,391,1954,5,6495,25,2572,2,25
"879","2020-06-05",20,10,200,66,6535,0.846059678653405,8355,32444,391,1954,13,6508,36,2608,5,36
"880","2020-06-06",19,10,205,64,6535,0.846059678653405,8355,32444,391,1954,7,6515,23,2631,4,23
"881","2020-06-07",22,10,197,64,6535,0.846059678653405,8355,32444,391,1954,10,6525,33,2664,3,33
"882","2020-03-14",7,11,82,247,7943,0.593982122623694,8280,35110,429,1717,95,321,46,177,17,46
"883","2020-03-15",25,11,138,323,7943,0.593982122623694,8280,35110,429,1717,114,435,83,260,41,83
"884","2020-03-16",31,11,134,428,7943,0.593982122623694,8280,35110,429,1717,127,562,57,317,46,57
"885","2020-03-17",40,11,115,551,7943,0.593982122623694,8280,35110,429,1717,115,677,45,362,45,45
"886","2020-03-18",59,11,131,670,7943,0.593982122623694,8280,35110,429,1717,128,805,49,411,62,49
"887","2020-03-19",83,11,188,813,7943,0.593982122623694,8280,35110,429,1717,135,940,53,464,67,53
"888","2020-03-20",137,11,250,921,7943,0.593982122623694,8280,35110,429,1717,118,1058,34,498,70,34
"889","2020-03-21",191,11,274,1038,7943,0.593982122623694,8280,35110,429,1717,155,1213,64,562,91,64
"890","2020-03-22",282,11,268,1182,7943,0.593982122623694,8280,35110,429,1717,145,1358,63,625,84,63
"891","2020-03-23",307,11,261,1310,7943,0.593982122623694,8280,35110,429,1717,187,1545,48,673,105,48
"892","2020-03-24",311,11,259,1490,7943,0.593982122623694,8280,35110,429,1717,166,1711,48,721,102,48
"893","2020-03-25",349,11,232,1603,7943,0.593982122623694,8280,35110,429,1717,181,1892,40,761,120,40
"894","2020-03-26",382,11,214,1725,7943,0.593982122623694,8280,35110,429,1717,206,2098,38,799,148,38
"895","2020-03-27",582,11,239,1830,7943,0.593982122623694,8280,35110,429,1717,174,2272,38,837,99,38
"896","2020-03-28",654,11,237,1942,7943,0.593982122623694,8280,35110,429,1717,184,2456,25,862,116,25
"897","2020-03-29",584,11,227,2005,7943,0.593982122623694,8280,35110,429,1717,170,2626,35,897,111,35
"898","2020-03-30",597,11,245,2106,7943,0.593982122623694,8280,35110,429,1717,173,2799,36,933,119,36
"899","2020-03-31",615,11,276,2201,7943,0.593982122623694,8280,35110,429,1717,188,2987,40,973,125,40
"900","2020-04-01",641,11,264,2284,7943,0.593982122623694,8280,35110,429,1717,149,3136,29,1002,102,29
"901","2020-04-02",653,11,238,2334,7943,0.593982122623694,8280,35110,429,1717,174,3310,26,1028,100,26
"902","2020-04-03",783,11,235,2358,7943,0.593982122623694,8280,35110,429,1717,153,3463,32,1060,102,32
"903","2020-04-04",771,11,247,2379,7943,0.593982122623694,8280,35110,429,1717,189,3652,25,1085,123,25
"904","2020-04-05",720,11,262,2391,7943,0.593982122623694,8280,35110,429,1717,141,3793,28,1113,94,28
"905","2020-04-06",719,11,243,2402,7943,0.593982122623694,8280,35110,429,1717,147,3940,25,1138,74,25
"906","2020-04-07",746,11,237,2348,7943,0.593982122623694,8280,35110,429,1717,130,4070,30,1168,73,30
"907","2020-04-08",746,11,231,2322,7943,0.593982122623694,8280,35110,429,1717,130,4200,25,1193,82,25
"908","2020-04-09",762,11,234,2292,7943,0.593982122623694,8280,35110,429,1717,146,4346,32,1225,81,32
"909","2020-04-10",776,11,207,2227,7943,0.593982122623694,8280,35110,429,1717,133,4479,30,1255,85,30
"910","2020-04-11",754,11,191,2145,7943,0.593982122623694,8280,35110,429,1717,109,4588,36,1291,64,36
"911","2020-04-12",732,11,183,2044,7943,0.593982122623694,8280,35110,429,1717,108,4696,27,1318,54,27
"912","2020-04-13",715,11,168,1952,7943,0.593982122623694,8280,35110,429,1717,110,4806,30,1348,68,30
"913","2020-04-14",687,11,165,1853,7943,0.593982122623694,8280,35110,429,1717,106,4912,46,1394,58,46
"914","2020-04-15",658,11,172,1768,7943,0.593982122623694,8280,35110,429,1717,103,5015,47,1441,54,47
"915","2020-04-16",631,11,246,1652,7943,0.593982122623694,8280,35110,429,1717,80,5095,46,1487,41,46
"916","2020-04-17",603,11,274,1547,7943,0.593982122623694,8280,35110,429,1717,105,5200,27,1514,53,27
"917","2020-04-18",586,11,309,1441,7943,0.593982122623694,8280,35110,429,1717,103,5303,23,1537,60,23
"918","2020-04-19",512,11,292,1324,7943,0.593982122623694,8280,35110,429,1717,86,5389,27,1564,36,27
"919","2020-04-20",484,11,267,1215,7943,0.593982122623694,8280,35110,429,1717,61,5450,39,1603,26,39
"920","2020-04-21",447,11,250,1133,7943,0.593982122623694,8280,35110,429,1717,76,5526,35,1638,38,35
"921","2020-04-22",435,11,251,1060,7943,0.593982122623694,8280,35110,429,1717,70,5596,27,1665,36,27
"922","2020-04-23",403,11,233,976,7943,0.593982122623694,8280,35110,429,1717,61,5657,29,1694,29,29
"923","2020-04-24",337,11,257,908,7943,0.593982122623694,8280,35110,429,1717,63,5720,24,1718,30,24
"924","2020-04-25",316,11,248,865,7943,0.593982122623694,8280,35110,429,1717,78,5798,23,1741,26,23
"925","2020-04-26",297,11,222,784,7943,0.593982122623694,8280,35110,429,1717,53,5851,48,1789,17,48
"926","2020-04-27",292,11,206,723,7943,0.593982122623694,8280,35110,429,1717,52,5903,44,1833,27,44
"927","2020-04-28",278,11,184,678,7943,0.593982122623694,8280,35110,429,1717,46,5949,41,1874,16,41
"928","2020-04-29",253,11,167,617,7943,0.593982122623694,8280,35110,429,1717,39,5988,37,1911,14,37
"929","2020-04-30",249,11,160,573,7943,0.593982122623694,8280,35110,429,1717,44,6032,47,1958,12,47
"930","2020-05-01",207,11,149,531,7943,0.593982122623694,8280,35110,429,1717,48,6080,37,1995,15,37
"931","2020-05-02",217,11,176,499,7943,0.593982122623694,8280,35110,429,1717,43,6123,32,2027,10,32
"932","2020-05-03",179,11,165,469,7943,0.593982122623694,8280,35110,429,1717,43,6166,28,2055,16,28
"933","2020-05-04",156,11,153,443,7943,0.593982122623694,8280,35110,429,1717,50,6216,31,2086,16,31
"934","2020-05-05",150,11,157,422,7943,0.593982122623694,8280,35110,429,1717,36,6252,21,2107,12,21
"935","2020-05-06",148,11,160,404,7943,0.593982122623694,8280,35110,429,1717,41,6293,24,2131,12,24
"936","2020-05-07",138,11,169,396,7943,0.593982122623694,8280,35110,429,1717,47,6340,28,2159,7,28
"937","2020-05-08",139,11,171,372,7943,0.593982122623694,8280,35110,429,1717,30,6370,29,2188,10,29
"938","2020-05-09",128,11,171,341,7943,0.593982122623694,8280,35110,429,1717,39,6409,32,2220,14,32
"939","2020-05-10",125,11,183,318,7943,0.593982122623694,8280,35110,429,1717,31,6440,34,2254,10,34
"940","2020-05-11",124,11,261,303,7943,0.593982122623694,8280,35110,429,1717,27,6467,30,2284,7,30
"941","2020-05-12",118,11,251,288,7943,0.593982122623694,8280,35110,429,1717,22,6489,29,2313,5,29
"942","2020-05-13",114,11,232,266,7943,0.593982122623694,8280,35110,429,1717,27,6516,34,2347,10,34
"943","2020-05-14",111,11,225,244,7943,0.593982122623694,8280,35110,429,1717,32,6548,33,2380,7,33
"944","2020-05-15",93,11,220,227,7943,0.593982122623694,8280,35110,429,1717,22,6570,57,2437,7,57
"945","2020-05-16",88,11,211,224,7943,0.593982122623694,8280,35110,429,1717,24,6594,45,2482,6,45
"946","2020-05-17",81,11,211,216,7943,0.593982122623694,8280,35110,429,1717,29,6623,43,2525,10,43
"947","2020-05-18",77,11,198,214,7943,0.593982122623694,8280,35110,429,1717,19,6642,41,2566,3,41
"948","2020-05-19",72,11,185,202,7943,0.593982122623694,8280,35110,429,1717,25,6667,29,2595,9,29
"949","2020-05-20",68,11,167,191,7943,0.593982122623694,8280,35110,429,1717,20,6687,45,2640,4,45
"950","2020-05-21",67,11,165,183,7943,0.593982122623694,8280,35110,429,1717,30,6717,35,2675,6,35
"951","2020-05-22",67,11,159,182,7943,0.593982122623694,8280,35110,429,1717,24,6741,38,2713,3,38
"952","2020-05-23",61,11,212,168,7943,0.593982122623694,8280,35110,429,1717,15,6756,50,2763,4,50
"953","2020-05-24",58,11,261,167,7943,0.593982122623694,8280,35110,429,1717,23,6779,30,2793,5,30
"954","2020-05-25",56,11,273,162,7943,0.593982122623694,8280,35110,429,1717,13,6792,44,2837,5,44
"955","2020-05-26",51,11,275,162,7943,0.593982122623694,8280,35110,429,1717,10,6802,36,2873,4,36
"956","2020-05-27",52,11,279,150,7943,0.593982122623694,8280,35110,429,1717,16,6818,41,2914,2,41
"957","2020-05-28",52,11,264,143,7943,0.593982122623694,8280,35110,429,1717,13,6831,39,2953,4,39
"958","2020-05-29",48,11,228,137,7943,0.593982122623694,8280,35110,429,1717,17,6848,46,2999,3,46
"959","2020-05-30",54,11,207,119,7943,0.593982122623694,8280,35110,429,1717,16,6864,36,3035,3,36
"960","2020-05-31",49,11,185,116,7943,0.593982122623694,8280,35110,429,1717,18,6882,49,3084,6,49
"961","2020-06-01",46,11,167,117,7943,0.593982122623694,8280,35110,429,1717,9,6891,58,3142,1,58
"962","2020-06-02",45,11,211,107,7943,0.593982122623694,8280,35110,429,1717,11,6902,57,3199,2,57
"963","2020-06-03",43,11,212,109,7943,0.593982122623694,8280,35110,429,1717,12,6914,35,3234,1,35
"964","2020-06-04",39,11,222,104,7943,0.593982122623694,8280,35110,429,1717,9,6923,57,3291,NA,57
"965","2020-06-05",40,11,216,100,7943,0.593982122623694,8280,35110,429,1717,8,6931,36,3327,3,36
"966","2020-06-06",32,11,194,99,7943,0.593982122623694,8280,35110,429,1717,11,6942,52,3379,2,52
"967","2020-06-07",33,11,179,97,7943,0.593982122623694,8280,35110,429,1717,7,6949,37,3416,NA,37
"968","2020-03-13",8,12,73,215,7622,0.380346365783259,8310,37634,460,1291,39,102,41,84,3,41
"969","2020-03-14",16,12,60,303,7622,0.380346365783259,8310,37634,460,1291,49,151,59,143,13,59
"970","2020-03-15",33,12,68,392,7622,0.380346365783259,8310,37634,460,1291,70,221,57,200,29,57
"971","2020-03-16",47,12,68,479,7622,0.380346365783259,8310,37634,460,1291,69,290,57,257,34,57
"972","2020-03-17",64,12,71,585,7622,0.380346365783259,8310,37634,460,1291,82,372,73,330,45,73
"973","2020-03-18",80,12,104,690,7622,0.380346365783259,8310,37634,460,1291,83,455,53,383,47,53
"974","2020-03-19",101,12,134,795,7622,0.380346365783259,8310,37634,460,1291,93,548,46,429,58,46
"975","2020-03-20",161,12,138,890,7622,0.380346365783259,8310,37634,460,1291,108,656,34,463,85,34
"976","2020-03-21",205,12,163,1007,7622,0.380346365783259,8310,37634,460,1291,97,753,28,491,65,28
"977","2020-03-22",247,12,186,1104,7622,0.380346365783259,8310,37634,460,1291,96,849,34,525,68,34
"978","2020-03-23",249,12,191,1199,7622,0.380346365783259,8310,37634,460,1291,105,954,15,540,77,15
"979","2020-03-24",257,12,232,1254,7622,0.380346365783259,8310,37634,460,1291,117,1071,9,549,86,9
"980","2020-03-25",286,12,253,1322,7622,0.380346365783259,8310,37634,460,1291,112,1183,9,558,80,9
"981","2020-03-26",309,12,263,1411,7622,0.380346365783259,8310,37634,460,1291,118,1301,8,566,87,8
"982","2020-03-27",429,12,232,1484,7622,0.380346365783259,8310,37634,460,1291,124,1425,12,578,103,12
"983","2020-03-28",474,12,210,1521,7622,0.380346365783259,8310,37634,460,1291,155,1580,8,586,128,8
"984","2020-03-29",466,12,198,1584,7622,0.380346365783259,8310,37634,460,1291,135,1715,10,596,102,10
"985","2020-03-30",475,12,177,1585,7622,0.380346365783259,8310,37634,460,1291,118,1833,7,603,92,7
"986","2020-03-31",485,12,181,1619,7622,0.380346365783259,8310,37634,460,1291,140,1973,5,608,114,5
"987","2020-04-01",500,12,202,1657,7622,0.380346365783259,8310,37634,460,1291,134,2107,69,677,100,69
"988","2020-04-02",511,12,226,1664,7622,0.380346365783259,8310,37634,460,1291,138,2245,82,759,102,82
"989","2020-04-03",584,12,229,1678,7622,0.380346365783259,8310,37634,460,1291,139,2384,37,796,104,37
"990","2020-04-04",605,12,251,1675,7622,0.380346365783259,8310,37634,460,1291,117,2501,56,852,87,56
"991","2020-04-05",558,12,262,1685,7622,0.380346365783259,8310,37634,460,1291,138,2639,57,909,105,57
"992","2020-04-06",570,12,291,1668,7622,0.380346365783259,8310,37634,460,1291,116,2755,69,978,97,69
"993","2020-04-07",551,12,308,1651,7622,0.380346365783259,8310,37634,460,1291,134,2889,47,1025,98,47
"994","2020-04-08",549,12,286,1617,7622,0.380346365783259,8310,37634,460,1291,132,3021,31,1056,93,31
"995","2020-04-09",560,12,278,1598,7622,0.380346365783259,8310,37634,460,1291,101,3122,41,1097,85,41
"996","2020-04-10",565,12,274,1541,7622,0.380346365783259,8310,37634,460,1291,122,3244,55,1152,101,55
"997","2020-04-11",535,12,241,1512,7622,0.380346365783259,8310,37634,460,1291,122,3366,50,1202,92,50
"998","2020-04-12",517,12,223,1479,7622,0.380346365783259,8310,37634,460,1291,124,3490,49,1251,99,49
"999","2020-04-13",500,12,190,1438,7622,0.380346365783259,8310,37634,460,1291,94,3584,67,1318,74,67
"1000","2020-04-14",509,12,198,1402,7622,0.380346365783259,8310,37634,460,1291,110,3694,26,1344,77,26
"1001","2020-04-15",502,12,192,1381,7622,0.380346365783259,8310,37634,460,1291,92,3786,14,1358,60,14
"1002","2020-04-16",483,12,207,1344,7622,0.380346365783259,8310,37634,460,1291,76,3862,10,1368,46,10
"1003","2020-04-17",506,12,220,1303,7622,0.380346365783259,8310,37634,460,1291,109,3971,12,1380,74,12
"1004","2020-04-18",502,12,199,1250,7622,0.380346365783259,8310,37634,460,1291,104,4075,12,1392,79,12
"1005","2020-04-19",460,12,221,1203,7622,0.380346365783259,8310,37634,460,1291,84,4159,9,1401,48,9
"1006","2020-04-20",450,12,223,1148,7622,0.380346365783259,8310,37634,460,1291,78,4237,23,1424,49,23
"1007","2020-04-21",419,12,211,1114,7622,0.380346365783259,8310,37634,460,1291,87,4324,71,1495,60,71
"1008","2020-04-22",402,12,211,1082,7622,0.380346365783259,8310,37634,460,1291,64,4388,45,1540,40,45
"1009","2020-04-23",394,12,255,1009,7622,0.380346365783259,8310,37634,460,1291,84,4472,52,1592,59,52
"1010","2020-04-24",372,12,250,969,7622,0.380346365783259,8310,37634,460,1291,86,4558,57,1649,55,57
"1011","2020-04-25",360,12,277,942,7622,0.380346365783259,8310,37634,460,1291,68,4626,34,1683,46,34
"1012","2020-04-26",325,12,300,942,7622,0.380346365783259,8310,37634,460,1291,84,4710,70,1753,54,70
"1013","2020-04-27",314,12,273,900,7622,0.380346365783259,8310,37634,460,1291,76,4786,37,1790,42,37
"1014","2020-04-28",299,12,241,861,7622,0.380346365783259,8310,37634,460,1291,61,4847,31,1821,45,31
"1015","2020-04-29",299,12,240,828,7622,0.380346365783259,8310,37634,460,1291,66,4913,17,1838,42,17
"1016","2020-04-30",285,12,234,797,7622,0.380346365783259,8310,37634,460,1291,72,4985,28,1866,41,28
"1017","2020-05-01",265,12,227,759,7622,0.380346365783259,8310,37634,460,1291,72,5057,20,1886,50,20
"1018","2020-05-02",249,12,222,750,7622,0.380346365783259,8310,37634,460,1291,45,5102,42,1928,30,42
"1019","2020-05-03",233,12,225,732,7622,0.380346365783259,8310,37634,460,1291,53,5155,24,1952,41,24
"1020","2020-05-04",231,12,259,703,7622,0.380346365783259,8310,37634,460,1291,66,5221,32,1984,47,32
"1021","2020-05-05",226,12,256,697,7622,0.380346365783259,8310,37634,460,1291,55,5276,37,2021,35,37
"1022","2020-05-06",207,12,269,676,7622,0.380346365783259,8310,37634,460,1291,61,5337,27,2048,39,27
"1023","2020-05-07",209,12,258,659,7622,0.380346365783259,8310,37634,460,1291,43,5380,64,2112,27,64
"1024","2020-05-08",203,12,258,626,7622,0.380346365783259,8310,37634,460,1291,51,5431,33,2145,29,33
"1025","2020-05-09",208,12,275,615,7622,0.380346365783259,8310,37634,460,1291,50,5481,19,2164,25,19
"1026","2020-05-10",212,12,282,597,7622,0.380346365783259,8310,37634,460,1291,47,5528,17,2181,30,17
"1027","2020-05-11",205,12,314,576,7622,0.380346365783259,8310,37634,460,1291,26,5554,13,2194,14,13
"1028","2020-05-12",191,12,336,559,7622,0.380346365783259,8310,37634,460,1291,40,5594,54,2248,21,54
"1029","2020-05-13",197,12,317,550,7622,0.380346365783259,8310,37634,460,1291,28,5622,19,2267,15,19
"1030","2020-05-14",192,12,291,529,7622,0.380346365783259,8310,37634,460,1291,25,5647,28,2295,12,28
"1031","2020-05-15",195,12,299,496,7622,0.380346365783259,8310,37634,460,1291,22,5669,56,2351,16,56
"1032","2020-05-16",195,12,278,486,7622,0.380346365783259,8310,37634,460,1291,28,5697,33,2384,16,33
"1033","2020-05-17",162,12,246,461,7622,0.380346365783259,8310,37634,460,1291,28,5725,17,2401,16,17
"1034","2020-05-18",145,12,232,422,7622,0.380346365783259,8310,37634,460,1291,28,5753,23,2424,17,23
"1035","2020-05-19",145,12,242,404,7622,0.380346365783259,8310,37634,460,1291,26,5779,24,2448,13,24
"1036","2020-05-20",135,12,263,392,7622,0.380346365783259,8310,37634,460,1291,16,5795,15,2463,2,15
"1037","2020-05-21",128,12,260,380,7622,0.380346365783259,8310,37634,460,1291,17,5812,11,2474,7,11
"1038","2020-05-22",118,12,246,363,7622,0.380346365783259,8310,37634,460,1291,26,5838,14,2488,13,14
"1039","2020-05-23",110,12,241,343,7622,0.380346365783259,8310,37634,460,1291,22,5860,26,2514,8,26
"1040","2020-05-24",107,12,254,332,7622,0.380346365783259,8310,37634,460,1291,19,5879,62,2576,14,62
"1041","2020-05-25",103,12,263,314,7622,0.380346365783259,8310,37634,460,1291,19,5898,76,2652,9,76
"1042","2020-05-26",97,12,259,301,7622,0.380346365783259,8310,37634,460,1291,27,5925,73,2725,13,73
"1043","2020-05-27",98,12,250,279,7622,0.380346365783259,8310,37634,460,1291,16,5941,53,2778,8,53
"1044","2020-05-28",88,12,233,273,7622,0.380346365783259,8310,37634,460,1291,20,5961,42,2820,10,42
"1045","2020-05-29",73,12,230,262,7622,0.380346365783259,8310,37634,460,1291,17,5978,55,2875,9,55
"1046","2020-05-30",77,12,233,242,7622,0.380346365783259,8310,37634,460,1291,16,5994,71,2946,11,71
"1047","2020-05-31",76,12,234,230,7622,0.380346365783259,8310,37634,460,1291,16,6010,46,2992,10,46
"1048","2020-06-01",70,12,248,219,7622,0.380346365783259,8310,37634,460,1291,16,6026,29,3021,11,29
"1049","2020-06-02",70,12,266,204,7622,0.380346365783259,8310,37634,460,1291,14,6040,47,3068,6,47
"1050","2020-06-03",64,12,250,189,7622,0.380346365783259,8310,37634,460,1291,10,6050,28,3096,2,28
"1051","2020-06-04",66,12,227,176,7622,0.380346365783259,8310,37634,460,1291,18,6068,19,3115,11,19
"1052","2020-06-05",70,12,221,165,7622,0.380346365783259,8310,37634,460,1291,12,6080,41,3156,3,41
"1053","2020-06-06",63,12,206,154,7622,0.380346365783259,8310,37634,460,1291,13,6093,25,3181,5,25
"1054","2020-06-07",63,12,199,155,7622,0.380346365783259,8310,37634,460,1291,9,6102,18,3199,6,18
"1055","2020-03-13",1,13,54,82,6763,0.799645127901819,8295,32305,431,1187,51,143,7,44,9,7
"1056","2020-03-14",8,13,57,115,6763,0.799645127901819,8295,32305,431,1187,54,197,5,49,11,5
"1057","2020-03-15",16,13,69,151,6763,0.799645127901819,8295,32305,431,1187,67,264,4,53,17,4
"1058","2020-03-16",16,13,79,197,6763,0.799645127901819,8295,32305,431,1187,62,326,3,56,19,3
"1059","2020-03-17",21,13,94,251,6763,0.799645127901819,8295,32305,431,1187,56,382,2,58,24,2
"1060","2020-03-18",29,13,125,298,6763,0.799645127901819,8295,32305,431,1187,92,474,2,60,41,2
"1061","2020-03-19",44,13,148,357,6763,0.799645127901819,8295,32305,431,1187,102,576,2,62,51,2
"1062","2020-03-20",69,13,176,434,6763,0.799645127901819,8295,32305,431,1187,115,691,6,68,53,6
"1063","2020-03-21",94,13,171,514,6763,0.799645127901819,8295,32305,431,1187,103,794,16,84,56,16
"1064","2020-03-22",115,13,159,572,6763,0.799645127901819,8295,32305,431,1187,113,907,15,99,70,15
"1065","2020-03-23",130,13,159,633,6763,0.799645127901819,8295,32305,431,1187,123,1030,20,119,78,20
"1066","2020-03-24",136,13,172,705,6763,0.799645127901819,8295,32305,431,1187,128,1158,33,152,79,33
"1067","2020-03-25",150,13,183,818,6763,0.799645127901819,8295,32305,431,1187,119,1277,22,174,78,22
"1068","2020-03-26",174,13,211,940,6763,0.799645127901819,8295,32305,431,1187,131,1408,30,204,93,30
"1069","2020-03-27",230,13,202,1047,6763,0.799645127901819,8295,32305,431,1187,140,1548,25,229,99,25
"1070","2020-03-28",329,13,208,1147,6763,0.799645127901819,8295,32305,431,1187,140,1688,24,253,92,24
"1071","2020-03-29",333,13,206,1247,6763,0.799645127901819,8295,32305,431,1187,165,1853,33,286,117,33
"1072","2020-03-30",324,13,222,1388,6763,0.799645127901819,8295,32305,431,1187,149,2002,27,313,106,27
"1073","2020-03-31",355,13,247,1506,6763,0.799645127901819,8295,32305,431,1187,174,2176,30,343,123,30
"1074","2020-04-01",371,13,232,1609,6763,0.799645127901819,8295,32305,431,1187,152,2328,30,373,115,30
"1075","2020-04-02",389,13,229,1683,6763,0.799645127901819,8295,32305,431,1187,154,2482,62,435,113,62
"1076","2020-04-03",586,13,219,1787,6763,0.799645127901819,8295,32305,431,1187,165,2647,41,476,109,41
"1077","2020-04-04",589,13,253,1821,6763,0.799645127901819,8295,32305,431,1187,146,2793,50,526,100,50
"1078","2020-04-05",567,13,259,1924,6763,0.799645127901819,8295,32305,431,1187,147,2940,41,567,91,41
"1079","2020-04-06",568,13,249,2017,6763,0.799645127901819,8295,32305,431,1187,146,3086,19,586,104,19
"1080","2020-04-07",575,13,249,2085,6763,0.799645127901819,8295,32305,431,1187,134,3220,29,615,92,29
"1081","2020-04-08",609,13,242,2140,6763,0.799645127901819,8295,32305,431,1187,132,3352,46,661,89,46
"1082","2020-04-09",636,13,245,2126,6763,0.799645127901819,8295,32305,431,1187,136,3488,44,705,101,44
"1083","2020-04-10",717,13,252,2098,6763,0.799645127901819,8295,32305,431,1187,128,3616,34,739,92,34
"1084","2020-04-11",734,13,233,2170,6763,0.799645127901819,8295,32305,431,1187,106,3722,37,776,66,37
"1085","2020-04-12",703,13,219,2149,6763,0.799645127901819,8295,32305,431,1187,129,3851,25,801,78,25
"1086","2020-04-13",729,13,221,2132,6763,0.799645127901819,8295,32305,431,1187,113,3964,28,829,80,28
"1087","2020-04-14",736,13,211,2107,6763,0.799645127901819,8295,32305,431,1187,103,4067,36,865,63,36
"1088","2020-04-15",742,13,223,2039,6763,0.799645127901819,8295,32305,431,1187,119,4186,17,882,80,17
"1089","2020-04-16",736,13,225,1953,6763,0.799645127901819,8295,32305,431,1187,102,4288,24,906,60,24
"1090","2020-04-17",743,13,216,1894,6763,0.799645127901819,8295,32305,431,1187,106,4394,22,928,62,22
"1091","2020-04-18",702,13,212,1815,6763,0.799645127901819,8295,32305,431,1187,92,4486,36,964,61,36
"1092","2020-04-19",645,13,223,1688,6763,0.799645127901819,8295,32305,431,1187,96,4582,43,1007,65,43
"1093","2020-04-20",616,13,237,1592,6763,0.799645127901819,8295,32305,431,1187,102,4684,43,1050,68,43
"1094","2020-04-21",593,13,236,1495,6763,0.799645127901819,8295,32305,431,1187,85,4769,46,1096,54,46
"1095","2020-04-22",562,13,247,1413,6763,0.799645127901819,8295,32305,431,1187,83,4852,43,1139,48,43
"1096","2020-04-23",528,13,251,1330,6763,0.799645127901819,8295,32305,431,1187,92,4944,32,1171,58,32
"1097","2020-04-24",451,13,235,1209,6763,0.799645127901819,8295,32305,431,1187,65,5009,17,1188,37,17
"1098","2020-04-25",434,13,235,1107,6763,0.799645127901819,8295,32305,431,1187,81,5090,56,1244,49,56
"1099","2020-04-26",393,13,223,1020,6763,0.799645127901819,8295,32305,431,1187,71,5161,58,1302,44,58
"1100","2020-04-27",370,13,248,943,6763,0.799645127901819,8295,32305,431,1187,95,5256,31,1333,59,31
"1101","2020-04-28",360,13,230,875,6763,0.799645127901819,8295,32305,431,1187,63,5319,30,1363,31,30
"1102","2020-04-29",344,13,222,798,6763,0.799645127901819,8295,32305,431,1187,65,5384,15,1378,35,15
"1103","2020-04-30",340,13,238,725,6763,0.799645127901819,8295,32305,431,1187,52,5436,24,1402,30,24
"1104","2020-05-01",286,13,232,659,6763,0.799645127901819,8295,32305,431,1187,61,5497,36,1438,29,36
"1105","2020-05-02",264,13,219,606,6763,0.799645127901819,8295,32305,431,1187,49,5546,34,1472,31,34
"1106","2020-05-03",257,13,222,565,6763,0.799645127901819,8295,32305,431,1187,58,5604,15,1487,35,15
"1107","2020-05-04",235,13,227,518,6763,0.799645127901819,8295,32305,431,1187,59,5663,20,1507,29,20
"1108","2020-05-05",207,13,234,462,6763,0.799645127901819,8295,32305,431,1187,39,5702,42,1549,19,42
"1109","2020-05-06",191,13,262,421,6763,0.799645127901819,8295,32305,431,1187,46,5748,52,1601,19,52
"1110","2020-05-07",169,13,272,392,6763,0.799645127901819,8295,32305,431,1187,42,5790,31,1632,21,31
"1111","2020-05-08",155,13,249,366,6763,0.799645127901819,8295,32305,431,1187,38,5828,42,1674,13,42
"1112","2020-05-09",160,13,269,337,6763,0.799645127901819,8295,32305,431,1187,40,5868,44,1718,13,44
"1113","2020-05-10",131,13,264,307,6763,0.799645127901819,8295,32305,431,1187,34,5902,28,1746,13,28
"1114","2020-05-11",133,13,277,282,6763,0.799645127901819,8295,32305,431,1187,29,5931,49,1795,13,49
"1115","2020-05-12",124,13,264,265,6763,0.799645127901819,8295,32305,431,1187,29,5960,21,1816,9,21
"1116","2020-05-13",115,13,264,242,6763,0.799645127901819,8295,32305,431,1187,33,5993,12,1828,12,12
"1117","2020-05-14",103,13,283,227,6763,0.799645127901819,8295,32305,431,1187,25,6018,14,1842,15,14
"1118","2020-05-15",79,13,285,209,6763,0.799645127901819,8295,32305,431,1187,30,6048,15,1857,11,15
"1119","2020-05-16",73,13,316,192,6763,0.799645127901819,8295,32305,431,1187,29,6077,21,1878,12,21
"1120","2020-05-17",69,13,326,182,6763,0.799645127901819,8295,32305,431,1187,23,6100,9,1887,9,9
"1121","2020-05-18",57,13,306,171,6763,0.799645127901819,8295,32305,431,1187,23,6123,18,1905,11,18
"1122","2020-05-19",52,13,309,166,6763,0.799645127901819,8295,32305,431,1187,23,6146,35,1940,12,35
"1123","2020-05-20",50,13,296,150,6763,0.799645127901819,8295,32305,431,1187,20,6166,22,1962,5,22
"1124","2020-05-21",47,13,304,149,6763,0.799645127901819,8295,32305,431,1187,36,6202,8,1970,15,8
"1125","2020-05-22",50,13,284,138,6763,0.799645127901819,8295,32305,431,1187,17,6219,7,1977,7,7
"1126","2020-05-23",41,13,247,131,6763,0.799645127901819,8295,32305,431,1187,16,6235,11,1988,4,11
"1127","2020-05-24",43,13,245,129,6763,0.799645127901819,8295,32305,431,1187,16,6251,3,1991,7,3
"1128","2020-05-25",42,13,239,127,6763,0.799645127901819,8295,32305,431,1187,23,6274,8,1999,8,8
"1129","2020-05-26",44,13,229,122,6763,0.799645127901819,8295,32305,431,1187,12,6286,9,2008,4,9
"1130","2020-05-27",43,13,214,118,6763,0.799645127901819,8295,32305,431,1187,16,6302,23,2031,3,23
"1131","2020-05-28",42,13,232,119,6763,0.799645127901819,8295,32305,431,1187,9,6311,17,2048,4,17
"1132","2020-05-29",35,13,236,119,6763,0.799645127901819,8295,32305,431,1187,16,6327,8,2056,3,8
"1133","2020-05-30",43,13,252,122,6763,0.799645127901819,8295,32305,431,1187,11,6338,9,2065,5,9
"1134","2020-05-31",36,13,245,115,6763,0.799645127901819,8295,32305,431,1187,16,6354,9,2074,7,9
"1135","2020-06-01",34,13,252,115,6763,0.799645127901819,8295,32305,431,1187,9,6363,14,2088,3,14
"1136","2020-06-02",31,13,254,111,6763,0.799645127901819,8295,32305,431,1187,8,6371,25,2113,3,25
"1137","2020-06-03",33,13,234,105,6763,0.799645127901819,8295,32305,431,1187,9,6380,10,2123,1,10
"1138","2020-06-04",32,13,251,105,6763,0.799645127901819,8295,32305,431,1187,14,6394,10,2133,8,10
"1139","2020-06-05",37,13,262,105,6763,0.799645127901819,8295,32305,431,1187,11,6405,6,2139,3,6
"1140","2020-06-06",29,13,257,97,6763,0.799645127901819,8295,32305,431,1187,14,6419,10,2149,4,10
"1141","2020-06-07",33,13,269,87,6763,0.799645127901819,8295,32305,431,1187,15,6434,8,2157,3,8
"1142","2020-03-13",3,14,186,118,7156,0.801844605925098,8310,33766,441,1542,53,159,40,156,25,40
"1143","2020-03-14",10,14,218,170,7156,0.801844605925098,8310,33766,441,1542,63,222,56,212,36,56
"1144","2020-03-15",18,14,243,248,7156,0.801844605925098,8310,33766,441,1542,91,313,24,236,56,24
"1145","2020-03-16",21,14,221,314,7156,0.801844605925098,8310,33766,441,1542,95,408,25,261,63,25
"1146","2020-03-17",33,14,205,419,7156,0.801844605925098,8310,33766,441,1542,94,502,26,287,69,26
"1147","2020-03-18",47,14,201,493,7156,0.801844605925098,8310,33766,441,1542,121,623,15,302,73,15
"1148","2020-03-19",75,14,209,583,7156,0.801844605925098,8310,33766,441,1542,112,735,38,340,81,38
"1149","2020-03-20",107,14,206,686,7156,0.801844605925098,8310,33766,441,1542,106,841,16,356,74,16
"1150","2020-03-21",162,14,216,802,7156,0.801844605925098,8310,33766,441,1542,118,959,13,369,78,13
"1151","2020-03-22",198,14,227,890,7156,0.801844605925098,8310,33766,441,1542,147,1106,14,383,99,14
"1152","2020-03-23",208,14,254,1012,7156,0.801844605925098,8310,33766,441,1542,124,1230,32,415,90,32
"1153","2020-03-24",225,14,269,1144,7156,0.801844605925098,8310,33766,441,1542,163,1393,76,491,123,76
"1154","2020-03-25",251,14,266,1253,7156,0.801844605925098,8310,33766,441,1542,165,1558,28,519,123,28
"1155","2020-03-26",276,14,249,1366,7156,0.801844605925098,8310,33766,441,1542,148,1706,17,536,107,17
"1156","2020-03-27",374,14,249,1470,7156,0.801844605925098,8310,33766,441,1542,134,1840,8,544,101,8
"1157","2020-03-28",413,14,235,1602,7156,0.801844605925098,8310,33766,441,1542,183,2023,7,551,132,7
"1158","2020-03-29",457,14,223,1736,7156,0.801844605925098,8310,33766,441,1542,162,2185,5,556,121,5
"1159","2020-03-30",464,14,225,1821,7156,0.801844605925098,8310,33766,441,1542,151,2336,10,566,119,10
"1160","2020-03-31",480,14,198,1873,7156,0.801844605925098,8310,33766,441,1542,128,2464,65,631,93,65
"1161","2020-04-01",515,14,174,1948,7156,0.801844605925098,8310,33766,441,1542,136,2600,38,669,106,38
"1162","2020-04-02",543,14,178,2023,7156,0.801844605925098,8310,33766,441,1542,150,2750,17,686,120,17
"1163","2020-04-03",712,14,188,2066,7156,0.801844605925098,8310,33766,441,1542,129,2879,14,700,100,14
"1164","2020-04-04",755,14,203,2110,7156,0.801844605925098,8310,33766,441,1542,122,3001,38,738,85,38
"1165","2020-04-05",696,14,202,2157,7156,0.801844605925098,8310,33766,441,1542,141,3142,17,755,114,17
"1166","2020-04-06",692,14,199,2173,7156,0.801844605925098,8310,33766,441,1542,129,3271,14,769,96,14
"1167","2020-04-07",686,14,239,2151,7156,0.801844605925098,8310,33766,441,1542,138,3409,14,783,113,14
"1168","2020-04-08",703,14,246,2148,7156,0.801844605925098,8310,33766,441,1542,130,3539,27,810,94,27
"1169","2020-04-09",693,14,269,2101,7156,0.801844605925098,8310,33766,441,1542,149,3688,31,841,116,31
"1170","2020-04-10",735,14,278,2050,7156,0.801844605925098,8310,33766,441,1542,124,3812,54,895,86,54
"1171","2020-04-11",705,14,279,1976,7156,0.801844605925098,8310,33766,441,1542,94,3906,49,944,66,49
"1172","2020-04-12",657,14,291,1943,7156,0.801844605925098,8310,33766,441,1542,108,4014,36,980,82,36
"1173","2020-04-13",660,14,294,1870,7156,0.801844605925098,8310,33766,441,1542,119,4133,36,1016,86,36
"1174","2020-04-14",668,14,301,1786,7156,0.801844605925098,8310,33766,441,1542,113,4246,20,1036,77,20
"1175","2020-04-15",641,14,276,1729,7156,0.801844605925098,8310,33766,441,1542,91,4337,42,1078,64,42
"1176","2020-04-16",626,14,264,1659,7156,0.801844605925098,8310,33766,441,1542,110,4447,40,1118,79,40
"1177","2020-04-17",597,14,257,1587,7156,0.801844605925098,8310,33766,441,1542,92,4539,16,1134,66,16
"1178","2020-04-18",599,14,247,1499,7156,0.801844605925098,8310,33766,441,1542,86,4625,17,1151,50,17
"1179","2020-04-19",539,14,237,1420,7156,0.801844605925098,8310,33766,441,1542,88,4713,17,1168,62,17
"1180","2020-04-20",514,14,240,1323,7156,0.801844605925098,8310,33766,441,1542,63,4776,53,1221,43,53
"1181","2020-04-21",488,14,231,1201,7156,0.801844605925098,8310,33766,441,1542,77,4853,36,1257,52,36
"1182","2020-04-22",471,14,209,1139,7156,0.801844605925098,8310,33766,441,1542,77,4930,6,1263,51,6
"1183","2020-04-23",449,14,214,1057,7156,0.801844605925098,8310,33766,441,1542,60,4990,11,1274,32,11
"1184","2020-04-24",418,14,261,997,7156,0.801844605925098,8310,33766,441,1542,64,5054,19,1293,41,19
"1185","2020-04-25",402,14,263,918,7156,0.801844605925098,8310,33766,441,1542,40,5094,20,1313,25,20
"1186","2020-04-26",366,14,255,834,7156,0.801844605925098,8310,33766,441,1542,73,5167,21,1334,47,21
"1187","2020-04-27",343,14,259,758,7156,0.801844605925098,8310,33766,441,1542,51,5218,14,1348,33,14
"1188","2020-04-28",325,14,244,710,7156,0.801844605925098,8310,33766,441,1542,49,5267,9,1357,27,9
"1189","2020-04-29",297,14,253,653,7156,0.801844605925098,8310,33766,441,1542,52,5319,16,1373,25,16
"1190","2020-04-30",279,14,263,593,7156,0.801844605925098,8310,33766,441,1542,57,5376,17,1390,29,17
"1191","2020-05-01",217,14,304,548,7156,0.801844605925098,8310,33766,441,1542,45,5421,11,1401,20,11
"1192","2020-05-02",192,14,326,500,7156,0.801844605925098,8310,33766,441,1542,57,5478,13,1414,35,13
"1193","2020-05-03",174,14,300,477,7156,0.801844605925098,8310,33766,441,1542,43,5521,6,1420,25,6
"1194","2020-05-04",154,14,262,455,7156,0.801844605925098,8310,33766,441,1542,35,5556,25,1445,15,25
"1195","2020-05-05",135,14,266,417,7156,0.801844605925098,8310,33766,441,1542,47,5603,46,1491,28,46
"1196","2020-05-06",126,14,280,382,7156,0.801844605925098,8310,33766,441,1542,36,5639,24,1515,22,24
"1197","2020-05-07",120,14,287,347,7156,0.801844605925098,8310,33766,441,1542,39,5678,28,1543,20,28
"1198","2020-05-08",111,14,277,324,7156,0.801844605925098,8310,33766,441,1542,39,5717,41,1584,21,41
"1199","2020-05-09",111,14,299,301,7156,0.801844605925098,8310,33766,441,1542,37,5754,34,1618,20,34
"1200","2020-05-10",96,14,273,308,7156,0.801844605925098,8310,33766,441,1542,27,5781,21,1639,12,21
"1201","2020-05-11",93,14,299,300,7156,0.801844605925098,8310,33766,441,1542,29,5810,38,1677,18,38
"1202","2020-05-12",89,14,326,285,7156,0.801844605925098,8310,33766,441,1542,38,5848,13,1690,24,13
"1203","2020-05-13",89,14,321,272,7156,0.801844605925098,8310,33766,441,1542,30,5878,7,1697,17,7
"1204","2020-05-14",85,14,335,279,7156,0.801844605925098,8310,33766,441,1542,37,5915,55,1752,25,55
"1205","2020-05-15",85,14,329,267,7156,0.801844605925098,8310,33766,441,1542,27,5942,46,1798,16,46
"1206","2020-05-16",86,14,283,248,7156,0.801844605925098,8310,33766,441,1542,37,5979,42,1840,22,42
"1207","2020-05-17",90,14,285,250,7156,0.801844605925098,8310,33766,441,1542,30,6009,19,1859,17,19
"1208","2020-05-18",85,14,290,231,7156,0.801844605925098,8310,33766,441,1542,21,6030,27,1886,14,27
"1209","2020-05-19",76,14,301,214,7156,0.801844605925098,8310,33766,441,1542,25,6055,19,1905,14,19
"1210","2020-05-20",72,14,295,207,7156,0.801844605925098,8310,33766,441,1542,20,6075,14,1919,11,14
"1211","2020-05-21",78,14,293,196,7156,0.801844605925098,8310,33766,441,1542,23,6098,31,1950,16,31
"1212","2020-05-22",85,14,312,179,7156,0.801844605925098,8310,33766,441,1542,19,6117,33,1983,8,33
"1213","2020-05-23",81,14,312,175,7156,0.801844605925098,8310,33766,441,1542,20,6137,21,2004,14,21
"1214","2020-05-24",62,14,277,165,7156,0.801844605925098,8310,33766,441,1542,24,6161,27,2031,12,27
"1215","2020-05-25",62,14,244,147,7156,0.801844605925098,8310,33766,441,1542,13,6174,54,2085,11,54
"1216","2020-05-26",61,14,223,144,7156,0.801844605925098,8310,33766,441,1542,16,6190,39,2124,9,39
"1217","2020-05-27",60,14,201,147,7156,0.801844605925098,8310,33766,441,1542,25,6215,14,2138,14,14
"1218","2020-05-28",51,14,198,141,7156,0.801844605925098,8310,33766,441,1542,13,6228,16,2154,3,16
"1219","2020-05-29",36,14,190,137,7156,0.801844605925098,8310,33766,441,1542,13,6241,27,2181,8,27
"1220","2020-05-30",36,14,184,137,7156,0.801844605925098,8310,33766,441,1542,17,6258,17,2198,12,17
"1221","2020-05-31",39,14,183,128,7156,0.801844605925098,8310,33766,441,1542,19,6277,10,2208,12,10
"1222","2020-06-01",41,14,181,119,7156,0.801844605925098,8310,33766,441,1542,17,6294,5,2213,10,5
"1223","2020-06-02",37,14,181,113,7156,0.801844605925098,8310,33766,441,1542,17,6311,11,2224,10,11
"1224","2020-06-03",36,14,193,103,7156,0.801844605925098,8310,33766,441,1542,12,6323,17,2241,4,17
"1225","2020-06-04",37,14,183,93,7156,0.801844605925098,8310,33766,441,1542,11,6334,32,2273,6,32
"1226","2020-06-05",43,14,182,88,7156,0.801844605925098,8310,33766,441,1542,18,6352,26,2299,8,26
"1227","2020-06-06",42,14,173,88,7156,0.801844605925098,8310,33766,441,1542,17,6369,49,2348,10,49
"1228","2020-06-07",35,14,172,88,7156,0.801844605925098,8310,33766,441,1542,8,6377,26,2374,6,26
"1229","2020-03-12",1,15,179,171,8720,0.4125,8220,39702,566,1991,106,190,25,45,NA,25
"1230","2020-03-13",3,15,188,288,8720,0.4125,8220,39702,566,1991,89,279,26,71,10,26
"1231","2020-03-14",19,15,181,404,8720,0.4125,8220,39702,566,1991,81,360,25,96,15,25
"1232","2020-03-15",71,15,161,524,8720,0.4125,8220,39702,566,1991,110,470,38,134,26,38
"1233","2020-03-16",84,15,152,632,8720,0.4125,8220,39702,566,1991,103,573,39,173,28,39
"1234","2020-03-17",85,15,152,757,8720,0.4125,8220,39702,566,1991,104,677,31,204,33,31
"1235","2020-03-18",115,15,160,903,8720,0.4125,8220,39702,566,1991,131,808,39,243,45,39
"1236","2020-03-19",164,15,230,1042,8720,0.4125,8220,39702,566,1991,131,939,18,261,56,18
"1237","2020-03-20",272,15,269,1172,8720,0.4125,8220,39702,566,1991,140,1079,18,279,63,18
"1238","2020-03-21",343,15,296,1302,8720,0.4125,8220,39702,566,1991,122,1201,30,309,65,30
"1239","2020-03-22",354,15,337,1419,8720,0.4125,8220,39702,566,1991,164,1365,26,335,76,26
"1240","2020-03-23",372,15,354,1509,8720,0.4125,8220,39702,566,1991,148,1513,38,373,63,38
"1241","2020-03-24",403,15,350,1617,8720,0.4125,8220,39702,566,1991,145,1658,52,425,77,52
"1242","2020-03-25",418,15,277,1685,8720,0.4125,8220,39702,566,1991,137,1795,48,473,69,48
"1243","2020-03-26",437,15,274,1690,8720,0.4125,8220,39702,566,1991,135,1930,45,518,73,45
"1244","2020-03-27",550,15,275,1722,8720,0.4125,8220,39702,566,1991,141,2071,37,555,56,37
"1245","2020-03-28",561,15,240,1752,8720,0.4125,8220,39702,566,1991,169,2240,30,585,90,30
"1246","2020-03-29",576,15,242,1791,8720,0.4125,8220,39702,566,1991,150,2390,35,620,80,35
"1247","2020-03-30",583,15,280,1811,8720,0.4125,8220,39702,566,1991,128,2518,31,651,62,31
"1248","2020-03-31",578,15,252,1844,8720,0.4125,8220,39702,566,1991,147,2665,26,677,69,26
"1249","2020-04-01",599,15,241,1827,8720,0.4125,8220,39702,566,1991,140,2805,14,691,61,14
"1250","2020-04-02",594,15,229,1835,8720,0.4125,8220,39702,566,1991,133,2938,28,719,58,28
"1251","2020-04-03",624,15,245,1808,8720,0.4125,8220,39702,566,1991,162,3100,25,744,77,25
"1252","2020-04-04",623,15,241,1820,8720,0.4125,8220,39702,566,1991,147,3247,25,769,68,25
"1253","2020-04-05",573,15,233,1786,8720,0.4125,8220,39702,566,1991,145,3392,36,805,81,36
"1254","2020-04-06",568,15,235,1776,8720,0.4125,8220,39702,566,1991,147,3539,46,851,68,46
"1255","2020-04-07",554,15,243,1740,8720,0.4125,8220,39702,566,1991,129,3668,30,881,52,30
"1256","2020-04-08",542,15,292,1725,8720,0.4125,8220,39702,566,1991,120,3788,26,907,50,26
"1257","2020-04-09",544,15,303,1708,8720,0.4125,8220,39702,566,1991,128,3916,25,932,60,25
"1258","2020-04-10",618,15,295,1672,8720,0.4125,8220,39702,566,1991,114,4030,45,977,56,45
"1259","2020-04-11",621,15,296,1649,8720,0.4125,8220,39702,566,1991,99,4129,44,1021,52,44
"1260","2020-04-12",573,15,278,1611,8720,0.4125,8220,39702,566,1991,100,4229,22,1043,49,22
"1261","2020-04-13",573,15,289,1558,8720,0.4125,8220,39702,566,1991,116,4345,52,1095,54,52
"1262","2020-04-14",559,15,291,1530,8720,0.4125,8220,39702,566,1991,93,4438,33,1128,34,33
"1263","2020-04-15",548,15,284,1490,8720,0.4125,8220,39702,566,1991,77,4515,28,1156,32,28
"1264","2020-04-16",520,15,283,1474,8720,0.4125,8220,39702,566,1991,104,4619,23,1179,39,23
"1265","2020-04-17",497,15,280,1415,8720,0.4125,8220,39702,566,1991,82,4701,17,1196,20,17
"1266","2020-04-18",473,15,263,1368,8720,0.4125,8220,39702,566,1991,82,4783,11,1207,28,11
"1267","2020-04-19",430,15,256,1309,8720,0.4125,8220,39702,566,1991,88,4871,11,1218,34,11
"1268","2020-04-20",403,15,265,1251,8720,0.4125,8220,39702,566,1991,77,4948,13,1231,25,13
"1269","2020-04-21",396,15,286,1204,8720,0.4125,8220,39702,566,1991,68,5016,29,1260,29,29
"1270","2020-04-22",383,15,282,1160,8720,0.4125,8220,39702,566,1991,67,5083,24,1284,19,24
"1271","2020-04-23",394,15,282,1112,8720,0.4125,8220,39702,566,1991,74,5157,12,1296,21,12
"1272","2020-04-24",384,15,270,1092,8720,0.4125,8220,39702,566,1991,87,5244,28,1324,30,28
"1273","2020-04-25",381,15,250,1066,8720,0.4125,8220,39702,566,1991,84,5328,56,1380,24,56
"1274","2020-04-26",334,15,251,1026,8720,0.4125,8220,39702,566,1991,69,5397,61,1441,17,61
"1275","2020-04-27",331,15,252,1005,8720,0.4125,8220,39702,566,1991,58,5455,58,1499,21,58
"1276","2020-04-28",314,15,217,949,8720,0.4125,8220,39702,566,1991,48,5503,50,1549,14,50
"1277","2020-04-29",316,15,225,923,8720,0.4125,8220,39702,566,1991,56,5559,47,1596,13,47
"1278","2020-04-30",306,15,240,879,8720,0.4125,8220,39702,566,1991,67,5626,39,1635,13,39
"1279","2020-05-01",284,15,242,859,8720,0.4125,8220,39702,566,1991,50,5676,23,1658,11,23
"1280","2020-05-02",289,15,244,844,8720,0.4125,8220,39702,566,1991,50,5726,61,1719,11,61
"1281","2020-05-03",293,15,246,804,8720,0.4125,8220,39702,566,1991,52,5778,46,1765,22,46
"1282","2020-05-04",282,15,220,764,8720,0.4125,8220,39702,566,1991,52,5830,25,1790,14,25
"1283","2020-05-05",272,15,211,727,8720,0.4125,8220,39702,566,1991,55,5885,57,1847,13,57
"1284","2020-05-06",254,15,201,695,8720,0.4125,8220,39702,566,1991,49,5934,24,1871,11,24
"1285","2020-05-07",233,15,257,681,8720,0.4125,8220,39702,566,1991,37,5971,13,1884,11,13
"1286","2020-05-08",234,15,259,665,8720,0.4125,8220,39702,566,1991,53,6024,22,1906,9,22
"1287","2020-05-09",210,15,263,627,8720,0.4125,8220,39702,566,1991,42,6066,16,1922,11,16
"1288","2020-05-10",181,15,261,611,8720,0.4125,8220,39702,566,1991,38,6104,14,1936,10,14
"1289","2020-05-11",173,15,248,599,8720,0.4125,8220,39702,566,1991,36,6140,53,1989,8,53
"1290","2020-05-12",166,15,237,581,8720,0.4125,8220,39702,566,1991,31,6171,36,2025,4,36
"1291","2020-05-13",170,15,239,567,8720,0.4125,8220,39702,566,1991,35,6206,22,2047,4,22
"1292","2020-05-14",176,15,231,545,8720,0.4125,8220,39702,566,1991,23,6229,15,2062,6,15
"1293","2020-05-15",184,15,207,527,8720,0.4125,8220,39702,566,1991,34,6263,10,2072,3,10
"1294","2020-05-16",196,15,208,509,8720,0.4125,8220,39702,566,1991,27,6290,10,2082,4,10
"1295","2020-05-17",178,15,199,488,8720,0.4125,8220,39702,566,1991,31,6321,16,2098,5,16
"1296","2020-05-18",169,15,184,464,8720,0.4125,8220,39702,566,1991,33,6354,42,2140,8,42
"1297","2020-05-19",161,15,170,443,8720,0.4125,8220,39702,566,1991,26,6380,43,2183,7,43
"1298","2020-05-20",165,15,158,416,8720,0.4125,8220,39702,566,1991,28,6408,32,2215,5,32
"1299","2020-05-21",159,15,167,396,8720,0.4125,8220,39702,566,1991,32,6440,24,2239,4,24
"1300","2020-05-22",139,15,145,380,8720,0.4125,8220,39702,566,1991,20,6460,16,2255,2,16
"1301","2020-05-23",136,15,154,350,8720,0.4125,8220,39702,566,1991,22,6482,15,2270,8,15
"1302","2020-05-24",116,15,188,340,8720,0.4125,8220,39702,566,1991,26,6508,12,2282,7,12
"1303","2020-05-25",106,15,237,327,8720,0.4125,8220,39702,566,1991,20,6528,33,2315,4,33
"1304","2020-05-26",112,15,259,315,8720,0.4125,8220,39702,566,1991,15,6543,38,2353,1,38
"1305","2020-05-27",100,15,287,295,8720,0.4125,8220,39702,566,1991,16,6559,55,2408,3,55
"1306","2020-05-28",90,15,269,280,8720,0.4125,8220,39702,566,1991,14,6573,46,2454,2,46
"1307","2020-05-29",96,15,246,270,8720,0.4125,8220,39702,566,1991,22,6595,20,2474,6,20
"1308","2020-05-30",86,15,232,265,8720,0.4125,8220,39702,566,1991,11,6606,16,2490,1,16
"1309","2020-05-31",78,15,201,242,8720,0.4125,8220,39702,566,1991,17,6623,36,2526,1,36
"1310","2020-06-01",76,15,200,234,8720,0.4125,8220,39702,566,1991,15,6638,24,2550,3,24
"1311","2020-06-02",69,15,243,221,8720,0.4125,8220,39702,566,1991,9,6647,15,2565,2,15
"1312","2020-06-03",69,15,309,209,8720,0.4125,8220,39702,566,1991,22,6669,27,2592,4,27
"1313","2020-06-04",72,15,333,197,8720,0.4125,8220,39702,566,1991,12,6681,30,2622,4,30
"1314","2020-06-05",68,15,302,184,8720,0.4125,8220,39702,566,1991,13,6694,12,2634,1,12
"1315","2020-06-06",69,15,267,178,8720,0.4125,8220,39702,566,1991,11,6705,36,2670,2,36
"1316","2020-06-07",64,15,291,164,8720,0.4125,8220,39702,566,1991,6,6711,32,2702,1,32
"1317","2020-03-13",1,16,135,107,6980,0.75702005730659,8325,33117,430,1937,65,204,29,127,10,29
"1318","2020-03-14",9,16,175,162,6980,0.75702005730659,8325,33117,430,1937,94,298,55,182,25,55
"1319","2020-03-15",24,16,200,218,6980,0.75702005730659,8325,33117,430,1937,80,378,67,249,27,67
"1320","2020-03-16",26,16,217,278,6980,0.75702005730659,8325,33117,430,1937,101,479,49,298,36,49
"1321","2020-03-17",30,16,239,341,6980,0.75702005730659,8325,33117,430,1937,116,595,72,370,54,72
"1322","2020-03-18",38,16,235,417,6980,0.75702005730659,8325,33117,430,1937,127,722,56,426,72,56
"1323","2020-03-19",62,16,245,501,6980,0.75702005730659,8325,33117,430,1937,138,860,59,485,91,59
"1324","2020-03-20",98,16,263,616,6980,0.75702005730659,8325,33117,430,1937,123,983,73,558,56,73
"1325","2020-03-21",141,16,231,725,6980,0.75702005730659,8325,33117,430,1937,120,1103,63,621,70,63
"1326","2020-03-22",167,16,227,828,6980,0.75702005730659,8325,33117,430,1937,173,1276,70,691,113,70
"1327","2020-03-23",175,16,236,965,6980,0.75702005730659,8325,33117,430,1937,127,1403,60,751,75,60
"1328","2020-03-24",189,16,239,1064,6980,0.75702005730659,8325,33117,430,1937,164,1567,41,792,104,41
"1329","2020-03-25",212,16,225,1172,6980,0.75702005730659,8325,33117,430,1937,166,1733,43,835,119,43
"1330","2020-03-26",232,16,220,1288,6980,0.75702005730659,8325,33117,430,1937,167,1900,28,863,111,28
"1331","2020-03-27",350,16,207,1407,6980,0.75702005730659,8325,33117,430,1937,165,2065,38,901,111,38
"1332","2020-03-28",392,16,188,1534,6980,0.75702005730659,8325,33117,430,1937,181,2246,24,925,134,24
"1333","2020-03-29",426,16,194,1663,6980,0.75702005730659,8325,33117,430,1937,161,2407,32,957,104,32
"1334","2020-03-30",461,16,237,1754,6980,0.75702005730659,8325,33117,430,1937,149,2556,31,988,99,31
"1335","2020-03-31",480,16,247,1917,6980,0.75702005730659,8325,33117,430,1937,154,2710,32,1020,99,32
"1336","2020-04-01",514,16,239,1966,6980,0.75702005730659,8325,33117,430,1937,160,2870,33,1053,118,33
"1337","2020-04-02",539,16,225,2044,6980,0.75702005730659,8325,33117,430,1937,151,3021,40,1093,83,40
"1338","2020-04-03",672,16,243,2139,6980,0.75702005730659,8325,33117,430,1937,186,3207,38,1131,121,38
"1339","2020-04-04",718,16,243,2162,6980,0.75702005730659,8325,33117,430,1937,167,3374,36,1167,123,36
"1340","2020-04-05",659,16,252,2233,6980,0.75702005730659,8325,33117,430,1937,139,3513,40,1207,90,40
"1341","2020-04-06",672,16,256,2231,6980,0.75702005730659,8325,33117,430,1937,156,3669,31,1238,109,31
"1342","2020-04-07",689,16,294,2261,6980,0.75702005730659,8325,33117,430,1937,151,3820,34,1272,107,34
"1343","2020-04-08",708,16,288,2229,6980,0.75702005730659,8325,33117,430,1937,131,3951,32,1304,81,32
"1344","2020-04-09",737,16,291,2196,6980,0.75702005730659,8325,33117,430,1937,129,4080,51,1355,84,51
"1345","2020-04-10",847,16,264,2175,6980,0.75702005730659,8325,33117,430,1937,122,4202,38,1393,70,38
"1346","2020-04-11",824,16,252,2083,6980,0.75702005730659,8325,33117,430,1937,129,4331,38,1431,89,38
"1347","2020-04-12",774,16,239,2030,6980,0.75702005730659,8325,33117,430,1937,113,4444,32,1463,64,32
"1348","2020-04-13",748,16,271,1964,6980,0.75702005730659,8325,33117,430,1937,108,4552,23,1486,67,23
"1349","2020-04-14",719,16,265,1841,6980,0.75702005730659,8325,33117,430,1937,87,4639,26,1512,43,26
"1350","2020-04-15",703,16,270,1760,6980,0.75702005730659,8325,33117,430,1937,93,4732,21,1533,64,21
"1351","2020-04-16",665,16,261,1665,6980,0.75702005730659,8325,33117,430,1937,96,4828,27,1560,46,27
"1352","2020-04-17",598,16,250,1560,6980,0.75702005730659,8325,33117,430,1937,85,4913,27,1587,50,27
"1353","2020-04-18",569,16,240,1467,6980,0.75702005730659,8325,33117,430,1937,96,5009,28,1615,63,28
"1354","2020-04-19",517,16,283,1353,6980,0.75702005730659,8325,33117,430,1937,72,5081,68,1683,33,68
"1355","2020-04-20",499,16,298,1273,6980,0.75702005730659,8325,33117,430,1937,76,5157,51,1734,40,51
"1356","2020-04-21",483,16,282,1197,6980,0.75702005730659,8325,33117,430,1937,78,5235,43,1777,46,43
"1357","2020-04-22",460,16,288,1131,6980,0.75702005730659,8325,33117,430,1937,81,5316,56,1833,44,56
"1358","2020-04-23",447,16,266,1049,6980,0.75702005730659,8325,33117,430,1937,67,5383,40,1873,23,40
"1359","2020-04-24",375,16,252,965,6980,0.75702005730659,8325,33117,430,1937,68,5451,32,1905,31,32
"1360","2020-04-25",377,16,247,887,6980,0.75702005730659,8325,33117,430,1937,56,5507,32,1937,29,32
"1361","2020-04-26",334,16,235,838,6980,0.75702005730659,8325,33117,430,1937,48,5555,22,1959,16,22
"1362","2020-04-27",302,16,233,790,6980,0.75702005730659,8325,33117,430,1937,59,5614,27,1986,31,27
"1363","2020-04-28",300,16,284,723,6980,0.75702005730659,8325,33117,430,1937,45,5659,32,2018,17,32
"1364","2020-04-29",277,16,292,654,6980,0.75702005730659,8325,33117,430,1937,58,5717,27,2045,29,27
"1365","2020-04-30",257,16,298,610,6980,0.75702005730659,8325,33117,430,1937,53,5770,27,2072,31,27
"1366","2020-05-01",252,16,296,547,6980,0.75702005730659,8325,33117,430,1937,47,5817,64,2136,14,64
"1367","2020-05-02",231,16,283,514,6980,0.75702005730659,8325,33117,430,1937,40,5857,40,2176,21,40
"1368","2020-05-03",209,16,264,471,6980,0.75702005730659,8325,33117,430,1937,49,5906,32,2208,22,32
"1369","2020-05-04",205,16,260,445,6980,0.75702005730659,8325,33117,430,1937,49,5955,24,2232,15,24
"1370","2020-05-05",183,16,282,403,6980,0.75702005730659,8325,33117,430,1937,33,5988,25,2257,10,25
"1371","2020-05-06",177,16,281,380,6980,0.75702005730659,8325,33117,430,1937,49,6037,42,2299,19,42
"1372","2020-05-07",159,16,281,346,6980,0.75702005730659,8325,33117,430,1937,33,6070,29,2328,10,29
"1373","2020-05-08",133,16,302,327,6980,0.75702005730659,8325,33117,430,1937,35,6105,44,2372,10,44
"1374","2020-05-09",134,16,298,291,6980,0.75702005730659,8325,33117,430,1937,30,6135,38,2410,15,38
"1375","2020-05-10",114,16,282,273,6980,0.75702005730659,8325,33117,430,1937,33,6168,44,2454,7,44
"1376","2020-05-11",101,16,269,254,6980,0.75702005730659,8325,33117,430,1937,34,6202,34,2488,14,34
"1377","2020-05-12",88,16,260,238,6980,0.75702005730659,8325,33117,430,1937,23,6225,35,2523,6,35
"1378","2020-05-13",81,16,263,227,6980,0.75702005730659,8325,33117,430,1937,27,6252,30,2553,9,30
"1379","2020-05-14",77,16,249,225,6980,0.75702005730659,8325,33117,430,1937,27,6279,47,2600,12,47
"1380","2020-05-15",76,16,240,212,6980,0.75702005730659,8325,33117,430,1937,27,6306,36,2636,8,36
"1381","2020-05-16",67,16,239,203,6980,0.75702005730659,8325,33117,430,1937,20,6326,36,2672,3,36
"1382","2020-05-17",65,16,228,193,6980,0.75702005730659,8325,33117,430,1937,25,6351,25,2697,6,25
"1383","2020-05-18",64,16,228,184,6980,0.75702005730659,8325,33117,430,1937,22,6373,37,2734,6,37
"1384","2020-05-19",73,16,234,178,6980,0.75702005730659,8325,33117,430,1937,16,6389,22,2756,6,22
"1385","2020-05-20",70,16,249,173,6980,0.75702005730659,8325,33117,430,1937,23,6412,32,2788,5,32
"1386","2020-05-21",71,16,223,173,6980,0.75702005730659,8325,33117,430,1937,22,6434,32,2820,4,32
"1387","2020-05-22",69,16,218,170,6980,0.75702005730659,8325,33117,430,1937,24,6458,34,2854,6,34
"1388","2020-05-23",68,16,203,152,6980,0.75702005730659,8325,33117,430,1937,18,6476,32,2886,5,32
"1389","2020-05-24",65,16,240,143,6980,0.75702005730659,8325,33117,430,1937,12,6488,26,2912,1,26
"1390","2020-05-25",62,16,235,143,6980,0.75702005730659,8325,33117,430,1937,19,6507,27,2939,7,27
"1391","2020-05-26",51,16,232,135,6980,0.75702005730659,8325,33117,430,1937,14,6521,41,2980,3,41
"1392","2020-05-27",48,16,244,130,6980,0.75702005730659,8325,33117,430,1937,16,6537,34,3014,2,34
"1393","2020-05-28",49,16,261,120,6980,0.75702005730659,8325,33117,430,1937,19,6556,58,3072,6,58
"1394","2020-05-29",53,16,252,118,6980,0.75702005730659,8325,33117,430,1937,14,6570,57,3129,5,57
"1395","2020-05-30",54,16,242,118,6980,0.75702005730659,8325,33117,430,1937,11,6581,40,3169,4,40
"1396","2020-05-31",46,16,229,113,6980,0.75702005730659,8325,33117,430,1937,11,6592,41,3210,3,41
"1397","2020-06-01",39,16,222,104,6980,0.75702005730659,8325,33117,430,1937,15,6607,34,3244,5,34
"1398","2020-06-02",39,16,226,96,6980,0.75702005730659,8325,33117,430,1937,7,6614,38,3282,1,38
"1399","2020-06-03",39,16,247,96,6980,0.75702005730659,8325,33117,430,1937,14,6628,29,3311,2,29
"1400","2020-06-04",41,16,253,85,6980,0.75702005730659,8325,33117,430,1937,8,6636,34,3345,NA,34
"1401","2020-06-05",39,16,267,85,6980,0.75702005730659,8325,33117,430,1937,14,6650,22,3367,6,22
"1402","2020-06-06",33,16,285,84,6980,0.75702005730659,8325,33117,430,1937,15,6665,28,3395,5,28
"1403","2020-06-07",27,16,280,81,6980,0.75702005730659,8325,33117,430,1937,8,6673,34,3429,3,34
"1404","2020-03-08",2,17,0,0,7216,0.538248337028825,8280,36154,419,1856,NA,NA,NA,NA,NA,NA
"1405","2020-03-09",2,17,0,0,7216,0.538248337028825,8280,36154,419,1856,NA,NA,NA,NA,NA,NA
"1406","2020-03-10",0,17,0,0,7216,0.538248337028825,8280,36154,419,1856,NA,NA,6,6,NA,6
"1407","2020-03-11",0,17,0,0,7216,0.538248337028825,8280,36154,419,1856,10,10,31,37,3,31
"1408","2020-03-12",0,17,0,0,7216,0.538248337028825,8280,36154,419,1856,19,29,26,63,9,26
"1409","2020-03-13",4,17,93,153,7216,0.538248337028825,8280,36154,419,1856,20,49,21,84,13,21
"1410","2020-03-14",17,17,112,215,7216,0.538248337028825,8280,36154,419,1856,32,81,38,122,20,38
"1411","2020-03-15",26,17,128,295,7216,0.538248337028825,8280,36154,419,1856,35,116,43,165,24,43
"1412","2020-03-16",32,17,136,365,7216,0.538248337028825,8280,36154,419,1856,51,167,63,228,35,63
"1413","2020-03-17",48,17,129,471,7216,0.538248337028825,8280,36154,419,1856,45,212,30,258,33,30
"1414","2020-03-18",61,17,117,573,7216,0.538248337028825,8280,36154,419,1856,65,277,33,291,57,33
"1415","2020-03-19",82,17,152,687,7216,0.538248337028825,8280,36154,419,1856,79,356,51,342,67,51
"1416","2020-03-20",134,17,162,812,7216,0.538248337028825,8280,36154,419,1856,54,410,32,374,44,32
"1417","2020-03-21",176,17,154,921,7216,0.538248337028825,8280,36154,419,1856,83,493,21,395,70,21
"1418","2020-03-22",227,17,150,1021,7216,0.538248337028825,8280,36154,419,1856,108,601,15,410,98,15
"1419","2020-03-23",245,17,182,1129,7216,0.538248337028825,8280,36154,419,1856,103,704,12,422,91,12
"1420","2020-03-24",246,17,226,1189,7216,0.538248337028825,8280,36154,419,1856,132,836,10,432,124,10
"1421","2020-03-25",288,17,237,1264,7216,0.538248337028825,8280,36154,419,1856,131,967,13,445,122,13
"1422","2020-03-26",308,17,244,1358,7216,0.538248337028825,8280,36154,419,1856,150,1117,15,460,141,15
"1423","2020-03-27",432,17,242,1419,7216,0.538248337028825,8280,36154,419,1856,152,1269,18,478,137,18
"1424","2020-03-28",511,17,222,1499,7216,0.538248337028825,8280,36154,419,1856,179,1448,15,493,170,15
"1425","2020-03-29",478,17,250,1559,7216,0.538248337028825,8280,36154,419,1856,171,1619,46,539,161,46
"1426","2020-03-30",475,17,236,1653,7216,0.538248337028825,8280,36154,419,1856,179,1798,25,564,175,25
"1427","2020-03-31",491,17,230,1673,7216,0.538248337028825,8280,36154,419,1856,175,1973,23,587,165,23
"1428","2020-04-01",500,17,223,1715,7216,0.538248337028825,8280,36154,419,1856,186,2159,43,630,173,43
"1429","2020-04-02",518,17,202,1747,7216,0.538248337028825,8280,36154,419,1856,179,2338,32,662,170,32
"1430","2020-04-03",589,17,200,1756,7216,0.538248337028825,8280,36154,419,1856,220,2558,15,677,211,15
"1431","2020-04-04",566,17,196,1790,7216,0.538248337028825,8280,36154,419,1856,190,2748,15,692,181,15
"1432","2020-04-05",538,17,223,1795,7216,0.538248337028825,8280,36154,419,1856,205,2953,12,704,196,12
"1433","2020-04-06",555,17,229,1775,7216,0.538248337028825,8280,36154,419,1856,220,3173,12,716,211,12
"1434","2020-04-07",554,17,219,1776,7216,0.538248337028825,8280,36154,419,1856,178,3351,10,726,171,10
"1435","2020-04-08",546,17,275,1772,7216,0.538248337028825,8280,36154,419,1856,200,3551,13,739,190,13
"1436","2020-04-09",556,17,294,1734,7216,0.538248337028825,8280,36154,419,1856,182,3733,27,766,167,27
"1437","2020-04-10",615,17,286,1682,7216,0.538248337028825,8280,36154,419,1856,198,3931,32,798,189,32
"1438","2020-04-11",614,17,274,1646,7216,0.538248337028825,8280,36154,419,1856,183,4114,34,832,175,34
"1439","2020-04-12",566,17,231,1581,7216,0.538248337028825,8280,36154,419,1856,147,4261,23,855,140,23
"1440","2020-04-13",543,17,246,1540,7216,0.538248337028825,8280,36154,419,1856,154,4415,58,913,143,58
"1441","2020-04-14",535,17,279,1494,7216,0.538248337028825,8280,36154,419,1856,92,4507,36,949,85,36
"1442","2020-04-15",529,17,291,1445,7216,0.538248337028825,8280,36154,419,1856,136,4643,30,979,127,30
"1443","2020-04-16",501,17,271,1376,7216,0.538248337028825,8280,36154,419,1856,103,4746,38,1017,99,38
"1444","2020-04-17",489,17,237,1308,7216,0.538248337028825,8280,36154,419,1856,97,4843,25,1042,92,25
"1445","2020-04-18",473,17,209,1248,7216,0.538248337028825,8280,36154,419,1856,135,4978,25,1067,124,25
"1446","2020-04-19",445,17,209,1203,7216,0.538248337028825,8280,36154,419,1856,89,5067,24,1091,79,24
"1447","2020-04-20",428,17,239,1182,7216,0.538248337028825,8280,36154,419,1856,84,5151,23,1114,76,23
"1448","2020-04-21",412,17,253,1121,7216,0.538248337028825,8280,36154,419,1856,78,5229,22,1136,70,22
"1449","2020-04-22",399,17,239,1088,7216,0.538248337028825,8280,36154,419,1856,94,5323,40,1176,86,40
"1450","2020-04-23",398,17,212,1047,7216,0.538248337028825,8280,36154,419,1856,67,5390,44,1220,58,44
"1451","2020-04-24",370,17,203,998,7216,0.538248337028825,8280,36154,419,1856,57,5447,21,1241,51,21
"1452","2020-04-25",357,17,209,968,7216,0.538248337028825,8280,36154,419,1856,61,5508,60,1301,50,60
"1453","2020-04-26",332,17,214,916,7216,0.538248337028825,8280,36154,419,1856,46,5554,43,1344,40,43
"1454","2020-04-27",312,17,264,874,7216,0.538248337028825,8280,36154,419,1856,54,5608,41,1385,48,41
"1455","2020-04-28",291,17,331,838,7216,0.538248337028825,8280,36154,419,1856,38,5646,28,1413,36,28
"1456","2020-04-29",285,17,291,812,7216,0.538248337028825,8280,36154,419,1856,56,5702,24,1437,48,24
"1457","2020-04-30",280,17,267,785,7216,0.538248337028825,8280,36154,419,1856,36,5738,32,1469,32,32
"1458","2020-05-01",266,17,282,734,7216,0.538248337028825,8280,36154,419,1856,38,5776,15,1484,35,15
"1459","2020-05-02",273,17,278,691,7216,0.538248337028825,8280,36154,419,1856,42,5818,16,1500,36,16
"1460","2020-05-03",266,17,315,662,7216,0.538248337028825,8280,36154,419,1856,30,5848,11,1511,25,11
"1461","2020-05-04",266,17,329,629,7216,0.538248337028825,8280,36154,419,1856,33,5881,8,1519,26,8
"1462","2020-05-05",251,17,310,583,7216,0.538248337028825,8280,36154,419,1856,22,5903,16,1535,17,16
"1463","2020-05-06",238,17,317,558,7216,0.538248337028825,8280,36154,419,1856,30,5933,24,1559,19,24
"1464","2020-05-07",226,17,354,522,7216,0.538248337028825,8280,36154,419,1856,30,5963,45,1604,21,45
"1465","2020-05-08",198,17,322,499,7216,0.538248337028825,8280,36154,419,1856,27,5990,32,1636,23,32
"1466","2020-05-09",189,17,327,482,7216,0.538248337028825,8280,36154,419,1856,25,6015,27,1663,20,27
"1467","2020-05-10",161,17,321,467,7216,0.538248337028825,8280,36154,419,1856,17,6032,29,1692,15,29
"1468","2020-05-11",154,17,336,435,7216,0.538248337028825,8280,36154,419,1856,19,6051,41,1733,18,41
"1469","2020-05-12",147,17,319,436,7216,0.538248337028825,8280,36154,419,1856,18,6069,31,1764,14,31
"1470","2020-05-13",144,17,289,415,7216,0.538248337028825,8280,36154,419,1856,18,6087,18,1782,15,18
"1471","2020-05-14",137,17,259,409,7216,0.538248337028825,8280,36154,419,1856,17,6104,16,1798,13,16
"1472","2020-05-15",149,17,212,393,7216,0.538248337028825,8280,36154,419,1856,9,6113,54,1852,6,54
"1473","2020-05-16",168,17,211,387,7216,0.538248337028825,8280,36154,419,1856,15,6128,28,1880,11,28
"1474","2020-05-17",158,17,174,367,7216,0.538248337028825,8280,36154,419,1856,16,6144,59,1939,13,59
"1475","2020-05-18",134,17,172,364,7216,0.538248337028825,8280,36154,419,1856,19,6163,33,1972,16,33
"1476","2020-05-19",136,17,168,347,7216,0.538248337028825,8280,36154,419,1856,17,6180,29,2001,11,29
"1477","2020-05-20",133,17,192,320,7216,0.538248337028825,8280,36154,419,1856,14,6194,18,2019,13,18
"1478","2020-05-21",129,17,215,302,7216,0.538248337028825,8280,36154,419,1856,14,6208,44,2063,11,44
"1479","2020-05-22",130,17,233,286,7216,0.538248337028825,8280,36154,419,1856,15,6223,19,2082,14,19
"1480","2020-05-23",99,17,273,273,7216,0.538248337028825,8280,36154,419,1856,12,6235,23,2105,7,23
"1481","2020-05-24",93,17,269,268,7216,0.538248337028825,8280,36154,419,1856,6,6241,19,2124,5,19
"1482","2020-05-25",94,17,242,261,7216,0.538248337028825,8280,36154,419,1856,11,6252,16,2140,10,16
"1483","2020-05-26",86,17,274,254,7216,0.538248337028825,8280,36154,419,1856,6,6258,16,2156,4,16
"1484","2020-05-27",84,17,267,227,7216,0.538248337028825,8280,36154,419,1856,7,6265,41,2197,5,41
"1485","2020-05-28",80,17,263,223,7216,0.538248337028825,8280,36154,419,1856,11,6276,41,2238,9,41
"1486","2020-05-29",75,17,241,219,7216,0.538248337028825,8280,36154,419,1856,4,6280,19,2257,2,19
"1487","2020-05-30",70,17,217,195,7216,0.538248337028825,8280,36154,419,1856,10,6290,70,2327,8,70
"1488","2020-05-31",72,17,194,189,7216,0.538248337028825,8280,36154,419,1856,11,6301,33,2360,9,33
"1489","2020-06-01",71,17,186,177,7216,0.538248337028825,8280,36154,419,1856,11,6312,44,2404,9,44
"1490","2020-06-02",66,17,170,170,7216,0.538248337028825,8280,36154,419,1856,4,6316,55,2459,2,55
"1491","2020-06-03",64,17,159,167,7216,0.538248337028825,8280,36154,419,1856,7,6323,25,2484,6,25
"1492","2020-06-04",64,17,140,158,7216,0.538248337028825,8280,36154,419,1856,9,6332,28,2512,7,28
"1493","2020-06-05",58,17,131,144,7216,0.538248337028825,8280,36154,419,1856,8,6340,19,2531,6,19
"1494","2020-06-06",61,17,176,133,7216,0.538248337028825,8280,36154,419,1856,4,6344,15,2546,3,15
"1495","2020-06-07",51,17,170,121,7216,0.538248337028825,8280,36154,419,1856,7,6351,42,2588,6,42
"1496","2020-03-13",2,18,117,79,6576,0.725821167883212,8295,33909,303,2072,15,45,11,36,5,11
"1497","2020-03-14",7,18,158,114,6576,0.725821167883212,8295,33909,303,2072,26,71,34,70,12,34
"1498","2020-03-15",14,18,181,171,6576,0.725821167883212,8295,33909,303,2072,23,94,28,98,10,28
"1499","2020-03-16",22,18,256,227,6576,0.725821167883212,8295,33909,303,2072,31,125,36,134,20,36
"1500","2020-03-17",26,18,299,293,6576,0.725821167883212,8295,33909,303,2072,46,171,23,157,32,23
"1501","2020-03-18",34,18,311,367,6576,0.725821167883212,8295,33909,303,2072,35,206,21,178,18,21
"1502","2020-03-19",48,18,259,448,6576,0.725821167883212,8295,33909,303,2072,47,253,16,194,32,16
"1503","2020-03-20",69,18,244,530,6576,0.725821167883212,8295,33909,303,2072,48,301,3,197,34,3
"1504","2020-03-21",104,18,227,608,6576,0.725821167883212,8295,33909,303,2072,72,373,14,211,60,14
"1505","2020-03-22",129,18,213,699,6576,0.725821167883212,8295,33909,303,2072,73,446,11,222,59,11
"1506","2020-03-23",144,18,201,813,6576,0.725821167883212,8295,33909,303,2072,76,522,12,234,64,12
"1507","2020-03-24",154,18,180,917,6576,0.725821167883212,8295,33909,303,2072,79,601,8,242,70,8
"1508","2020-03-25",185,18,188,1028,6576,0.725821167883212,8295,33909,303,2072,122,723,16,258,103,16
"1509","2020-03-26",207,18,178,1105,6576,0.725821167883212,8295,33909,303,2072,130,853,33,291,109,33
"1510","2020-03-27",269,18,185,1202,6576,0.725821167883212,8295,33909,303,2072,115,968,55,346,97,55
"1511","2020-03-28",343,18,239,1305,6576,0.725821167883212,8295,33909,303,2072,114,1082,35,381,106,35
"1512","2020-03-29",357,18,276,1402,6576,0.725821167883212,8295,33909,303,2072,125,1207,61,442,115,61
"1513","2020-03-30",365,18,260,1492,6576,0.725821167883212,8295,33909,303,2072,154,1361,34,476,136,34
"1514","2020-03-31",395,18,218,1601,6576,0.725821167883212,8295,33909,303,2072,152,1513,36,512,143,36
"1515","2020-04-01",413,18,217,1654,6576,0.725821167883212,8295,33909,303,2072,176,1689,35,547,159,35
"1516","2020-04-02",453,18,189,1725,6576,0.725821167883212,8295,33909,303,2072,181,1870,38,585,165,38
"1517","2020-04-03",590,18,202,1740,6576,0.725821167883212,8295,33909,303,2072,157,2027,50,635,150,50
"1518","2020-04-04",583,18,200,1795,6576,0.725821167883212,8295,33909,303,2072,207,2234,26,661,192,26
"1519","2020-04-05",598,18,203,1795,6576,0.725821167883212,8295,33909,303,2072,223,2457,15,676,204,15
"1520","2020-04-06",596,18,176,1813,6576,0.725821167883212,8295,33909,303,2072,175,2632,15,691,156,15
"1521","2020-04-07",589,18,159,1823,6576,0.725821167883212,8295,33909,303,2072,193,2825,41,732,180,41
"1522","2020-04-08",596,18,166,1796,6576,0.725821167883212,8295,33909,303,2072,234,3059,29,761,217,29
"1523","2020-04-09",589,18,176,1775,6576,0.725821167883212,8295,33909,303,2072,240,3299,10,771,226,10
"1524","2020-04-10",642,18,188,1738,6576,0.725821167883212,8295,33909,303,2072,187,3486,14,785,176,14
"1525","2020-04-11",632,18,228,1726,6576,0.725821167883212,8295,33909,303,2072,160,3646,22,807,141,22
"1526","2020-04-12",567,18,233,1682,6576,0.725821167883212,8295,33909,303,2072,182,3828,27,834,176,27
"1527","2020-04-13",554,18,238,1628,6576,0.725821167883212,8295,33909,303,2072,150,3978,15,849,137,15
"1528","2020-04-14",551,18,218,1573,6576,0.725821167883212,8295,33909,303,2072,187,4165,27,876,181,27
"1529","2020-04-15",532,18,204,1550,6576,0.725821167883212,8295,33909,303,2072,143,4308,51,927,132,51
"1530","2020-04-16",522,18,224,1496,6576,0.725821167883212,8295,33909,303,2072,158,4466,29,956,149,29
"1531","2020-04-17",538,18,218,1441,6576,0.725821167883212,8295,33909,303,2072,121,4587,44,1000,114,44
"1532","2020-04-18",521,18,214,1380,6576,0.725821167883212,8295,33909,303,2072,131,4718,49,1049,121,49
"1533","2020-04-19",457,18,197,1290,6576,0.725821167883212,8295,33909,303,2072,168,4886,15,1064,160,15
"1534","2020-04-20",459,18,181,1250,6576,0.725821167883212,8295,33909,303,2072,115,5001,28,1092,106,28
"1535","2020-04-21",441,18,217,1210,6576,0.725821167883212,8295,33909,303,2072,106,5107,16,1108,98,16
"1536","2020-04-22",438,18,238,1145,6576,0.725821167883212,8295,33909,303,2072,105,5212,9,1117,97,9
"1537","2020-04-23",416,18,219,1079,6576,0.725821167883212,8295,33909,303,2072,75,5287,22,1139,70,22
"1538","2020-04-24",379,18,229,993,6576,0.725821167883212,8295,33909,303,2072,89,5376,16,1155,80,16
"1539","2020-04-25",387,18,225,962,6576,0.725821167883212,8295,33909,303,2072,84,5460,20,1175,74,20
"1540","2020-04-26",367,18,209,902,6576,0.725821167883212,8295,33909,303,2072,62,5522,25,1200,55,25
"1541","2020-04-27",340,18,223,861,6576,0.725821167883212,8295,33909,303,2072,71,5593,15,1215,62,15
"1542","2020-04-28",324,18,235,790,6576,0.725821167883212,8295,33909,303,2072,44,5637,21,1236,34,21
"1543","2020-04-29",311,18,213,743,6576,0.725821167883212,8295,33909,303,2072,52,5689,34,1270,44,34
"1544","2020-04-30",303,18,220,721,6576,0.725821167883212,8295,33909,303,2072,44,5733,34,1304,38,34
"1545","2020-05-01",282,18,202,718,6576,0.725821167883212,8295,33909,303,2072,36,5769,26,1330,30,26
"1546","2020-05-02",262,18,228,692,6576,0.725821167883212,8295,33909,303,2072,36,5805,26,1356,25,26
"1547","2020-05-03",219,18,223,650,6576,0.725821167883212,8295,33909,303,2072,34,5839,24,1380,33,24
"1548","2020-05-04",201,18,240,618,6576,0.725821167883212,8295,33909,303,2072,36,5875,30,1410,31,30
"1549","2020-05-05",199,18,263,570,6576,0.725821167883212,8295,33909,303,2072,34,5909,7,1417,26,7
"1550","2020-05-06",206,18,260,551,6576,0.725821167883212,8295,33909,303,2072,30,5939,8,1425,24,8
"1551","2020-05-07",202,18,229,525,6576,0.725821167883212,8295,33909,303,2072,20,5959,11,1436,15,11
"1552","2020-05-08",184,18,226,491,6576,0.725821167883212,8295,33909,303,2072,35,5994,22,1458,27,22
"1553","2020-05-09",191,18,218,474,6576,0.725821167883212,8295,33909,303,2072,22,6016,15,1473,13,15
"1554","2020-05-10",188,18,210,430,6576,0.725821167883212,8295,33909,303,2072,14,6030,24,1497,11,24
"1555","2020-05-11",185,18,204,404,6576,0.725821167883212,8295,33909,303,2072,15,6045,26,1523,12,26
"1556","2020-05-12",171,18,256,370,6576,0.725821167883212,8295,33909,303,2072,17,6062,41,1564,12,41
"1557","2020-05-13",143,18,255,344,6576,0.725821167883212,8295,33909,303,2072,18,6080,30,1594,13,30
"1558","2020-05-14",131,18,238,317,6576,0.725821167883212,8295,33909,303,2072,25,6105,19,1613,15,19
"1559","2020-05-15",136,18,216,300,6576,0.725821167883212,8295,33909,303,2072,16,6121,31,1644,10,31
"1560","2020-05-16",114,18,204,286,6576,0.725821167883212,8295,33909,303,2072,12,6133,25,1669,6,25
"1561","2020-05-17",108,18,189,273,6576,0.725821167883212,8295,33909,303,2072,12,6145,11,1680,7,11
"1562","2020-05-18",107,18,195,262,6576,0.725821167883212,8295,33909,303,2072,8,6153,7,1687,6,7
"1563","2020-05-19",96,18,172,251,6576,0.725821167883212,8295,33909,303,2072,13,6166,10,1697,8,10
"1564","2020-05-20",96,18,172,232,6576,0.725821167883212,8295,33909,303,2072,12,6178,9,1706,9,9
"1565","2020-05-21",89,18,151,216,6576,0.725821167883212,8295,33909,303,2072,8,6186,10,1716,7,10
"1566","2020-05-22",74,18,163,212,6576,0.725821167883212,8295,33909,303,2072,2,6188,11,1727,NA,11
"1567","2020-05-23",75,18,161,198,6576,0.725821167883212,8295,33909,303,2072,6,6194,25,1752,1,25
"1568","2020-05-24",61,18,163,193,6576,0.725821167883212,8295,33909,303,2072,10,6204,15,1767,4,15
"1569","2020-05-25",48,18,197,189,6576,0.725821167883212,8295,33909,303,2072,4,6208,53,1820,1,53
"1570","2020-05-26",47,18,202,184,6576,0.725821167883212,8295,33909,303,2072,8,6216,47,1867,6,47
"1571","2020-05-27",50,18,206,176,6576,0.725821167883212,8295,33909,303,2072,5,6221,57,1924,1,57
"1572","2020-05-28",49,18,194,172,6576,0.725821167883212,8295,33909,303,2072,9,6230,42,1966,5,42
"1573","2020-05-29",55,18,211,158,6576,0.725821167883212,8295,33909,303,2072,6,6236,28,1994,6,28
"1574","2020-05-30",59,18,238,144,6576,0.725821167883212,8295,33909,303,2072,2,6238,38,2032,1,38
"1575","2020-05-31",57,18,266,143,6576,0.725821167883212,8295,33909,303,2072,7,6245,37,2069,4,37
"1576","2020-06-01",60,18,277,135,6576,0.725821167883212,8295,33909,303,2072,9,6254,25,2094,5,25
"1577","2020-06-02",58,18,258,129,6576,0.725821167883212,8295,33909,303,2072,5,6259,19,2113,2,19
"1578","2020-06-03",57,18,233,130,6576,0.725821167883212,8295,33909,303,2072,7,6266,14,2127,5,14
"1579","2020-06-04",56,18,247,123,6576,0.725821167883212,8295,33909,303,2072,6,6272,32,2159,3,32
"1580","2020-06-05",55,18,239,117,6576,0.725821167883212,8295,33909,303,2072,6,6278,20,2179,4,20
"1581","2020-06-06",52,18,218,114,6576,0.725821167883212,8295,33909,303,2072,4,6282,30,2209,2,30
"1582","2020-06-07",46,18,213,106,6576,0.725821167883212,8295,33909,303,2072,3,6285,15,2224,2,15
"1583","2020-03-08",1,19,0,0,6670,0.437631184407796,8355,37323,370,1155,NA,NA,NA,NA,NA,NA
"1584","2020-03-09",1,19,0,0,6670,0.437631184407796,8355,37323,370,1155,NA,NA,NA,NA,NA,NA
"1585","2020-03-10",0,19,0,0,6670,0.437631184407796,8355,37323,370,1155,NA,NA,6,6,NA,6
"1586","2020-03-11",0,19,0,0,6670,0.437631184407796,8355,37323,370,1155,44,44,12,18,NA,12
"1587","2020-03-12",0,19,0,0,6670,0.437631184407796,8355,37323,370,1155,59,103,14,32,4,14
"1588","2020-03-13",5,19,98,173,6670,0.437631184407796,8355,37323,370,1155,69,172,11,43,12,11
"1589","2020-03-14",22,19,125,237,6670,0.437631184407796,8355,37323,370,1155,75,247,13,56,14,13
"1590","2020-03-15",40,19,130,310,6670,0.437631184407796,8355,37323,370,1155,77,324,43,99,24,43
"1591","2020-03-16",45,19,133,386,6670,0.437631184407796,8355,37323,370,1155,105,429,18,117,50,18
"1592","2020-03-17",56,19,150,454,6670,0.437631184407796,8355,37323,370,1155,126,555,8,125,71,8
"1593","2020-03-18",74,19,158,515,6670,0.437631184407796,8355,37323,370,1155,129,684,18,143,74,18
"1594","2020-03-19",92,19,151,618,6670,0.437631184407796,8355,37323,370,1155,161,845,56,199,123,56
"1595","2020-03-20",142,19,180,697,6670,0.437631184407796,8355,37323,370,1155,129,974,83,282,79,83
"1596","2020-03-21",190,19,184,776,6670,0.437631184407796,8355,37323,370,1155,150,1124,63,345,106,63
"1597","2020-03-22",195,19,212,834,6670,0.437631184407796,8355,37323,370,1155,170,1294,47,392,119,47
"1598","2020-03-23",199,19,253,917,6670,0.437631184407796,8355,37323,370,1155,174,1468,34,426,124,34
"1599","2020-03-24",221,19,254,996,6670,0.437631184407796,8355,37323,370,1155,232,1700,58,484,181,58
"1600","2020-03-25",251,19,228,1052,6670,0.437631184407796,8355,37323,370,1155,196,1896,18,502,157,18
"1601","2020-03-26",276,19,207,1118,6670,0.437631184407796,8355,37323,370,1155,213,2109,18,520,169,18
"1602","2020-03-27",367,19,190,1157,6670,0.437631184407796,8355,37323,370,1155,205,2314,56,576,154,56
"1603","2020-03-28",378,19,165,1197,6670,0.437631184407796,8355,37323,370,1155,214,2528,35,611,164,35
"1604","2020-03-29",373,19,158,1230,6670,0.437631184407796,8355,37323,370,1155,199,2727,32,643,148,32
"1605","2020-03-30",375,19,163,1296,6670,0.437631184407796,8355,37323,370,1155,232,2959,46,689,182,46
"1606","2020-03-31",381,19,189,1330,6670,0.437631184407796,8355,37323,370,1155,235,3194,56,745,194,56
"1607","2020-04-01",381,19,184,1366,6670,0.437631184407796,8355,37323,370,1155,229,3423,31,776,197,31
"1608","2020-04-02",390,19,170,1360,6670,0.437631184407796,8355,37323,370,1155,206,3629,31,807,170,31
"1609","2020-04-03",442,19,169,1400,6670,0.437631184407796,8355,37323,370,1155,205,3834,22,829,160,22
"1610","2020-04-04",446,19,173,1413,6670,0.437631184407796,8355,37323,370,1155,197,4031,54,883,149,54
"1611","2020-04-05",449,19,154,1408,6670,0.437631184407796,8355,37323,370,1155,200,4231,43,926,164,43
"1612","2020-04-06",456,19,144,1394,6670,0.437631184407796,8355,37323,370,1155,210,4441,32,958,170,32
"1613","2020-04-07",437,19,150,1375,6670,0.437631184407796,8355,37323,370,1155,167,4608,26,984,135,26
"1614","2020-04-08",447,19,189,1392,6670,0.437631184407796,8355,37323,370,1155,184,4792,38,1022,155,38
"1615","2020-04-09",445,19,240,1398,6670,0.437631184407796,8355,37323,370,1155,164,4956,38,1060,130,38
"1616","2020-04-10",499,19,245,1373,6670,0.437631184407796,8355,37323,370,1155,135,5091,18,1078,97,18
"1617","2020-04-11",534,19,252,1353,6670,0.437631184407796,8355,37323,370,1155,134,5225,13,1091,105,13
"1618","2020-04-12",471,19,255,1321,6670,0.437631184407796,8355,37323,370,1155,110,5335,15,1106,89,15
"1619","2020-04-13",451,19,227,1282,6670,0.437631184407796,8355,37323,370,1155,116,5451,17,1123,79,17
"1620","2020-04-14",457,19,203,1252,6670,0.437631184407796,8355,37323,370,1155,93,5544,8,1131,70,8
"1621","2020-04-15",448,19,188,1233,6670,0.437631184407796,8355,37323,370,1155,106,5650,29,1160,71,29
"1622","2020-04-16",440,19,177,1210,6670,0.437631184407796,8355,37323,370,1155,80,5730,56,1216,54,56
"1623","2020-04-17",456,19,149,1188,6670,0.437631184407796,8355,37323,370,1155,79,5809,58,1274,47,58
"1624","2020-04-18",435,19,141,1149,6670,0.437631184407796,8355,37323,370,1155,88,5897,59,1333,66,59
"1625","2020-04-19",395,19,153,1132,6670,0.437631184407796,8355,37323,370,1155,63,5960,44,1377,42,44
"1626","2020-04-20",404,19,180,1099,6670,0.437631184407796,8355,37323,370,1155,52,6012,18,1395,31,18
"1627","2020-04-21",379,19,207,1099,6670,0.437631184407796,8355,37323,370,1155,60,6072,29,1424,35,29
"1628","2020-04-22",368,19,198,1058,6670,0.437631184407796,8355,37323,370,1155,56,6128,20,1444,38,20
"1629","2020-04-23",360,19,177,1026,6670,0.437631184407796,8355,37323,370,1155,45,6173,21,1465,23,21
"1630","2020-04-24",347,19,161,1012,6670,0.437631184407796,8355,37323,370,1155,40,6213,29,1494,25,29
"1631","2020-04-25",346,19,153,968,6670,0.437631184407796,8355,37323,370,1155,45,6258,37,1531,26,37
"1632","2020-04-26",344,19,159,941,6670,0.437631184407796,8355,37323,370,1155,39,6297,11,1542,17,11
"1633","2020-04-27",334,19,192,916,6670,0.437631184407796,8355,37323,370,1155,28,6325,14,1556,14,14
"1634","2020-04-28",343,19,199,910,6670,0.437631184407796,8355,37323,370,1155,40,6365,5,1561,18,5
"1635","2020-04-29",328,19,220,866,6670,0.437631184407796,8355,37323,370,1155,25,6390,4,1565,12,4
"1636","2020-04-30",329,19,262,862,6670,0.437631184407796,8355,37323,370,1155,28,6418,1,1566,11,1
"1637","2020-05-01",316,19,257,846,6670,0.437631184407796,8355,37323,370,1155,35,6453,4,1570,12,4
"1638","2020-05-02",288,19,233,838,6670,0.437631184407796,8355,37323,370,1155,31,6484,29,1599,8,29
"1639","2020-05-03",276,19,218,785,6670,0.437631184407796,8355,37323,370,1155,29,6513,11,1610,11,11
"1640","2020-05-04",260,19,224,751,6670,0.437631184407796,8355,37323,370,1155,24,6537,7,1617,8,7
"1641","2020-05-05",245,19,199,715,6670,0.437631184407796,8355,37323,370,1155,27,6564,11,1628,7,11
"1642","2020-05-06",249,19,167,681,6670,0.437631184407796,8355,37323,370,1155,25,6589,11,1639,7,11
"1643","2020-05-07",242,19,170,644,6670,0.437631184407796,8355,37323,370,1155,28,6617,8,1647,6,8
"1644","2020-05-08",237,19,180,643,6670,0.437631184407796,8355,37323,370,1155,23,6640,17,1664,9,17
"1645","2020-05-09",237,19,228,620,6670,0.437631184407796,8355,37323,370,1155,14,6654,11,1675,8,11
"1646","2020-05-10",212,19,269,589,6670,0.437631184407796,8355,37323,370,1155,20,6674,22,1697,5,22
"1647","2020-05-11",216,19,267,578,6670,0.437631184407796,8355,37323,370,1155,18,6692,76,1773,9,76
"1648","2020-05-12",205,19,224,560,6670,0.437631184407796,8355,37323,370,1155,16,6708,40,1813,4,40
"1649","2020-05-13",207,19,220,547,6670,0.437631184407796,8355,37323,370,1155,17,6725,13,1826,6,13
"1650","2020-05-14",195,19,227,533,6670,0.437631184407796,8355,37323,370,1155,11,6736,24,1850,3,24
"1651","2020-05-15",191,19,210,518,6670,0.437631184407796,8355,37323,370,1155,15,6751,24,1874,4,24
"1652","2020-05-16",194,19,199,506,6670,0.437631184407796,8355,37323,370,1155,20,6771,14,1888,9,14
"1653","2020-05-17",187,19,227,482,6670,0.437631184407796,8355,37323,370,1155,19,6790,18,1906,8,18
"1654","2020-05-18",168,19,223,460,6670,0.437631184407796,8355,37323,370,1155,19,6809,10,1916,4,10
"1655","2020-05-19",171,19,204,442,6670,0.437631184407796,8355,37323,370,1155,5,6814,12,1928,2,12
"1656","2020-05-20",166,19,196,412,6670,0.437631184407796,8355,37323,370,1155,13,6827,10,1938,2,10
"1657","2020-05-21",166,19,178,376,6670,0.437631184407796,8355,37323,370,1155,15,6842,8,1946,7,8
"1658","2020-05-22",152,19,153,344,6670,0.437631184407796,8355,37323,370,1155,10,6852,6,1952,2,6
"1659","2020-05-23",154,19,144,326,6670,0.437631184407796,8355,37323,370,1155,9,6861,53,2005,NA,53
"1660","2020-05-24",135,19,131,308,6670,0.437631184407796,8355,37323,370,1155,16,6877,67,2072,3,67
"1661","2020-05-25",134,19,121,292,6670,0.437631184407796,8355,37323,370,1155,8,6885,60,2132,1,60
"1662","2020-05-26",120,19,117,280,6670,0.437631184407796,8355,37323,370,1155,10,6895,38,2170,4,38
"1663","2020-05-27",103,19,115,260,6670,0.437631184407796,8355,37323,370,1155,10,6905,48,2218,2,48
"1664","2020-05-28",99,19,103,247,6670,0.437631184407796,8355,37323,370,1155,6,6911,23,2241,2,23
"1665","2020-05-29",89,19,119,223,6670,0.437631184407796,8355,37323,370,1155,10,6921,21,2262,3,21
"1666","2020-05-30",79,19,144,220,6670,0.437631184407796,8355,37323,370,1155,7,6928,9,2271,1,9
"1667","2020-05-31",73,19,152,207,6670,0.437631184407796,8355,37323,370,1155,8,6936,12,2283,3,12
"1668","2020-06-01",62,19,157,206,6670,0.437631184407796,8355,37323,370,1155,8,6944,7,2290,2,7
"1669","2020-06-02",62,19,187,203,6670,0.437631184407796,8355,37323,370,1155,4,6948,60,2350,NA,60
"1670","2020-06-03",68,19,176,198,6670,0.437631184407796,8355,37323,370,1155,12,6960,30,2380,3,30
"1671","2020-06-04",62,19,175,186,6670,0.437631184407796,8355,37323,370,1155,7,6967,45,2425,NA,45
"1672","2020-06-05",56,19,167,180,6670,0.437631184407796,8355,37323,370,1155,5,6972,34,2459,1,34
"1673","2020-06-06",57,19,147,176,6670,0.437631184407796,8355,37323,370,1155,8,6980,17,2476,NA,17
"1674","2020-06-07",62,19,146,173,6670,0.437631184407796,8355,37323,370,1155,6,6986,14,2490,1,14
"1675","2020-03-08",1,20,0,0,6386,0.877544628875666,8265,32656,356,1657,NA,NA,NA,NA,NA,NA
"1676","2020-03-09",1,20,0,0,6386,0.877544628875666,8265,32656,356,1657,NA,NA,NA,NA,NA,NA
"1677","2020-03-10",0,20,0,0,6386,0.877544628875666,8265,32656,356,1657,NA,NA,NA,NA,NA,NA
"1678","2020-03-11",0,20,0,0,6386,0.877544628875666,8265,32656,356,1657,22,22,5,5,NA,5
"1679","2020-03-12",0,20,0,0,6386,0.877544628875666,8265,32656,356,1657,22,44,17,22,1,17
"1680","2020-03-13",0,20,0,0,6386,0.877544628875666,8265,32656,356,1657,38,82,6,28,8,6
"1681","2020-03-14",2,20,185,84,6386,0.877544628875666,8265,32656,356,1657,33,115,13,41,7,13
"1682","2020-03-15",5,20,178,117,6386,0.877544628875666,8265,32656,356,1657,36,151,11,52,22,11
"1683","2020-03-16",5,20,193,161,6386,0.877544628875666,8265,32656,356,1657,46,197,13,65,34,13
"1684","2020-03-17",14,20,203,214,6386,0.877544628875666,8265,32656,356,1657,54,251,28,93,32,28
"1685","2020-03-18",29,20,196,265,6386,0.877544628875666,8265,32656,356,1657,50,301,33,126,31,33
"1686","2020-03-19",42,20,170,322,6386,0.877544628875666,8265,32656,356,1657,62,363,36,162,47,36
"1687","2020-03-20",59,20,153,382,6386,0.877544628875666,8265,32656,356,1657,92,455,51,213,65,51
"1688","2020-03-21",84,20,162,440,6386,0.877544628875666,8265,32656,356,1657,93,548,29,242,72,29
"1689","2020-03-22",116,20,186,510,6386,0.877544628875666,8265,32656,356,1657,75,623,23,265,53,23
"1690","2020-03-23",128,20,187,571,6386,0.877544628875666,8265,32656,356,1657,85,708,24,289,64,24
"1691","2020-03-24",127,20,215,651,6386,0.877544628875666,8265,32656,356,1657,104,812,31,320,88,31
"1692","2020-03-25",135,20,238,743,6386,0.877544628875666,8265,32656,356,1657,138,950,34,354,116,34
"1693","2020-03-26",162,20,264,879,6386,0.877544628875666,8265,32656,356,1657,151,1101,49,403,121,49
"1694","2020-03-27",228,20,304,948,6386,0.877544628875666,8265,32656,356,1657,161,1262,25,428,147,25
"1695","2020-03-28",329,20,292,1072,6386,0.877544628875666,8265,32656,356,1657,157,1419,51,479,142,51
"1696","2020-03-29",329,20,268,1168,6386,0.877544628875666,8265,32656,356,1657,158,1577,44,523,140,44
"1697","2020-03-30",321,20,234,1271,6386,0.877544628875666,8265,32656,356,1657,204,1781,36,559,180,36
"1698","2020-03-31",345,20,210,1334,6386,0.877544628875666,8265,32656,356,1657,194,1975,53,612,169,53
"1699","2020-04-01",370,20,209,1416,6386,0.877544628875666,8265,32656,356,1657,190,2165,47,659,177,47
"1700","2020-04-02",375,20,185,1522,6386,0.877544628875666,8265,32656,356,1657,178,2343,35,694,162,35
"1701","2020-04-03",510,20,187,1592,6386,0.877544628875666,8265,32656,356,1657,207,2550,33,727,188,33
"1702","2020-04-04",471,20,184,1676,6386,0.877544628875666,8265,32656,356,1657,171,2721,55,782,157,55
"1703","2020-04-05",453,20,182,1768,6386,0.877544628875666,8265,32656,356,1657,238,2959,48,830,216,48
"1704","2020-04-06",479,20,227,1800,6386,0.877544628875666,8265,32656,356,1657,234,3193,34,864,209,34
"1705","2020-04-07",494,20,206,1810,6386,0.877544628875666,8265,32656,356,1657,202,3395,36,900,184,36
"1706","2020-04-08",504,20,190,1871,6386,0.877544628875666,8265,32656,356,1657,216,3611,44,944,196,44
"1707","2020-04-09",530,20,172,1862,6386,0.877544628875666,8265,32656,356,1657,174,3785,43,987,154,43
"1708","2020-04-10",606,20,164,1884,6386,0.877544628875666,8265,32656,356,1657,133,3918,55,1042,123,55
"1709","2020-04-11",631,20,159,1914,6386,0.877544628875666,8265,32656,356,1657,238,4156,35,1077,223,35
"1710","2020-04-12",639,20,166,1901,6386,0.877544628875666,8265,32656,356,1657,158,4314,25,1102,146,25
"1711","2020-04-13",627,20,176,1871,6386,0.877544628875666,8265,32656,356,1657,167,4481,33,1135,152,33
"1712","2020-04-14",618,20,158,1839,6386,0.877544628875666,8265,32656,356,1657,175,4656,28,1163,164,28
"1713","2020-04-15",624,20,176,1796,6386,0.877544628875666,8265,32656,356,1657,127,4783,38,1201,116,38
"1714","2020-04-16",619,20,220,1801,6386,0.877544628875666,8265,32656,356,1657,114,4897,37,1238,96,37
"1715","2020-04-17",657,20,230,1774,6386,0.877544628875666,8265,32656,356,1657,139,5036,29,1267,126,29
"1716","2020-04-18",654,20,226,1703,6386,0.877544628875666,8265,32656,356,1657,123,5159,25,1292,111,25
"1717","2020-04-19",579,20,243,1614,6386,0.877544628875666,8265,32656,356,1657,89,5248,41,1333,81,41
"1718","2020-04-20",574,20,274,1553,6386,0.877544628875666,8265,32656,356,1657,92,5340,45,1378,81,45
"1719","2020-04-21",561,20,271,1471,6386,0.877544628875666,8265,32656,356,1657,74,5414,28,1406,58,28
"1720","2020-04-22",544,20,244,1398,6386,0.877544628875666,8265,32656,356,1657,90,5504,39,1445,82,39
"1721","2020-04-23",538,20,227,1307,6386,0.877544628875666,8265,32656,356,1657,82,5586,41,1486,71,41
"1722","2020-04-24",491,20,247,1239,6386,0.877544628875666,8265,32656,356,1657,50,5636,32,1518,41,32
"1723","2020-04-25",465,20,250,1137,6386,0.877544628875666,8265,32656,356,1657,57,5693,27,1545,47,27
"1724","2020-04-26",416,20,232,1064,6386,0.877544628875666,8265,32656,356,1657,54,5747,30,1575,44,30
"1725","2020-04-27",391,20,209,992,6386,0.877544628875666,8265,32656,356,1657,44,5791,45,1620,37,45
"1726","2020-04-28",364,20,211,912,6386,0.877544628875666,8265,32656,356,1657,57,5848,28,1648,46,28
"1727","2020-04-29",343,20,231,847,6386,0.877544628875666,8265,32656,356,1657,42,5890,20,1668,37,20
"1728","2020-04-30",314,20,213,769,6386,0.877544628875666,8265,32656,356,1657,30,5920,37,1705,22,37
"1729","2020-05-01",303,20,206,707,6386,0.877544628875666,8265,32656,356,1657,31,5951,34,1739,24,34
"1730","2020-05-02",289,20,214,661,6386,0.877544628875666,8265,32656,356,1657,41,5992,27,1766,26,27
"1731","2020-05-03",260,20,292,620,6386,0.877544628875666,8265,32656,356,1657,32,6024,29,1795,23,29
"1732","2020-05-04",251,20,288,555,6386,0.877544628875666,8265,32656,356,1657,19,6043,32,1827,16,32
"1733","2020-05-05",228,20,278,525,6386,0.877544628875666,8265,32656,356,1657,22,6065,39,1866,16,39
"1734","2020-05-06",217,20,264,480,6386,0.877544628875666,8265,32656,356,1657,26,6091,40,1906,19,40
"1735","2020-05-07",201,20,288,432,6386,0.877544628875666,8265,32656,356,1657,18,6109,40,1946,11,40
"1736","2020-05-08",160,20,336,393,6386,0.877544628875666,8265,32656,356,1657,21,6130,32,1978,10,32
"1737","2020-05-09",149,20,318,368,6386,0.877544628875666,8265,32656,356,1657,15,6145,53,2031,11,53
"1738","2020-05-10",131,20,282,346,6386,0.877544628875666,8265,32656,356,1657,10,6155,43,2074,4,43
"1739","2020-05-11",120,20,250,326,6386,0.877544628875666,8265,32656,356,1657,16,6171,46,2120,10,46
"1740","2020-05-12",120,20,229,304,6386,0.877544628875666,8265,32656,356,1657,19,6190,37,2157,11,37
"1741","2020-05-13",117,20,225,282,6386,0.877544628875666,8265,32656,356,1657,10,6200,30,2187,6,30
"1742","2020-05-14",113,20,208,272,6386,0.877544628875666,8265,32656,356,1657,20,6220,48,2235,9,48
"1743","2020-05-15",121,20,185,262,6386,0.877544628875666,8265,32656,356,1657,9,6229,38,2273,4,38
"1744","2020-05-16",119,20,173,245,6386,0.877544628875666,8265,32656,356,1657,10,6239,67,2340,5,67
"1745","2020-05-17",101,20,178,234,6386,0.877544628875666,8265,32656,356,1657,15,6254,56,2396,12,56
"1746","2020-05-18",93,20,160,223,6386,0.877544628875666,8265,32656,356,1657,10,6264,34,2430,7,34
"1747","2020-05-19",86,20,163,208,6386,0.877544628875666,8265,32656,356,1657,13,6277,53,2483,8,53
"1748","2020-05-20",77,20,150,199,6386,0.877544628875666,8265,32656,356,1657,8,6285,34,2517,3,34
"1749","2020-05-21",73,20,147,191,6386,0.877544628875666,8265,32656,356,1657,12,6297,51,2568,4,51
"1750","2020-05-22",61,20,186,175,6386,0.877544628875666,8265,32656,356,1657,12,6309,41,2609,7,41
"1751","2020-05-23",58,20,215,163,6386,0.877544628875666,8265,32656,356,1657,10,6319,19,2628,4,19
"1752","2020-05-24",46,20,196,161,6386,0.877544628875666,8265,32656,356,1657,12,6331,35,2663,5,35
"1753","2020-05-25",42,20,187,155,6386,0.877544628875666,8265,32656,356,1657,11,6342,30,2693,6,30
"1754","2020-05-26",46,20,174,149,6386,0.877544628875666,8265,32656,356,1657,9,6351,29,2722,4,29
"1755","2020-05-27",48,20,177,141,6386,0.877544628875666,8265,32656,356,1657,9,6360,19,2741,6,19
"1756","2020-05-28",47,20,180,132,6386,0.877544628875666,8265,32656,356,1657,11,6371,49,2790,5,49
"1757","2020-05-29",44,20,234,123,6386,0.877544628875666,8265,32656,356,1657,9,6380,45,2835,5,45
"1758","2020-05-30",46,20,292,114,6386,0.877544628875666,8265,32656,356,1657,14,6394,49,2884,9,49
"1759","2020-05-31",44,20,267,114,6386,0.877544628875666,8265,32656,356,1657,8,6402,37,2921,7,37
"1760","2020-06-01",41,20,241,104,6386,0.877544628875666,8265,32656,356,1657,11,6413,53,2974,7,53
"1761","2020-06-02",35,20,206,92,6386,0.877544628875666,8265,32656,356,1657,8,6421,40,3014,2,40
"1762","2020-06-03",36,20,185,95,6386,0.877544628875666,8265,32656,356,1657,6,6427,35,3049,1,35
"1763","2020-06-04",30,20,165,96,6386,0.877544628875666,8265,32656,356,1657,8,6435,53,3102,5,53
"1764","2020-06-05",30,20,148,88,6386,0.877544628875666,8265,32656,356,1657,5,6440,46,3148,1,46
"1765","2020-06-06",32,20,131,85,6386,0.877544628875666,8265,32656,356,1657,6,6446,30,3178,3,30
"1766","2020-06-07",37,20,132,79,6386,0.877544628875666,8265,32656,356,1657,3,6449,53,3231,1,53
